Version 1.25
******************************************** Units *******************************************
System CGS
TemperatureUnit K
MomentUnit emu
AppliedFieldUnit G
 
******************************************** Setup ********************************************
 
Experiment CustomField
Minor False
Acquisition Continuous
EditedPoint No
MaxField 15000
FieldIncrement 100
Points 293
MinField 0
RampRate 10
AverageTime 0.3
TimeInterval 0
TimeConstant 0.1
TimeConstantIndex 0
Sensitivity -0.0053
SensitivityIndex 5
SensitivityY -400
SensitivityIndexY 0
SaturationField 8000
ExperimentTime 100
Use735Domains True
AutoRangeEnabled False
NumberOfVertices 2
VertexPts
0
292
VertexField
-1204.7619
1746.9507
StartAngle 0
EndAngle 0
AngleIncrement 0
StartTemp 0
FinishTemp 0
TempIncrement 0
TempPoints 0
LengthofSetPointsArray 293
SetPointArray
-1204.7619
-1194.6533
-1184.5447
-1174.43609
-1164.32749
-1154.21888
-1144.11028
-1134.00167
-1123.89307
-1113.78446
-1103.67586
-1093.56725
-1083.45865
-1073.35004
-1063.24144
-1053.13283
-1043.02423
-1032.91562
-1022.80702
-1012.69841
-1002.58981
-992.4812
-982.3726
-972.26399
-962.15539
-952.04678
-941.93818
-931.82957
-921.72097
-911.61236
-901.50376
-891.39515
-881.28655
-871.17794
-861.06934
-850.96074
-840.85213
-830.74353
-820.63492
-810.52632
-800.41771
-790.30911
-780.2005
-770.0919
-759.98329
-749.87469
-739.76608
-729.65748
-719.54887
-709.44027
-699.33166
-689.22306
-679.11445
-669.00585
-658.89724
-648.78864
-638.68003
-628.57143
-618.46282
-608.35422
-598.24561
-588.13701
-578.0284
-567.9198
-557.81119
-547.70259
-537.59398
-527.48538
-517.37678
-507.26817
-497.15957
-487.05096
-476.94236
-466.83375
-456.72515
-446.61654
-436.50794
-426.39933
-416.29073
-406.18212
-396.07352
-385.96491
-375.85631
-365.7477
-355.6391
-345.53049
-335.42189
-325.31328
-315.20468
-305.09607
-294.98747
-284.87886
-274.77026
-264.66165
-254.55305
-244.44444
-234.33584
-224.22723
-214.11863
-204.01003
-193.90142
-183.79282
-173.68421
-163.57561
-153.467
-143.3584
-133.24979
-123.14119
-113.03258
-102.92398
-92.81537
-82.70677
-72.59816
-62.48956
-52.38095
-42.27235
-32.16374
-22.05514
-11.94653
-1.83793
8.27068
18.37928
28.48789
38.59649
48.7051
58.8137
68.92231
79.03091
89.13952
99.24812
109.35673
119.46533
129.57393
139.68254
149.79114
159.89975
170.00835
180.11696
190.22556
200.33417
210.44277
220.55138
230.65998
240.76859
250.87719
260.9858
271.0944
281.20301
291.31161
301.42022
311.52882
321.63743
331.74603
341.85464
351.96324
362.07185
372.18045
382.28906
392.39766
402.50627
412.61487
422.72348
432.83208
442.94069
453.04929
463.15789
473.2665
483.3751
493.48371
503.59231
513.70092
523.80952
533.91813
544.02673
554.13534
564.24394
574.35255
584.46115
594.56976
604.67836
614.78697
624.89557
635.00418
645.11278
655.22139
665.32999
675.4386
685.5472
695.65581
705.76441
715.87302
725.98162
736.09023
746.19883
756.30744
766.41604
776.52464
786.63325
796.74185
806.85046
816.95906
827.06767
837.17627
847.28488
857.39348
867.50209
877.61069
887.7193
897.8279
907.93651
918.04511
928.15372
938.26232
948.37093
958.47953
968.58814
978.69674
988.80535
998.91395
1009.02256
1019.13116
1029.23977
1039.34837
1049.45698
1059.56558
1069.67419
1079.78279
1089.8914
1100
1110.1086
1120.21721
1130.32581
1140.43442
1150.54302
1160.65163
1170.76023
1180.86884
1190.97744
1201.08605
1211.19465
1221.30326
1231.41186
1241.52047
1251.62907
1261.73768
1271.84628
1281.95489
1292.06349
1302.1721
1312.2807
1322.38931
1332.49791
1342.60652
1352.71512
1362.82373
1372.93233
1383.04094
1393.14954
1403.25815
1413.36675
1423.47536
1433.58396
1443.69256
1453.80117
1463.90977
1474.01838
1484.12698
1494.23559
1504.34419
1514.4528
1524.5614
1534.67001
1544.77861
1554.88722
1564.99582
1575.10443
1585.21303
1595.32164
1605.43024
1615.53885
1625.64745
1635.75606
1645.86466
1655.97327
1666.08187
1676.19048
1686.29908
1696.40769
1706.51629
1716.6249
1726.7335
1736.84211
1746.95071
FieldDomainFile C:\IDEASVSM\Default UserID\Experiments\FORCexp0229B\fdomain.ini
TempDomainFile C:\IDEASVSM\Default UserID\Experiments\FORCexp0229B\tdomain.ini
NumSelectedResults 0
ResultsSelected 
UserName1 
UserValue1 
UserName2 
UserValue2 
LinearBackgroundCorrection Off
MaxLinearFieldCorrection 
MinLinearFieldCorrection 
AutoLinearCorrection Off
FitOneRegion Off
BackgroundMode Off
BackgroundFilename 
AutoCenter Off
OffsetCorrection 
SmoothDeriv Off
DerivOrder 0
DerivPoints 0
MinExFieldOne 
MaxExFieldOne 
MinExFieldTwo 
MaxExFieldTwo 
MinPinFieldOne 
MaxPinFieldOne 
MinPinFieldTwo 
MaxPinFieldTwo 
HCenterStart 
Mass 
Volume 
Density 
MolarWeight 
NumberOfMoles 
Demagnetization 
SampleArea 
Thickness 
MomentScaling 0
XAxis 0
YAxis 0
SimpleSpinValve False
HsatMax 0
HsatMin 0
FieldAutoRange False
 
*************************************************** Experiment Data ********************************************
 
DataPoints 293
MomentX Data
-0.00353313
-0.00351536
-0.00351366
-0.00347885
-0.00351231
-0.00347365
-0.00345203
-0.00343795
-0.00344268
-0.00342076
-0.00341762
-0.00343516
-0.00344654
-0.00342449
-0.00337211
-0.0034042
-0.00336834
-0.00337525
-0.003342
-0.00334487
-0.00331986
-0.0033404
-0.0033101
-0.00333579
-0.00333514
-0.00329671
-0.00330292
-0.00324566
-0.00326728
-0.00326402
-0.00329136
-0.00324591
-0.00321752
-0.00319255
-0.00319662
-0.00320023
-0.00316912
-0.00316667
-0.00315118
-0.00316821
-0.00315549
-0.00313467
-0.00316011
-0.00313078
-0.00312369
-0.00313673
-0.00312881
-0.00311447
-0.00308327
-0.00303217
-0.00303715
-0.0030502
-0.00304929
-0.0030414
-0.00303567
-0.00301027
-0.00300041
-0.00299135
-0.0029617
-0.00299976
-0.0029595
-0.00293115
-0.00291579
-0.00291272
-0.00289695
-0.00290783
-0.00286735
-0.00286743
-0.0028343
-0.00286217
-0.00285623
-0.00278253
-0.00281826
-0.00280947
-0.00283546
-0.00278154
-0.00275744
-0.00277283
-0.002752
-0.00272055
-0.0027394
-0.00273128
-0.00267975
-0.00268272
-0.00271733
-0.00264222
-0.00268795
-0.00266048
-0.0026782
-0.00260957
-0.00260953
-0.0026058
-0.00258307
-0.00257857
-0.00250344
-0.00252399
-0.00251851
-0.00250486
-0.00245578
-0.00248383
-0.0024819
-0.00246931
-0.00247442
-0.00243133
-0.0024544
-0.00242533
-0.00244064
-0.00240184
-0.00239991
-0.00233118
-0.00233864
-0.00233524
-0.00230548
-0.0023095
-0.00226802
-0.00223883
-0.00227976
-0.00224511
-0.00225254
-0.00222824
-0.00221142
-0.00218701
-0.00218028
-0.00214593
-0.00209916
-0.00214603
-0.00209443
-0.00207364
-0.00201326
-0.00204443
-0.00203184
-0.00197969
-0.00192948
-0.00197568
-0.00197628
-0.00195922
-0.0019366
-0.00192355
-0.00186877
-0.00183167
-0.00183444
-0.00177811
-0.00185644
-0.00175436
-0.00173584
-0.00167259
-0.00171033
-0.00172086
-0.00166675
-0.00162128
-0.00163326
-0.00163053
-0.00156013
-0.0015306
-0.00150455
-0.00149849
-0.00150037
-0.00143572
-0.00142931
-0.00133124
-0.00140293
-0.00134401
-0.00130189
-0.00133872
-0.00123393
-0.00124902
-0.00115227
-0.00117432
-0.00109965
-0.00105656
-0.00103629
-0.000989274
-0.000942261
-0.000941836
-0.000902543
-0.000873725
-0.000779386
-0.00076025
-0.000658546
-0.0005791
-0.000564471
-0.000532761
-0.000532454
-0.000482934
-0.000305331
-0.000215319
-0.000170645
-0.0000332403
-0.00000404331
0.0000251712
0.000142359
0.00019881
0.000306569
0.000444473
0.000536981
0.000609719
0.000754687
0.000785211
0.000923749
0.0010224
0.00110889
0.0012485
0.00135308
0.00140167
0.00155833
0.0016824
0.0018157
0.00185575
0.00203371
0.00206281
0.0022418
0.00228166
0.00244854
0.00249886
0.00258166
0.00267325
0.0027645
0.00289322
0.00295029
0.00297966
0.00299788
0.00308806
0.00316314
0.00328404
0.00337367
0.00333418
0.00340244
0.00354133
0.00356794
0.00358611
0.00369283
0.00371941
0.00377048
0.00376911
0.00377107
0.00388233
0.003919
0.00393375
0.00396842
0.00401406
0.00408312
0.00410313
0.00409972
0.00409452
0.00418278
0.00411873
0.00408893
0.00416313
0.0042778
0.004166
0.00429714
0.00422813
0.00423782
0.00422303
0.00437585
0.00432561
0.00434781
0.00432099
0.00439194
0.00437132
0.00437318
0.00436529
0.00433524
0.0043482
0.0042901
0.00435948
0.0044422
0.00437419
0.004394
0.00433276
0.00440077
0.00441113
0.00444024
0.00442782
0.0044571
0.00451727
0.0044439
0.00443502
0.00449631
0.00444759
0.0045811
0.00450206
0.00448262
0.00447061
0.00453754
0.00451394
0.00449401
0.00449692
0.00449461
0.00452227
0.00450773
0.00450347
0.00447626
MomentY Data
-0.00602404
-0.00621478
-0.00610352
-0.00603994
-0.00611941
-0.0061353
-0.00610352
-0.0061353
-0.00607173
-0.00591278
-0.0061353
-0.00616709
-0.00599225
-0.00607173
-0.00623067
-0.00623067
-0.00592868
-0.00629425
-0.00635783
-0.00610352
-0.0061353
-0.00597636
-0.00592868
-0.00642141
-0.00592868
-0.00616709
-0.00610352
-0.00616709
-0.0061353
-0.00648499
-0.00626246
-0.00602404
-0.00626246
-0.00610352
-0.00594457
-0.00607173
-0.00618299
-0.00638962
-0.00629425
-0.00592868
-0.00600815
-0.00635783
-0.00619888
-0.00638962
-0.00616709
-0.00616709
-0.00629425
-0.00578562
-0.00594457
-0.00619888
-0.00610352
-0.0061353
-0.00607173
-0.00597636
-0.00648499
-0.00600815
-0.00594457
-0.00623067
-0.0061353
-0.00623067
-0.00600815
-0.00594457
-0.00608762
-0.00626246
-0.00602404
-0.00638962
-0.00607173
-0.00623067
-0.00619888
-0.00623067
-0.00642141
-0.00623067
-0.00629425
-0.00642141
-0.00619888
-0.00607173
-0.00616709
-0.00632604
-0.00619888
-0.00607173
-0.00610352
-0.00616709
-0.00602404
-0.00623067
-0.00591278
-0.00591278
-0.00603994
-0.00623067
-0.00626246
-0.00619888
-0.00616709
-0.0061353
-0.00607173
-0.00581741
-0.00616709
-0.00648499
-0.00623067
-0.00626246
-0.00611941
-0.00592868
-0.00611941
-0.0061353
-0.00619888
-0.00635783
-0.0061353
-0.00619888
-0.00677109
-0.00623067
-0.00635783
-0.00632604
-0.00626246
-0.0064532
-0.00629425
-0.00648499
-0.00623067
-0.00626246
-0.00632604
-0.00632604
-0.00616709
-0.00610352
-0.0061353
-0.00624657
-0.00635783
-0.00623067
-0.0061353
-0.00623067
-0.00638962
-0.00632604
-0.00642141
-0.00632604
-0.00629425
-0.00635783
-0.00616709
-0.00610352
-0.00651677
-0.00629425
-0.00642141
-0.00629425
-0.00632604
-0.00626246
-0.00616709
-0.00648499
-0.00667572
-0.0064532
-0.00635783
-0.00648499
-0.00648499
-0.00651677
-0.00610352
-0.00635783
-0.00623067
-0.00654856
-0.00638962
-0.00623067
-0.00619888
-0.00581741
-0.00664393
-0.00626246
-0.00621478
-0.0061353
-0.00638962
-0.0061353
-0.00664393
-0.0067234
-0.00607173
-0.00638962
-0.00648499
-0.0064532
-0.00605583
-0.00632604
-0.00642141
-0.00667572
-0.00670751
-0.00651677
-0.00642141
-0.00642141
-0.00629425
-0.00648499
-0.00632604
-0.00642141
-0.00599225
-0.0064532
-0.00648499
-0.00629425
-0.00683467
-0.00648499
-0.00638962
-0.00648499
-0.0067393
-0.00642141
-0.00638962
-0.0061512
-0.00623067
-0.00629425
-0.00664393
-0.00616709
-0.00677109
-0.00651677
-0.00680288
-0.00600815
-0.00670751
-0.00677109
-0.00661214
-0.00667572
-0.00683467
-0.00693003
-0.00705719
-0.00683467
-0.00651677
-0.00685056
-0.00667572
-0.00689824
-0.00680288
-0.00680288
-0.00667572
-0.00694593
-0.00664393
-0.00670751
-0.00683467
-0.00683467
-0.00664393
-0.00699361
-0.00667572
-0.00699361
-0.00691414
-0.00708898
-0.00688235
-0.00697772
-0.0070413
-0.00664393
-0.00661214
-0.00700951
-0.0070254
-0.00677109
-0.00677109
-0.00710487
-0.00677109
-0.00683467
-0.00697772
-0.00715256
-0.00710487
-0.00713666
-0.00715256
-0.00694593
-0.00710487
-0.00724792
-0.00712077
-0.00708898
-0.00696182
-0.00686646
-0.00715256
-0.00664393
-0.00699361
-0.00694593
-0.00686646
-0.00696182
-0.00713666
-0.0073115
-0.00720024
-0.00705719
-0.00697772
-0.00689824
-0.0067393
-0.00680288
-0.00697772
-0.00705719
-0.00694593
-0.00680288
-0.00691414
-0.00715256
-0.00683467
-0.0073115
-0.0070413
-0.00720024
-0.00683467
-0.00713666
-0.00654856
-0.00683467
-0.00708898
-0.00683467
-0.0070413
-0.00688235
-0.00697772
-0.00715256
-0.00697772
-0.00693003
-0.00686646
-0.00667572
-0.00700951
-0.00735919
-0.00756582
-0.00689824
-0.00689824
Field Data
-1203.58
-1196.32
-1186.57
-1176.67
-1166.51
-1156.11
-1146.11
-1136.2
-1125.89
-1115.83
-1105.54
-1095.75
-1085.54
-1075.35
-1065.19
-1055.34
-1045.24
-1034.91
-1025.02
-1015.13
-1004.63
-994.732
-984.777
-974.492
-964.629
-954.282
-944.337
-934.035
-924.223
-914.282
-903.859
-893.976
-883.993
-873.68
-863.605
-853.532
-843.7
-833.237
-823.161
-813.47
-803.013
-793.109
-782.773
-772.893
-762.999
-752.532
-742.759
-732.736
-722.465
-712.349
-702.463
-692.512
-682.166
-672.102
-661.873
-652.018
-642.032
-631.642
-621.742
-611.795
-601.514
-591.436
-581.54
-571.475
-561.15
-551.24
-541.279
-531.053
-520.964
-511.072
-500.888
-490.46
-480.587
-470.398
-460.617
-450.359
-440.077
-430.261
-420.36
-409.91
-399.944
-390.18
-379.898
-369.725
-359.831
-349.752
-339.474
-329.47
-319.291
-309.284
-299.315
-289.051
-279.071
-269.189
-258.814
-248.768
-238.825
-228.858
-218.357
-208.56
-198.602
-188.053
-178.265
-168.325
-158.33
-148.073
-137.923
-127.821
-117.809
-107.875
-97.5632
-87.5606
-77.3418
-67.549
-57.461
-47.0813
-37.1821
-27.3379
-16.9272
-6.96075
2.66303
13.1558
23.5227
33.3938
43.2611
53.8509
63.5002
73.5597
83.8199
93.6938
104.022
113.785
124.014
136.443
147.587
157.455
167.751
177.674
187.905
197.853
208.018
217.927
228.142
238.186
248.239
258.478
268.346
278.388
288.723
298.611
308.626
318.896
328.922
339.264
349.043
358.991
369.103
379.413
389.267
399.264
409.727
419.61
429.432
439.804
449.903
459.812
469.809
480.243
490.185
500.255
510.162
520.277
530.589
540.399
550.378
560.859
570.715
580.751
591.075
600.907
611.13
621.051
631.216
641.331
651.514
661.339
671.31
681.706
691.655
701.569
711.976
721.948
731.806
742.077
752.19
762.048
772.471
782.24
792.377
802.469
812.529
822.552
832.927
842.745
852.69
863.008
872.934
882.977
892.946
903.524
913.265
923.157
933.517
943.548
953.716
963.812
973.64
983.887
993.891
1003.89
1013.93
1024.26
1034.15
1044.1
1054.46
1064.36
1074.33
1084.74
1094.7
1104.79
1114.62
1125.01
1135.14
1145.12
1155.06
1164.88
1175.55
1185.31
1195.18
1205.7
1215.56
1225.61
1235.73
1245.83
1255.79
1265.71
1276.13
1286.12
1295.88
1306.3
1316.32
1326.19
1336.35
1346.66
1356.59
1366.76
1376.79
1386.78
1397.1
1407.05
1416.75
1427.16
1437.29
1447.12
1457.51
1467.23
1477.5
1487.58
1497.5
1507.69
1517.94
1527.96
1538.01
1547.81
1557.96
1568.44
1578.17
1588.05
1598.53
1608.45
1618.33
1628.86
1638.68
1648.9
1658.88
1668.71
1678.96
1688.87
1698.93
1709.07
1719.25
1729.3
1739.37
Time Data
0
0.3
0.6
0.9
1.2
1.5
1.8
2.1
2.4
2.7
3
3.3
3.6
3.9
4.2
4.5
4.8
5.1
5.4
5.7
6
6.3
6.6
6.9
7.2
7.5
7.8
8.1
8.4
8.7
9
9.3
9.6
9.9
10.2
10.5
10.8
11.1
11.4
11.7
12
12.3
12.6
12.9
13.2
13.5
13.8
14.1
14.4
14.7
15
15.3
15.6
15.9
16.2
16.5
16.8
17.1
17.4
17.7
18
18.3
18.6
18.9
19.2
19.5
19.8
20.1
20.4
20.7
21
21.3
21.6
21.9
22.2
22.5
22.8
23.1
23.4
23.7
24
24.3
24.6
24.9
25.2
25.5
25.8
26.1
26.4
26.7
27
27.3
27.6
27.9
28.2
28.5
28.8
29.1
29.4
29.7
30.0000000000001
30.3000000000001
30.6000000000001
30.9000000000001
31.2000000000001
31.5000000000001
31.8000000000001
32.1000000000001
32.4
32.7
33
33.3
33.6
33.9
34.2
34.5
34.8
35.1
35.4
35.7
36
36.3
36.6
36.9
37.2
37.5
37.8
38.1
38.4
38.7
39
39.3
39.6
39.9
40.2
40.5
40.8
41.1
41.4
41.7
42
42.3
42.6
42.8999999999999
43.1999999999999
43.4999999999999
43.7999999999999
44.0999999999999
44.3999999999999
44.6999999999999
44.9999999999999
45.2999999999999
45.5999999999999
45.8999999999999
46.1999999999999
46.4999999999999
46.7999999999999
47.0999999999999
47.3999999999999
47.6999999999999
47.9999999999999
48.2999999999999
48.5999999999999
48.8999999999999
49.1999999999999
49.4999999999999
49.7999999999999
50.0999999999999
50.3999999999999
50.6999999999999
50.9999999999999
51.2999999999999
51.5999999999999
51.8999999999999
52.1999999999999
52.4999999999999
52.7999999999999
53.0999999999999
53.3999999999998
53.6999999999998
53.9999999999998
54.2999999999998
54.5999999999998
54.8999999999998
55.1999999999998
55.4999999999998
55.7999999999998
56.0999999999998
56.3999999999998
56.6999999999998
56.9999999999998
57.2999999999998
57.5999999999998
57.8999999999998
58.1999999999998
58.4999999999998
58.7999999999998
59.0999999999998
59.3999999999998
59.6999999999998
59.9999999999998
60.2999999999998
60.5999999999998
60.8999999999998
61.1999999999998
61.4999999999998
61.7999999999998
62.0999999999998
62.3999999999998
62.6999999999998
62.9999999999998
63.2999999999998
63.5999999999998
63.8999999999998
64.1999999999997
64.4999999999997
64.7999999999997
65.0999999999997
65.3999999999997
65.6999999999997
65.9999999999997
66.2999999999997
66.5999999999997
66.8999999999997
67.1999999999997
67.4999999999997
67.7999999999997
68.0999999999997
68.3999999999997
68.6999999999997
68.9999999999997
69.2999999999997
69.5999999999997
69.8999999999997
70.1999999999997
70.4999999999997
70.7999999999997
71.0999999999997
71.3999999999997
71.6999999999997
71.9999999999997
72.2999999999997
72.5999999999997
72.8999999999997
73.1999999999997
73.4999999999997
73.7999999999997
74.0999999999997
74.3999999999997
74.6999999999996
74.9999999999996
75.2999999999996
75.5999999999996
75.8999999999996
76.1999999999996
76.4999999999996
76.7999999999996
77.0999999999996
77.3999999999996
77.6999999999996
77.9999999999996
78.2999999999996
78.5999999999996
78.8999999999996
79.1999999999996
79.4999999999996
79.7999999999996
80.0999999999996
80.3999999999996
80.6999999999996
80.9999999999996
81.2999999999996
81.5999999999996
81.8999999999996
82.1999999999996
82.4999999999996
82.7999999999996
83.0999999999996
83.3999999999996
83.6999999999996
83.9999999999996
84.2999999999996
84.5999999999996
84.8999999999996
85.1999999999995
85.4999999999995
85.7999999999995
86.0999999999995
86.3999999999995
86.6999999999995
86.9999999999995
87.2999999999995
87.5999999999995
Temperature Data
0
0
0
0
0
0
0
0
0
0
0
0
0
0
0
0
0
0
0
0
0
0
0
0
0
0
0
0
0
0
0
0
0
0
0
0
0
0
0
0
0
0
0
0
0
0
0
0
0
0
0
0
0
0
0
0
0
0
0
0
0
0
0
0
0
0
0
0
0
0
0
0
0
0
0
0
0
0
0
0
0
0
0
0
0
0
0
0
0
0
0
0
0
0
0
0
0
0
0
0
0
0
0
0
0
0
0
0
0
0
0
0
0
0
0
0
0
0
0
0
0
0
0
0
0
0
0
0
0
0
0
0
0
0
0
0
0
0
0
0
0
0
0
0
0
0
0
0
0
0
0
0
0
0
0
0
0
0
0
0
0
0
0
0
0
0
0
0
0
0
0
0
0
0
0
0
0
0
0
0
0
0
0
0
0
0
0
0
0
0
0
0
0
0
0
0
0
0
0
0
0
0
0
0
0
0
0
0
0
0
0
0
0
0
0
0
0
0
0
0
0
0
0
0
0
0
0
0
0
0
0
0
0
0
0
0
0
0
0
0
0
0
0
0
0
0
0
0
0
0
0
0
0
0
0
0
0
0
0
0
0
0
0
0
0
0
0
0
0
0
0
0
0
0
0
0
0
0
0
0
0
0
0
0
0
0
0
0
0
0
0
0
0
Angle Data
0
0
0
0
0
0
0
0
0
0
0
0
0
0
0
0
0
0
0
0
0
0
0
0
0
0
0
0
0
0
0
0
0
0
0
0
0
0
0
0
0
0
0
0
0
0
0
0
0
0
0
0
0
0
0
0
0
0
0
0
0
0
0
0
0
0
0
0
0
0
0
0
0
0
0
0
0
0
0
0
0
0
0
0
0
0
0
0
0
0
0
0
0
0
0
0
0
0
0
0
0
0
0
0
0
0
0
0
0
0
0
0
0
0
0
0
0
0
0
0
0
0
0
0
0
0
0
0
0
0
0
0
0
0
0
0
0
0
0
0
0
0
0
0
0
0
0
0
0
0
0
0
0
0
0
0
0
0
0
0
0
0
0
0
0
0
0
0
0
0
0
0
0
0
0
0
0
0
0
0
0
0
0
0
0
0
0
0
0
0
0
0
0
0
0
0
0
0
0
0
0
0
0
0
0
0
0
0
0
0
0
0
0
0
0
0
0
0
0
0
0
0
0
0
0
0
0
0
0
0
0
0
0
0
0
0
0
0
0
0
0
0
0
0
0
0
0
0
0
0
0
0
0
0
0
0
0
0
0
0
0
0
0
0
0
0
0
0
0
0
0
0
0
0
0
0
0
0
0
0
0
0
0
0
0
0
0
0
0
0
0
0
0
Bx Data
0
0
0
0
0
0
0
0
0
0
0
0
0
0
0
0
0
0
0
0
0
0
0
0
0
0
0
0
0
0
0
0
0
0
0
0
0
0
0
0
0
0
0
0
0
0
0
0
0
0
0
0
0
0
0
0
0
0
0
0
0
0
0
0
0
0
0
0
0
0
0
0
0
0
0
0
0
0
0
0
0
0
0
0
0
0
0
0
0
0
0
0
0
0
0
0
0
0
0
0
0
0
0
0
0
0
0
0
0
0
0
0
0
0
0
0
0
0
0
0
0
0
0
0
0
0
0
0
0
0
0
0
0
0
0
0
0
0
0
0
0
0
0
0
0
0
0
0
0
0
0
0
0
0
0
0
0
0
0
0
0
0
0
0
0
0
0
0
0
0
0
0
0
0
0
0
0
0
0
0
0
0
0
0
0
0
0
0
0
0
0
0
0
0
0
0
0
0
0
0
0
0
0
0
0
0
0
0
0
0
0
0
0
0
0
0
0
0
0
0
0
0
0
0
0
0
0
0
0
0
0
0
0
0
0
0
0
0
0
0
0
0
0
0
0
0
0
0
0
0
0
0
0
0
0
0
0
0
0
0
0
0
0
0
0
0
0
0
0
0
0
0
0
0
0
0
0
0
0
0
0
0
0
0
0
0
0
0
0
0
0
0
0
Hint Data
0
0
0
0
0
0
0
0
0
0
0
0
0
0
0
0
0
0
0
0
0
0
0
0
0
0
0
0
0
0
0
0
0
0
0
0
0
0
0
0
0
0
0
0
0
0
0
0
0
0
0
0
0
0
0
0
0
0
0
0
0
0
0
0
0
0
0
0
0
0
0
0
0
0
0
0
0
0
0
0
0
0
0
0
0
0
0
0
0
0
0
0
0
0
0
0
0
0
0
0
0
0
0
0
0
0
0
0
0
0
0
0
0
0
0
0
0
0
0
0
0
0
0
0
0
0
0
0
0
0
0
0
0
0
0
0
0
0
0
0
0
0
0
0
0
0
0
0
0
0
0
0
0
0
0
0
0
0
0
0
0
0
0
0
0
0
0
0
0
0
0
0
0
0
0
0
0
0
0
0
0
0
0
0
0
0
0
0
0
0
0
0
0
0
0
0
0
0
0
0
0
0
0
0
0
0
0
0
0
0
0
0
0
0
0
0
0
0
0
0
0
0
0
0
0
0
0
0
0
0
0
0
0
0
0
0
0
0
0
0
0
0
0
0
0
0
0
0
0
0
0
0
0
0
0
0
0
0
0
0
0
0
0
0
0
0
0
0
0
0
0
0
0
0
0
0
0
0
0
0
0
0
0
0
0
0
0
0
0
0
0
0
0
Torque Data
7.2504140632
7.4348656096
7.2422537264
7.1070161998
7.1383529591
7.093081683
6.9953053072
6.97092786
6.8361000897
6.5976573074
6.782819562
6.7575888675
6.504827065
6.5292348555
6.6368473773
6.5754752778
6.1968934832
6.5139822675
6.5169029066
6.1958662576
6.163706439
5.94487653552
5.83842770436
6.25761267372
5.71897665972
5.88514297938
5.76377976624
5.76027790815
5.6703853719
5.92910962718
5.66038083314
5.38534718304
5.53597080278
5.3325233536
5.13376037485
5.18241585036
5.216588663
5.32406779994
5.18118112425
4.8228033196
4.82462255595
5.04245219347
4.85231589424
4.93849257066
4.70548350291
4.64093257188
4.67511083575
4.23933205632
4.29474376505
4.41576596912
4.28749696976
4.2487688736
4.14192776718
4.01672350872
4.29223978627
3.9174219467
3.81660416624
3.93555286014
3.8145736926
3.81189275265
3.6139863391
3.51583270252
3.5401945348
3.5788393285
3.380390046
3.5222141288
3.28649994267
3.30881599551
3.22939332032
3.18432097824
3.21640721208
3.0558944082
3.02493472475
3.02061842118
2.85530950896
2.73445825107
2.71399446593
2.72184829644
2.6057611968
2.4888628443
2.44106620288
2.4062751762
2.28852074792
2.30363446575
2.12760154018
2.06800663056
2.05040259156
2.0528188449
1.99954711586
1.91721440192
1.84590254335
1.7734146003
1.69444376283
1.56598278049
1.59612923126
1.61325799232
1.48803976275
1.43321407068
1.33621600937
1.2364855008
1.21532706482
1.1537615709
1.1050433432
1.07018173475
0.971402049
0.91788675824
0.93388904607
0.79641047007
0.74900959447
0.682421565
0.610985637472
0.56504606392
0.48680862465
0.43805458951
0.35802052887
0.294844757998
0.235215451884
0.172940648916
0.104391565848
0.04248507684
-0.016338487959
-0.082178625606
-0.149553327741
-0.208065747846
-0.26541982683
-0.335527187103
-0.405742147924
-0.465341604588
-0.538241944059
-0.592710726552
-0.6547404735
-0.72342568655
-0.76480549926
-0.83278257936
-0.96179053399
-0.99106113375
-1.07719794891
-1.1183245745
-1.1886945462
-1.23904649838
-1.28286572762
-1.41325441573
-1.52301211224
-1.5370618952
-1.57826136137
-1.67622724522
-1.74022112654
-1.81419056676
-1.76222660496
-1.89851797413
-1.92294675942
-2.08830958976
-2.10168658964
-2.11384202688
-2.16367567184
-2.08839783331
-2.45229449479
-2.37605873598
-2.41920876626
-2.4496044192
-2.61799983374
-2.574433233
-2.85311614776
-2.9569782136
-2.73168954219
-2.93802395144
-3.04670666691
-3.0991041276
-2.96847702855
-3.1646331402
-3.27595936842
-3.47322357444
-3.55893102339
-3.52165599123
-3.53420279298
-3.60150559119
-3.59222288875
-3.76616442749
-3.739164093
-3.85867021887
-3.6620437425
-4.0077663132
-4.09342944784
-4.03669764675
-4.45288319038
-4.28877680161
-4.2894158022
-4.42085659294
-4.6612705415
-4.50506219229
-4.54925608912
-4.4408465376
-4.55964169002
-4.67081815725
-4.9974977067
-4.69961860032
-5.23047066339
-5.0976781648
-5.39044564576
-4.82135412235
-5.45004639279
-5.56957362168
-5.50742993378
-5.6259296514
-5.8278547623
-5.98067133024
-6.16046109546
-6.03485641259
-5.81912370442
-6.18964537344
-6.0967014258
-6.36815854368
-6.35060412896
-6.41884381824
-6.36674097552
-6.69457068516
-6.4687960052
-6.59943189137
-6.79291700097
-6.8612568663
-6.7364799449
-7.1632749786
-6.903695838
-7.302028201
-7.2906840644
-7.5452267528
-7.3939150755
-7.5690119928
-7.70811111
-7.3401474247
-7.3700234868
-7.8857688451
-7.974812556
-7.7537105808
-7.8210152154
-8.2763209656
-7.9597548495
-8.1012026977
-8.3396313896
-8.623841592
-8.6363957772
-8.7467618626
-8.8386329688
-8.6534479719
-8.9222246973
-9.1737648232
-9.0870282201
-9.1172789576
-9.0216833016
-8.969656698
-9.4150577792
-8.8111135267
-9.3459107235
-9.3538060938
-9.3149709714
-9.5151371032
-9.8256821214
-10.13944197
-10.059455304
-9.9298191895
-9.88568481
-9.8448921984
-9.686328497
-9.8445837056
-10.1700966772
-10.3545208837
-10.262611575
-10.1198282304
-10.35392465
-10.7838431864
-10.3746189798
-11.17167954
-10.829589813
-11.1446034744
-10.6481424732
-11.1934230104
-10.3347409352
-10.8537976935
-11.3319471994
-10.9932249615
-11.395147029
-11.210384621
-11.4342502096
-11.793856184
-11.5752001536
-11.5642103613
-11.5285116816
-11.2744232364
-11.9086668243
-12.5773708533
-13.007536035
-11.929126432
-11.9985917088
dMdH Data
2.4476584022039E-06
1.74358974358962E-07
3.51616161616168E-06
-3.29330708661414E-06
3.71730769230764E-06
0.000002162
1.42078708375381E-06
-4.58777885548024E-07
2.17892644135184E-06
3.05150631681245E-07
-1.79162410623085E-06
-1.11459353574927E-06
2.1638861629048E-06
5.15551181102368E-06
-3.2578680203045E-06
3.55049504950498E-06
-6.68925459825771E-07
3.36198179979777E-06
-2.9019211324569E-07
2.38190476190474E-06
-2.07516670034349E-06
3.04369663485688E-06
-2.49781234807972E-06
6.59028693095454E-08
3.71412003479269E-06
-6.24434389140267E-07
5.55814404969907E-06
-2.20342437831227E-06
3.27934815410943E-07
-2.6230451885254E-06
4.59880603055753E-06
2.84383451868174E-06
2.42121594104526E-06
-4.03970223325033E-07
-3.58383798272635E-07
3.16415785191212E-06
2.341584631559E-07
1.53731639539499E-06
-1.7573005881746E-06
1.21641006024672E-06
2.10218093699515E-06
-2.4613003095975E-06
2.96862348178135E-06
7.16595916717198E-07
-1.245820196809E-06
8.10395988949123E-07
1.43070936845258E-06
3.03767890176225E-06
5.05140371688416E-06
-5.03742666396956E-07
-1.31142598733792E-06
8.79566982408476E-08
7.8398251192368E-07
5.60172059829922E-07
2.57737189244039E-06
9.87382335269377E-07
8.71992300288738E-07
2.99494949494947E-06
-3.82627928018501E-06
3.91596148234612E-06
2.81305814645763E-06
1.55214227970895E-06
3.050173869846E-07
1.5273607748184E-06
-1.0978809283552E-06
4.06384901114348E-06
-7.82319577547023E-09
3.28377440777083E-06
-2.8174282248281E-06
5.83267871170447E-07
7.0675105485232E-06
-3.61896080218778E-06
8.6269506330355E-07
-2.65719251610265E-06
5.25638526028466E-06
2.34390196459833E-06
-1.56784841075796E-06
2.10382789617209E-06
3.00956937799045E-06
-1.89143086494079E-06
8.3162638263006E-07
5.01167088115155E-06
-2.91949277499277E-07
-3.49807964422883E-06
7.45212818732018E-06
-4.44930920412534E-06
2.74590163934431E-06
-1.7408389822183E-06
6.85819926051764E-06
4.01243855951073E-09
3.63406079501165E-07
2.27755511022048E-06
4.55373406193051E-07
7.24144578313254E-06
-2.0455902846904E-06
5.51141506587547E-07
1.36951941406642E-06
4.67384058661079E-06
-2.86312136368276E-06
1.93814018879274E-07
1.19347805479191E-06
-5.22067838169187E-07
4.33501006036217E-06
-2.30815407703848E-06
2.83416203568294E-06
-1.50837438423647E-06
3.84082359928725E-06
1.9276867758692E-07
6.91866317696798E-06
-7.23443045830983E-07
3.39911622978001E-07
2.91227932829689E-06
-4.10505677640713E-07
4.11181601903251E-06
2.81222000635858E-06
-4.13467754970101E-06
3.51983909307005E-06
-7.13688800945192E-07
2.43818009421611E-06
1.74775400102661E-06
2.32636377238802E-06
6.49181529676174E-07
3.47985533527168E-06
4.73989845246418E-06
-4.42595705301328E-06
5.34753816339011E-06
2.06670311645709E-06
5.88487553848854E-06
-3.15680734056453E-06
1.21899266087022E-06
5.34159582095667E-06
4.90859321536809E-06
-3.71711320299301E-06
-5.38406317300707E-08
1.72882042967168E-06
2.19696969696969E-06
1.31512647384863E-06
5.35431531619587E-06
3.72939284278246E-06
-2.72503689129347E-07
5.68473105257845E-06
-7.66813509544786E-06
1.0163281561131E-05
1.8422361484134E-06
6.17736107041702E-06
-3.82448317794891E-06
-1.04859589723164E-06
5.23560716013544E-06
4.59850323624598E-06
-1.19620569146283E-06
2.6582278481013E-07
7.02174346698583E-06
2.85534712821505E-06
2.66387156150937E-06
6.09167671893828E-07
-1.85917721518976E-07
6.270611057226E-06
6.50497259995929E-07
9.80994298289486E-06
-6.8517633565899E-06
5.96175250430028E-06
4.28833231521076E-06
-3.55090628615505E-06
1.03762748787008E-05
-1.52285800787163E-06
9.67790337101129E-06
-2.11328349626223E-06
7.51056125528062E-06
4.27904667328699E-06
2.04602806096699E-06
4.64814631735044E-06
4.55905740884406E-06
4.3323139653412E-08
3.93756889467881E-06
2.74954679896957E-06
9.57173295454546E-06
1.90673575129535E-06
9.85122045718707E-06
8.08034987794955E-06
1.43098894649321E-06
3.19625037798607E-06
3.0201672405308E-08
4.89569945625309E-06
1.74411273691447E-05
9.16152671755721E-06
4.48039314010636E-06
1.3217073874567E-05
2.93466579555736E-06
2.9467934234416E-06
1.12604785240703E-05
5.6609506618532E-06
1.09311219314262E-05
1.34265407457892E-05
9.14743399584687E-06
7.37857577601952E-06
1.39084716492373E-05
3.124577745931E-06
1.36665680181514E-05
9.77516845025753E-06
8.5974155069583E-06
1.39289633842163E-05
0.00001008
4.94907313098392E-06
1.57526395173453E-05
1.20246171738709E-05
1.34293773927061E-05
3.98785223538783E-06
1.78513391513692E-05
2.75099262620532E-06
1.83749101734935E-05
4.02951880307318E-06
1.61081081081081E-05
5.01644900807499E-06
8.14319433516916E-06
9.07190966719491E-06
9.28469678469683E-06
1.2561725383039E-05
5.70471811275487E-06
2.93729372937292E-06
1.8147410358566E-06
8.72991287512098E-06
7.59150657229516E-06
1.21507537688444E-05
8.65154440154432E-06
-3.98888888888895E-06
6.84653961885656E-06
1.33419788664744E-05
2.67168674698792E-06
1.80079286422202E-06
1.08565615462869E-05
2.55822906640999E-06
5.04146100691014E-06
-1.3727454909821E-07
1.97183098591555E-07
1.13299389002035E-05
3.43673851921279E-06
1.51127049180328E-06
3.51266464032423E-06
4.33840304182506E-06
7.00405679513193E-06
1.99104477611941E-06
-3.36956521739097E-07
-5.14851485148554E-07
8.86144578313247E-06
-6.45665322580636E-06
-2.85988483685218E-06
7.42742742742759E-06
1.17489754098358E-05
-1.07293666026873E-05
1.30878243512973E-05
-6.99189463019237E-06
9.53740157480299E-07
-1.43452958292915E-06
1.5389728096677E-05
-4.94001966568335E-06
2.21335992023929E-06
-2.68468468468463E-06
6.87500000000006E-06
-2.07236180904529E-06
1.9175257731961E-07
-7.57925072046102E-07
-2.96643632773944E-06
1.31841302136321E-06
-5.59191530317609E-06
7.1378600823045E-06
8.05452775073035E-06
-6.74702380952389E-06
1.99697580645163E-06
-6.00981354268894E-06
6.63512195121954E-06
1.03393213572855E-06
2.89651741293531E-06
-1.26734693877551E-06
2.88472906403943E-06
5.74141221374045E-06
-7.54059609455297E-06
-8.98785425101243E-07
5.84828244274811E-06
-4.91129032258056E-06
1.3513157894737E-05
-7.50617283950626E-06
-1.97963340122195E-06
-1.17514677103716E-06
6.70641282565127E-06
-2.40081383519834E-06
-1.94439024390248E-06
2.93642785065601E-07
-2.29622266401602E-07
2.72781065088766E-06
-1.42829076620828E-06
-4.23880597014913E-07
-2.7020854021847E-06
-2.7020854021847E-06
dMdT Data
0
0
0
0
0
0
0
0
0
0
0
0
0
0
0
0
0
0
0
0
0
0
0
0
0
0
0
0
0
0
0
0
0
0
0
0
0
0
0
0
0
0
0
0
0
0
0
0
0
0
0
0
0
0
0
0
0
0
0
0
0
0
0
0
0
0
0
0
0
0
0
0
0
0
0
0
0
0
0
0
0
0
0
0
0
0
0
0
0
0
0
0
0
0
0
0
0
0
0
0
0
0
0
0
0
0
0
0
0
0
0
0
0
0
0
0
0
0
0
0
0
0
0
0
0
0
0
0
0
0
0
0
0
0
0
0
0
0
0
0
0
0
0
0
0
0
0
0
0
0
0
0
0
0
0
0
0
0
0
0
0
0
0
0
0
0
0
0
0
0
0
0
0
0
0
0
0
0
0
0
0
0
0
0
0
0
0
0
0
0
0
0
0
0
0
0
0
0
0
0
0
0
0
0
0
0
0
0
0
0
0
0
0
0
0
0
0
0
0
0
0
0
0
0
0
0
0
0
0
0
0
0
0
0
0
0
0
0
0
0
0
0
0
0
0
0
0
0
0
0
0
0
0
0
0
0
0
0
0
0
0
0
0
0
0
0
0
0
0
0
0
0
0
0
0
0
0
0
0
0
0
0
0
0
0
0
0
0
0
0
0
0
0
 
*********************************************** Results ***************************************
 
TotalArea 0
AreaFirstQuad 0
AreaSecondQuad 0
AreaThirdQuad 0
AreaFourthQuad 0
Coercivity 0
PositiveCoercivity 0
NegativeCoercivity 0
Retentivity 8.14448510530961E-04
PositiveRetentivity -5.87177300275431E-04
NegativeRetentivity -2.21607432133735E-03
Magnetization 0.004057115
PositiveMagnetization 0.0045811
NegativeMagnetization -0.00353313
Flatness 3.72095079392144
Squareness 0.200745729546972
SStar 0
SFD1 0
SFD2 0
Slope 0
Intercept 0
SlopeAtHc -2.7020854021847E-06
dH1 166.372993428663
dH2 89.248
InitialSlope 2.4476584022039E-06
FieldAtHalfMs 923.708895973154
FieldAtMs 1618.33
MomentMean -3.3034194679181E-04
MomentRMS 2.95073027801713E-03
SFD3 0
dH3 332.745986857326
UserField1 0
UserField2 0
CenterField 0
ExchangeField 0
ExchangeMoment 0
ExRegionOneIntercept 0
ExRegionOneSlope 0
ExRegionTwoIntercept 0
ExRegionTwoSlope 0
NegativeIntercept 0
NegativeSlope 0
AutoCenterOffset 0
PinningField 0
PinningMoment 0
PinRegionOneIntercept 0
PinRegionOneSlope 0
PinRegionTwoIntercept 0
PinRegionTwoSlope 0
PositiveIntercept 0
PositiveSlope 0
TotalOffset 0
BHMax 0
BCoercivity 0
BRetentivity 0
BNegativeCoercivity 0
BPositiveCoercivity 0
BNegativeRetentivity 0
BPositiveRetentivity 0
MomentYMean -6.46540218430034E-03
MomentYRMS 3.75483440001121E-04
YOffCorrection 0
Mrt 0
Ms1 0
Ms2 0
Ms3 0
Hc2 0
Hex2 0
HsatValue 0
HsatIntercept 0
HsatSlope 0
CenterH 0
Span .00811423
SpanAsPercentOfRange -153.098679245283
RMSAsPercentOfRange -55.6741561890025
SpanAsPercentOfMean -2456.31233901815
RMSAsPercentOfMean -893.235117935767
