Version 1.25
******************************************** Units *******************************************
System CGS
TemperatureUnit K
MomentUnit emu
AppliedFieldUnit G
 
******************************************** Setup ********************************************
 
Experiment CustomField
Minor False
Acquisition Continuous
EditedPoint No
MaxField 15000
FieldIncrement 100
Points 293
MinField 0
RampRate 10
AverageTime 0.3
TimeInterval 0
TimeConstant 0.1
TimeConstantIndex 0
Sensitivity -0.0053
SensitivityIndex 5
SensitivityY -400
SensitivityIndexY 0
SaturationField 8000
ExperimentTime 100
Use735Domains True
AutoRangeEnabled False
NumberOfVertices 2
VertexPts
0
292
VertexField
-2357.1429
594.5698
StartAngle 0
EndAngle 0
AngleIncrement 0
StartTemp 0
FinishTemp 0
TempIncrement 0
TempPoints 0
LengthofSetPointsArray 293
SetPointArray
-2357.14286
-2347.03425
-2336.92565
-2326.81704
-2316.70844
-2306.59983
-2296.49123
-2286.38262
-2276.27402
-2266.16541
-2256.05681
-2245.9482
-2235.8396
-2225.73099
-2215.62239
-2205.51378
-2195.40518
-2185.29657
-2175.18797
-2165.07937
-2154.97076
-2144.86216
-2134.75355
-2124.64495
-2114.53634
-2104.42774
-2094.31913
-2084.21053
-2074.10192
-2063.99332
-2053.88471
-2043.77611
-2033.6675
-2023.5589
-2013.45029
-2003.34169
-1993.23308
-1983.12448
-1973.01587
-1962.90727
-1952.79866
-1942.69006
-1932.58145
-1922.47285
-1912.36424
-1902.25564
-1892.14703
-1882.03843
-1871.92982
-1861.82122
-1851.71261
-1841.60401
-1831.49541
-1821.3868
-1811.2782
-1801.16959
-1791.06099
-1780.95238
-1770.84378
-1760.73517
-1750.62657
-1740.51796
-1730.40936
-1720.30075
-1710.19215
-1700.08354
-1689.97494
-1679.86633
-1669.75773
-1659.64912
-1649.54052
-1639.43191
-1629.32331
-1619.2147
-1609.1061
-1598.99749
-1588.88889
-1578.78028
-1568.67168
-1558.56307
-1548.45447
-1538.34586
-1528.23726
-1518.12865
-1508.02005
-1497.91145
-1487.80284
-1477.69424
-1467.58563
-1457.47703
-1447.36842
-1437.25982
-1427.15121
-1417.04261
-1406.934
-1396.8254
-1386.71679
-1376.60819
-1366.49958
-1356.39098
-1346.28237
-1336.17377
-1326.06516
-1315.95656
-1305.84795
-1295.73935
-1285.63074
-1275.52214
-1265.41353
-1255.30493
-1245.19632
-1235.08772
-1224.97911
-1214.87051
-1204.7619
-1194.6533
-1184.5447
-1174.43609
-1164.32749
-1154.21888
-1144.11028
-1134.00167
-1123.89307
-1113.78446
-1103.67586
-1093.56725
-1083.45865
-1073.35004
-1063.24144
-1053.13283
-1043.02423
-1032.91562
-1022.80702
-1012.69841
-1002.58981
-992.4812
-982.3726
-972.26399
-962.15539
-952.04678
-941.93818
-931.82957
-921.72097
-911.61236
-901.50376
-891.39515
-881.28655
-871.17794
-861.06934
-850.96074
-840.85213
-830.74353
-820.63492
-810.52632
-800.41771
-790.30911
-780.2005
-770.0919
-759.98329
-749.87469
-739.76608
-729.65748
-719.54887
-709.44027
-699.33166
-689.22306
-679.11445
-669.00585
-658.89724
-648.78864
-638.68003
-628.57143
-618.46282
-608.35422
-598.24561
-588.13701
-578.0284
-567.9198
-557.81119
-547.70259
-537.59398
-527.48538
-517.37678
-507.26817
-497.15957
-487.05096
-476.94236
-466.83375
-456.72515
-446.61654
-436.50794
-426.39933
-416.29073
-406.18212
-396.07352
-385.96491
-375.85631
-365.7477
-355.6391
-345.53049
-335.42189
-325.31328
-315.20468
-305.09607
-294.98747
-284.87886
-274.77026
-264.66165
-254.55305
-244.44444
-234.33584
-224.22723
-214.11863
-204.01003
-193.90142
-183.79282
-173.68421
-163.57561
-153.467
-143.3584
-133.24979
-123.14119
-113.03258
-102.92398
-92.81537
-82.70677
-72.59816
-62.48956
-52.38095
-42.27235
-32.16374
-22.05514
-11.94653
-1.83793
8.27068
18.37928
28.48789
38.59649
48.7051
58.8137
68.92231
79.03091
89.13952
99.24812
109.35673
119.46533
129.57393
139.68254
149.79114
159.89975
170.00835
180.11696
190.22556
200.33417
210.44277
220.55138
230.65998
240.76859
250.87719
260.9858
271.0944
281.20301
291.31161
301.42022
311.52882
321.63743
331.74603
341.85464
351.96324
362.07185
372.18045
382.28906
392.39766
402.50627
412.61487
422.72348
432.83208
442.94069
453.04929
463.15789
473.2665
483.3751
493.48371
503.59231
513.70092
523.80952
533.91813
544.02673
554.13534
564.24394
574.35255
584.46115
594.56976
FieldDomainFile C:\IDEASVSM\Default UserID\Experiments\FORCexp0343B\fdomain.ini
TempDomainFile C:\IDEASVSM\Default UserID\Experiments\FORCexp0343B\tdomain.ini
NumSelectedResults 0
ResultsSelected 
UserName1 
UserValue1 
UserName2 
UserValue2 
LinearBackgroundCorrection Off
MaxLinearFieldCorrection 
MinLinearFieldCorrection 
AutoLinearCorrection Off
FitOneRegion Off
BackgroundMode Off
BackgroundFilename 
AutoCenter Off
OffsetCorrection 
SmoothDeriv Off
DerivOrder 0
DerivPoints 0
MinExFieldOne 
MaxExFieldOne 
MinExFieldTwo 
MaxExFieldTwo 
MinPinFieldOne 
MaxPinFieldOne 
MinPinFieldTwo 
MaxPinFieldTwo 
HCenterStart 
Mass 
Volume 
Density 
MolarWeight 
NumberOfMoles 
Demagnetization 
SampleArea 
Thickness 
MomentScaling 0
XAxis 0
YAxis 0
SimpleSpinValve False
HsatMax 0
HsatMin 0
FieldAutoRange False
 
*************************************************** Experiment Data ********************************************
 
DataPoints 293
MomentX Data
-0.00473637
-0.00476465
-0.00478416
-0.00479593
-0.0047821
-0.00475546
-0.00476772
-0.00474353
-0.00478171
-0.00478975
-0.00476266
-0.00473861
-0.00476438
-0.00474802
-0.00474366
-0.00475769
-0.00473049
-0.0047656
-0.00471831
-0.00476452
-0.00473873
-0.00471681
-0.00470383
-0.00470384
-0.00470406
-0.00473846
-0.00472164
-0.00471589
-0.00468491
-0.00469972
-0.00472682
-0.00467941
-0.00470291
-0.00470391
-0.00470149
-0.00465825
-0.00466687
-0.00466723
-0.00467088
-0.00466604
-0.0046619
-0.00463204
-0.00460984
-0.00463199
-0.00463844
-0.0046323
-0.00468506
-0.004654
-0.00462515
-0.00459916
-0.00465483
-0.00459827
-0.00462015
-0.00462017
-0.00460888
-0.00459229
-0.00459228
-0.0045954
-0.00458273
-0.00460461
-0.00461833
-0.00457027
-0.00458871
-0.0045777
-0.00455932
-0.00454559
-0.00454428
-0.00451547
-0.00454391
-0.00454375
-0.00453079
-0.00454323
-0.00453353
-0.00452976
-0.00450116
-0.00452175
-0.0044832
-0.00451034
-0.00453268
-0.00451719
-0.00448798
-0.00447173
-0.00448801
-0.00444928
-0.00447662
-0.00442431
-0.00444901
-0.00443291
-0.00446137
-0.00443816
-0.00444554
-0.00445933
-0.00444383
-0.0043997
-0.00445192
-0.00442234
-0.00443332
-0.00437999
-0.00434568
-0.00436632
-0.00438585
-0.00436096
-0.00438524
-0.00435255
-0.00436918
-0.00435915
-0.0043849
-0.00432264
-0.00430065
-0.0043066
-0.00434227
-0.00431556
-0.00433735
-0.00431963
-0.00430608
-0.00430093
-0.00429606
-0.00433204
-0.00427575
-0.00425167
-0.00427097
-0.0042684
-0.00423403
-0.00426173
-0.00425233
-0.00426459
-0.00421344
-0.00421773
-0.00420319
-0.00424516
-0.0042057
-0.00419734
-0.00420429
-0.00416279
-0.00418684
-0.00417723
-0.00415379
-0.00413786
-0.00413887
-0.00411841
-0.00414338
-0.00411201
-0.00408897
-0.00410502
-0.00409789
-0.00412807
-0.00411334
-0.00406136
-0.00409257
-0.00407481
-0.00410664
-0.00407608
-0.00410784
-0.00401689
-0.00399598
-0.00399993
-0.0039545
-0.00397671
-0.00398115
-0.00396483
-0.00399362
-0.0039847
-0.00395323
-0.00392827
-0.00394347
-0.00396257
-0.00388251
-0.00394175
-0.0038852
-0.00388063
-0.0038702
-0.00386921
-0.00388931
-0.00385493
-0.00381714
-0.00384844
-0.00378645
-0.00383079
-0.00381138
-0.00377917
-0.00374445
-0.00379431
-0.00385655
-0.0038149
-0.00374357
-0.00370512
-0.00373801
-0.00371005
-0.00368001
-0.00367549
-0.00368033
-0.0036809
-0.00366974
-0.00373147
-0.00364094
-0.00365936
-0.00366893
-0.00363436
-0.00362244
-0.00359536
-0.00357528
-0.003515
-0.00353926
-0.00353653
-0.00347898
-0.0035993
-0.00357595
-0.00351019
-0.00344751
-0.00346513
-0.00348137
-0.00345457
-0.00348544
-0.00342544
-0.00341513
-0.00345
-0.00337501
-0.00342273
-0.00329655
-0.00330237
-0.00333228
-0.00331423
-0.00326738
-0.00329615
-0.00325939
-0.00321962
-0.00325738
-0.00325855
-0.0031757
-0.00318352
-0.00315925
-0.00318701
-0.00319578
-0.00311018
-0.00304332
-0.00303521
-0.00300141
-0.00307682
-0.00300198
-0.00313479
-0.00309617
-0.00301869
-0.00293571
-0.00303579
-0.00291154
-0.00289731
-0.00272377
-0.00284082
-0.00287534
-0.00289556
-0.00284096
-0.00275143
-0.00282247
-0.00277732
-0.00277094
-0.00273344
-0.0028317
-0.00277029
-0.00272134
-0.00267719
-0.00263729
-0.00265001
-0.00275233
-0.0026134
-0.00264859
-0.00249756
-0.00249904
-0.0024698
-0.002543
-0.00250943
-0.00243287
-0.00237243
-0.00238962
-0.00237717
-0.00225517
-0.00223776
-0.00216018
-0.00222585
-0.00215461
-0.00215166
-0.00208516
-0.00207816
-0.00197387
-0.00207349
-0.00193157
-0.00191229
-0.00191507
-0.00182238
-0.00163641
-0.0015816
-0.00161657
-0.00165818
-0.00154299
MomentY Data
-0.00591278
-0.00603994
-0.00572205
-0.00578562
-0.00583331
-0.00578562
-0.00573794
-0.00610352
-0.00592868
-0.00562668
-0.00592868
-0.00603994
-0.00567436
-0.00567436
-0.00572205
-0.00602404
-0.00573794
-0.00562668
-0.0058651
-0.00567436
-0.00592868
-0.00597636
-0.00588099
-0.00588099
-0.00599225
-0.00578562
-0.00576973
-0.0055631
-0.00597636
-0.00600815
-0.00583331
-0.00561078
-0.00581741
-0.00562668
-0.00551542
-0.00602404
-0.00572205
-0.00605583
-0.00565847
-0.00578562
-0.00592868
-0.00616709
-0.00596046
-0.00588099
-0.00623067
-0.0061353
-0.00603994
-0.00534058
-0.00600815
-0.00583331
-0.00597636
-0.00581741
-0.00546773
-0.00603994
-0.00578562
-0.0058651
-0.00573794
-0.00569026
-0.00594457
-0.00572205
-0.00599225
-0.00572205
-0.00562668
-0.00581741
-0.00597636
-0.00589689
-0.00581741
-0.00592868
-0.00583331
-0.0055631
-0.00599225
-0.00569026
-0.00567436
-0.00600815
-0.00581741
-0.00607173
-0.00575384
-0.00603994
-0.0058651
-0.00572205
-0.00576973
-0.00572205
-0.00597636
-0.00588099
-0.00583331
-0.00573794
-0.00580152
-0.0061353
-0.0055631
-0.00589689
-0.00565847
-0.00562668
-0.00567436
-0.0058651
-0.00632604
-0.00594457
-0.00619888
-0.00578562
-0.0058651
-0.00581741
-0.00599225
-0.00623067
-0.00578562
-0.00578562
-0.00581741
-0.00618299
-0.00581741
-0.00575384
-0.00602404
-0.00596046
-0.00597636
-0.00576973
-0.00597636
-0.00599225
-0.00567436
-0.00588099
-0.00557899
-0.00573794
-0.0058492
-0.00576973
-0.00562668
-0.00551542
-0.00597636
-0.00572205
-0.0061353
-0.00642141
-0.00591278
-0.00576973
-0.0061353
-0.0061512
-0.00600815
-0.00619888
-0.00592868
-0.00623067
-0.00642141
-0.00600815
-0.00618299
-0.00589689
-0.00588099
-0.00591278
-0.00638962
-0.00603994
-0.00591278
-0.00605583
-0.00607173
-0.00591278
-0.00607173
-0.0058492
-0.0058651
-0.00600815
-0.00592868
-0.00607173
-0.00583331
-0.00592868
-0.00599225
-0.00576973
-0.00603994
-0.0061353
-0.00578562
-0.00616709
-0.00576973
-0.00596046
-0.0061353
-0.00602404
-0.00583331
-0.00596046
-0.00583331
-0.00602404
-0.00572205
-0.00597636
-0.00602404
-0.00626246
-0.00607173
-0.00616709
-0.0061353
-0.00567436
-0.00597636
-0.00619888
-0.0058651
-0.00616709
-0.00603994
-0.00597636
-0.00623067
-0.00600815
-0.0058492
-0.00592868
-0.00569026
-0.00600815
-0.00610352
-0.00589689
-0.00607173
-0.00591278
-0.00603994
-0.00602404
-0.00592868
-0.00589689
-0.00632604
-0.00607173
-0.00602404
-0.00619888
-0.00605583
-0.00607173
-0.00549952
-0.00596046
-0.0061353
-0.00581741
-0.00619888
-0.00607173
-0.00583331
-0.00629425
-0.00581741
-0.00611941
-0.00626246
-0.00624657
-0.00610352
-0.00616709
-0.00629425
-0.00616709
-0.00602404
-0.0061353
-0.00603994
-0.00573794
-0.0061353
-0.00573794
-0.00619888
-0.00591278
-0.0061353
-0.00607173
-0.00572205
-0.00597636
-0.00597636
-0.00607173
-0.0055631
-0.00592868
-0.00599225
-0.00610352
-0.00608762
-0.0058492
-0.00616709
-0.00599225
-0.00578562
-0.00589689
-0.00596046
-0.00616709
-0.00591278
-0.00588099
-0.00588099
-0.00632604
-0.00623067
-0.00578562
-0.00597636
-0.00626246
-0.00626246
-0.00588099
-0.0061353
-0.00616709
-0.00610352
-0.00642141
-0.00616709
-0.00607173
-0.00635783
-0.00608762
-0.00611941
-0.00610352
-0.00607173
-0.00607173
-0.00623067
-0.00603994
-0.00607173
-0.00602404
-0.00602404
-0.00602404
-0.0064532
-0.00626246
-0.00603994
-0.00654856
-0.00632604
-0.00607173
-0.00626246
-0.00607173
-0.00592868
-0.00626246
-0.0058492
-0.0061353
-0.00638962
-0.00626246
-0.00623067
-0.00635783
-0.00629425
-0.00619888
-0.00626246
-0.00583331
-0.00605583
Field Data
-2355.78
-2348.65
-2339.02
-2329.11
-2318.92
-2308.45
-2298.48
-2288.53
-2278.01
-2268.27
-2258.1
-2248.18
-2237.94
-2227.91
-2217.67
-2207.43
-2197.87
-2187.24
-2177.35
-2167.49
-2157.07
-2147.2
-2137.17
-2126.93
-2116.84
-2106.9
-2096.93
-2086.59
-2076.61
-2066.36
-2056.42
-2046.41
-2035.93
-2026.24
-2016.18
-2005.74
-1995.95
-1985.99
-1975.86
-1965.61
-1955.53
-1945.57
-1935.29
-1925.41
-1915.08
-1905.54
-1895.1
-1884.82
-1874.88
-1865.04
-1854.81
-1844.48
-1834.64
-1824.7
-1814.39
-1804.5
-1794.34
-1784.09
-1774.1
-1763.93
-1754.09
-1743.87
-1733.91
-1723.62
-1711.54
-1700.33
-1689.87
-1680.03
-1670.06
-1659.85
-1649.9
-1639.79
-1629.73
-1619.52
-1609.58
-1599.63
-1589.12
-1579.09
-1569.13
-1559.22
-1549.16
-1538.79
-1528.83
-1518.93
-1508.47
-1498.65
-1488.8
-1478.58
-1468.18
-1458.41
-1448.34
-1438.06
-1428.11
-1417.84
-1407.99
-1398
-1387.57
-1377.71
-1367.72
-1357.5
-1347.44
-1337.54
-1327.42
-1317.08
-1305.05
-1293.9
-1283.55
-1273.38
-1263.51
-1253.56
-1243.43
-1233.18
-1223.16
-1213.27
-1202.93
-1192.99
-1182.95
-1172.77
-1162.7
-1152.79
-1142.73
-1132.35
-1122.25
-1112.52
-1101.99
-1092.29
-1081.99
-1072.09
-1062.06
-1051.77
-1041.77
-1031.76
-1021.83
-1011.3
-1001.66
-991.717
-981.333
-971.332
-961.312
-951.257
-940.92
-930.717
-920.793
-911.006
-900.968
-890.631
-880.504
-870.778
-860.219
-850.476
-840.445
-830.283
-820.053
-810.18
-799.672
-789.998
-779.953
-769.582
-759.62
-749.805
-739.438
-729.408
-719.523
-709.331
-699.215
-689.233
-679.286
-668.737
-658.741
-648.759
-636.566
-625.372
-615.167
-605.161
-595.261
-584.74
-574.954
-565.006
-554.708
-544.867
-534.655
-524.724
-514.348
-504.527
-494.507
-484.146
-474.234
-463.75
-454.106
-444.308
-433.878
-423.723
-413.826
-403.609
-393.595
-383.604
-373.6
-363.226
-353.384
-343.418
-332.958
-323.085
-312.745
-302.92
-293.023
-282.617
-272.713
-262.387
-252.592
-242.724
-232.211
-222.401
-212.044
-202.086
-192.409
-181.956
-171.805
-162.091
-151.944
-141.578
-131.637
-121.787
-111.29
-101.535
-91.4909
-81.2377
-71.1119
-60.8969
-50.9908
-41.0265
-31.1307
-20.9134
-10.8952
-0.432755
9.44855
19.3094
29.7747
39.4721
49.5007
60.0956
69.6574
79.8353
90.1365
99.9727
110.351
120.235
130.183
140.539
150.367
160.408
170.673
180.758
190.675
200.696
211.138
221.121
231.14
241.206
251.068
261.565
271.326
281.218
291.742
301.667
311.726
321.646
331.593
342.161
351.913
362.293
372.102
381.995
392.24
402.428
412.177
422.469
432.723
442.544
452.613
462.922
472.837
482.91
493.119
503.185
513.215
523.337
533.204
543.318
553.572
563.499
573.44
583.854
592.437
Time Data
0
0.3
0.6
0.9
1.2
1.5
1.8
2.1
2.4
2.7
3
3.3
3.6
3.9
4.2
4.5
4.8
5.1
5.4
5.7
6
6.3
6.6
6.9
7.2
7.5
7.8
8.1
8.4
8.7
9
9.3
9.6
9.9
10.2
10.5
10.8
11.1
11.4
11.7
12
12.3
12.6
12.9
13.2
13.5
13.8
14.1
14.4
14.7
15
15.3
15.6
15.9
16.2
16.5
16.8
17.1
17.4
17.7
18
18.3
18.6
18.9
19.2
19.5
19.8
20.1
20.4
20.7
21
21.3
21.6
21.9
22.2
22.5
22.8
23.1
23.4
23.7
24
24.3
24.6
24.9
25.2
25.5
25.8
26.1
26.4
26.7
27
27.3
27.6
27.9
28.2
28.5
28.8
29.1
29.4
29.7
30.0000000000001
30.3000000000001
30.6000000000001
30.9000000000001
31.2000000000001
31.5000000000001
31.8000000000001
32.1000000000001
32.4
32.7
33
33.3
33.6
33.9
34.2
34.5
34.8
35.1
35.4
35.7
36
36.3
36.6
36.9
37.2
37.5
37.8
38.1
38.4
38.7
39
39.3
39.6
39.9
40.2
40.5
40.8
41.1
41.4
41.7
42
42.3
42.6
42.8999999999999
43.1999999999999
43.4999999999999
43.7999999999999
44.0999999999999
44.3999999999999
44.6999999999999
44.9999999999999
45.2999999999999
45.5999999999999
45.8999999999999
46.1999999999999
46.4999999999999
46.7999999999999
47.0999999999999
47.3999999999999
47.6999999999999
47.9999999999999
48.2999999999999
48.5999999999999
48.8999999999999
49.1999999999999
49.4999999999999
49.7999999999999
50.0999999999999
50.3999999999999
50.6999999999999
50.9999999999999
51.2999999999999
51.5999999999999
51.8999999999999
52.1999999999999
52.4999999999999
52.7999999999999
53.0999999999999
53.3999999999998
53.6999999999998
53.9999999999998
54.2999999999998
54.5999999999998
54.8999999999998
55.1999999999998
55.4999999999998
55.7999999999998
56.0999999999998
56.3999999999998
56.6999999999998
56.9999999999998
57.2999999999998
57.5999999999998
57.8999999999998
58.1999999999998
58.4999999999998
58.7999999999998
59.0999999999998
59.3999999999998
59.6999999999998
59.9999999999998
60.2999999999998
60.5999999999998
60.8999999999998
61.1999999999998
61.4999999999998
61.7999999999998
62.0999999999998
62.3999999999998
62.6999999999998
62.9999999999998
63.2999999999998
63.5999999999998
63.8999999999998
64.1999999999997
64.4999999999997
64.7999999999997
65.0999999999997
65.3999999999997
65.6999999999997
65.9999999999997
66.2999999999997
66.5999999999997
66.8999999999997
67.1999999999997
67.4999999999997
67.7999999999997
68.0999999999997
68.3999999999997
68.6999999999997
68.9999999999997
69.2999999999997
69.5999999999997
69.8999999999997
70.1999999999997
70.4999999999997
70.7999999999997
71.0999999999997
71.3999999999997
71.6999999999997
71.9999999999997
72.2999999999997
72.5999999999997
72.8999999999997
73.1999999999997
73.4999999999997
73.7999999999997
74.0999999999997
74.3999999999997
74.6999999999996
74.9999999999996
75.2999999999996
75.5999999999996
75.8999999999996
76.1999999999996
76.4999999999996
76.7999999999996
77.0999999999996
77.3999999999996
77.6999999999996
77.9999999999996
78.2999999999996
78.5999999999996
78.8999999999996
79.1999999999996
79.4999999999996
79.7999999999996
80.0999999999996
80.3999999999996
80.6999999999996
80.9999999999996
81.2999999999996
81.5999999999996
81.8999999999996
82.1999999999996
82.4999999999996
82.7999999999996
83.0999999999996
83.3999999999996
83.6999999999996
83.9999999999996
84.2999999999996
84.5999999999996
84.8999999999996
85.1999999999995
85.4999999999995
85.7999999999995
86.0999999999995
86.3999999999995
86.6999999999995
86.9999999999995
87.2999999999995
87.5999999999995
Temperature Data
0
0
0
0
0
0
0
0
0
0
0
0
0
0
0
0
0
0
0
0
0
0
0
0
0
0
0
0
0
0
0
0
0
0
0
0
0
0
0
0
0
0
0
0
0
0
0
0
0
0
0
0
0
0
0
0
0
0
0
0
0
0
0
0
0
0
0
0
0
0
0
0
0
0
0
0
0
0
0
0
0
0
0
0
0
0
0
0
0
0
0
0
0
0
0
0
0
0
0
0
0
0
0
0
0
0
0
0
0
0
0
0
0
0
0
0
0
0
0
0
0
0
0
0
0
0
0
0
0
0
0
0
0
0
0
0
0
0
0
0
0
0
0
0
0
0
0
0
0
0
0
0
0
0
0
0
0
0
0
0
0
0
0
0
0
0
0
0
0
0
0
0
0
0
0
0
0
0
0
0
0
0
0
0
0
0
0
0
0
0
0
0
0
0
0
0
0
0
0
0
0
0
0
0
0
0
0
0
0
0
0
0
0
0
0
0
0
0
0
0
0
0
0
0
0
0
0
0
0
0
0
0
0
0
0
0
0
0
0
0
0
0
0
0
0
0
0
0
0
0
0
0
0
0
0
0
0
0
0
0
0
0
0
0
0
0
0
0
0
0
0
0
0
0
0
0
0
0
0
0
0
0
0
0
0
0
0
0
0
0
0
0
0
Angle Data
0
0
0
0
0
0
0
0
0
0
0
0
0
0
0
0
0
0
0
0
0
0
0
0
0
0
0
0
0
0
0
0
0
0
0
0
0
0
0
0
0
0
0
0
0
0
0
0
0
0
0
0
0
0
0
0
0
0
0
0
0
0
0
0
0
0
0
0
0
0
0
0
0
0
0
0
0
0
0
0
0
0
0
0
0
0
0
0
0
0
0
0
0
0
0
0
0
0
0
0
0
0
0
0
0
0
0
0
0
0
0
0
0
0
0
0
0
0
0
0
0
0
0
0
0
0
0
0
0
0
0
0
0
0
0
0
0
0
0
0
0
0
0
0
0
0
0
0
0
0
0
0
0
0
0
0
0
0
0
0
0
0
0
0
0
0
0
0
0
0
0
0
0
0
0
0
0
0
0
0
0
0
0
0
0
0
0
0
0
0
0
0
0
0
0
0
0
0
0
0
0
0
0
0
0
0
0
0
0
0
0
0
0
0
0
0
0
0
0
0
0
0
0
0
0
0
0
0
0
0
0
0
0
0
0
0
0
0
0
0
0
0
0
0
0
0
0
0
0
0
0
0
0
0
0
0
0
0
0
0
0
0
0
0
0
0
0
0
0
0
0
0
0
0
0
0
0
0
0
0
0
0
0
0
0
0
0
0
0
0
0
0
0
Bx Data
0
0
0
0
0
0
0
0
0
0
0
0
0
0
0
0
0
0
0
0
0
0
0
0
0
0
0
0
0
0
0
0
0
0
0
0
0
0
0
0
0
0
0
0
0
0
0
0
0
0
0
0
0
0
0
0
0
0
0
0
0
0
0
0
0
0
0
0
0
0
0
0
0
0
0
0
0
0
0
0
0
0
0
0
0
0
0
0
0
0
0
0
0
0
0
0
0
0
0
0
0
0
0
0
0
0
0
0
0
0
0
0
0
0
0
0
0
0
0
0
0
0
0
0
0
0
0
0
0
0
0
0
0
0
0
0
0
0
0
0
0
0
0
0
0
0
0
0
0
0
0
0
0
0
0
0
0
0
0
0
0
0
0
0
0
0
0
0
0
0
0
0
0
0
0
0
0
0
0
0
0
0
0
0
0
0
0
0
0
0
0
0
0
0
0
0
0
0
0
0
0
0
0
0
0
0
0
0
0
0
0
0
0
0
0
0
0
0
0
0
0
0
0
0
0
0
0
0
0
0
0
0
0
0
0
0
0
0
0
0
0
0
0
0
0
0
0
0
0
0
0
0
0
0
0
0
0
0
0
0
0
0
0
0
0
0
0
0
0
0
0
0
0
0
0
0
0
0
0
0
0
0
0
0
0
0
0
0
0
0
0
0
0
Hint Data
0
0
0
0
0
0
0
0
0
0
0
0
0
0
0
0
0
0
0
0
0
0
0
0
0
0
0
0
0
0
0
0
0
0
0
0
0
0
0
0
0
0
0
0
0
0
0
0
0
0
0
0
0
0
0
0
0
0
0
0
0
0
0
0
0
0
0
0
0
0
0
0
0
0
0
0
0
0
0
0
0
0
0
0
0
0
0
0
0
0
0
0
0
0
0
0
0
0
0
0
0
0
0
0
0
0
0
0
0
0
0
0
0
0
0
0
0
0
0
0
0
0
0
0
0
0
0
0
0
0
0
0
0
0
0
0
0
0
0
0
0
0
0
0
0
0
0
0
0
0
0
0
0
0
0
0
0
0
0
0
0
0
0
0
0
0
0
0
0
0
0
0
0
0
0
0
0
0
0
0
0
0
0
0
0
0
0
0
0
0
0
0
0
0
0
0
0
0
0
0
0
0
0
0
0
0
0
0
0
0
0
0
0
0
0
0
0
0
0
0
0
0
0
0
0
0
0
0
0
0
0
0
0
0
0
0
0
0
0
0
0
0
0
0
0
0
0
0
0
0
0
0
0
0
0
0
0
0
0
0
0
0
0
0
0
0
0
0
0
0
0
0
0
0
0
0
0
0
0
0
0
0
0
0
0
0
0
0
0
0
0
0
0
Torque Data
13.9292088684
14.185705081
13.383989391
13.4753453982
13.5269792252
13.355814489
13.1885403312
13.9680886256
13.5055923268
12.7628294436
13.387552308
13.5788723092
12.6988772184
12.6419633876
12.6896186235
13.2976466172
12.6112461878
12.3068995632
12.770375485
12.2991185564
12.7885777676
12.832440192
12.5686753983
12.5084540607
12.68463449
12.189722778
12.0987199289
11.607908829
12.4105689396
12.415000834
11.9957353502
11.4819562998
11.8438395413
11.4010040832
11.1200794956
12.0826579896
11.4209256975
12.0268178217
11.1803445342
11.3722725282
11.5937116004
11.9985052913
11.5352186334
11.3233169559
11.9322315036
11.691059562
11.446290294
10.0660319956
11.264560272
10.8793564824
11.0850122916
10.7300963968
10.0313161672
11.021078518
10.4973710718
10.58357295
10.2958152596
10.1519359634
10.546261637
10.0932956565
10.5109458025
9.9785113335
9.7561567188
10.0270042242
10.2287791944
10.0266589737
9.8306666367
9.9603602604
9.7419776986
9.233911535
9.886613275
9.3308314454
9.2476747228
9.730319088
9.3635867878
9.7125214599
9.1435422208
9.5376088546
9.203104363
8.921934801
8.9382349268
8.8050333195
9.1368384588
8.9328121407
8.7993731357
8.599163781
8.637302976
9.071531874
8.167632158
8.6000833449
8.1953884398
8.0915034408
8.1036102596
8.315773384
8.9070010596
8.31050886
8.6013799216
7.9709065302
8.021814572
7.897134075
8.07419734
8.3337703518
7.6799477004
7.6201243896
7.5920109205
8.000170761
7.4669366055
7.3268247792
7.6114347804
7.4717942376
7.4311853148
7.1151156414
7.3100444976
7.2702171575
6.8258578748
7.0159622601
6.5996662205
6.7292838938
6.80086484
6.6512870467
6.4297760364
6.245385837
6.70697001
6.365895066
6.761039247
7.0140419289
6.3975688322
6.1856698357
6.516056718
6.469647624
6.2591104255
6.3957564288
6.0581030844
6.301076571
6.4320695406
5.95838449355
6.06757212567
5.72783795748
5.65346625888
5.62457336446
6.0121212504
5.62147483698
5.44444643454
5.51689746498
5.47043443464
5.26610516418
5.34618255192
5.0933546776
5.0452704569
5.1097873794
4.9827294626
5.04125419959
4.78362336543
4.8032979624
4.791834542
4.55807516054
4.71086932282
4.7216164446
4.3948726644
4.62411491745
4.26635761174
4.34760720768
4.4144894619
4.27303831724
4.07873785165
4.10814572718
3.96248581666
4.02849843748
3.76934893905
3.87721733724
3.83469904664
3.91636713512
3.73512792891
3.73208235149
3.6521048133
3.3180252664
3.43613208744
3.50240439328
3.2534178908
3.36024382703
3.2292841207
3.13593952464
3.20473265316
3.03127389505
2.8924703444
2.87034670728
2.69851476084
2.7862795625
2.77164505312
2.62003540212
2.63439006894
2.50538087994
2.49948421044
2.43135676036
2.3334988046
2.26207059156
2.363408544
2.20541020098
2.12879935136
2.12880697184
2.01633704514
1.96168488705
1.7199473824
1.8055425432
1.7977840119
1.64409896197
1.69051516144
1.59314301951
1.47344743952
1.527765537
1.35086659351
1.36096290341
1.32791706824
1.26234434502
1.17437217968
1.12213902804
1.08138362125
0.99962978519
0.91531673376
0.8686235034
0.79507958178
0.69880649878
0.682797537
0.5826017379
0.567141110192
0.480340647806
0.43629284007
0.369749534637
0.29177190714
0.24518913354
0.186048270252
0.126980518182
0.06061108712
0.0025656659134
-0.0566180737375
-0.117855309088
-0.181257059214
-0.23088020732
-0.305275271963
-0.3601078591
-0.403011246588
-0.470779982217
-0.53725500279
-0.616540638443
-0.65248118578
-0.70710083265
-0.76560492117
-0.88905533556
-0.93688715589
-0.92805973296
-1.02000329028
-1.13198974468
-1.1940945605
-1.18029116904
-1.2953949714
-1.36367310789
-1.4107676128
-1.54888262046
-1.54835895212
-1.58815205745
-1.72504458258
-1.71194832116
-1.78528891222
-1.84123056784
-1.89271610598
-1.95294766758
-2.06604655731
-2.06663191034
-2.13672071949
-2.18246752372
-2.24155733208
-2.3011531598
-2.531203168
-2.52018925288
-2.48952434938
-2.76656359464
-2.73742300692
-2.68700768112
-2.83447080798
-2.81073739506
-2.80329926516
-3.0242045586
-2.8843516548
-3.0871909305
-3.2792488283
-3.27737702902
-3.32221816668
-3.45432347994
-3.484320561
-3.49306268112
-3.5911450624
-3.40580137674
-3.58769775771
dMdH Data
-3.96633941093955E-06
-2.02596053997925E-06
-1.18768920282548E-06
1.35721295387637E-06
2.54441260744976E-06
-1.22968906720155E-06
2.43115577889446E-06
-3.6292775665399E-06
-8.25462012320304E-07
2.66371681415923E-06
2.42439516129033E-06
-2.5166015625001E-06
1.63110667996009E-06
4.25781250000022E-07
-1.37011718749996E-06
2.84518828451882E-06
-3.3029162746942E-06
4.78159757330645E-06
-4.6866125760649E-06
2.47504798464504E-06
2.22087132725422E-06
1.29411764705887E-06
-9.76562499994178E-10
-2.18037661050976E-08
-3.46076458752509E-06
1.68706118355059E-06
5.56092843326871E-07
3.10420841683374E-06
-1.44487804878054E-06
-2.7263581488933E-06
4.73626373626369E-06
-2.24236641221374E-06
-1.03199174406618E-07
2.405566600398E-07
4.14176245210725E-06
-8.80490296220635E-07
-3.61445783132124E-08
-3.60315893385979E-07
4.72195121951208E-07
4.10714285714259E-07
2.99799196787152E-06
2.15953307392997E-06
-2.24190283400815E-06
-6.2439496611808E-07
6.43605870020963E-07
-5.05363984674325E-06
3.02140077821007E-06
2.90241448692162E-06
2.64126016260159E-06
-5.44183773216037E-06
5.47531461761869E-06
-2.22357723577239E-06
-2.01207243459569E-09
1.09505334626574E-06
1.67745197168859E-06
9.84251968498084E-10
-3.04390243902493E-07
1.26826826826829E-06
-2.15142576204528E-06
-1.39430894308942E-06
4.70254403131114E-06
-1.85140562248997E-06
1.06997084548108E-06
1.5215231788079E-06
1.22479928635147E-06
1.2523900573614E-07
2.92784552845537E-06
-2.85255767301907E-06
1.56709108716862E-08
1.30251256281412E-06
-1.23046488625121E-06
9.64214711729592E-07
3.69245837414314E-07
2.87726358148893E-06
-2.06934673366838E-06
3.66793529971449E-06
-2.7058823529412E-06
-2.24297188755025E-06
1.56306760847627E-06
2.90357852882705E-06
1.5670202507232E-06
-1.63453815261039E-06
3.91212121212125E-06
-2.6137667304015E-06
5.32688391038699E-06
-2.50761421319792E-06
1.5753424657534E-06
-2.73653846153851E-06
2.3756397134084E-06
-7.32869910625649E-07
-1.34143968871592E-06
1.5577889447236E-06
4.29698149951314E-06
-5.30152284263959E-06
2.96096096096091E-06
-1.05273250239691E-06
5.40872210953351E-06
3.43443443443444E-06
-2.01956947162423E-06
-1.94135188866803E-06
2.51414141414144E-06
-2.3992094861661E-06
3.16150870406187E-06
-1.3823773898587E-06
8.99551569506763E-07
-2.48792270531395E-06
6.12192723697155E-06
2.22796352583588E-06
-5.97989949748764E-07
-3.5212240868707E-06
2.60585365853651E-06
-2.17465069860278E-06
1.79170879676445E-06
1.31044487427461E-06
5.1810865191153E-07
4.85059760956147E-07
-3.53438113948914E-06
5.58987090367428E-06
2.42986881937436E-06
-1.91848906560636E-06
2.47591522157944E-07
3.40297029702979E-06
-2.846865364851E-06
8.92687559354199E-07
-1.26391752577319E-06
4.96601941747582E-06
-4.33333333333384E-07
1.44965104685946E-06
-4.07871720116625E-06
3.94600000000007E-06
8.35164835164815E-07
-6.99899295065498E-07
3.94112060778723E-06
-2.49481327800824E-06
9.66509101880739E-07
2.25731895223416E-06
1.5928407159284E-06
-1.0079840319362E-07
2.03480855295871E-06
-2.41559446647964E-06
3.07458590610607E-06
2.32164449818624E-06
-1.63993052007766E-06
7.10300856744386E-07
-2.91960917093938E-06
1.45452750074061E-06
5.34443758996505E-06
-2.95577232692493E-06
1.82284717232888E-06
-3.17316319409832E-06
3.00728203109621E-06
-3.10459433040074E-06
9.21199230223832E-06
1.98991244765901E-06
-4.08310936530904E-07
4.52264808362366E-06
-2.1415485488381E-06
-4.45693635816154E-07
1.66276107997964E-06
-2.77708112279348E-06
8.89332003988032E-07
3.18361153262515E-06
2.44897959183674E-06
-1.5025701858442E-06
-1.91344419955921E-06
8.04865788680007E-06
-5.6156981704427E-06
5.65726290516206E-06
4.5782408335005E-07
8.55408841138365E-07
8.84402358406067E-08
-1.96962273395395E-06
3.43593843693782E-06
3.8171717171717E-06
-2.97500237619997E-06
6.33455957490289E-06
-4.45717732207483E-06
1.88483200621481E-06
3.2730413575856E-06
3.39992166079125E-06
-5.02064243278627E-06
-5.99845797995367E-06
4.24091233071988E-06
7.11876247504992E-06
3.71103175369171E-06
-3.31820016142047E-06
2.6669210225105E-06
3.11489008710077E-06
4.61318636456424E-07
-4.64046021092989E-07
-5.61299852289597E-08
1.12761442861474E-06
-6.041890966037E-06
9.04034351907335E-06
-1.84365929336401E-06
-9.56617353058778E-07
3.33236938500094E-06
1.21113594797805E-06
2.71723861127835E-06
1.91969407265775E-06
6.10554036260508E-06
-2.34622823984526E-06
2.77862595419831E-07
5.81489340204102E-06
-1.1562560061503E-05
2.35763327948305E-06
6.3683904706566E-06
6.39918325676365E-06
-1.78556951763274E-06
-1.54475411395418E-06
2.73190621814475E-06
-2.98059283576322E-06
6.02530628640287E-06
1.06541283455615E-06
-3.33588443509038E-06
7.38744951236333E-06
-4.91249742639492E-06
1.24352025229132E-05
-5.61450897163776E-07
-3.00875163464442E-06
1.83248730964466E-06
4.46317995617797E-06
-2.94925679138903E-06
3.65986001732359E-06
3.87878906097611E-06
-3.72908807205356E-06
-1.1453744493392E-07
8.36353358031917E-06
-7.84801742219721E-07
2.45255562966105E-06
-2.7169604494338E-06
-8.75406759697347E-07
8.18164396563135E-06
6.76631274917637E-06
8.22444312609965E-07
3.22972107822997E-06
-7.77631117619157E-06
7.46265680154758E-06
-1.2535276406573E-05
4.03898847497334E-06
7.6125723381051E-06
8.05537218964784E-06
-1.01746609463004E-05
1.19720956225972E-05
1.43970052610275E-06
1.74447125050262E-05
-1.13026264967169E-05
-3.51241351241352E-06
-2.01374365103078E-06
5.31904529956162E-06
8.87754090233019E-06
-7.16345669053142E-06
4.50553836942425E-06
6.1099406244013E-07
3.7563858559551E-06
-9.80736600459128E-06
6.10073514802305E-06
4.96349624822549E-06
4.20596360865011E-06
4.08769593279374E-06
-1.28588758592802E-06
-9.72253895857088E-06
1.39979848866499E-05
-3.49835967790038E-06
1.52247983870968E-05
-1.48788579471229E-07
2.76684330052993E-06
-7.50615258408534E-06
3.23410404624279E-06
7.80507697012948E-06
6.10937026180127E-06
-1.67789165446558E-06
1.22202591283861E-06
1.25141040106677E-05
1.6916051301982E-06
7.56582796957286E-06
-6.68669178291422E-06
7.07518124937929E-06
2.86157726258592E-07
6.7070095814423E-06
6.94927032661574E-07
1.02154961308649E-05
-9.89668189946356E-06
1.41495513459621E-05
1.90476190476191E-06
-2.81747238268975E-07
9.16452442159381E-06
1.81363370392042E-05
5.5213055303717E-06
-3.51775475304293E-06
-3.99558286921453E-06
1.34207153675871E-05
1.34207153675871E-05
dMdT Data
0
0
0
0
0
0
0
0
0
0
0
0
0
0
0
0
0
0
0
0
0
0
0
0
0
0
0
0
0
0
0
0
0
0
0
0
0
0
0
0
0
0
0
0
0
0
0
0
0
0
0
0
0
0
0
0
0
0
0
0
0
0
0
0
0
0
0
0
0
0
0
0
0
0
0
0
0
0
0
0
0
0
0
0
0
0
0
0
0
0
0
0
0
0
0
0
0
0
0
0
0
0
0
0
0
0
0
0
0
0
0
0
0
0
0
0
0
0
0
0
0
0
0
0
0
0
0
0
0
0
0
0
0
0
0
0
0
0
0
0
0
0
0
0
0
0
0
0
0
0
0
0
0
0
0
0
0
0
0
0
0
0
0
0
0
0
0
0
0
0
0
0
0
0
0
0
0
0
0
0
0
0
0
0
0
0
0
0
0
0
0
0
0
0
0
0
0
0
0
0
0
0
0
0
0
0
0
0
0
0
0
0
0
0
0
0
0
0
0
0
0
0
0
0
0
0
0
0
0
0
0
0
0
0
0
0
0
0
0
0
0
0
0
0
0
0
0
0
0
0
0
0
0
0
0
0
0
0
0
0
0
0
0
0
0
0
0
0
0
0
0
0
0
0
0
0
0
0
0
0
0
0
0
0
0
0
0
0
0
0
0
0
0
 
*********************************************** Results ***************************************
 
TotalArea 0
AreaFirstQuad 0
AreaSecondQuad 0
AreaThirdQuad 0
AreaFourthQuad 0
Coercivity 0
PositiveCoercivity 0
NegativeCoercivity 0
Retentivity 5.48647060658848E-03
PositiveRetentivity -1.40801930575032E-02
NegativeRetentivity -3.10725184432623E-03
Magnetization 0.00479593
PositiveMagnetization -0.00154299
NegativeMagnetization -0.00479593
Flatness 1.56634803448958
Squareness 1.14398471341085
SStar 0
SFD1 0
SFD2 0
Slope 0
Intercept 0
SlopeAtHc 1.34207153675871E-05
dH1 -691.62898559012
dH2 354.324
InitialSlope -3.96633941093955E-06
FieldAtHalfMs 592.437
FieldAtMs 592.437
MomentMean -3.84647365187713E-03
MomentRMS 8.17857421883195E-04
SFD3 0
dH3 -1383.25797118024
UserField1 0
UserField2 0
CenterField 0
ExchangeField 0
ExchangeMoment 0
ExRegionOneIntercept 0
ExRegionOneSlope 0
ExRegionTwoIntercept 0
ExRegionTwoSlope 0
NegativeIntercept 0
NegativeSlope 0
AutoCenterOffset 0
PinningField 0
PinningMoment 0
PinRegionOneIntercept 0
PinRegionOneSlope 0
PinRegionTwoIntercept 0
PinRegionTwoSlope 0
PositiveIntercept 0
PositiveSlope 0
TotalOffset 0
BHMax 0
BCoercivity 0
BRetentivity 0
BNegativeCoercivity 0
BPositiveCoercivity 0
BNegativeRetentivity 0
BPositiveRetentivity 0
MomentYMean -5.96252583617747E-03
MomentYRMS 2.04018791473688E-04
YOffCorrection 0
Mrt 0
Ms1 0
Ms2 0
Ms3 0
Hc2 0
Hex2 0
HsatValue 0
HsatIntercept 0
HsatSlope 0
CenterH 0
Span .00325294
SpanAsPercentOfRange -61.3762264150943
RMSAsPercentOfRange -15.4312721110037
SpanAsPercentOfMean -84.5694080970117
RMSAsPercentOfMean -21.2625250008945
