Start Time:  5/5/2017 7:26:44 AM          Time Completed:  5/5/2017 7:28:20 AM      Elapsed Time:  00:01:36
Sample ID:     FORC_desvirgao3

Experiment:    C:\IDEASVSM\Default UserID\Experiments\FORCexp0230B\FORCexp0230B.exp
Data File:     C:\IDEASVSM\Default UserID\CarlosHernandez\FORC_floopy\FORC_desvirgao3 (ProfileData)\FORC_desvirgao3#459.txt
Plot File:     C:\IDEASVSM\Default UserID\CarlosHernandez\FORC_floopy\FORC_desvirgao3 (ProfileData)\FORC_desvirgao3#459.oc2
VSM Exp File:  C:\IDEASVSM\Default UserID\Experiments\FORCexp0230B\FORCexp0230B.stp
VSM Data File: C:\IDEASVSM\Default UserID\CarlosHernandez\FORC_floopy\FORC_desvirgao3 (ProfileData)\FORC_desvirgao3#459.dat

***DATA***

Field(G)	 Moment(emu)	
-1214.17 	-0.00353446 	
-1207.71 	-0.00357901 	
-1198.39 	-0.00353663 	
-1188.07 	-0.00351154 	
-1177.87 	-0.0035341 	
-1167.94 	-0.00352922 	
-1157.74 	-0.00350402 	
-1147.39 	-0.00349623 	
-1137.48 	-0.00347877 	
-1127.58 	-0.00347976 	
-1117.09 	-0.00347804 	
-1107.27 	-0.00346271 	
-1097.24 	-0.00345346 	
-1087.24 	-0.00347716 	
-1076.75 	-0.00342612 	
-1066.8 	-0.00340001 	
-1056.57 	-0.00343681 	
-1046.68 	-0.00338902 	
-1036.65 	-0.00342246 	
-1026.71 	-0.00337993 	
-1016.34 	-0.00338503 	
-1006.26 	-0.00337437 	
-996.302 	-0.00336664 	
-986.36 	-0.00333408 	
-975.824 	-0.00332727 	
-965.996 	-0.00334162 	
-956.054 	-0.00329013 	
-945.608 	-0.00330377 	
-935.731 	-0.00331439 	
-925.487 	-0.00332335 	
-915.566 	-0.00329816 	
-905.628 	-0.00331602 	
-895.288 	-0.00325126 	
-885.329 	-0.00327948 	
-875.435 	-0.00325429 	
-865.071 	-0.00324453 	
-855.136 	-0.00322205 	
-845.043 	-0.00324853 	
-835.036 	-0.00324329 	
-824.675 	-0.00322757 	
-814.706 	-0.00319086 	
-804.929 	-0.00317531 	
-794.37 	-0.00320294 	
-784.586 	-0.00314386 	
-774.143 	-0.00313575 	
-764.355 	-0.00316482 	
-754.376 	-0.00316497 	
-744.084 	-0.00315177 	
-734.078 	-0.00313123 	
-724.254 	-0.00312615 	
-714.121 	-0.00306244 	
-703.59 	-0.00303671 	
-693.807 	-0.00309908 	
-683.911 	-0.00309828 	
-673.424 	-0.00305927 	
-663.737 	-0.00303412 	
-653.398 	-0.00302653 	
-643.224 	-0.00301821 	
-633.187 	-0.00301926 	
-623.339 	-0.00300473 	
-613.24 	-0.00300779 	
-603.004 	-0.00297253 	
-592.916 	-0.00298502 	
-583.116 	-0.00295696 	
-572.794 	-0.002959 	
-562.702 	-0.00292527 	
-552.703 	-0.00293753 	
-542.776 	-0.00293606 	
-532.306 	-0.00290151 	
-522.503 	-0.00291282 	
-512.524 	-0.00290594 	
-502.086 	-0.0028907 	
-492.262 	-0.00286399 	
-482.073 	-0.00286137 	
-472.014 	-0.00282954 	
-462.185 	-0.00284225 	
-451.821 	-0.00278663 	
-441.734 	-0.00282617 	
-431.795 	-0.00279114 	
-421.839 	-0.00275296 	
-411.447 	-0.00275245 	
-401.577 	-0.0027562 	
-391.666 	-0.00277614 	
-381.216 	-0.00276273 	
-371.132 	-0.00274019 	
-361.383 	-0.00269682 	
-351.125 	-0.00269201 	
-340.998 	-0.0026949 	
-330.778 	-0.00266201 	
-320.798 	-0.00264834 	
-310.973 	-0.0026372 	
-300.75 	-0.00262441 	
-290.589 	-0.00261648 	
-280.499 	-0.00263732 	
-270.683 	-0.00263396 	
-260.215 	-0.00254765 	
-250.321 	-0.00257864 	
-240.343 	-0.00254914 	
-230.315 	-0.00258182 	
-220.063 	-0.00254763 	
-210.132 	-0.00254048 	
-200.078 	-0.00249386 	
-189.69 	-0.00249801 	
-179.872 	-0.00244945 	
-169.521 	-0.00247434 	
-159.711 	-0.00247754 	
-149.736 	-0.00242955 	
-139.331 	-0.00243495 	
-129.49 	-0.00245231 	
-119.425 	-0.00242827 	
-109.238 	-0.00240515 	
-99.1594 	-0.00238652 	
-89.2288 	-0.00236374 	
-79.1164 	-0.00236508 	
-68.7297 	-0.00234643 	
-58.8992 	-0.00233956 	
-48.8284 	-0.00232291 	
-38.4933 	-0.00228734 	
-28.6697 	-0.00227043 	
-18.7368 	-0.00225953 	
-8.31452 	-0.00222759 	
 1.40322 	-0.00217948 	
 11.3932 	-0.00219687 	
 21.68 	-0.00220056 	
 32.0673 	-0.00219139 	
 41.8248 	-0.00216675 	
 52.1005 	-0.00212627 	
 61.8528 	-0.00214399 	
 71.9793 	-0.00211168 	
 82.2686 	-0.0021369 	
 92.2712 	-0.00212628 	
 102.428 	-0.00213596 	
 112.258 	-0.00207215 	
 122.408 	-0.00201784 	
 132.792 	-0.00199764 	
 142.616 	-0.00195139 	
 152.59 	-0.0019637 	
 162.819 	-0.00196635 	
 173.021 	-0.00191618 	
 182.923 	-0.00188734 	
 192.946 	-0.00184519 	
 203.142 	-0.00185631 	
 213.185 	-0.00185749 	
 223.374 	-0.00184139 	
 233.309 	-0.00182826 	
 243.341 	-0.00185625 	
 253.687 	-0.00176837 	
 263.494 	-0.00173514 	
 273.526 	-0.00173774 	
 283.799 	-0.00176488 	
 293.927 	-0.00168245 	
 303.823 	-0.00167347 	
 313.823 	-0.00167635 	
 324.05 	-0.0016687 	
 334.212 	-0.00159384 	
 343.993 	-0.00162634 	
 354.384 	-0.00152972 	
 364.304 	-0.00151445 	
 374.268 	-0.00142172 	
 384.448 	-0.00145117 	
 394.67 	-0.001486 	
 404.756 	-0.00151171 	
 414.752 	-0.00139542 	
 424.77 	-0.00134994 	
 434.781 	-0.00134038 	
 445.114 	-0.00132186 	
 454.962 	-0.00131169 	
 464.888 	-0.00122695 	
 475.378 	-0.00122514 	
 485.243 	-0.00105955 	
 495.392 	-0.00111784 	
 505.423 	-0.0010669 	
 515.212 	-0.0010213 	
 525.802 	-0.000949465 	
 535.593 	-0.000950474 	
 545.998 	-0.00097336 	
 555.783 	-0.000948184 	
 565.812 	-0.000823843 	
 576.137 	-0.000790793 	
 586.023 	-0.000742448 	
 595.969 	-0.000660308 	
 606.128 	-0.000609149 	
 616.313 	-0.000576751 	
 626.197 	-0.00052215 	
 636.331 	-0.000441103 	
 646.662 	-0.000385472 	
 656.447 	-0.00033094 	
 666.387 	-0.000281729 	
 676.749 	-0.000193445 	
 686.785 	-0.0001117 	
 696.953 	-0.00000991858 	
 707.058 	 0.0000425969 	
 716.868 	 0.000190548 	
 727.151 	 0.00033976 	
 737.23 	 0.0003042 	
 747.195 	 0.000402201 	
 757.091 	 0.000503498 	
 767.7 	 0.000568185 	
 777.405 	 0.000730479 	
 787.33 	 0.000823468 	
 797.666 	 0.000923492 	
 807.599 	 0.00108534 	
 817.858 	 0.00120579 	
 827.854 	 0.0012504 	
 837.743 	 0.00140403 	
 848.093 	 0.00155518 	
 858.005 	 0.00164602 	
 868.127 	 0.00176504 	
 878.163 	 0.00188286 	
 888.379 	 0.0019121 	
 898.257 	 0.00206506 	
 908.314 	 0.0021808 	
 918.626 	 0.0022471 	
 928.377 	 0.00234466 	
 938.885 	 0.00245831 	
 948.655 	 0.00247998 	
 958.569 	 0.00256398 	
 968.933 	 0.00267969 	
 978.866 	 0.00278416 	
 989.158 	 0.00283077 	
 998.969 	 0.00297498 	
 1009.44 	 0.00300159 	
 1019.2 	 0.00305635 	
 1029.07 	 0.00309895 	
 1039.66 	 0.00323114 	
 1049.42 	 0.00327705 	
 1059.37 	 0.00332541 	
 1069.64 	 0.00344932 	
 1079.78 	 0.00348541 	
 1089.72 	 0.00344537 	
 1099.81 	 0.00354333 	
 1110.08 	 0.00363472 	
 1119.93 	 0.00367225 	
 1130.01 	 0.00372167 	
 1140.26 	 0.00377411 	
 1150.25 	 0.00376031 	
 1160.14 	 0.00383348 	
 1170.22 	 0.00391758 	
 1180.56 	 0.0038641 	
 1190.34 	 0.00389565 	
 1200.53 	 0.00391684 	
 1210.74 	 0.00402129 	
 1220.71 	 0.00403057 	
 1231.11 	 0.00400486 	
 1240.94 	 0.00405369 	
 1250.87 	 0.00404375 	
 1261.23 	 0.00409487 	
 1271.14 	 0.00408453 	
 1280.96 	 0.00414724 	
 1291.3 	 0.00412438 	
 1301.42 	 0.00420857 	
 1311.31 	 0.00420616 	
 1321.29 	 0.00426479 	
 1331.76 	 0.00427173 	
 1341.57 	 0.00431582 	
 1351.53 	 0.00432525 	
 1361.92 	 0.00431895 	
 1371.94 	 0.0043197 	
 1382.01 	 0.00429955 	
 1392.09 	 0.00431636 	
 1402.01 	 0.00433329 	
 1412.42 	 0.00433551 	
 1422.25 	 0.00442107 	
 1432.21 	 0.00445652 	
 1442.53 	 0.00446237 	
 1452.49 	 0.00438551 	
 1462.5 	 0.00435664 	
 1472.51 	 0.00441447 	
 1482.83 	 0.00447096 	
 1492.84 	 0.0044323 	
 1502.61 	 0.00443055 	
 1512.86 	 0.00441713 	
 1522.98 	 0.00440061 	
 1532.93 	 0.00445823 	
 1543.17 	 0.00442283 	
 1553.28 	 0.00444637 	
 1563.43 	 0.00449695 	
 1573.47 	 0.00443023 	
 1583.37 	 0.00440392 	
 1593.32 	 0.00446317 	
 1603.78 	 0.00448248 	
 1613.64 	 0.00445299 	
 1623.55 	 0.00447558 	
 1633.87 	 0.00455732 	
 1643.96 	 0.00455919 	
 1653.88 	 0.00458821 	
 1663.87 	 0.00459867 	
 1674.19 	 0.00448525 	
 1684.15 	 0.00455066 	
 1693.87 	 0.00454015 	
 1704.33 	 0.00457581 	
 1714.34 	 0.00459019 	
 1724.59 	 0.00452809 	

	
	
