Version 1.25
******************************************** Units *******************************************
System CGS
TemperatureUnit K
MomentUnit emu
AppliedFieldUnit G
 
******************************************** Setup ********************************************
 
Experiment CustomField
Minor False
Acquisition Continuous
EditedPoint No
MaxField 15000
FieldIncrement 100
Points 293
MinField 0
RampRate 10
AverageTime 0.3
TimeInterval 0
TimeConstant 0.1
TimeConstantIndex 0
Sensitivity -0.0053
SensitivityIndex 5
SensitivityY -400
SensitivityIndexY 0
SaturationField 8000
ExperimentTime 100
Use735Domains True
AutoRangeEnabled False
NumberOfVertices 2
VertexPts
0
292
VertexField
-2498.6633
453.0493
StartAngle 0
EndAngle 0
AngleIncrement 0
StartTemp 0
FinishTemp 0
TempIncrement 0
TempPoints 0
LengthofSetPointsArray 293
SetPointArray
-2498.66332
-2488.55472
-2478.44612
-2468.33751
-2458.22891
-2448.1203
-2438.0117
-2427.90309
-2417.79449
-2407.68588
-2397.57728
-2387.46867
-2377.36007
-2367.25146
-2357.14286
-2347.03425
-2336.92565
-2326.81704
-2316.70844
-2306.59983
-2296.49123
-2286.38262
-2276.27402
-2266.16541
-2256.05681
-2245.9482
-2235.8396
-2225.73099
-2215.62239
-2205.51378
-2195.40518
-2185.29657
-2175.18797
-2165.07937
-2154.97076
-2144.86216
-2134.75355
-2124.64495
-2114.53634
-2104.42774
-2094.31913
-2084.21053
-2074.10192
-2063.99332
-2053.88471
-2043.77611
-2033.6675
-2023.5589
-2013.45029
-2003.34169
-1993.23308
-1983.12448
-1973.01587
-1962.90727
-1952.79866
-1942.69006
-1932.58145
-1922.47285
-1912.36424
-1902.25564
-1892.14703
-1882.03843
-1871.92982
-1861.82122
-1851.71261
-1841.60401
-1831.49541
-1821.3868
-1811.2782
-1801.16959
-1791.06099
-1780.95238
-1770.84378
-1760.73517
-1750.62657
-1740.51796
-1730.40936
-1720.30075
-1710.19215
-1700.08354
-1689.97494
-1679.86633
-1669.75773
-1659.64912
-1649.54052
-1639.43191
-1629.32331
-1619.2147
-1609.1061
-1598.99749
-1588.88889
-1578.78028
-1568.67168
-1558.56307
-1548.45447
-1538.34586
-1528.23726
-1518.12865
-1508.02005
-1497.91145
-1487.80284
-1477.69424
-1467.58563
-1457.47703
-1447.36842
-1437.25982
-1427.15121
-1417.04261
-1406.934
-1396.8254
-1386.71679
-1376.60819
-1366.49958
-1356.39098
-1346.28237
-1336.17377
-1326.06516
-1315.95656
-1305.84795
-1295.73935
-1285.63074
-1275.52214
-1265.41353
-1255.30493
-1245.19632
-1235.08772
-1224.97911
-1214.87051
-1204.7619
-1194.6533
-1184.5447
-1174.43609
-1164.32749
-1154.21888
-1144.11028
-1134.00167
-1123.89307
-1113.78446
-1103.67586
-1093.56725
-1083.45865
-1073.35004
-1063.24144
-1053.13283
-1043.02423
-1032.91562
-1022.80702
-1012.69841
-1002.58981
-992.4812
-982.3726
-972.26399
-962.15539
-952.04678
-941.93818
-931.82957
-921.72097
-911.61236
-901.50376
-891.39515
-881.28655
-871.17794
-861.06934
-850.96074
-840.85213
-830.74353
-820.63492
-810.52632
-800.41771
-790.30911
-780.2005
-770.0919
-759.98329
-749.87469
-739.76608
-729.65748
-719.54887
-709.44027
-699.33166
-689.22306
-679.11445
-669.00585
-658.89724
-648.78864
-638.68003
-628.57143
-618.46282
-608.35422
-598.24561
-588.13701
-578.0284
-567.9198
-557.81119
-547.70259
-537.59398
-527.48538
-517.37678
-507.26817
-497.15957
-487.05096
-476.94236
-466.83375
-456.72515
-446.61654
-436.50794
-426.39933
-416.29073
-406.18212
-396.07352
-385.96491
-375.85631
-365.7477
-355.6391
-345.53049
-335.42189
-325.31328
-315.20468
-305.09607
-294.98747
-284.87886
-274.77026
-264.66165
-254.55305
-244.44444
-234.33584
-224.22723
-214.11863
-204.01003
-193.90142
-183.79282
-173.68421
-163.57561
-153.467
-143.3584
-133.24979
-123.14119
-113.03258
-102.92398
-92.81537
-82.70677
-72.59816
-62.48956
-52.38095
-42.27235
-32.16374
-22.05514
-11.94653
-1.83793
8.27068
18.37928
28.48789
38.59649
48.7051
58.8137
68.92231
79.03091
89.13952
99.24812
109.35673
119.46533
129.57393
139.68254
149.79114
159.89975
170.00835
180.11696
190.22556
200.33417
210.44277
220.55138
230.65998
240.76859
250.87719
260.9858
271.0944
281.20301
291.31161
301.42022
311.52882
321.63743
331.74603
341.85464
351.96324
362.07185
372.18045
382.28906
392.39766
402.50627
412.61487
422.72348
432.83208
442.94069
453.04929
FieldDomainFile C:\IDEASVSM\Default UserID\Experiments\FORCexp0357B\fdomain.ini
TempDomainFile C:\IDEASVSM\Default UserID\Experiments\FORCexp0357B\tdomain.ini
NumSelectedResults 0
ResultsSelected 
UserName1 
UserValue1 
UserName2 
UserValue2 
LinearBackgroundCorrection Off
MaxLinearFieldCorrection 
MinLinearFieldCorrection 
AutoLinearCorrection Off
FitOneRegion Off
BackgroundMode Off
BackgroundFilename 
AutoCenter Off
OffsetCorrection 
SmoothDeriv Off
DerivOrder 0
DerivPoints 0
MinExFieldOne 
MaxExFieldOne 
MinExFieldTwo 
MaxExFieldTwo 
MinPinFieldOne 
MaxPinFieldOne 
MinPinFieldTwo 
MaxPinFieldTwo 
HCenterStart 
Mass 
Volume 
Density 
MolarWeight 
NumberOfMoles 
Demagnetization 
SampleArea 
Thickness 
MomentScaling 0
XAxis 0
YAxis 0
SimpleSpinValve False
HsatMax 0
HsatMin 0
FieldAutoRange False
 
*************************************************** Experiment Data ********************************************
 
DataPoints 293
MomentX Data
-0.00474675
-0.00472452
-0.00479385
-0.00489754
-0.00481407
-0.00483124
-0.00481019
-0.00483618
-0.00479323
-0.00482917
-0.00478477
-0.00481935
-0.00476636
-0.00477198
-0.0047909
-0.00478017
-0.00478937
-0.00481376
-0.00478967
-0.0047905
-0.00482039
-0.00478503
-0.00476505
-0.00478366
-0.00479389
-0.00475874
-0.00475402
-0.00474804
-0.00477299
-0.00475728
-0.0047626
-0.00473374
-0.00472231
-0.00469866
-0.00473472
-0.00473094
-0.00473722
-0.00470125
-0.00473364
-0.00471008
-0.00471846
-0.00471717
-0.00470584
-0.00470277
-0.00472848
-0.00470869
-0.00471118
-0.00471586
-0.0046586
-0.00469809
-0.00469387
-0.00468667
-0.00465054
-0.00465642
-0.0046378
-0.00468848
-0.00466747
-0.00467016
-0.00462895
-0.00466909
-0.00463704
-0.00465195
-0.00464364
-0.00464939
-0.00463723
-0.00462934
-0.00462398
-0.00463194
-0.00464374
-0.00462441
-0.00459867
-0.0045762
-0.00460494
-0.0046237
-0.00459444
-0.00456978
-0.0045691
-0.00453712
-0.00455581
-0.00455354
-0.00455807
-0.00453394
-0.00453647
-0.00450573
-0.0045574
-0.00453161
-0.00453793
-0.00449479
-0.00454432
-0.00455346
-0.00454098
-0.00446737
-0.0044992
-0.00450995
-0.00453297
-0.00453067
-0.00449369
-0.00446758
-0.00448619
-0.00446205
-0.00447452
-0.00446598
-0.00446482
-0.00445984
-0.00443028
-0.00441064
-0.00440272
-0.00443771
-0.00442165
-0.00440324
-0.00438127
-0.00438104
-0.00437076
-0.00436976
-0.00435258
-0.0043875
-0.00433662
-0.00435713
-0.00433876
-0.00437063
-0.00433979
-0.00436161
-0.00432646
-0.00429973
-0.00432894
-0.00429849
-0.00431216
-0.00434521
-0.00431695
-0.00428778
-0.00428181
-0.00425426
-0.00426557
-0.00431536
-0.0042809
-0.00425225
-0.00428527
-0.0042657
-0.0042933
-0.00422345
-0.00422037
-0.00422009
-0.00420593
-0.00421234
-0.00418964
-0.00416734
-0.00415448
-0.00413655
-0.00418322
-0.00421747
-0.00415887
-0.00417059
-0.0041703
-0.00416955
-0.00413261
-0.00411593
-0.00413784
-0.00412468
-0.00406414
-0.00410522
-0.00403754
-0.00409944
-0.00407253
-0.00411459
-0.00409493
-0.00404004
-0.00400308
-0.00402638
-0.0039994
-0.00399394
-0.00400201
-0.00399429
-0.00398455
-0.00393763
-0.00399419
-0.00396331
-0.00397355
-0.0039435
-0.0039492
-0.0039766
-0.00393058
-0.00391639
-0.00392367
-0.00388821
-0.00390919
-0.00382484
-0.0038623
-0.00383323
-0.00381383
-0.00384012
-0.00382367
-0.00385916
-0.00383086
-0.00379131
-0.0037889
-0.00379336
-0.00378608
-0.00383006
-0.00370918
-0.00369454
-0.0037675
-0.00370661
-0.0036972
-0.0036973
-0.00375946
-0.00361625
-0.00362026
-0.00363946
-0.00365586
-0.00369429
-0.00360591
-0.00369579
-0.00366395
-0.00364096
-0.003594
-0.00353831
-0.00355712
-0.00361605
-0.00353681
-0.00359179
-0.00349872
-0.00352402
-0.00350659
-0.00348038
-0.00339957
-0.003435
-0.00345653
-0.00344777
-0.00338198
-0.00337016
-0.00333154
-0.00338914
-0.00338011
-0.00337165
-0.00341355
-0.00332861
-0.0033191
-0.00330219
-0.00324294
-0.00329796
-0.0032972
-0.00322664
-0.00315641
-0.00322853
-0.00320804
-0.00317487
-0.00320406
-0.0031907
-0.00317697
-0.00302535
-0.00306922
-0.0030625
-0.00304621
-0.00303219
-0.00300585
-0.00304773
-0.00298381
-0.00293998
-0.0029574
-0.00292095
-0.0028953
-0.00288019
-0.00285746
-0.00283831
-0.00284444
-0.00288056
-0.00281338
-0.00278996
-0.00281306
-0.00280876
-0.00282526
-0.00268494
-0.00277009
-0.00270136
-0.00268498
-0.00255097
-0.00263419
-0.00264121
-0.00255492
-0.00257032
-0.00255321
-0.00245654
-0.00244178
-0.00242934
-0.00236656
-0.00248384
-0.00233383
-0.00226323
-0.00233186
-0.00241705
-0.0021195
-0.00226094
-0.00229869
MomentY Data
-0.00569026
-0.00535647
-0.00591278
-0.00607173
-0.0058651
-0.00576973
-0.00581741
-0.00572205
-0.00562668
-0.00591278
-0.00562668
-0.00588099
-0.0061353
-0.00572205
-0.00576973
-0.00578562
-0.0055631
-0.0058651
-0.00551542
-0.00592868
-0.00573794
-0.00596046
-0.00597636
-0.00603994
-0.00610352
-0.00632604
-0.00592868
-0.00591278
-0.00603994
-0.00605583
-0.00632604
-0.00567436
-0.0055631
-0.00597636
-0.0055631
-0.00551542
-0.00588099
-0.0061353
-0.00583331
-0.00594457
-0.00581741
-0.00578562
-0.00570615
-0.00594457
-0.0061353
-0.00581741
-0.00581741
-0.00573794
-0.00581741
-0.00594457
-0.00603994
-0.00597636
-0.00551542
-0.00578562
-0.0058651
-0.00588099
-0.00588099
-0.00578562
-0.0055631
-0.00572205
-0.00567436
-0.00572205
-0.00551542
-0.00572205
-0.0061353
-0.00597636
-0.00573794
-0.00546773
-0.00576973
-0.00572205
-0.0055631
-0.00576973
-0.00575384
-0.00562668
-0.00572205
-0.00588099
-0.00588099
-0.00567436
-0.00565847
-0.00578562
-0.00567436
-0.00599225
-0.00594457
-0.00591278
-0.00576973
-0.00600815
-0.0061353
-0.00573794
-0.00619888
-0.00567436
-0.00583331
-0.00583331
-0.00576973
-0.00581741
-0.00578562
-0.00581741
-0.00592868
-0.00610352
-0.00576973
-0.00588099
-0.00583331
-0.00592868
-0.00607173
-0.00551542
-0.00540415
-0.00597636
-0.00576973
-0.00573794
-0.00578562
-0.00602404
-0.00594457
-0.00561078
-0.00572205
-0.00578562
-0.00578562
-0.0061353
-0.00581741
-0.00610352
-0.00594457
-0.00553131
-0.00567436
-0.0058651
-0.00562668
-0.00589689
-0.00576973
-0.0058651
-0.00607173
-0.00580152
-0.00632604
-0.00603994
-0.0058651
-0.00589689
-0.00557899
-0.00610352
-0.00591278
-0.00567436
-0.00599225
-0.00616709
-0.00600815
-0.00607173
-0.00562668
-0.00588099
-0.00603994
-0.00578562
-0.00569026
-0.00583331
-0.00588099
-0.00592868
-0.00619888
-0.00597636
-0.00596046
-0.00545184
-0.00594457
-0.00591278
-0.00569026
-0.00581741
-0.00567436
-0.00597636
-0.00600815
-0.0058492
-0.00599225
-0.00557899
-0.00567436
-0.00578562
-0.0061353
-0.00594457
-0.00602404
-0.00576973
-0.00607173
-0.00607173
-0.00623067
-0.00591278
-0.00588099
-0.00616709
-0.00638962
-0.00591278
-0.00581741
-0.00589689
-0.00573794
-0.00588099
-0.00514984
-0.0055631
-0.00607173
-0.00594457
-0.00608762
-0.00594457
-0.00592868
-0.00667572
-0.00607173
-0.00581741
-0.00588099
-0.00578562
-0.0058651
-0.00591278
-0.00611941
-0.00588099
-0.0055631
-0.00570615
-0.00578562
-0.00569026
-0.00562668
-0.00597636
-0.00548363
-0.00597636
-0.00602404
-0.00581741
-0.00576973
-0.00608762
-0.00610352
-0.00600815
-0.00597636
-0.00583331
-0.00569026
-0.00619888
-0.00629425
-0.00589689
-0.00567436
-0.0064532
-0.0061353
-0.00607173
-0.00600815
-0.00619888
-0.00616709
-0.00588099
-0.00576973
-0.0061353
-0.00610352
-0.00597636
-0.0058651
-0.00623067
-0.00619888
-0.00592868
-0.00551542
-0.00623067
-0.00616709
-0.00592868
-0.00589689
-0.00583331
-0.00599225
-0.0058492
-0.00578562
-0.00629425
-0.0061353
-0.0058651
-0.00588099
-0.00578562
-0.00591278
-0.00602404
-0.00583331
-0.00592868
-0.00588099
-0.00603994
-0.00616709
-0.00623067
-0.00616709
-0.00594457
-0.00578562
-0.0061353
-0.00611941
-0.0061353
-0.00597636
-0.00629425
-0.00626246
-0.00607173
-0.00608762
-0.00583331
-0.00600815
-0.0061353
-0.00605583
-0.00626246
-0.00596046
-0.00648499
-0.00616709
-0.00599225
-0.00616709
-0.00569026
-0.0058492
-0.00546773
-0.00561078
-0.00626246
-0.00607173
-0.00623067
-0.0061353
-0.00572205
-0.00610352
-0.00596046
-0.00602404
-0.00623067
-0.00626246
-0.00623067
-0.00619888
-0.00600815
-0.00626246
Field Data
-2497.98
-2491.73
-2482.33
-2471.89
-2461.83
-2451.91
-2441.67
-2431.44
-2421.57
-2411.46
-2401.25
-2391.18
-2380.9
-2371.06
-2360.98
-2350.67
-2340.74
-2330.7
-2320.46
-2310.41
-2300.58
-2290.53
-2280.08
-2270.15
-2260.27
-2249.92
-2239.84
-2229.7
-2219.72
-2209.78
-2199.47
-2189.34
-2179.46
-2169.57
-2159.22
-2149.1
-2139.2
-2129
-2119.02
-2108.84
-2098.89
-2088.51
-2078.43
-2068.44
-2058.52
-2048.54
-2038.17
-2028.23
-2018.29
-2007.89
-1998.03
-1988.02
-1977.82
-1967.71
-1957.85
-1947.71
-1937.23
-1927.54
-1917.28
-1907.17
-1897.18
-1886.89
-1877
-1867.14
-1856.78
-1846.7
-1836.7
-1826.75
-1816.18
-1806.49
-1796.51
-1786.05
-1776.43
-1762.64
-1752.71
-1742.79
-1732.4
-1722.42
-1712.65
-1702.16
-1692.03
-1682.2
-1672.24
-1661.74
-1650.95
-1638.68
-1628.31
-1618.26
-1608.41
-1595.9
-1583.67
-1571.11
-1561.42
-1551.24
-1540.88
-1531.08
-1521.1
-1510.75
-1500.73
-1490.84
-1480.56
-1470.45
-1460.25
-1450.52
-1440.2
-1430.32
-1420.32
-1410.09
-1399.84
-1390.07
-1380.03
-1369.53
-1359.73
-1349.83
-1339.41
-1329.46
-1319.13
-1309.33
-1299.26
-1288.91
-1279.08
-1269.18
-1258.93
-1248.89
-1238.8
-1228.86
-1218.39
-1208.61
-1198.6
-1188.38
-1178.36
-1168.09
-1158.31
-1148.29
-1137.94
-1127.8
-1117.99
-1107.79
-1097.64
-1087.67
-1077.8
-1067.32
-1057.38
-1047.6
-1037.09
-1027.17
-1016.83
-1006.99
-996.995
-986.679
-976.782
-966.834
-956.597
-946.507
-936.559
-926.665
-916.16
-906.27
-896.383
-886.215
-876.026
-865.802
-855.981
-845.909
-835.74
-825.647
-815.73
-805.654
-795.293
-785.386
-775.475
-764.991
-755.238
-745.259
-734.889
-724.917
-714.564
-704.747
-694.827
-684.474
-674.385
-664.61
-654.38
-644.371
-634.334
-623.988
-614.003
-604.23
-593.908
-583.802
-573.518
-563.845
-553.366
-543.699
-533.563
-523.203
-513.455
-503.425
-493.058
-483.061
-473.181
-462.998
-452.96
-442.966
-432.578
-422.601
-412.391
-402.374
-392.62
-382.266
-372.254
-362.279
-352.299
-341.908
-331.976
-322.113
-311.56
-301.807
-291.564
-281.481
-271.689
-261.387
-251.173
-241.354
-231.352
-221
-211.1
-201.159
-190.655
-180.858
-170.953
-160.793
-150.412
-140.427
-130.383
-120.39
-110.394
-100.457
-90.0973
-80.0363
-70.1199
-60.0765
-49.5938
-39.904
-30.0975
-19.5902
-9.53804
1.09765
10.6408
20.6064
30.8695
40.7248
51.0143
60.9056
71.0492
81.0279
91.1301
101.747
111.52
121.299
131.688
141.591
151.442
161.582
171.868
181.89
191.956
202.188
211.97
222.333
232.391
242.356
252.386
262.341
272.77
282.583
292.516
302.922
312.835
322.898
332.844
343.322
353.149
363.065
373.535
383.451
393.518
403.553
413.467
423.799
433.702
443.678
451.733
Time Data
0
0.3
0.6
0.9
1.2
1.5
1.8
2.1
2.4
2.7
3
3.3
3.6
3.9
4.2
4.5
4.8
5.1
5.4
5.7
6
6.3
6.6
6.9
7.2
7.5
7.8
8.1
8.4
8.7
9
9.3
9.6
9.9
10.2
10.5
10.8
11.1
11.4
11.7
12
12.3
12.6
12.9
13.2
13.5
13.8
14.1
14.4
14.7
15
15.3
15.6
15.9
16.2
16.5
16.8
17.1
17.4
17.7
18
18.3
18.6
18.9
19.2
19.5
19.8
20.1
20.4
20.7
21
21.3
21.6
21.9
22.2
22.5
22.8
23.1
23.4
23.7
24
24.3
24.6
24.9
25.2
25.5
25.8
26.1
26.4
26.7
27
27.3
27.6
27.9
28.2
28.5
28.8
29.1
29.4
29.7
30.0000000000001
30.3000000000001
30.6000000000001
30.9000000000001
31.2000000000001
31.5000000000001
31.8000000000001
32.1000000000001
32.4
32.7
33
33.3
33.6
33.9
34.2
34.5
34.8
35.1
35.4
35.7
36
36.3
36.6
36.9
37.2
37.5
37.8
38.1
38.4
38.7
39
39.3
39.6
39.9
40.2
40.5
40.8
41.1
41.4
41.7
42
42.3
42.6
42.8999999999999
43.1999999999999
43.4999999999999
43.7999999999999
44.0999999999999
44.3999999999999
44.6999999999999
44.9999999999999
45.2999999999999
45.5999999999999
45.8999999999999
46.1999999999999
46.4999999999999
46.7999999999999
47.0999999999999
47.3999999999999
47.6999999999999
47.9999999999999
48.2999999999999
48.5999999999999
48.8999999999999
49.1999999999999
49.4999999999999
49.7999999999999
50.0999999999999
50.3999999999999
50.6999999999999
50.9999999999999
51.2999999999999
51.5999999999999
51.8999999999999
52.1999999999999
52.4999999999999
52.7999999999999
53.0999999999999
53.3999999999998
53.6999999999998
53.9999999999998
54.2999999999998
54.5999999999998
54.8999999999998
55.1999999999998
55.4999999999998
55.7999999999998
56.0999999999998
56.3999999999998
56.6999999999998
56.9999999999998
57.2999999999998
57.5999999999998
57.8999999999998
58.1999999999998
58.4999999999998
58.7999999999998
59.0999999999998
59.3999999999998
59.6999999999998
59.9999999999998
60.2999999999998
60.5999999999998
60.8999999999998
61.1999999999998
61.4999999999998
61.7999999999998
62.0999999999998
62.3999999999998
62.6999999999998
62.9999999999998
63.2999999999998
63.5999999999998
63.8999999999998
64.1999999999997
64.4999999999997
64.7999999999997
65.0999999999997
65.3999999999997
65.6999999999997
65.9999999999997
66.2999999999997
66.5999999999997
66.8999999999997
67.1999999999997
67.4999999999997
67.7999999999997
68.0999999999997
68.3999999999997
68.6999999999997
68.9999999999997
69.2999999999997
69.5999999999997
69.8999999999997
70.1999999999997
70.4999999999997
70.7999999999997
71.0999999999997
71.3999999999997
71.6999999999997
71.9999999999997
72.2999999999997
72.5999999999997
72.8999999999997
73.1999999999997
73.4999999999997
73.7999999999997
74.0999999999997
74.3999999999997
74.6999999999996
74.9999999999996
75.2999999999996
75.5999999999996
75.8999999999996
76.1999999999996
76.4999999999996
76.7999999999996
77.0999999999996
77.3999999999996
77.6999999999996
77.9999999999996
78.2999999999996
78.5999999999996
78.8999999999996
79.1999999999996
79.4999999999996
79.7999999999996
80.0999999999996
80.3999999999996
80.6999999999996
80.9999999999996
81.2999999999996
81.5999999999996
81.8999999999996
82.1999999999996
82.4999999999996
82.7999999999996
83.0999999999996
83.3999999999996
83.6999999999996
83.9999999999996
84.2999999999996
84.5999999999996
84.8999999999996
85.1999999999995
85.4999999999995
85.7999999999995
86.0999999999995
86.3999999999995
86.6999999999995
86.9999999999995
87.2999999999995
87.5999999999995
Temperature Data
0
0
0
0
0
0
0
0
0
0
0
0
0
0
0
0
0
0
0
0
0
0
0
0
0
0
0
0
0
0
0
0
0
0
0
0
0
0
0
0
0
0
0
0
0
0
0
0
0
0
0
0
0
0
0
0
0
0
0
0
0
0
0
0
0
0
0
0
0
0
0
0
0
0
0
0
0
0
0
0
0
0
0
0
0
0
0
0
0
0
0
0
0
0
0
0
0
0
0
0
0
0
0
0
0
0
0
0
0
0
0
0
0
0
0
0
0
0
0
0
0
0
0
0
0
0
0
0
0
0
0
0
0
0
0
0
0
0
0
0
0
0
0
0
0
0
0
0
0
0
0
0
0
0
0
0
0
0
0
0
0
0
0
0
0
0
0
0
0
0
0
0
0
0
0
0
0
0
0
0
0
0
0
0
0
0
0
0
0
0
0
0
0
0
0
0
0
0
0
0
0
0
0
0
0
0
0
0
0
0
0
0
0
0
0
0
0
0
0
0
0
0
0
0
0
0
0
0
0
0
0
0
0
0
0
0
0
0
0
0
0
0
0
0
0
0
0
0
0
0
0
0
0
0
0
0
0
0
0
0
0
0
0
0
0
0
0
0
0
0
0
0
0
0
0
0
0
0
0
0
0
0
0
0
0
0
0
0
0
0
0
0
0
Angle Data
0
0
0
0
0
0
0
0
0
0
0
0
0
0
0
0
0
0
0
0
0
0
0
0
0
0
0
0
0
0
0
0
0
0
0
0
0
0
0
0
0
0
0
0
0
0
0
0
0
0
0
0
0
0
0
0
0
0
0
0
0
0
0
0
0
0
0
0
0
0
0
0
0
0
0
0
0
0
0
0
0
0
0
0
0
0
0
0
0
0
0
0
0
0
0
0
0
0
0
0
0
0
0
0
0
0
0
0
0
0
0
0
0
0
0
0
0
0
0
0
0
0
0
0
0
0
0
0
0
0
0
0
0
0
0
0
0
0
0
0
0
0
0
0
0
0
0
0
0
0
0
0
0
0
0
0
0
0
0
0
0
0
0
0
0
0
0
0
0
0
0
0
0
0
0
0
0
0
0
0
0
0
0
0
0
0
0
0
0
0
0
0
0
0
0
0
0
0
0
0
0
0
0
0
0
0
0
0
0
0
0
0
0
0
0
0
0
0
0
0
0
0
0
0
0
0
0
0
0
0
0
0
0
0
0
0
0
0
0
0
0
0
0
0
0
0
0
0
0
0
0
0
0
0
0
0
0
0
0
0
0
0
0
0
0
0
0
0
0
0
0
0
0
0
0
0
0
0
0
0
0
0
0
0
0
0
0
0
0
0
0
0
0
Bx Data
0
0
0
0
0
0
0
0
0
0
0
0
0
0
0
0
0
0
0
0
0
0
0
0
0
0
0
0
0
0
0
0
0
0
0
0
0
0
0
0
0
0
0
0
0
0
0
0
0
0
0
0
0
0
0
0
0
0
0
0
0
0
0
0
0
0
0
0
0
0
0
0
0
0
0
0
0
0
0
0
0
0
0
0
0
0
0
0
0
0
0
0
0
0
0
0
0
0
0
0
0
0
0
0
0
0
0
0
0
0
0
0
0
0
0
0
0
0
0
0
0
0
0
0
0
0
0
0
0
0
0
0
0
0
0
0
0
0
0
0
0
0
0
0
0
0
0
0
0
0
0
0
0
0
0
0
0
0
0
0
0
0
0
0
0
0
0
0
0
0
0
0
0
0
0
0
0
0
0
0
0
0
0
0
0
0
0
0
0
0
0
0
0
0
0
0
0
0
0
0
0
0
0
0
0
0
0
0
0
0
0
0
0
0
0
0
0
0
0
0
0
0
0
0
0
0
0
0
0
0
0
0
0
0
0
0
0
0
0
0
0
0
0
0
0
0
0
0
0
0
0
0
0
0
0
0
0
0
0
0
0
0
0
0
0
0
0
0
0
0
0
0
0
0
0
0
0
0
0
0
0
0
0
0
0
0
0
0
0
0
0
0
0
Hint Data
0
0
0
0
0
0
0
0
0
0
0
0
0
0
0
0
0
0
0
0
0
0
0
0
0
0
0
0
0
0
0
0
0
0
0
0
0
0
0
0
0
0
0
0
0
0
0
0
0
0
0
0
0
0
0
0
0
0
0
0
0
0
0
0
0
0
0
0
0
0
0
0
0
0
0
0
0
0
0
0
0
0
0
0
0
0
0
0
0
0
0
0
0
0
0
0
0
0
0
0
0
0
0
0
0
0
0
0
0
0
0
0
0
0
0
0
0
0
0
0
0
0
0
0
0
0
0
0
0
0
0
0
0
0
0
0
0
0
0
0
0
0
0
0
0
0
0
0
0
0
0
0
0
0
0
0
0
0
0
0
0
0
0
0
0
0
0
0
0
0
0
0
0
0
0
0
0
0
0
0
0
0
0
0
0
0
0
0
0
0
0
0
0
0
0
0
0
0
0
0
0
0
0
0
0
0
0
0
0
0
0
0
0
0
0
0
0
0
0
0
0
0
0
0
0
0
0
0
0
0
0
0
0
0
0
0
0
0
0
0
0
0
0
0
0
0
0
0
0
0
0
0
0
0
0
0
0
0
0
0
0
0
0
0
0
0
0
0
0
0
0
0
0
0
0
0
0
0
0
0
0
0
0
0
0
0
0
0
0
0
0
0
0
Torque Data
14.2141556748
13.3468769931
14.6774711774
15.0086486697
14.438879133
14.1468586843
14.2041954747
13.912821252
13.6253994876
14.2584324588
13.51106535
14.0625056682
14.60753577
13.567323873
13.6222171354
13.6000833654
13.021770694
13.66978857
12.7983114932
13.6976815588
13.2005900052
13.6526124438
13.6265789088
13.711569791
13.7956031504
14.2330839168
13.2792946112
13.183725566
13.4069756168
13.3820520174
13.9139351988
12.4231033224
12.124553926
12.9661313652
12.011956782
11.853189122
12.580613808
13.0620537
12.3609005562
12.5361469988
12.2101036749
12.0833252262
11.8598333445
12.2959863708
12.629637756
11.9171970814
11.8568705397
11.6378620462
11.7412204289
11.9360426573
12.0679813182
11.8811232072
10.9085079844
11.3844223302
11.482986035
11.4544630329
11.3928302577
11.1520139748
10.666020368
10.9129220985
10.7652823048
10.7968789245
10.35244334
10.683868437
11.391902334
11.036544012
10.538874398
9.9881757775
10.4788682314
10.3368261045
9.994164781
10.3050262665
10.2212939912
9.9178112352
10.0290942555
10.2493305621
10.188227076
9.7736311512
9.6909786455
9.8480509392
9.6011873508
10.08016295
9.9407477368
9.8255030372
9.5255357435
9.845435242
9.990170343
9.2854787844
9.9703405808
9.055711124
9.2380380477
9.1647716741
9.0089718166
9.0241990884
8.9149461456
8.9069201028
9.018115148
9.22089284
8.6588069029
8.7676151316
8.6365654536
8.717827506
8.8662437325
8.0002270184
7.78305683
8.5481072352
8.1948629136
8.0910118146
8.0989423008
8.3738372828
8.2036849371
7.6841315334
7.7804430465
7.8096034446
7.7493172842
8.156635938
7.6739200533
7.9915218416
7.7235420182
7.1293607721
7.2579603888
7.443867618
7.0835962524
7.3645669521
7.147541524
7.207386786
7.3977351147
7.0117750872
7.582391544
7.1777438972
6.911199236
6.8880982401
6.4621999069
7.0086109808
6.7283888732
6.399543208
6.6992755775
6.8318406311
6.594785766
6.6040385691
6.064435704
6.2768982468
6.3865117572
6.061015512
5.9013117434
5.9918010327
5.9799670617
5.9701214732
6.1802523656
5.89674890844
5.82207003972
5.27102427456
5.68655782829
5.59648765946
5.32926421534
5.39079023765
5.1986216576
5.4161957772
5.38560352145
5.183648778
5.2493667985
4.83030069998
4.85714434716
4.89410802858
5.127515622
4.90811638679
4.9139901492
4.64840605342
4.82880436689
4.76865173778
4.83172881825
4.52322348498
4.44154712562
4.59607932631
4.69566145218
4.28627473926
4.15691175924
4.15581553683
3.98687563638
4.02538474926
3.4729748484
3.697291891
3.9732186774
3.83050851547
3.86158434508
3.70934034516
3.64022730604
4.0336702956
3.60604902084
3.39621559282
3.37285362282
3.2621929089
3.2455469266
3.21477257322
3.26509075783
3.07695161097
2.8564015105
2.87261856375
2.85264622596
2.74874268586
2.66243806908
2.76704272728
2.4838650448
2.64732428376
2.60586717512
2.45844328341
2.37938472443
2.44950000988
2.3963640224
2.2967114679
2.22472391544
2.11328571349
2.00467290774
2.11944666304
2.089539938
1.89946492857
1.7679036016
1.9476209324
1.7888326092
1.70907663213
1.63234826535
1.62030664656
1.54900649657
1.41940046046
1.33483857496
1.3559013
1.288453072
1.20219860124
1.1182106405
1.12686651486
1.05971713264
0.95329024324
0.82958535304
0.87495429609
0.80408369547
0.7137537852
0.65098127466
0.58599682267
0.539885545925
0.46814832596
0.405687095838
0.378136510125
0.30427284114
0.2340409504
0.177003096525
0.113341452924
0.0563963321512
-0.006612287506
-0.062071085048
-0.122168751552
-0.181543220805
-0.245975348512
-0.314609779387
-0.379482694752
-0.438166810828
-0.481676023503
-0.527244129162
-0.6242483691
-0.6824366032
-0.7442057547
-0.78701489568
-0.89120915175
-0.94839946732
-0.98108227686
-1.04626707416
-1.0610207559
-1.1533004414
-1.2404840364
-1.2836542851
-1.39235151918
-1.38515725986
-1.57167623644
-1.55648717674
-1.57201285725
-1.6821971393
-1.60797074158
-1.7109845872
-1.65629570706
-1.7552483613
-2.02213580908
-2.02093890012
-2.13912608574
-2.1666750597
-2.07747608325
-2.2798783432
-2.28554434746
-2.37056817272
-2.51440557051
-2.58932054882
-2.64055171533
-2.68846665376
-2.6656839757
-2.82895984318
dMdH Data
3.55679999999997E-06
-7.37553191489348E-06
-9.9319923371647E-06
8.29721669980119E-06
-1.73084677419349E-06
2.05566406250003E-06
-2.5405669599218E-06
4.35157041540024E-06
-3.55489614243318E-06
4.34867776689518E-06
-3.43396226415091E-06
5.15466926070053E-06
-5.71138211382151E-07
-1.87698412698409E-06
1.04073714839958E-06
-9.26485397784465E-07
-2.42928286852591E-06
2.35253906250005E-06
-8.25870646765565E-08
-3.04069175991867E-06
3.51840796019909E-06
1.911961722488E-06
-1.87411883182284E-06
-1.03542510121456E-06
3.39613526570054E-06
4.68253968253944E-07
5.89743589743575E-07
-2.50000000000001E-06
1.58048289738441E-06
-5.16003879728363E-07
2.84896347482729E-06
1.15688259109308E-06
2.39130434782612E-06
-3.48405797101438E-06
3.73517786561279E-07
-6.34343434343429E-07
3.52647058823542E-06
-3.24549098196394E-06
2.31434184675836E-06
-8.42211055276326E-07
1.24277456647417E-07
1.12400793650784E-06
3.07307307307312E-07
-2.59173387096772E-06
1.98296593186377E-06
-2.40115718418513E-07
-4.70824949698183E-07
5.76056338028165E-06
-3.79711538461549E-06
4.2799188640974E-07
7.19280719280694E-07
3.54215686274514E-06
-5.81602373887224E-07
1.88843813387417E-06
-4.99802761341229E-06
2.00477099236642E-06
-2.77605779153728E-07
4.01656920077972E-06
-3.9703264094956E-06
3.20820820820817E-06
-1.44897959183673E-06
8.40242669362993E-07
-5.83164300202813E-07
1.17374517374514E-06
7.82738095238099E-07
5.36000000000026E-07
-8.0000000000004E-07
-1.116367076632E-06
1.99484004127972E-06
2.57915831663324E-06
2.14818355640536E-06
-2.98752598752604E-06
-1.36040609137053E-06
2.9466263846928E-06
2.48588709677419E-06
6.54475457169817E-08
3.20440881763527E-06
-1.91299897645855E-06
2.1639656816019E-07
-4.47186574531089E-07
2.45473041709054E-06
-2.54016064256999E-07
2.92761904761901E-06
-4.78869323447632E-06
2.10187449062751E-06
-6.09450337512024E-07
4.29253731343282E-06
-5.02842639593912E-06
-7.30615507593885E-07
1.02044153720356E-06
5.86066878980884E-06
-3.28482972136229E-06
-1.05599214145386E-06
-2.22200772200769E-06
2.34693877551038E-07
3.70541082164326E-06
2.5227053140097E-06
-1.85728542914177E-06
2.44084934277043E-06
-1.21303501945522E-06
8.44708209693426E-07
1.13725490195998E-07
5.11819116135742E-07
2.8643410852713E-06
1.98785425101208E-06
7.92000000000067E-07
-3.42033235581626E-06
1.56682926829269E-06
1.88433981576254E-06
2.18824701195225E-06
2.19047619047144E-08
1.04897959183679E-06
1.01010101010026E-07
1.6487523992323E-06
-3.50954773869344E-06
4.92545982575025E-06
-2.09285714285707E-06
1.82423038728901E-06
-3.07922705314019E-06
3.13733468972536E-06
-2.20404040404049E-06
3.42926829268295E-06
2.66235059760957E-06
-2.8949454905847E-06
3.06338028169008E-06
-1.305635148042E-06
-3.37934560327198E-06
2.82317682317687E-06
2.8542074363993E-06
5.95808383233531E-07
2.68257059396295E-06
-1.15644171779138E-06
-4.96906187624752E-06
3.32946859903385E-06
2.82544378698221E-06
-3.36595310907239E-06
1.91862745098038E-06
-2.71921182266014E-06
7.00601805416245E-06
3.12056737588641E-07
2.67175572519152E-08
1.42454728370224E-06
-6.55419222903882E-07
2.1598477640343E-06
2.24798387096772E-06
1.24371373307543E-06
1.82215447154473E-06
-4.66933466733362E-06
-3.32008530438157E-06
5.92098615742146E-06
-1.17812625653394E-06
2.83286118980183E-08
7.4331020812674E-08
3.713309207881E-06
1.68587022437839E-06
-2.08567348881485E-06
1.33063700707785E-06
6.12319207039555E-06
-4.04012588512979E-06
6.64245755226216E-06
-6.05438184663542E-06
2.74004683840746E-06
-4.17593328038117E-06
1.93332677746086E-06
5.43842266917669E-06
3.72693354845214E-06
-2.31242556570071E-06
2.60399575330569E-06
5.51125466841679E-07
-8.1424679648882E-07
7.36360167874866E-07
9.98667076796918E-07
4.70187393526401E-06
-5.45419479267114E-06
3.09667067789808E-06
-9.89085289288113E-07
3.06101660385048E-06
-5.74596774193548E-07
-2.64657587172805E-06
4.5614035087719E-06
1.45166240409215E-06
-7.11632453567949E-07
3.54281146967726E-06
-2.09026601574174E-06
8.1529093369419E-06
-3.75162744116174E-06
2.97452164125651E-06
1.87948072079056E-06
-2.60142489610133E-06
1.59957215091403E-06
-3.66897549881112E-06
2.70063937398603E-06
4.09123823316438E-06
2.3776637726914E-07
-4.30501930501927E-07
7.46819860484221E-07
-4.38484546360919E-06
1.16600752387383E-05
1.46443933179952E-06
-7.38461538461538E-06
5.97957379946972E-06
9.37437736600921E-07
-1.00060036021887E-08
-5.98382749326143E-06
1.43540142327353E-05
-3.92752203721846E-07
-1.91674153938305E-06
-1.68136149272091E-06
-3.71160903998454E-06
8.82740711146623E-06
-9.01052631578946E-06
3.19038076152304E-06
2.21249157925129E-06
4.7281514297221E-06
5.64635506438205E-06
-1.78243153605612E-06
-6.04224341228341E-06
7.73601483940252E-06
-5.45274223941286E-06
9.50469771241835E-06
-2.455833818676E-06
1.70648130017624E-06
2.6693145941542E-06
8.07938412317533E-06
-3.42252704791344E-06
-2.17474747474748E-06
8.81199074539786E-07
6.26332825590252E-06
1.20649178319894E-06
3.89904088844019E-06
-5.66929133858269E-06
8.69858395144991E-07
8.47270906359545E-07
-4.17164476304263E-06
8.49994996497547E-06
9.51380552220879E-07
1.70172084130021E-06
5.71927758525825E-06
-5.46864128814231E-06
7.66407163889944E-08
7.02550928968281E-06
6.69960983334443E-06
-7.44287807797888E-06
2.08943047978379E-06
3.15685285468197E-06
-2.90385350014322E-06
1.25614793210408E-06
1.4387283024997E-06
1.52143373203821E-05
-4.27453693328528E-06
6.81866609844448E-07
1.58316730647747E-06
1.41740721644273E-06
2.5967112267834E-06
-4.19693948109471E-06
6.3273346399794E-06
4.12832371031091E-06
-1.78246188478459E-06
3.7273749872175E-06
2.46895755125613E-06
1.5258002625467E-06
2.30737996142522E-06
1.88856015779092E-06
-5.95955667898116E-07
-3.60407104370383E-06
6.67395191734552E-06
2.2888975762314E-06
-2.36148026988344E-06
4.14937759336104E-07
-1.64048518592166E-06
1.40812844957351E-05
-8.48953140578265E-06
6.90406830738321E-06
1.5706203854636E-06
1.36563741974931E-05
-8.37813349441254E-06
-6.74610801460732E-07
8.70473116110164E-06
-1.53035873993839E-06
1.72028956364367E-06
9.2259973277343E-06
1.50198432888979E-06
1.25453812020979E-06
5.99617956064943E-06
-1.18273497377975E-05
1.49011622131719E-05
7.03537618335819E-06
-6.92253379059913E-06
-8.24525745257455E-06
3.00464505705341E-05
-1.41780272654371E-05
-4.68653010552452E-06
-4.68653010552452E-06
dMdT Data
0
0
0
0
0
0
0
0
0
0
0
0
0
0
0
0
0
0
0
0
0
0
0
0
0
0
0
0
0
0
0
0
0
0
0
0
0
0
0
0
0
0
0
0
0
0
0
0
0
0
0
0
0
0
0
0
0
0
0
0
0
0
0
0
0
0
0
0
0
0
0
0
0
0
0
0
0
0
0
0
0
0
0
0
0
0
0
0
0
0
0
0
0
0
0
0
0
0
0
0
0
0
0
0
0
0
0
0
0
0
0
0
0
0
0
0
0
0
0
0
0
0
0
0
0
0
0
0
0
0
0
0
0
0
0
0
0
0
0
0
0
0
0
0
0
0
0
0
0
0
0
0
0
0
0
0
0
0
0
0
0
0
0
0
0
0
0
0
0
0
0
0
0
0
0
0
0
0
0
0
0
0
0
0
0
0
0
0
0
0
0
0
0
0
0
0
0
0
0
0
0
0
0
0
0
0
0
0
0
0
0
0
0
0
0
0
0
0
0
0
0
0
0
0
0
0
0
0
0
0
0
0
0
0
0
0
0
0
0
0
0
0
0
0
0
0
0
0
0
0
0
0
0
0
0
0
0
0
0
0
0
0
0
0
0
0
0
0
0
0
0
0
0
0
0
0
0
0
0
0
0
0
0
0
0
0
0
0
0
0
0
0
0
 
*********************************************** Results ***************************************
 
TotalArea 0
AreaFirstQuad 0
AreaSecondQuad 0
AreaThirdQuad 0
AreaFourthQuad 0
Coercivity 0
PositiveCoercivity 0
NegativeCoercivity 0
Retentivity 3.6650720373888E-03
PositiveRetentivity 4.13806526399993E-03
NegativeRetentivity -3.19207881077767E-03
Magnetization 0.00489754
PositiveMagnetization -0.0021195
NegativeMagnetization -0.00489754
Flatness 1.87094572172499
Squareness 0.748349587219053
SStar 0
SFD1 0
SFD2 0
Slope 0
Intercept 0
SlopeAtHc -4.68653010552452E-06
dH1 515.220428107966
dH2 214.009675
InitialSlope 3.55679999999997E-06
FieldAtHalfMs 451.733
FieldAtMs 433.702
MomentMean -3.99240802047782E-03
MomentRMS 7.05632929744084E-04
SFD3 0
dH3 1030.44085621593
UserField1 0
UserField2 0
CenterField 0
ExchangeField 0
ExchangeMoment 0
ExRegionOneIntercept 0
ExRegionOneSlope 0
ExRegionTwoIntercept 0
ExRegionTwoSlope 0
NegativeIntercept 0
NegativeSlope 0
AutoCenterOffset 0
PinningField 0
PinningMoment 0
PinRegionOneIntercept 0
PinRegionOneSlope 0
PinRegionTwoIntercept 0
PinRegionTwoSlope 0
PositiveIntercept 0
PositiveSlope 0
TotalOffset 0
BHMax 0
BCoercivity 0
BRetentivity 0
BNegativeCoercivity 0
BPositiveCoercivity 0
BNegativeRetentivity 0
BPositiveRetentivity 0
MomentYMean -5.90480610921502E-03
MomentYRMS 2.15241234802878E-04
YOffCorrection 0
Mrt 0
Ms1 0
Ms2 0
Ms3 0
Hc2 0
Hex2 0
HsatValue 0
HsatIntercept 0
HsatSlope 0
CenterH 0
Span .00277804
SpanAsPercentOfRange -52.4158490566038
RMSAsPercentOfRange -13.3138288630959
SpanAsPercentOfMean -69.5830683074201
RMSAsPercentOfMean -17.6743691056815
