Version 1.25
******************************************** Units *******************************************
System CGS
TemperatureUnit K
MomentUnit emu
AppliedFieldUnit G
 
******************************************** Setup ********************************************
 
Experiment CustomField
Minor False
Acquisition Continuous
EditedPoint No
MaxField 15000
FieldIncrement 100
Points 75
MinField 0
RampRate 10
AverageTime 0.3
TimeInterval 0
TimeConstant 0.1
TimeConstantIndex 0
Sensitivity -0.0053
SensitivityIndex 5
SensitivityY -400
SensitivityIndexY 0
SaturationField 8000
ExperimentTime 100
Use735Domains True
AutoRangeEnabled False
NumberOfVertices 2
VertexPts
0
74
VertexField
725.9816
1474.0184
StartAngle 0
EndAngle 0
AngleIncrement 0
StartTemp 0
FinishTemp 0
TempIncrement 0
TempPoints 0
LengthofSetPointsArray 75
SetPointArray
725.98162
736.09023
746.19883
756.30744
766.41604
776.52464
786.63325
796.74185
806.85046
816.95906
827.06767
837.17627
847.28488
857.39348
867.50209
877.61069
887.7193
897.8279
907.93651
918.04511
928.15372
938.26232
948.37093
958.47953
968.58814
978.69674
988.80535
998.91395
1009.02256
1019.13116
1029.23977
1039.34837
1049.45698
1059.56558
1069.67419
1079.78279
1089.8914
1100
1110.1086
1120.21721
1130.32581
1140.43442
1150.54302
1160.65163
1170.76023
1180.86884
1190.97744
1201.08605
1211.19465
1221.30326
1231.41186
1241.52047
1251.62907
1261.73768
1271.84628
1281.95489
1292.06349
1302.1721
1312.2807
1322.38931
1332.49791
1342.60652
1352.71512
1362.82373
1372.93233
1383.04094
1393.14954
1403.25815
1413.36675
1423.47536
1433.58396
1443.69256
1453.80117
1463.90977
1474.01838
FieldDomainFile C:\IDEASVSM\Default UserID\Experiments\FORCexp0038B\fdomain.ini
TempDomainFile C:\IDEASVSM\Default UserID\Experiments\FORCexp0038B\tdomain.ini
NumSelectedResults 0
ResultsSelected 
UserName1 
UserValue1 
UserName2 
UserValue2 
LinearBackgroundCorrection Off
MaxLinearFieldCorrection 
MinLinearFieldCorrection 
AutoLinearCorrection Off
FitOneRegion Off
BackgroundMode Off
BackgroundFilename 
AutoCenter Off
OffsetCorrection 
SmoothDeriv Off
DerivOrder 0
DerivPoints 0
MinExFieldOne 
MaxExFieldOne 
MinExFieldTwo 
MaxExFieldTwo 
MinPinFieldOne 
MaxPinFieldOne 
MinPinFieldTwo 
MaxPinFieldTwo 
HCenterStart 
Mass 
Volume 
Density 
MolarWeight 
NumberOfMoles 
Demagnetization 
SampleArea 
Thickness 
MomentScaling 0
XAxis 0
YAxis 0
SimpleSpinValve False
HsatMax 0
HsatMin 0
FieldAutoRange False
 
*************************************************** Experiment Data ********************************************
 
DataPoints 75
MomentX Data
0.00398923
0.00398598
0.00396872
0.00401481
0.0040081
0.00403975
0.00401654
0.00403062
0.00403104
0.00404107
0.00403994
0.00407967
0.00409995
0.00409228
0.00405592
0.0040826
0.00408165
0.00411941
0.00410865
0.00413011
0.00415052
0.00413895
0.00415744
0.00415652
0.00413304
0.00415145
0.00416945
0.0041769
0.004206
0.00418098
0.00417521
0.00418114
0.00423866
0.00422715
0.00420026
0.00420613
0.00420346
0.00420237
0.00425093
0.00424278
0.00427277
0.00427199
0.00426372
0.00426707
0.00427948
0.00429128
0.00427375
0.00433062
0.00429604
0.00431135
0.00432147
0.00434019
0.00432837
0.00431891
0.00431672
0.00436259
0.00434958
0.00436356
0.00437876
0.00441245
0.00437386
0.00439738
0.00439862
0.00442528
0.00438699
0.00439878
0.00441509
0.00441775
0.00441165
0.00442598
0.00443672
0.00443114
0.00442189
0.00443596
0.00444422
MomentY Data
-0.00699361
-0.00710487
-0.00696182
-0.00694593
-0.00710487
-0.00708898
-0.00715256
-0.00729561
-0.00720024
-0.00710487
-0.00689824
-0.00710487
-0.00708898
-0.00696182
-0.0067393
-0.00686646
-0.00683467
-0.00720024
-0.00710487
-0.00689824
-0.00745455
-0.00686646
-0.00700951
-0.0073115
-0.00747045
-0.00715256
-0.00710487
-0.0073115
-0.00720024
-0.00708898
-0.00705719
-0.0070413
-0.00718435
-0.00708898
-0.00720024
-0.00651677
-0.00715256
-0.00699361
-0.00708898
-0.00724792
-0.00737508
-0.00720024
-0.00689824
-0.00720024
-0.00745455
-0.00712077
-0.00735919
-0.00648499
-0.00737508
-0.00751813
-0.00724792
-0.00715256
-0.00735919
-0.00740687
-0.00751813
-0.00705719
-0.00693003
-0.00699361
-0.00734329
-0.00747045
-0.00729561
-0.00699361
-0.00747045
-0.00715256
-0.00718435
-0.00756582
-0.00720024
-0.00708898
-0.00715256
-0.00694593
-0.00710487
-0.00720024
-0.00697772
-0.0070413
-0.00756582
Field Data
727.216
734.461
743.881
754.376
764.219
774.184
784.176
794.361
804.536
814.207
824.038
834.299
844.284
854.215
863.987
874.351
884.16
893.956
904.318
914.152
924.129
933.899
944.27
954.251
964.109
973.934
983.884
994.318
1003.97
1013.86
1023.91
1034.03
1043.72
1053.8
1064.02
1074
1083.95
1093.69
1103.68
1113.98
1123.73
1133.62
1143.95
1153.69
1163.53
1173.73
1183.69
1193.5
1203.39
1213.84
1223.53
1233.42
1243.71
1253.44
1263.77
1273.4
1283.25
1293.44
1303.42
1313.17
1323.17
1333.39
1343.27
1353.19
1363.4
1373.29
1383.35
1393.2
1403.06
1413.41
1423.17
1432.9
1443.16
1453.14
1463.09
Time Data
0
0.3
0.6
0.9
1.2
1.5
1.8
2.1
2.4
2.7
3
3.3
3.6
3.9
4.2
4.5
4.8
5.1
5.4
5.7
6
6.3
6.6
6.9
7.2
7.5
7.8
8.1
8.4
8.7
9
9.3
9.6
9.9
10.2
10.5
10.8
11.1
11.4
11.7
12
12.3
12.6
12.9
13.2
13.5
13.8
14.1
14.4
14.7
15
15.3
15.6
15.9
16.2
16.5
16.8
17.1
17.4
17.7
18
18.3
18.6
18.9
19.2
19.5
19.8
20.1
20.4
20.7
21
21.3
21.6
21.9
22.2
Temperature Data
0
0
0
0
0
0
0
0
0
0
0
0
0
0
0
0
0
0
0
0
0
0
0
0
0
0
0
0
0
0
0
0
0
0
0
0
0
0
0
0
0
0
0
0
0
0
0
0
0
0
0
0
0
0
0
0
0
0
0
0
0
0
0
0
0
0
0
0
0
0
0
0
0
0
0
Angle Data
0
0
0
0
0
0
0
0
0
0
0
0
0
0
0
0
0
0
0
0
0
0
0
0
0
0
0
0
0
0
0
0
0
0
0
0
0
0
0
0
0
0
0
0
0
0
0
0
0
0
0
0
0
0
0
0
0
0
0
0
0
0
0
0
0
0
0
0
0
0
0
0
0
0
0
Bx Data
0
0
0
0
0
0
0
0
0
0
0
0
0
0
0
0
0
0
0
0
0
0
0
0
0
0
0
0
0
0
0
0
0
0
0
0
0
0
0
0
0
0
0
0
0
0
0
0
0
0
0
0
0
0
0
0
0
0
0
0
0
0
0
0
0
0
0
0
0
0
0
0
0
0
0
Hint Data
0
0
0
0
0
0
0
0
0
0
0
0
0
0
0
0
0
0
0
0
0
0
0
0
0
0
0
0
0
0
0
0
0
0
0
0
0
0
0
0
0
0
0
0
0
0
0
0
0
0
0
0
0
0
0
0
0
0
0
0
0
0
0
0
0
0
0
0
0
0
0
0
0
0
0
Torque Data
-5.08586508976
-5.21824992507
-5.17876562342
-5.23984288968
-5.42967664653
-5.48817489232
-5.60886589056
-5.79534805521
-5.79285228864
-5.78483488809
-5.68441189312
-5.92758593613
-5.98511239032
-5.9468910713
-5.8226675891
-6.00369616746
-6.0429418272
-6.43669774944
-6.42506182866
-6.30603989248
-6.88896583695
-6.41258012754
-6.6188700077
-6.9770061865
-7.20232807905
-6.96612137104
-6.99036791508
-7.269956057
-7.2288249528
-7.1872332628
-7.2259274129
-7.280915439
-7.498449782
-7.470367124
-7.6611993648
-6.99901098
-7.753017412
-7.6488413209
-7.8239654464
-8.0740379216
-8.2875986484
-8.1623360688
-7.891241648
-8.3068448856
-8.6735925615
-8.3578613721
-8.7109996111
-7.739835565
-8.8750975212
-9.1258069192
-8.8680475576
-8.8221105552
-9.1526981949
-9.2840671328
-9.5011871501
-8.986625746
-8.8929609975
-9.0458149184
-9.5713910518
-9.8099708265
-9.6533322837
-9.3252096379
-10.0348313715
-9.6787726664
-9.79514279
-10.3900649478
-9.960452004
-9.876366936
-10.0354708336
-9.8174469213
-10.1114378379
-10.317223896
-10.0699663952
-10.231994682
-11.0694755838
dMdH Data
-4.48585231193896E-07
-1.83227176220806E-06
4.39161505478795E-06
-6.81702732906634E-07
3.17611640742604E-06
-2.32285828662929E-06
1.38242513500251E-06
4.12776412775668E-08
1.03712129045603E-06
-1.14942528735655E-07
3.87194230581816E-06
2.03104656985479E-06
-7.72329070587002E-07
-3.72083503888664E-06
2.57429563874945E-06
-9.684983178709E-08
3.85463454471215E-06
-1.03840957344145E-06
2.18222493390278E-06
2.04570512178012E-06
-1.18423746161727E-06
1.78285604088327E-06
-9.21751327522033E-08
-2.38182187056199E-06
1.87379134860052E-06
1.80904522613062E-06
7.14011884224651E-07
3.01491918773308E-06
-2.52982810920119E-06
-5.7412935323379E-07
5.85968379446588E-07
5.93601651186789E-06
-1.1418650793651E-06
-2.63111545988257E-06
5.88176352705393E-07
-2.68341708542688E-07
-1.11909650923983E-07
4.86086086086081E-06
-7.9126213592235E-07
3.07589743589749E-06
-7.88675429727585E-08
-8.00580832526557E-07
3.43942505133475E-07
1.26117886178854E-06
1.15686274509805E-06
-1.76004016064256E-06
5.79714576962292E-06
-3.49646107178967E-06
1.46507177033497E-06
1.04437564499481E-06
1.89282103134476E-06
-1.14868804664724E-06
-9.7225077081194E-07
-2.12003872216846E-07
4.76323987538944E-06
-1.32081218274121E-06
1.37193326790973E-06
1.52304609218436E-06
3.45538461538464E-06
-3.85899999999998E-06
2.30136986301369E-06
1.25506072874452E-07
2.68750000000002E-06
-3.75024485798234E-06
1.19211324570268E-06
1.62127236580521E-06
2.70050761421297E-07
-6.18661257606518E-07
1.38454106280199E-06
1.10040983606553E-06
-5.73484069886928E-07
-9.01559454191006E-07
1.40981963927853E-06
8.30150753768811E-07
8.30150753768811E-07
dMdT Data
0
0
0
0
0
0
0
0
0
0
0
0
0
0
0
0
0
0
0
0
0
0
0
0
0
0
0
0
0
0
0
0
0
0
0
0
0
0
0
0
0
0
0
0
0
0
0
0
0
0
0
0
0
0
0
0
0
0
0
0
0
0
0
0
0
0
0
0
0
0
0
0
0
0
0
 
*********************************************** Results ***************************************
 
TotalArea 0
AreaFirstQuad 0
AreaSecondQuad 0
AreaThirdQuad 0
AreaFourthQuad 0
Coercivity 0
PositiveCoercivity 0
NegativeCoercivity 0
Retentivity 4.3154483574879E-03
PositiveRetentivity 4.3154483574879E-03
NegativeRetentivity 0
Magnetization 0.00444422
PositiveMagnetization 0.00444422
NegativeMagnetization 0.00396872
Flatness -2.98396903044065E-02
Squareness 0.971024917193096
SStar 0
SFD1 0
SFD2 0
Slope 0
Intercept 0
SlopeAtHc 8.30150753768811E-07
dH1 -4810.06513076953
dH2 19.915
InitialSlope -4.48585231193896E-07
FieldAtHalfMs 1463.09
FieldAtMs 1463.09
MomentMean 0.0042311648
MomentRMS 1.39817188387339E-04
SFD3 0
dH3 -9620.13026153907
UserField1 0
UserField2 0
CenterField 0
ExchangeField 0
ExchangeMoment 0
ExRegionOneIntercept 0
ExRegionOneSlope 0
ExRegionTwoIntercept 0
ExRegionTwoSlope 0
NegativeIntercept 0
NegativeSlope 0
AutoCenterOffset 0
PinningField 0
PinningMoment 0
PinRegionOneIntercept 0
PinRegionOneSlope 0
PinRegionTwoIntercept 0
PinRegionTwoSlope 0
PositiveIntercept 0
PositiveSlope 0
TotalOffset 0
BHMax 0
BCoercivity 0
BRetentivity 0
BNegativeCoercivity 0
BPositiveCoercivity 0
BNegativeRetentivity 0
BPositiveRetentivity 0
MomentYMean -7.14132506666667E-03
MomentYRMS 2.15093376092447E-04
YOffCorrection 0
Mrt 0
Ms1 0
Ms2 0
Ms3 0
Hc2 0
Hex2 0
HsatValue 0
HsatIntercept 0
HsatSlope 0
CenterH 0
Span 4.75499999999999E-04
SpanAsPercentOfRange -8.97169811320754
RMSAsPercentOfRange -2.63806015825167
SpanAsPercentOfMean 11.2380401727675
RMSAsPercentOfMean 3.30446094624673
