Version 1.25
******************************************** Units *******************************************
System CGS
TemperatureUnit K
MomentUnit emu
AppliedFieldUnit G
 
******************************************** Setup ********************************************
 
Experiment CustomField
Minor False
Acquisition Continuous
EditedPoint No
MaxField 15000
FieldIncrement 100
Points 293
MinField 0
RampRate 10
AverageTime 0.3
TimeInterval 0
TimeConstant 0.1
TimeConstantIndex 0
Sensitivity -0.0053
SensitivityIndex 5
SensitivityY -400
SensitivityIndexY 0
SaturationField 8000
ExperimentTime 100
Use735Domains True
AutoRangeEnabled False
NumberOfVertices 2
VertexPts
0
292
VertexField
-2084.2105
867.5021
StartAngle 0
EndAngle 0
AngleIncrement 0
StartTemp 0
FinishTemp 0
TempIncrement 0
TempPoints 0
LengthofSetPointsArray 293
SetPointArray
-2084.21053
-2074.10192
-2063.99332
-2053.88471
-2043.77611
-2033.6675
-2023.5589
-2013.45029
-2003.34169
-1993.23308
-1983.12448
-1973.01587
-1962.90727
-1952.79866
-1942.69006
-1932.58145
-1922.47285
-1912.36424
-1902.25564
-1892.14703
-1882.03843
-1871.92982
-1861.82122
-1851.71261
-1841.60401
-1831.49541
-1821.3868
-1811.2782
-1801.16959
-1791.06099
-1780.95238
-1770.84378
-1760.73517
-1750.62657
-1740.51796
-1730.40936
-1720.30075
-1710.19215
-1700.08354
-1689.97494
-1679.86633
-1669.75773
-1659.64912
-1649.54052
-1639.43191
-1629.32331
-1619.2147
-1609.1061
-1598.99749
-1588.88889
-1578.78028
-1568.67168
-1558.56307
-1548.45447
-1538.34586
-1528.23726
-1518.12865
-1508.02005
-1497.91145
-1487.80284
-1477.69424
-1467.58563
-1457.47703
-1447.36842
-1437.25982
-1427.15121
-1417.04261
-1406.934
-1396.8254
-1386.71679
-1376.60819
-1366.49958
-1356.39098
-1346.28237
-1336.17377
-1326.06516
-1315.95656
-1305.84795
-1295.73935
-1285.63074
-1275.52214
-1265.41353
-1255.30493
-1245.19632
-1235.08772
-1224.97911
-1214.87051
-1204.7619
-1194.6533
-1184.5447
-1174.43609
-1164.32749
-1154.21888
-1144.11028
-1134.00167
-1123.89307
-1113.78446
-1103.67586
-1093.56725
-1083.45865
-1073.35004
-1063.24144
-1053.13283
-1043.02423
-1032.91562
-1022.80702
-1012.69841
-1002.58981
-992.4812
-982.3726
-972.26399
-962.15539
-952.04678
-941.93818
-931.82957
-921.72097
-911.61236
-901.50376
-891.39515
-881.28655
-871.17794
-861.06934
-850.96074
-840.85213
-830.74353
-820.63492
-810.52632
-800.41771
-790.30911
-780.2005
-770.0919
-759.98329
-749.87469
-739.76608
-729.65748
-719.54887
-709.44027
-699.33166
-689.22306
-679.11445
-669.00585
-658.89724
-648.78864
-638.68003
-628.57143
-618.46282
-608.35422
-598.24561
-588.13701
-578.0284
-567.9198
-557.81119
-547.70259
-537.59398
-527.48538
-517.37678
-507.26817
-497.15957
-487.05096
-476.94236
-466.83375
-456.72515
-446.61654
-436.50794
-426.39933
-416.29073
-406.18212
-396.07352
-385.96491
-375.85631
-365.7477
-355.6391
-345.53049
-335.42189
-325.31328
-315.20468
-305.09607
-294.98747
-284.87886
-274.77026
-264.66165
-254.55305
-244.44444
-234.33584
-224.22723
-214.11863
-204.01003
-193.90142
-183.79282
-173.68421
-163.57561
-153.467
-143.3584
-133.24979
-123.14119
-113.03258
-102.92398
-92.81537
-82.70677
-72.59816
-62.48956
-52.38095
-42.27235
-32.16374
-22.05514
-11.94653
-1.83793
8.27068
18.37928
28.48789
38.59649
48.7051
58.8137
68.92231
79.03091
89.13952
99.24812
109.35673
119.46533
129.57393
139.68254
149.79114
159.89975
170.00835
180.11696
190.22556
200.33417
210.44277
220.55138
230.65998
240.76859
250.87719
260.9858
271.0944
281.20301
291.31161
301.42022
311.52882
321.63743
331.74603
341.85464
351.96324
362.07185
372.18045
382.28906
392.39766
402.50627
412.61487
422.72348
432.83208
442.94069
453.04929
463.15789
473.2665
483.3751
493.48371
503.59231
513.70092
523.80952
533.91813
544.02673
554.13534
564.24394
574.35255
584.46115
594.56976
604.67836
614.78697
624.89557
635.00418
645.11278
655.22139
665.32999
675.4386
685.5472
695.65581
705.76441
715.87302
725.98162
736.09023
746.19883
756.30744
766.41604
776.52464
786.63325
796.74185
806.85046
816.95906
827.06767
837.17627
847.28488
857.39348
867.50209
FieldDomainFile C:\IDEASVSM\Default UserID\Experiments\FORCexp0316B\fdomain.ini
TempDomainFile C:\IDEASVSM\Default UserID\Experiments\FORCexp0316B\tdomain.ini
NumSelectedResults 0
ResultsSelected 
UserName1 
UserValue1 
UserName2 
UserValue2 
LinearBackgroundCorrection Off
MaxLinearFieldCorrection 
MinLinearFieldCorrection 
AutoLinearCorrection Off
FitOneRegion Off
BackgroundMode Off
BackgroundFilename 
AutoCenter Off
OffsetCorrection 
SmoothDeriv Off
DerivOrder 0
DerivPoints 0
MinExFieldOne 
MaxExFieldOne 
MinExFieldTwo 
MaxExFieldTwo 
MinPinFieldOne 
MaxPinFieldOne 
MinPinFieldTwo 
MaxPinFieldTwo 
HCenterStart 
Mass 
Volume 
Density 
MolarWeight 
NumberOfMoles 
Demagnetization 
SampleArea 
Thickness 
MomentScaling 0
XAxis 0
YAxis 0
SimpleSpinValve False
HsatMax 0
HsatMin 0
FieldAutoRange False
 
*************************************************** Experiment Data ********************************************
 
DataPoints 293
MomentX Data
-0.00467565
-0.00461615
-0.00469866
-0.00465833
-0.00464771
-0.00468471
-0.00464918
-0.00462627
-0.00466735
-0.00464764
-0.00467465
-0.00463062
-0.00463278
-0.0046849
-0.00465487
-0.00463862
-0.0046341
-0.00459205
-0.00459753
-0.00461215
-0.00462677
-0.00465635
-0.00460397
-0.00460393
-0.00456795
-0.00460284
-0.00457457
-0.00458502
-0.00459938
-0.00458282
-0.00454835
-0.00454667
-0.00456011
-0.00454074
-0.0045639
-0.0045385
-0.00455865
-0.00453363
-0.00455088
-0.00451046
-0.00452579
-0.00452665
-0.00453869
-0.00447654
-0.00450936
-0.00451451
-0.00449713
-0.00448317
-0.00447972
-0.00450337
-0.00446714
-0.00449378
-0.00446809
-0.00446576
-0.00444367
-0.00446748
-0.00444819
-0.00447807
-0.0044805
-0.004423
-0.00441425
-0.00444397
-0.00442594
-0.0044007
-0.00444643
-0.00441116
-0.00442839
-0.00438727
-0.00439662
-0.00437817
-0.00438766
-0.0043582
-0.00436079
-0.00436068
-0.00435094
-0.0043484
-0.00432941
-0.00430318
-0.00434669
-0.00435884
-0.00430845
-0.00434656
-0.00431781
-0.00430277
-0.004268
-0.00430765
-0.00429691
-0.00428366
-0.00429283
-0.0042721
-0.00426328
-0.0042328
-0.00423188
-0.00424043
-0.00419336
-0.0042319
-0.00422059
-0.00418869
-0.00422042
-0.00420623
-0.00422976
-0.00423123
-0.00422902
-0.00418455
-0.00421068
-0.00413022
-0.00415809
-0.00415141
-0.0041805
-0.00416992
-0.00410061
-0.00411275
-0.00411235
-0.00407695
-0.00410191
-0.00417147
-0.00405615
-0.00404427
-0.00408252
-0.0040908
-0.00405294
-0.00405044
-0.00403192
-0.00407195
-0.00398615
-0.00401456
-0.00400943
-0.00396021
-0.00399108
-0.00400111
-0.00399535
-0.00400156
-0.00395951
-0.00397578
-0.00394346
-0.00395117
-0.00394615
-0.00388962
-0.00388599
-0.00393415
-0.00392249
-0.00386756
-0.00388654
-0.0038451
-0.00388359
-0.00385446
-0.00381114
-0.00383636
-0.00381712
-0.00380379
-0.00376491
-0.00374948
-0.00375254
-0.00373106
-0.00382052
-0.00371762
-0.00373174
-0.00374513
-0.0037018
-0.00371822
-0.0036438
-0.00366452
-0.00368914
-0.00370167
-0.00362641
-0.00364389
-0.00368463
-0.00373374
-0.00366392
-0.00361827
-0.00360832
-0.00363046
-0.00357701
-0.00363076
-0.00352869
-0.00355983
-0.00352315
-0.00346582
-0.00358287
-0.00353682
-0.00351193
-0.00343373
-0.00343627
-0.00341937
-0.0034216
-0.00340485
-0.00346122
-0.00335473
-0.0033976
-0.00333566
-0.00335477
-0.00330997
-0.00336242
-0.00334425
-0.00329853
-0.0033523
-0.00328234
-0.00331936
-0.00327589
-0.00325699
-0.00319746
-0.00321419
-0.00318938
-0.00320709
-0.0031732
-0.00321992
-0.00317227
-0.00309341
-0.00304863
-0.00310622
-0.0031542
-0.00306204
-0.00298443
-0.00298696
-0.00298892
-0.00306102
-0.00297208
-0.00297582
-0.00286285
-0.00289077
-0.00290146
-0.00289182
-0.002925
-0.002857
-0.00279033
-0.00281259
-0.00274983
-0.00281681
-0.00279313
-0.0028509
-0.00274387
-0.00274986
-0.00261259
-0.00259803
-0.00261047
-0.00262905
-0.00252776
-0.0025968
-0.00254625
-0.0026461
-0.00246711
-0.00244557
-0.00250288
-0.00256777
-0.00251874
-0.00229833
-0.00234919
-0.00235406
-0.00236565
-0.00232533
-0.00226636
-0.00208862
-0.00211953
-0.00208691
-0.00210272
-0.00212416
-0.00206798
-0.00193269
-0.00183297
-0.00177514
-0.00182379
-0.0018493
-0.00168995
-0.00174464
-0.00171925
-0.0015937
-0.00157483
-0.00153655
-0.00139854
-0.00138162
-0.0012077
-0.00120915
-0.00114959
-0.00106403
-0.000986857
-0.000896992
-0.000844558
-0.000775773
-0.000696659
-0.000557704
-0.000491681
-0.000376645
-0.000365302
-0.000174989
-0.0000322414
0.0000766815
0.000143914
0.000191297
0.000331805
0.000434606
0.000624048
0.000746061
0.000797281
MomentY Data
-0.00592868
-0.00573794
-0.0055631
-0.00581741
-0.00581741
-0.0061353
-0.00573794
-0.00581741
-0.00589689
-0.00589689
-0.00588099
-0.00600815
-0.00575384
-0.00567436
-0.00575384
-0.00589689
-0.00607173
-0.00567436
-0.00572205
-0.00581741
-0.00542005
-0.00619888
-0.00600815
-0.00565847
-0.00565847
-0.00619888
-0.00611941
-0.00594457
-0.00610352
-0.0061353
-0.00578562
-0.00623067
-0.00583331
-0.00565847
-0.00591278
-0.00611941
-0.00607173
-0.00623067
-0.0061353
-0.00602404
-0.00573794
-0.00600815
-0.00572205
-0.00607173
-0.0058651
-0.00588099
-0.00588099
-0.00589689
-0.00592868
-0.00576973
-0.00629425
-0.00610352
-0.00596046
-0.00592868
-0.00607173
-0.00588099
-0.00589689
-0.00597636
-0.00581741
-0.00623067
-0.00616709
-0.00576973
-0.00597636
-0.00581741
-0.00610352
-0.00602404
-0.0058651
-0.00591278
-0.00572205
-0.00596046
-0.00567436
-0.00608762
-0.0058651
-0.00562668
-0.00591278
-0.00629425
-0.00602404
-0.00600815
-0.00581741
-0.00597636
-0.00591278
-0.00591278
-0.00573794
-0.00578562
-0.0055631
-0.00623067
-0.00608762
-0.00572205
-0.00619888
-0.00632604
-0.00616709
-0.00588099
-0.00583331
-0.00597636
-0.00607173
-0.00594457
-0.00581741
-0.00581741
-0.00570615
-0.00616709
-0.00607173
-0.00588099
-0.00591278
-0.00589689
-0.00575384
-0.00557899
-0.00588099
-0.00629425
-0.00603994
-0.00619888
-0.00599225
-0.00583331
-0.00616709
-0.00597636
-0.00570615
-0.00600815
-0.00545184
-0.00610352
-0.00578562
-0.00597636
-0.00607173
-0.0061353
-0.00588099
-0.0061353
-0.00600815
-0.00603994
-0.00608762
-0.00597636
-0.00576973
-0.00594457
-0.00588099
-0.0061353
-0.00592868
-0.00603994
-0.0061353
-0.00583331
-0.00597636
-0.00576973
-0.00597636
-0.00608762
-0.00611941
-0.00632604
-0.00642141
-0.00605583
-0.00632604
-0.00610352
-0.00572205
-0.00603994
-0.00594457
-0.00594457
-0.0061353
-0.00623067
-0.00600815
-0.00629425
-0.00616709
-0.00578562
-0.00591278
-0.00581741
-0.00573794
-0.00592868
-0.00616709
-0.00594457
-0.00607173
-0.00610352
-0.00611941
-0.00594457
-0.00599225
-0.00600815
-0.0061512
-0.0061353
-0.00592868
-0.00592868
-0.0061353
-0.0061353
-0.00607173
-0.00599225
-0.00638962
-0.00632604
-0.00561078
-0.00642141
-0.00626246
-0.00610352
-0.00608762
-0.00600815
-0.00619888
-0.00596046
-0.0061353
-0.00607173
-0.00632604
-0.00619888
-0.00638962
-0.00607173
-0.0064532
-0.00632604
-0.00632604
-0.00623067
-0.0061353
-0.00632604
-0.00626246
-0.0061512
-0.00626246
-0.0061353
-0.00607173
-0.00623067
-0.00607173
-0.00578562
-0.00605583
-0.00626246
-0.00642141
-0.00623067
-0.00619888
-0.00629425
-0.00616709
-0.0061353
-0.00629425
-0.00638962
-0.00594457
-0.00651677
-0.00618299
-0.00607173
-0.0061353
-0.00632604
-0.00592868
-0.00629425
-0.00607173
-0.00607173
-0.00575384
-0.00592868
-0.00603994
-0.00581741
-0.00589689
-0.0061353
-0.00623067
-0.00626246
-0.00629425
-0.00635783
-0.00629425
-0.00596046
-0.00597636
-0.00603994
-0.00623067
-0.00589689
-0.00583331
-0.0061353
-0.00616709
-0.00607173
-0.00602404
-0.00616709
-0.00578562
-0.00597636
-0.00623067
-0.00603994
-0.00623067
-0.0061353
-0.00603994
-0.00616709
-0.00602404
-0.00619888
-0.00664393
-0.00627836
-0.0061512
-0.00638962
-0.00616709
-0.00658035
-0.00635783
-0.00642141
-0.0064532
-0.00603994
-0.00651677
-0.00651677
-0.00605583
-0.00597636
-0.00665983
-0.00669161
-0.00683467
-0.00658035
-0.00638962
-0.00651677
-0.00642141
-0.00664393
-0.00635783
-0.00642141
-0.0067393
-0.00651677
-0.00648499
-0.00616709
-0.00689824
-0.00626246
-0.0061353
-0.00638962
-0.00658035
-0.00623067
-0.0064532
Field Data
-2083.07
-2075.82
-2066.52
-2055.93
-2046.07
-2035.69
-2025.86
-2015.56
-2005.63
-1995.65
-1985.21
-1975.25
-1965.41
-1955.07
-1944.9
-1934.9
-1925.03
-1914.56
-1904.66
-1894.49
-1884.56
-1874.62
-1864.21
-1854.09
-1844.34
-1834.07
-1824.07
-1813.87
-1803.84
-1793.57
-1783.94
-1773.5
-1763.52
-1753.32
-1743.37
-1733.15
-1723.1
-1713.13
-1703.19
-1692.73
-1682.65
-1672.9
-1662.69
-1652.64
-1642.61
-1632.52
-1622.28
-1612.23
-1602.39
-1591.92
-1582.09
-1571.57
-1561.91
-1552.09
-1541.7
-1531.66
-1521.66
-1511.56
-1501.36
-1491.39
-1481.27
-1471.06
-1460.9
-1451.13
-1440.88
-1430.78
-1420.8
-1410.82
-1400.44
-1390.51
-1380.6
-1370.23
-1360.29
-1350.38
-1340.04
-1329.93
-1319.94
-1310.14
-1299.75
-1289.59
-1279.56
-1269.73
-1259.74
-1249.25
-1239.3
-1229.54
-1219.11
-1209.09
-1199
-1188.98
-1178.93
-1168.84
-1158.8
-1148.85
-1138.4
-1128.57
-1118.6
-1108.29
-1098.32
-1087.95
-1078.41
-1067.86
-1057.88
-1047.81
-1037.99
-1028
-1017.43
-1007.64
-997.734
-987.294
-977.359
-967.507
-957.29
-947.04
-937.17
-927.046
-916.799
-906.991
-896.599
-886.651
-876.743
-866.386
-856.503
-846.534
-836.276
-826.152
-816.204
-806.234
-795.905
-785.994
-775.863
-765.602
-755.698
-745.444
-735.716
-725.518
-715.278
-705.286
-695.349
-685.03
-675.182
-665.18
-654.94
-644.67
-634.856
-624.86
-614.504
-604.663
-594.248
-584.431
-574.545
-564.093
-554.128
-544.307
-534.02
-523.935
-514.097
-503.919
-493.573
-483.73
-473.486
-463.516
-453.492
-443.165
-433.278
-423.363
-412.964
-403.074
-393.221
-382.698
-372.783
-362.903
-352.783
-342.416
-332.505
-322.549
-312.302
-302.237
-292
-281.975
-272.246
-261.758
-251.846
-241.996
-231.586
-221.632
-211.718
-201.708
-191.366
-181.345
-171.53
-161.167
-151.099
-141.049
-131.163
-120.805
-110.765
-100.683
-90.825
-80.7263
-70.3258
-60.4987
-50.5618
-40.0894
-30.2383
-20.5567
-10.035
0.153837
10.3487
20.2817
30.2689
40.4726
50.46
60.4714
70.2907
80.6796
90.6788
100.657
110.82
120.949
131.321
140.927
151.292
161.161
171.058
181.356
191.273
201.609
211.567
221.459
231.819
241.795
252.079
262.07
271.913
282.25
292.363
302.173
312.141
322.651
332.535
342.426
352.694
362.754
372.578
382.786
393.111
403.143
413.052
423.024
433.088
443.489
453.471
463.258
473.717
483.615
493.609
503.927
513.855
523.902
533.953
544.18
554.183
564.029
574.439
584.406
594.761
604.56
614.536
624.5
634.607
644.842
654.885
664.775
675.068
685.142
695.094
705.302
715.454
725.61
735.489
745.729
755.568
765.459
775.894
785.934
795.925
805.791
816.342
826.316
836.318
846.331
856.273
Time Data
0
0.3
0.6
0.9
1.2
1.5
1.8
2.1
2.4
2.7
3
3.3
3.6
3.9
4.2
4.5
4.8
5.1
5.4
5.7
6
6.3
6.6
6.9
7.2
7.5
7.8
8.1
8.4
8.7
9
9.3
9.6
9.9
10.2
10.5
10.8
11.1
11.4
11.7
12
12.3
12.6
12.9
13.2
13.5
13.8
14.1
14.4
14.7
15
15.3
15.6
15.9
16.2
16.5
16.8
17.1
17.4
17.7
18
18.3
18.6
18.9
19.2
19.5
19.8
20.1
20.4
20.7
21
21.3
21.6
21.9
22.2
22.5
22.8
23.1
23.4
23.7
24
24.3
24.6
24.9
25.2
25.5
25.8
26.1
26.4
26.7
27
27.3
27.6
27.9
28.2
28.5
28.8
29.1
29.4
29.7
30.0000000000001
30.3000000000001
30.6000000000001
30.9000000000001
31.2000000000001
31.5000000000001
31.8000000000001
32.1000000000001
32.4
32.7
33
33.3
33.6
33.9
34.2
34.5
34.8
35.1
35.4
35.7
36
36.3
36.6
36.9
37.2
37.5
37.8
38.1
38.4
38.7
39
39.3
39.6
39.9
40.2
40.5
40.8
41.1
41.4
41.7
42
42.3
42.6
42.8999999999999
43.1999999999999
43.4999999999999
43.7999999999999
44.0999999999999
44.3999999999999
44.6999999999999
44.9999999999999
45.2999999999999
45.5999999999999
45.8999999999999
46.1999999999999
46.4999999999999
46.7999999999999
47.0999999999999
47.3999999999999
47.6999999999999
47.9999999999999
48.2999999999999
48.5999999999999
48.8999999999999
49.1999999999999
49.4999999999999
49.7999999999999
50.0999999999999
50.3999999999999
50.6999999999999
50.9999999999999
51.2999999999999
51.5999999999999
51.8999999999999
52.1999999999999
52.4999999999999
52.7999999999999
53.0999999999999
53.3999999999998
53.6999999999998
53.9999999999998
54.2999999999998
54.5999999999998
54.8999999999998
55.1999999999998
55.4999999999998
55.7999999999998
56.0999999999998
56.3999999999998
56.6999999999998
56.9999999999998
57.2999999999998
57.5999999999998
57.8999999999998
58.1999999999998
58.4999999999998
58.7999999999998
59.0999999999998
59.3999999999998
59.6999999999998
59.9999999999998
60.2999999999998
60.5999999999998
60.8999999999998
61.1999999999998
61.4999999999998
61.7999999999998
62.0999999999998
62.3999999999998
62.6999999999998
62.9999999999998
63.2999999999998
63.5999999999998
63.8999999999998
64.1999999999997
64.4999999999997
64.7999999999997
65.0999999999997
65.3999999999997
65.6999999999997
65.9999999999997
66.2999999999997
66.5999999999997
66.8999999999997
67.1999999999997
67.4999999999997
67.7999999999997
68.0999999999997
68.3999999999997
68.6999999999997
68.9999999999997
69.2999999999997
69.5999999999997
69.8999999999997
70.1999999999997
70.4999999999997
70.7999999999997
71.0999999999997
71.3999999999997
71.6999999999997
71.9999999999997
72.2999999999997
72.5999999999997
72.8999999999997
73.1999999999997
73.4999999999997
73.7999999999997
74.0999999999997
74.3999999999997
74.6999999999996
74.9999999999996
75.2999999999996
75.5999999999996
75.8999999999996
76.1999999999996
76.4999999999996
76.7999999999996
77.0999999999996
77.3999999999996
77.6999999999996
77.9999999999996
78.2999999999996
78.5999999999996
78.8999999999996
79.1999999999996
79.4999999999996
79.7999999999996
80.0999999999996
80.3999999999996
80.6999999999996
80.9999999999996
81.2999999999996
81.5999999999996
81.8999999999996
82.1999999999996
82.4999999999996
82.7999999999996
83.0999999999996
83.3999999999996
83.6999999999996
83.9999999999996
84.2999999999996
84.5999999999996
84.8999999999996
85.1999999999995
85.4999999999995
85.7999999999995
86.0999999999995
86.3999999999995
86.6999999999995
86.9999999999995
87.2999999999995
87.5999999999995
Temperature Data
0
0
0
0
0
0
0
0
0
0
0
0
0
0
0
0
0
0
0
0
0
0
0
0
0
0
0
0
0
0
0
0
0
0
0
0
0
0
0
0
0
0
0
0
0
0
0
0
0
0
0
0
0
0
0
0
0
0
0
0
0
0
0
0
0
0
0
0
0
0
0
0
0
0
0
0
0
0
0
0
0
0
0
0
0
0
0
0
0
0
0
0
0
0
0
0
0
0
0
0
0
0
0
0
0
0
0
0
0
0
0
0
0
0
0
0
0
0
0
0
0
0
0
0
0
0
0
0
0
0
0
0
0
0
0
0
0
0
0
0
0
0
0
0
0
0
0
0
0
0
0
0
0
0
0
0
0
0
0
0
0
0
0
0
0
0
0
0
0
0
0
0
0
0
0
0
0
0
0
0
0
0
0
0
0
0
0
0
0
0
0
0
0
0
0
0
0
0
0
0
0
0
0
0
0
0
0
0
0
0
0
0
0
0
0
0
0
0
0
0
0
0
0
0
0
0
0
0
0
0
0
0
0
0
0
0
0
0
0
0
0
0
0
0
0
0
0
0
0
0
0
0
0
0
0
0
0
0
0
0
0
0
0
0
0
0
0
0
0
0
0
0
0
0
0
0
0
0
0
0
0
0
0
0
0
0
0
0
0
0
0
0
0
Angle Data
0
0
0
0
0
0
0
0
0
0
0
0
0
0
0
0
0
0
0
0
0
0
0
0
0
0
0
0
0
0
0
0
0
0
0
0
0
0
0
0
0
0
0
0
0
0
0
0
0
0
0
0
0
0
0
0
0
0
0
0
0
0
0
0
0
0
0
0
0
0
0
0
0
0
0
0
0
0
0
0
0
0
0
0
0
0
0
0
0
0
0
0
0
0
0
0
0
0
0
0
0
0
0
0
0
0
0
0
0
0
0
0
0
0
0
0
0
0
0
0
0
0
0
0
0
0
0
0
0
0
0
0
0
0
0
0
0
0
0
0
0
0
0
0
0
0
0
0
0
0
0
0
0
0
0
0
0
0
0
0
0
0
0
0
0
0
0
0
0
0
0
0
0
0
0
0
0
0
0
0
0
0
0
0
0
0
0
0
0
0
0
0
0
0
0
0
0
0
0
0
0
0
0
0
0
0
0
0
0
0
0
0
0
0
0
0
0
0
0
0
0
0
0
0
0
0
0
0
0
0
0
0
0
0
0
0
0
0
0
0
0
0
0
0
0
0
0
0
0
0
0
0
0
0
0
0
0
0
0
0
0
0
0
0
0
0
0
0
0
0
0
0
0
0
0
0
0
0
0
0
0
0
0
0
0
0
0
0
0
0
0
0
0
Bx Data
0
0
0
0
0
0
0
0
0
0
0
0
0
0
0
0
0
0
0
0
0
0
0
0
0
0
0
0
0
0
0
0
0
0
0
0
0
0
0
0
0
0
0
0
0
0
0
0
0
0
0
0
0
0
0
0
0
0
0
0
0
0
0
0
0
0
0
0
0
0
0
0
0
0
0
0
0
0
0
0
0
0
0
0
0
0
0
0
0
0
0
0
0
0
0
0
0
0
0
0
0
0
0
0
0
0
0
0
0
0
0
0
0
0
0
0
0
0
0
0
0
0
0
0
0
0
0
0
0
0
0
0
0
0
0
0
0
0
0
0
0
0
0
0
0
0
0
0
0
0
0
0
0
0
0
0
0
0
0
0
0
0
0
0
0
0
0
0
0
0
0
0
0
0
0
0
0
0
0
0
0
0
0
0
0
0
0
0
0
0
0
0
0
0
0
0
0
0
0
0
0
0
0
0
0
0
0
0
0
0
0
0
0
0
0
0
0
0
0
0
0
0
0
0
0
0
0
0
0
0
0
0
0
0
0
0
0
0
0
0
0
0
0
0
0
0
0
0
0
0
0
0
0
0
0
0
0
0
0
0
0
0
0
0
0
0
0
0
0
0
0
0
0
0
0
0
0
0
0
0
0
0
0
0
0
0
0
0
0
0
0
0
0
Hint Data
0
0
0
0
0
0
0
0
0
0
0
0
0
0
0
0
0
0
0
0
0
0
0
0
0
0
0
0
0
0
0
0
0
0
0
0
0
0
0
0
0
0
0
0
0
0
0
0
0
0
0
0
0
0
0
0
0
0
0
0
0
0
0
0
0
0
0
0
0
0
0
0
0
0
0
0
0
0
0
0
0
0
0
0
0
0
0
0
0
0
0
0
0
0
0
0
0
0
0
0
0
0
0
0
0
0
0
0
0
0
0
0
0
0
0
0
0
0
0
0
0
0
0
0
0
0
0
0
0
0
0
0
0
0
0
0
0
0
0
0
0
0
0
0
0
0
0
0
0
0
0
0
0
0
0
0
0
0
0
0
0
0
0
0
0
0
0
0
0
0
0
0
0
0
0
0
0
0
0
0
0
0
0
0
0
0
0
0
0
0
0
0
0
0
0
0
0
0
0
0
0
0
0
0
0
0
0
0
0
0
0
0
0
0
0
0
0
0
0
0
0
0
0
0
0
0
0
0
0
0
0
0
0
0
0
0
0
0
0
0
0
0
0
0
0
0
0
0
0
0
0
0
0
0
0
0
0
0
0
0
0
0
0
0
0
0
0
0
0
0
0
0
0
0
0
0
0
0
0
0
0
0
0
0
0
0
0
0
0
0
0
0
0
Torque Data
12.3498554476
11.9109306108
11.496257412
11.9601877413
11.9028280787
12.489568857
11.6242631284
11.7253388996
11.8269794907
11.7681285285
11.6750001579
11.8675982875
11.3086546744
11.0937710052
11.190643416
11.409892461
11.6882624019
10.8639026816
10.898559753
11.0210250709
10.214409428
11.6205444256
11.2004533115
10.4913126423
10.4361425598
11.3691798416
11.1622321987
10.7826771859
11.0097735168
11.004090021
10.3211989428
11.050093245
10.2871588512
9.9211086204
10.3081632686
10.6058554415
10.462197963
10.6739476971
10.449581607
10.1970732292
9.654944741
10.051034135
9.5139953145
10.0343838672
9.634071911
9.6008337948
9.5406124572
9.5071429647
9.5000575452
9.1849485816
9.9580699825
9.5921089264
9.3097020786
9.2018449412
9.360786141
9.0076771434
8.9730616374
9.0336267216
8.7340266776
9.2923589313
9.1351254043
8.4876190138
8.730864324
8.4418181733
8.7944398976
8.6190759512
8.33313408
8.3418682796
8.013387702
8.2880792346
7.834021416
8.3414395526
7.978236879
7.5981561384
7.9233617112
8.3709119025
7.9513713576
7.871517641
7.5611786475
7.7070540924
7.5657567768
7.5076341494
7.2283125356
7.227685785
6.89434983
7.6608579918
7.4214784182
6.9184734345
7.43245712
7.5215350392
7.2705674137
6.8739363516
6.759639628
6.865941186
6.912057432
6.7088633649
6.507354826
6.4473773289
6.267178668
6.7094855655
6.5478143493
6.2800739814
6.2550117064
6.1788203109
5.9724283816
5.73520172
5.9834956557
6.34233807
6.02625349596
6.12011703072
5.85657946775
5.64376825817
5.9036935861
5.6598519744
5.3476325955
5.5698314249
4.99824146016
5.53583770832
5.18738110638
5.29894557036
5.32334677539
5.3155380258
5.03708557797
5.1937400502
5.0244716494
4.98990851088
4.96873979448
4.81834462824
4.59215695565
4.67239635258
4.56284254437
4.6971979506
4.48029161864
4.50243703336
4.5138383748
4.23217140458
4.27475882808
4.06930979278
4.15565594964
4.1702023286
4.13171548262
4.2079552872
4.2056382654
3.9040119261
4.01612445024
3.8138455072
3.5162226132
3.65212824022
3.53254883336
3.47419098967
3.5250059385
3.51467733231
3.3292841432
3.42600433475
3.2933494018
3.0312888147
3.03974245966
2.93150342979
2.83209225962
2.8678803764
2.92003077574
2.75540330812
2.75348098116
2.7048664408
2.65140572598
2.51671098891
2.474583529
2.4217290531
2.4187810152
2.3479670394
2.21011111644
2.15153575804
2.1644295399
2.1008248848
2.01888058365
1.93279424525
1.99549110524
1.91196335148
1.63834776
1.81067708475
1.70492968516
1.59764518816
1.53314274652
1.4539482674
1.43557382368
1.32102867072
1.2989534454
1.22471651484
1.21058897064
1.1241358936
1.0960115186
0.97856250891
0.9750720668
0.89228161596
0.82974238452
0.75269608935
0.6795765045
0.63692468532
0.5687879295
0.49656361656
0.440412509468
0.37117767411
0.306997597914
0.249783821898
0.183598793259
0.118933254654
0.06077025405
-0.00096339805902
-0.066453245667
-0.126368579739
-0.187633278832
-0.25474466255
-0.3111913614
-0.37101018042
-0.442427238475
-0.515511985752
-0.539046474116
-0.65595851789
-0.6851989518
-0.73436967177
-0.8056937313
-0.89150983908
-0.89696185456
-1.01438762425
-1.03861799034
-1.10114466588
-1.10055423832
-1.19527524612
-1.27785198598
-1.28831780119
-1.36701114291
-1.4834848635
-1.57062106293
-1.6412028922
-1.71148840025
-1.7944975175
-1.84020581275
-1.80109007958
-1.86546698676
-1.94879268094
-2.07191584845
-2.01924845514
-2.05737343714
-2.2256046162
-2.29772205802
-2.32417323978
-2.36811638844
-2.48621916387
-2.38976191224
-2.52814371264
-2.69842840896
-2.67864695066
-2.82542815557
-2.8422268074
-2.86122225698
-2.98249723035
-2.97352036036
-3.12378300176
-3.41401665015
-3.28924536072
-3.2844516936
-3.4771034116
-3.41769643747
-3.71150823015
-3.65218550737
-3.75271053246
-3.8381116852
-3.6515061264
-4.00478976872
-4.069722865
-3.84307210881
-3.85380793512
-4.36142276955
-4.44841503775
-4.61386700756
-4.5084741597
-4.44138652428
-4.59629091454
-4.59422347014
-4.8209020473
-4.67611402887
-4.78863165789
-5.0919994224
-4.98832024743
-5.03166483106
-4.84692571206
-5.490481672
-5.04623390586
-5.0085030726
-5.27984523992
-5.5032651513
-5.27320917177
-5.5257009236
dMdH Data
8.20689655172409E-06
-8.87204301075252E-06
3.80830972615677E-06
1.07707910750502E-06
-3.56454720616572E-06
3.61444557477103E-06
2.22427184466022E-06
-4.13695871097688E-06
1.9749498997996E-06
-2.58716475095785E-06
4.42068273092364E-06
-2.19512195121972E-07
-5.04061895551243E-06
2.952802359882E-06
1.62499999999998E-06
4.57953394123606E-07
4.01623686723973E-06
-5.53535353535316E-07
-1.43756145526055E-06
-1.47230614300099E-06
-2.97585513078473E-06
5.03170028818454E-06
3.95256916993695E-09
3.69025641025638E-06
-3.3972736124635E-06
2.82700000000004E-06
-1.0245098039216E-06
-1.43170488534394E-06
1.61246348588126E-06
3.57943925233649E-06
1.60919540229842E-07
-1.34669338677354E-06
1.89901960784316E-06
-2.3276381909548E-06
2.48532289628186E-06
-2.00497512437808E-06
2.5095285857573E-06
-1.73541247484908E-06
3.86424474187381E-06
-1.52083333333335E-06
-8.82051282051381E-08
-1.17923604309496E-06
6.18407960199003E-06
-3.27218344965092E-06
-5.10406342913844E-07
0.000001697265625
1.3890547263682E-06
3.50609756097509E-07
-2.25883476599801E-06
3.68565615462862E-06
-2.53231939163503E-06
2.65942028985512E-06
2.37270875763748E-07
2.12608277189606E-06
-2.37151394422311E-06
1.92899999999999E-06
-2.95841584158407E-06
-2.38235294117677E-07
5.76730190571729E-06
8.64624505928851E-07
-2.91087169441727E-06
1.77460629921267E-06
2.58341862845447E-06
-4.46146341463422E-06
3.49207920792079E-06
-1.72645290581162E-06
4.12024048096187E-06
-9.0077071290945E-07
1.85800604229612E-06
-9.5761856710393E-07
2.840887174542E-06
-2.60563380281712E-07
1.10998990918482E-08
9.41972920696254E-07
2.51236399604407E-07
1.9009009009009E-06
2.67653061224486E-06
-4.18768046198264E-06
-1.19586614173226E-06
5.02392821535395E-06
-3.87690742624622E-06
2.87787787787789E-06
1.43374642516683E-06
3.49447236180902E-06
-4.06249999999996E-06
1.0297219558964E-06
1.32235528942118E-06
-9.08820614469798E-07
2.06886227544911E-06
8.77611940298478E-07
3.02081268582753E-06
9.16334661354326E-08
-8.59296482412009E-07
4.50430622009575E-06
-3.92065106815865E-06
1.13440320962893E-06
3.09408341416099E-06
-3.18254764292876E-06
1.36837029893925E-06
-2.4664570230608E-06
-1.39336492890988E-07
2.21442885771536E-07
4.41608738828191E-06
-2.66089613034617E-06
8.05405405405397E-06
-2.63670766319765E-06
6.82328907047945E-07
-2.93660407833636E-06
1.01340996168586E-06
6.97634625062908E-06
-1.23223710921638E-06
3.91504355486177E-08
3.45365853658533E-06
-2.52887537993922E-06
-6.87080205452394E-06
1.1254025568459E-05
1.21125611745511E-06
-3.6807159353349E-06
-8.32328106152009E-07
3.82115462252736E-06
2.41382639760537E-07
1.87392492158255E-06
-4.01544788845427E-06
8.36420354845E-06
-2.80620308178592E-06
5.15681544029022E-07
4.93681043129392E-06
-2.98867266918389E-06
-1.0120068610635E-06
5.68551969203485E-07
-6.05204171133454E-07
4.2457592891761E-06
-1.58669787400035E-06
3.32236842105262E-06
-7.56030594234183E-07
4.90234375000053E-07
5.65752602081661E-06
3.65301398812492E-07
-4.66711890687077E-06
1.18399675060928E-06
5.49190161967602E-06
-1.85351562500002E-06
4.03505355404084E-06
-3.92194823721216E-06
2.91416566626652E-06
4.18308227114715E-06
-2.56274768824305E-06
1.84733557369182E-06
1.35784862992765E-06
3.93283431114707E-06
1.47627248373516E-06
-3.07074761665837E-07
2.18714998472659E-06
-8.69641294838142E-06
1.02032721864154E-05
-1.43525106729009E-06
-1.31558262920026E-06
4.18809201623819E-06
-1.66819059229911E-06
7.2647403358063E-06
-2.07823470411235E-06
-2.45610534716679E-06
-1.21332429553595E-06
7.6120157782947E-06
-1.76298537569337E-06
-3.91768439273007E-06
-4.9656218402427E-06
7.08616664975133E-06
4.33811650669964E-06
1.00353000504286E-06
-2.2408906882591E-06
5.28162055335968E-06
-5.18472074852897E-06
1.02986580567046E-05
-3.12776215347527E-06
3.57958426856641E-06
5.69597615499255E-06
-1.14340138712513E-05
4.59351620947634E-06
2.55833076369616E-06
7.4561403508772E-06
-2.56255044390648E-07
1.71573604060912E-06
-2.14217098943301E-07
1.68274060679122E-06
-5.68589872907E-06
1.06383616383616E-05
-4.14523303036164E-06
6.1810198582976E-06
-1.94701986754968E-06
4.32307246936213E-06
-5.20957489074293E-06
1.80796019900499E-06
4.62472182884888E-06
-5.19115659393704E-06
6.96812749003983E-06
-3.67189049791708E-06
4.40961655508215E-06
1.87152801845783E-06
5.7237632806115E-06
-1.70243510292965E-06
2.4967545210277E-06
-1.69111187502389E-06
3.44022494949802E-06
-4.82564865311515E-06
4.5287358506705E-06
7.73984312439192E-06
4.39240821578475E-06
-5.7978455652874E-06
-4.80414931111823E-06
9.03201779746562E-06
7.77079119690807E-06
-2.52711908424368E-07
-1.99606896621966E-07
-6.94009952930531E-06
8.89471157692611E-06
-3.74817101280783E-07
1.11158122601594E-05
-2.75644189949648E-06
-1.0306594677979E-06
1.0035394545076E-06
-3.20115774240234E-06
6.89026243793697E-06
6.73638476305952E-06
-2.16158477374244E-06
6.32852677220932E-06
-6.48026315789472E-06
2.37798754770033E-06
-5.84007278608977E-06
1.03310810810811E-05
-6.00441058540496E-07
1.33479190976273E-05
1.45731158042241E-06
-1.26384232449459E-06
-1.79742671955111E-06
1.00158212202116E-05
-7.03771661569825E-06
5.07122792937398E-06
-9.50047573739299E-06
1.81090651558074E-05
2.17773733697297E-06
-5.58141799766259E-06
-6.4502982107356E-06
4.99083876221499E-06
2.15918887147335E-05
-4.9259079903148E-06
-4.85446570972858E-07
-1.16964375819962E-06
4.04332129963899E-06
5.85949920508745E-06
1.70887414671667E-05
-3.09657383289924E-06
3.33299274547872E-06
-1.51161678936803E-06
-2.16609416043642E-06
5.62137282369422E-06
1.31120372165148E-05
1.0044319097502E-05
5.7559470488703E-06
-4.8403143965775E-06
-2.49437762784785E-06
1.59302209337198E-05
-5.55453991468617E-06
2.43900096061479E-06
1.25965686766329E-05
1.82230806373733E-06
3.90652107357894E-06
1.3834202085004E-05
1.69811320754715E-06
1.72078757296924E-05
-1.41670737664881E-07
5.93049885492382E-06
8.65116279069768E-06
7.49761974157194E-06
8.92048838594396E-06
5.26868971061093E-06
6.73834247648905E-06
7.79294720252173E-06
1.36820598660889E-05
6.68316631237978E-06
0.000011233984375
1.15286106311617E-06
1.92410271964413E-05
1.3679693339722E-05
1.08488944223108E-05
6.72930637573817E-06
4.80265558483676E-06
1.33170315609896E-05
1.030689793463E-05
1.89404119176166E-05
1.21854589034255E-05
5.15188090927379E-06
5.15188090927379E-06
dMdT Data
0
0
0
0
0
0
0
0
0
0
0
0
0
0
0
0
0
0
0
0
0
0
0
0
0
0
0
0
0
0
0
0
0
0
0
0
0
0
0
0
0
0
0
0
0
0
0
0
0
0
0
0
0
0
0
0
0
0
0
0
0
0
0
0
0
0
0
0
0
0
0
0
0
0
0
0
0
0
0
0
0
0
0
0
0
0
0
0
0
0
0
0
0
0
0
0
0
0
0
0
0
0
0
0
0
0
0
0
0
0
0
0
0
0
0
0
0
0
0
0
0
0
0
0
0
0
0
0
0
0
0
0
0
0
0
0
0
0
0
0
0
0
0
0
0
0
0
0
0
0
0
0
0
0
0
0
0
0
0
0
0
0
0
0
0
0
0
0
0
0
0
0
0
0
0
0
0
0
0
0
0
0
0
0
0
0
0
0
0
0
0
0
0
0
0
0
0
0
0
0
0
0
0
0
0
0
0
0
0
0
0
0
0
0
0
0
0
0
0
0
0
0
0
0
0
0
0
0
0
0
0
0
0
0
0
0
0
0
0
0
0
0
0
0
0
0
0
0
0
0
0
0
0
0
0
0
0
0
0
0
0
0
0
0
0
0
0
0
0
0
0
0
0
0
0
0
0
0
0
0
0
0
0
0
0
0
0
0
0
0
0
0
0
 
*********************************************** Results ***************************************
 
TotalArea 0
AreaFirstQuad 0
AreaSecondQuad 0
AreaThirdQuad 0
AreaFourthQuad 0
Coercivity 0
PositiveCoercivity 0
NegativeCoercivity 0
Retentivity 7.75724533712331E-03
PositiveRetentivity 1.24198899999999E-02
NegativeRetentivity -3.09460067424673E-03
Magnetization 0.0027479705
PositiveMagnetization 0.000797281
NegativeMagnetization -0.00469866
Flatness 1.39893035990974
Squareness 2.82289978626893
SStar 0
SFD1 0
SFD2 0
Slope 0
Intercept 0
SlopeAtHc 5.15188090927379E-06
dH1 472.60528314407
dH2 557.6344
InitialSlope 8.20689655172409E-06
FieldAtHalfMs 822.826540782677
FieldAtMs 856.273
MomentMean -3.44579849112628E-03
MomentRMS 1.22219782722403E-03
SFD3 0
dH3 945.21056628814
UserField1 0
UserField2 0
CenterField 0
ExchangeField 0
ExchangeMoment 0
ExRegionOneIntercept 0
ExRegionOneSlope 0
ExRegionTwoIntercept 0
ExRegionTwoSlope 0
NegativeIntercept 0
NegativeSlope 0
AutoCenterOffset 0
PinningField 0
PinningMoment 0
PinRegionOneIntercept 0
PinRegionOneSlope 0
PinRegionTwoIntercept 0
PinRegionTwoSlope 0
PositiveIntercept 0
PositiveSlope 0
TotalOffset 0
BHMax 0
BCoercivity 0
BRetentivity 0
BNegativeCoercivity 0
BPositiveCoercivity 0
BNegativeRetentivity 0
BPositiveRetentivity 0
MomentYMean -6.06554208191126E-03
MomentYRMS 2.42080098364313E-04
YOffCorrection 0
Mrt 0
Ms1 0
Ms2 0
Ms3 0
Hc2 0
Hex2 0
HsatValue 0
HsatIntercept 0
HsatSlope 0
CenterH 0
Span .005495941
SpanAsPercentOfRange -103.697
RMSAsPercentOfRange -23.0603363627176
SpanAsPercentOfMean -159.496877549668
RMSAsPercentOfMean -35.4692194094191
