Version 1.25
******************************************** Units *******************************************
System CGS
TemperatureUnit K
MomentUnit emu
AppliedFieldUnit G
 
******************************************** Setup ********************************************
 
Experiment CustomField
Minor False
Acquisition Continuous
EditedPoint No
MaxField 15000
FieldIncrement 100
Points 293
MinField 0
RampRate 10
AverageTime 0.3
TimeInterval 0
TimeConstant 0.1
TimeConstantIndex 0
Sensitivity -0.0053
SensitivityIndex 5
SensitivityY -400
SensitivityIndexY 0
SaturationField 8000
ExperimentTime 100
Use735Domains True
AutoRangeEnabled False
NumberOfVertices 2
VertexPts
0
292
VertexField
-1780.9524
1170.7602
StartAngle 0
EndAngle 0
AngleIncrement 0
StartTemp 0
FinishTemp 0
TempIncrement 0
TempPoints 0
LengthofSetPointsArray 293
SetPointArray
-1780.95238
-1770.84378
-1760.73517
-1750.62657
-1740.51796
-1730.40936
-1720.30075
-1710.19215
-1700.08354
-1689.97494
-1679.86633
-1669.75773
-1659.64912
-1649.54052
-1639.43191
-1629.32331
-1619.2147
-1609.1061
-1598.99749
-1588.88889
-1578.78028
-1568.67168
-1558.56307
-1548.45447
-1538.34586
-1528.23726
-1518.12865
-1508.02005
-1497.91145
-1487.80284
-1477.69424
-1467.58563
-1457.47703
-1447.36842
-1437.25982
-1427.15121
-1417.04261
-1406.934
-1396.8254
-1386.71679
-1376.60819
-1366.49958
-1356.39098
-1346.28237
-1336.17377
-1326.06516
-1315.95656
-1305.84795
-1295.73935
-1285.63074
-1275.52214
-1265.41353
-1255.30493
-1245.19632
-1235.08772
-1224.97911
-1214.87051
-1204.7619
-1194.6533
-1184.5447
-1174.43609
-1164.32749
-1154.21888
-1144.11028
-1134.00167
-1123.89307
-1113.78446
-1103.67586
-1093.56725
-1083.45865
-1073.35004
-1063.24144
-1053.13283
-1043.02423
-1032.91562
-1022.80702
-1012.69841
-1002.58981
-992.4812
-982.3726
-972.26399
-962.15539
-952.04678
-941.93818
-931.82957
-921.72097
-911.61236
-901.50376
-891.39515
-881.28655
-871.17794
-861.06934
-850.96074
-840.85213
-830.74353
-820.63492
-810.52632
-800.41771
-790.30911
-780.2005
-770.0919
-759.98329
-749.87469
-739.76608
-729.65748
-719.54887
-709.44027
-699.33166
-689.22306
-679.11445
-669.00585
-658.89724
-648.78864
-638.68003
-628.57143
-618.46282
-608.35422
-598.24561
-588.13701
-578.0284
-567.9198
-557.81119
-547.70259
-537.59398
-527.48538
-517.37678
-507.26817
-497.15957
-487.05096
-476.94236
-466.83375
-456.72515
-446.61654
-436.50794
-426.39933
-416.29073
-406.18212
-396.07352
-385.96491
-375.85631
-365.7477
-355.6391
-345.53049
-335.42189
-325.31328
-315.20468
-305.09607
-294.98747
-284.87886
-274.77026
-264.66165
-254.55305
-244.44444
-234.33584
-224.22723
-214.11863
-204.01003
-193.90142
-183.79282
-173.68421
-163.57561
-153.467
-143.3584
-133.24979
-123.14119
-113.03258
-102.92398
-92.81537
-82.70677
-72.59816
-62.48956
-52.38095
-42.27235
-32.16374
-22.05514
-11.94653
-1.83793
8.27068
18.37928
28.48789
38.59649
48.7051
58.8137
68.92231
79.03091
89.13952
99.24812
109.35673
119.46533
129.57393
139.68254
149.79114
159.89975
170.00835
180.11696
190.22556
200.33417
210.44277
220.55138
230.65998
240.76859
250.87719
260.9858
271.0944
281.20301
291.31161
301.42022
311.52882
321.63743
331.74603
341.85464
351.96324
362.07185
372.18045
382.28906
392.39766
402.50627
412.61487
422.72348
432.83208
442.94069
453.04929
463.15789
473.2665
483.3751
493.48371
503.59231
513.70092
523.80952
533.91813
544.02673
554.13534
564.24394
574.35255
584.46115
594.56976
604.67836
614.78697
624.89557
635.00418
645.11278
655.22139
665.32999
675.4386
685.5472
695.65581
705.76441
715.87302
725.98162
736.09023
746.19883
756.30744
766.41604
776.52464
786.63325
796.74185
806.85046
816.95906
827.06767
837.17627
847.28488
857.39348
867.50209
877.61069
887.7193
897.8279
907.93651
918.04511
928.15372
938.26232
948.37093
958.47953
968.58814
978.69674
988.80535
998.91395
1009.02256
1019.13116
1029.23977
1039.34837
1049.45698
1059.56558
1069.67419
1079.78279
1089.8914
1100
1110.1086
1120.21721
1130.32581
1140.43442
1150.54302
1160.65163
1170.76023
FieldDomainFile C:\IDEASVSM\Default UserID\Experiments\FORCexp0286B\fdomain.ini
TempDomainFile C:\IDEASVSM\Default UserID\Experiments\FORCexp0286B\tdomain.ini
NumSelectedResults 0
ResultsSelected 
UserName1 
UserValue1 
UserName2 
UserValue2 
LinearBackgroundCorrection Off
MaxLinearFieldCorrection 
MinLinearFieldCorrection 
AutoLinearCorrection Off
FitOneRegion Off
BackgroundMode Off
BackgroundFilename 
AutoCenter Off
OffsetCorrection 
SmoothDeriv Off
DerivOrder 0
DerivPoints 0
MinExFieldOne 
MaxExFieldOne 
MinExFieldTwo 
MaxExFieldTwo 
MinPinFieldOne 
MaxPinFieldOne 
MinPinFieldTwo 
MaxPinFieldTwo 
HCenterStart 
Mass 
Volume 
Density 
MolarWeight 
NumberOfMoles 
Demagnetization 
SampleArea 
Thickness 
MomentScaling 0
XAxis 0
YAxis 0
SimpleSpinValve False
HsatMax 0
HsatMin 0
FieldAutoRange False
 
*************************************************** Experiment Data ********************************************
 
DataPoints 293
MomentX Data
-0.00451734
-0.00450509
-0.00451802
-0.0044897
-0.00450387
-0.00449525
-0.00452094
-0.00450542
-0.00444252
-0.00449857
-0.00447231
-0.00447911
-0.00446376
-0.00449956
-0.00443375
-0.00445646
-0.00446266
-0.0044067
-0.0044181
-0.00444401
-0.00440785
-0.00444008
-0.00444937
-0.00443147
-0.00437679
-0.0044001
-0.00437259
-0.00440939
-0.00438152
-0.00434047
-0.00436438
-0.00436695
-0.00436532
-0.00434229
-0.00433583
-0.00431325
-0.00429821
-0.0043402
-0.00432334
-0.00432661
-0.00431839
-0.00428211
-0.00428819
-0.00429081
-0.00431453
-0.00431408
-0.00429659
-0.00425969
-0.00427852
-0.0042376
-0.0042718
-0.00424617
-0.00425474
-0.0042155
-0.00421074
-0.00422943
-0.00424833
-0.00419647
-0.0041721
-0.00415844
-0.00417684
-0.00418359
-0.00418458
-0.00418907
-0.00416858
-0.00418121
-0.00416641
-0.00416772
-0.00414116
-0.00414867
-0.00410152
-0.00411377
-0.00409995
-0.00413571
-0.00409864
-0.00407652
-0.00404813
-0.0040798
-0.00404078
-0.00407206
-0.00407289
-0.00407851
-0.00401719
-0.00404433
-0.0040134
-0.00402857
-0.00402135
-0.00401053
-0.00401188
-0.00400339
-0.00397283
-0.00397579
-0.0039535
-0.00397255
-0.00396303
-0.00395175
-0.00395243
-0.0039374
-0.00395761
-0.00389563
-0.00390185
-0.00387973
-0.00391561
-0.00386539
-0.00386061
-0.00389291
-0.00383865
-0.00387807
-0.00379708
-0.00385876
-0.00383215
-0.00384045
-0.00381493
-0.00383853
-0.00378713
-0.00375119
-0.0037098
-0.00377551
-0.0037845
-0.00379165
-0.00370234
-0.0037181
-0.00368578
-0.00366449
-0.00367585
-0.00368696
-0.00367522
-0.00364493
-0.00363983
-0.00367148
-0.00360578
-0.00358825
-0.00357455
-0.00357826
-0.00361117
-0.00357809
-0.00355435
-0.00362379
-0.0035555
-0.0035008
-0.00352372
-0.0034736
-0.0035223
-0.00351156
-0.00348337
-0.00344929
-0.00342172
-0.0034522
-0.00343882
-0.00342418
-0.00336511
-0.00337427
-0.00338288
-0.00337045
-0.00339207
-0.00332539
-0.00332397
-0.00333186
-0.00332501
-0.00330206
-0.0033409
-0.00333263
-0.00321867
-0.00323421
-0.00325395
-0.00324618
-0.0032899
-0.00320276
-0.00319328
-0.0031534
-0.00311469
-0.00315296
-0.00306688
-0.00309639
-0.00311752
-0.00303655
-0.00306914
-0.00311237
-0.00308785
-0.00297232
-0.00293991
-0.00301199
-0.00294953
-0.00287632
-0.00290403
-0.00296037
-0.00296694
-0.00285281
-0.00286418
-0.00287163
-0.00287801
-0.00292103
-0.00280558
-0.00280374
-0.00280573
-0.00273963
-0.00266703
-0.00273334
-0.00268282
-0.00271696
-0.0026575
-0.00254275
-0.00260196
-0.002605
-0.00253226
-0.00246896
-0.00254092
-0.00256408
-0.00243938
-0.00242458
-0.00247646
-0.00236526
-0.00232373
-0.00235843
-0.00230688
-0.00225791
-0.00234178
-0.00233295
-0.00224278
-0.00214986
-0.00212232
-0.00208021
-0.00207744
-0.00211755
-0.00207242
-0.00198857
-0.00190639
-0.00189549
-0.00188046
-0.00174023
-0.00179695
-0.00181778
-0.0017124
-0.00168294
-0.00151612
-0.00152887
-0.00144386
-0.00140293
-0.00135829
-0.00129545
-0.0011962
-0.00115926
-0.000932092
-0.000996891
-0.000910777
-0.000806396
-0.000816536
-0.000629279
-0.00053042
-0.000504608
-0.000492828
-0.000379922
-0.000189856
-0.0000544022
-0.0000440618
0.000102592
0.000207998
0.000279784
0.000478954
0.000572077
0.000791679
0.000757614
0.000894743
0.000937434
0.00104977
0.00121573
0.00133564
0.00141883
0.00149881
0.00164446
0.00166263
0.00193201
0.0019612
0.00194321
0.00214007
0.00225989
0.00228946
0.00241097
0.00247668
0.00256116
0.00268576
0.00268716
0.00277801
0.00276469
0.00288106
0.00293606
0.00294477
0.00306125
0.00307028
0.00317759
0.00323495
0.00321092
0.00336234
MomentY Data
-0.00607173
-0.00570615
-0.00578562
-0.00572205
-0.0058651
-0.00546773
-0.00600815
-0.00610352
-0.0055631
-0.00578562
-0.00592868
-0.0058651
-0.00583331
-0.00602404
-0.00592868
-0.00588099
-0.00583331
-0.00562668
-0.00583331
-0.00581741
-0.00581741
-0.00603994
-0.00567436
-0.00607173
-0.00567436
-0.0058651
-0.00592868
-0.00583331
-0.00592868
-0.0061353
-0.00592868
-0.00623067
-0.00626246
-0.00648499
-0.00632604
-0.00570615
-0.00603994
-0.0061512
-0.00603994
-0.00581741
-0.00608762
-0.00607173
-0.0061353
-0.00573794
-0.00597636
-0.00588099
-0.00594457
-0.00626246
-0.00626246
-0.00607173
-0.00607173
-0.0058651
-0.00588099
-0.00629425
-0.0058492
-0.00607173
-0.00602404
-0.00575384
-0.00594457
-0.00596046
-0.00603994
-0.00635783
-0.00588099
-0.00594457
-0.0061353
-0.00578562
-0.00589689
-0.00592868
-0.00596046
-0.00570615
-0.00581741
-0.00607173
-0.00632604
-0.00561078
-0.00619888
-0.00623067
-0.00611941
-0.00576973
-0.00632604
-0.00576973
-0.00578562
-0.00594457
-0.00607173
-0.00576973
-0.00561078
-0.00591278
-0.00572205
-0.00616709
-0.00597636
-0.00632604
-0.00608762
-0.00588099
-0.00602404
-0.00581741
-0.00610352
-0.00610352
-0.00562668
-0.00578562
-0.0055631
-0.00583331
-0.00589689
-0.00638962
-0.00570615
-0.00605583
-0.00616709
-0.0058492
-0.00592868
-0.00597636
-0.00610352
-0.00603994
-0.00607173
-0.00588099
-0.00597636
-0.00583331
-0.00626246
-0.0061353
-0.00600815
-0.00623067
-0.00591278
-0.00635783
-0.00581741
-0.0058651
-0.00583331
-0.00573794
-0.00594457
-0.00581741
-0.00623067
-0.00592868
-0.0061353
-0.00591278
-0.00572205
-0.00611941
-0.00602404
-0.00607173
-0.0061353
-0.00581741
-0.00603994
-0.00583331
-0.0061353
-0.0061353
-0.00567436
-0.00600815
-0.00603994
-0.00632604
-0.00616709
-0.00588099
-0.00619888
-0.00600815
-0.00597636
-0.00597636
-0.00592868
-0.00592868
-0.00592868
-0.00542005
-0.00632604
-0.00610352
-0.00603994
-0.0064532
-0.00597636
-0.0061353
-0.00602404
-0.0061353
-0.0061353
-0.00580152
-0.00603994
-0.00565847
-0.00597636
-0.00596046
-0.00588099
-0.00597636
-0.00602404
-0.00635783
-0.00591278
-0.00592868
-0.00603994
-0.00607173
-0.00562668
-0.00623067
-0.00638962
-0.00607173
-0.0058492
-0.0061353
-0.0064532
-0.0061512
-0.00616709
-0.00626246
-0.00592868
-0.00588099
-0.0061353
-0.00623067
-0.00626246
-0.0061353
-0.00616709
-0.00607173
-0.00588099
-0.00626246
-0.00596046
-0.00623067
-0.00592868
-0.00600815
-0.00583331
-0.00599225
-0.00648499
-0.00638962
-0.00629425
-0.00635783
-0.0061512
-0.00603994
-0.0058651
-0.00603994
-0.00629425
-0.00616709
-0.00589689
-0.00642141
-0.00611941
-0.00588099
-0.00603994
-0.0061353
-0.00596046
-0.00623067
-0.00605583
-0.00583331
-0.00635783
-0.00642141
-0.00600815
-0.00629425
-0.00592868
-0.00623067
-0.0064532
-0.00629425
-0.00623067
-0.00629425
-0.00648499
-0.00654856
-0.00597636
-0.00616709
-0.00616709
-0.00632604
-0.00635783
-0.00607173
-0.0061353
-0.0064532
-0.00626246
-0.00626246
-0.00642141
-0.00632604
-0.00642141
-0.0061353
-0.00623067
-0.00629425
-0.00619888
-0.00629425
-0.00648499
-0.00654856
-0.00635783
-0.00619888
-0.00616709
-0.00616709
-0.00635783
-0.00654856
-0.0064373
-0.00619888
-0.00667572
-0.00591278
-0.00680288
-0.0067393
-0.00642141
-0.00629425
-0.00658035
-0.00677109
-0.00700951
-0.00688235
-0.00635783
-0.0067234
-0.00691414
-0.00664393
-0.00696182
-0.00654856
-0.0064532
-0.00693003
-0.00635783
-0.00705719
-0.00654856
-0.00685056
-0.00670751
-0.00708898
-0.0067393
-0.00654856
-0.00688235
-0.00688235
-0.00670751
-0.00651677
-0.00680288
Field Data
-1780.25
-1773.95
-1764.59
-1754.26
-1744.22
-1733.74
-1723.94
-1713.96
-1703.62
-1693.56
-1683.63
-1673.57
-1663.23
-1653.08
-1642.87
-1633.02
-1623.04
-1612.64
-1602.74
-1592.96
-1582.41
-1572.52
-1562.59
-1552.3
-1542.15
-1531.92
-1522.12
-1512.05
-1501.87
-1491.75
-1481.77
-1471.82
-1461.5
-1451.54
-1441.54
-1431.33
-1421.28
-1411.21
-1401.22
-1390.82
-1380.82
-1370.94
-1360.8
-1350.73
-1340.42
-1330.55
-1320.7
-1310.24
-1300.27
-1290.41
-1280.08
-1269.98
-1260.03
-1250
-1239.76
-1229.81
-1219.42
-1209.61
-1199.74
-1189.23
-1179.27
-1169.44
-1159.18
-1149.02
-1139.05
-1129.11
-1118.65
-1108.84
-1098.94
-1088.46
-1078.52
-1068.18
-1058.4
-1048.46
-1038.04
-1028.19
-1018.27
-1008.15
-997.792
-987.947
-977.878
-967.503
-957.685
-947.754
-937.524
-927.348
-917.177
-907.149
-897.204
-887.022
-876.895
-867.042
-856.99
-846.54
-836.743
-826.88
-816.334
-806.537
-796.557
-786.306
-776.231
-765.952
-756.076
-745.963
-735.871
-725.892
-715.886
-705.777
-695.493
-685.504
-675.697
-665.193
-655.239
-645.387
-635.062
-625.052
-614.676
-604.876
-594.894
-584.857
-574.6
-564.769
-554.667
-544.39
-534.404
-524.426
-514.117
-504.091
-494.17
-484.149
-473.713
-463.719
-453.839
-443.563
-433.683
-423.5
-413.448
-403.712
-393.145
-383.172
-373.332
-363.178
-352.783
-342.979
-333.133
-322.601
-312.796
-302.83
-292.442
-282.391
-272.081
-262.352
-252.365
-242.023
-232.046
-222.123
-212.127
-201.777
-191.688
-181.757
-171.602
-161.524
-151.498
-141.536
-131.128
-121.042
-111.321
-100.999
-91.1202
-80.7091
-70.9093
-61.017
-50.7918
-40.6043
-30.7017
-20.6288
-10.6176
-0.209503
10.0017
19.988
29.8107
40.2958
51.0503
63.2411
73.6112
83.7701
93.8843
103.885
113.648
124.132
134.032
143.912
154.126
164.393
174.167
184.224
194.597
204.484
214.392
224.759
234.833
244.714
254.869
265.016
274.901
285.418
294.952
305.434
315.404
325.293
335.485
345.839
355.598
365.607
376.092
385.865
395.875
406.14
416.175
426.242
436.372
446.143
456.302
466.648
476.446
486.411
497.015
506.773
516.739
526.939
537.133
547.094
557.229
567.238
577.229
587.531
597.444
607.463
617.658
627.686
637.643
647.876
657.967
667.948
677.934
688.336
698.137
708.108
718.593
728.393
738.727
748.602
758.456
768.976
778.791
788.763
799.063
809.062
819
829.043
839.489
849.317
859.23
869.573
879.619
889.737
899.802
909.665
919.953
930.065
939.885
949.914
960.411
970.233
980.042
990.581
1000.61
1010.59
1020.69
1030.61
1040.94
1050.86
1060.82
1071.06
1081.14
1091.08
1101.1
1111.6
1121.29
1131.38
1141.75
1151.55
1161.6
Time Data
0
0.3
0.6
0.9
1.2
1.5
1.8
2.1
2.4
2.7
3
3.3
3.6
3.9
4.2
4.5
4.8
5.1
5.4
5.7
6
6.3
6.6
6.9
7.2
7.5
7.8
8.1
8.4
8.7
9
9.3
9.6
9.9
10.2
10.5
10.8
11.1
11.4
11.7
12
12.3
12.6
12.9
13.2
13.5
13.8
14.1
14.4
14.7
15
15.3
15.6
15.9
16.2
16.5
16.8
17.1
17.4
17.7
18
18.3
18.6
18.9
19.2
19.5
19.8
20.1
20.4
20.7
21
21.3
21.6
21.9
22.2
22.5
22.8
23.1
23.4
23.7
24
24.3
24.6
24.9
25.2
25.5
25.8
26.1
26.4
26.7
27
27.3
27.6
27.9
28.2
28.5
28.8
29.1
29.4
29.7
30.0000000000001
30.3000000000001
30.6000000000001
30.9000000000001
31.2000000000001
31.5000000000001
31.8000000000001
32.1000000000001
32.4
32.7
33
33.3
33.6
33.9
34.2
34.5
34.8
35.1
35.4
35.7
36
36.3
36.6
36.9
37.2
37.5
37.8
38.1
38.4
38.7
39
39.3
39.6
39.9
40.2
40.5
40.8
41.1
41.4
41.7
42
42.3
42.6
42.8999999999999
43.1999999999999
43.4999999999999
43.7999999999999
44.0999999999999
44.3999999999999
44.6999999999999
44.9999999999999
45.2999999999999
45.5999999999999
45.8999999999999
46.1999999999999
46.4999999999999
46.7999999999999
47.0999999999999
47.3999999999999
47.6999999999999
47.9999999999999
48.2999999999999
48.5999999999999
48.8999999999999
49.1999999999999
49.4999999999999
49.7999999999999
50.0999999999999
50.3999999999999
50.6999999999999
50.9999999999999
51.2999999999999
51.5999999999999
51.8999999999999
52.1999999999999
52.4999999999999
52.7999999999999
53.0999999999999
53.3999999999998
53.6999999999998
53.9999999999998
54.2999999999998
54.5999999999998
54.8999999999998
55.1999999999998
55.4999999999998
55.7999999999998
56.0999999999998
56.3999999999998
56.6999999999998
56.9999999999998
57.2999999999998
57.5999999999998
57.8999999999998
58.1999999999998
58.4999999999998
58.7999999999998
59.0999999999998
59.3999999999998
59.6999999999998
59.9999999999998
60.2999999999998
60.5999999999998
60.8999999999998
61.1999999999998
61.4999999999998
61.7999999999998
62.0999999999998
62.3999999999998
62.6999999999998
62.9999999999998
63.2999999999998
63.5999999999998
63.8999999999998
64.1999999999997
64.4999999999997
64.7999999999997
65.0999999999997
65.3999999999997
65.6999999999997
65.9999999999997
66.2999999999997
66.5999999999997
66.8999999999997
67.1999999999997
67.4999999999997
67.7999999999997
68.0999999999997
68.3999999999997
68.6999999999997
68.9999999999997
69.2999999999997
69.5999999999997
69.8999999999997
70.1999999999997
70.4999999999997
70.7999999999997
71.0999999999997
71.3999999999997
71.6999999999997
71.9999999999997
72.2999999999997
72.5999999999997
72.8999999999997
73.1999999999997
73.4999999999997
73.7999999999997
74.0999999999997
74.3999999999997
74.6999999999996
74.9999999999996
75.2999999999996
75.5999999999996
75.8999999999996
76.1999999999996
76.4999999999996
76.7999999999996
77.0999999999996
77.3999999999996
77.6999999999996
77.9999999999996
78.2999999999996
78.5999999999996
78.8999999999996
79.1999999999996
79.4999999999996
79.7999999999996
80.0999999999996
80.3999999999996
80.6999999999996
80.9999999999996
81.2999999999996
81.5999999999996
81.8999999999996
82.1999999999996
82.4999999999996
82.7999999999996
83.0999999999996
83.3999999999996
83.6999999999996
83.9999999999996
84.2999999999996
84.5999999999996
84.8999999999996
85.1999999999995
85.4999999999995
85.7999999999995
86.0999999999995
86.3999999999995
86.6999999999995
86.9999999999995
87.2999999999995
87.5999999999995
Temperature Data
0
0
0
0
0
0
0
0
0
0
0
0
0
0
0
0
0
0
0
0
0
0
0
0
0
0
0
0
0
0
0
0
0
0
0
0
0
0
0
0
0
0
0
0
0
0
0
0
0
0
0
0
0
0
0
0
0
0
0
0
0
0
0
0
0
0
0
0
0
0
0
0
0
0
0
0
0
0
0
0
0
0
0
0
0
0
0
0
0
0
0
0
0
0
0
0
0
0
0
0
0
0
0
0
0
0
0
0
0
0
0
0
0
0
0
0
0
0
0
0
0
0
0
0
0
0
0
0
0
0
0
0
0
0
0
0
0
0
0
0
0
0
0
0
0
0
0
0
0
0
0
0
0
0
0
0
0
0
0
0
0
0
0
0
0
0
0
0
0
0
0
0
0
0
0
0
0
0
0
0
0
0
0
0
0
0
0
0
0
0
0
0
0
0
0
0
0
0
0
0
0
0
0
0
0
0
0
0
0
0
0
0
0
0
0
0
0
0
0
0
0
0
0
0
0
0
0
0
0
0
0
0
0
0
0
0
0
0
0
0
0
0
0
0
0
0
0
0
0
0
0
0
0
0
0
0
0
0
0
0
0
0
0
0
0
0
0
0
0
0
0
0
0
0
0
0
0
0
0
0
0
0
0
0
0
0
0
0
0
0
0
0
0
Angle Data
0
0
0
0
0
0
0
0
0
0
0
0
0
0
0
0
0
0
0
0
0
0
0
0
0
0
0
0
0
0
0
0
0
0
0
0
0
0
0
0
0
0
0
0
0
0
0
0
0
0
0
0
0
0
0
0
0
0
0
0
0
0
0
0
0
0
0
0
0
0
0
0
0
0
0
0
0
0
0
0
0
0
0
0
0
0
0
0
0
0
0
0
0
0
0
0
0
0
0
0
0
0
0
0
0
0
0
0
0
0
0
0
0
0
0
0
0
0
0
0
0
0
0
0
0
0
0
0
0
0
0
0
0
0
0
0
0
0
0
0
0
0
0
0
0
0
0
0
0
0
0
0
0
0
0
0
0
0
0
0
0
0
0
0
0
0
0
0
0
0
0
0
0
0
0
0
0
0
0
0
0
0
0
0
0
0
0
0
0
0
0
0
0
0
0
0
0
0
0
0
0
0
0
0
0
0
0
0
0
0
0
0
0
0
0
0
0
0
0
0
0
0
0
0
0
0
0
0
0
0
0
0
0
0
0
0
0
0
0
0
0
0
0
0
0
0
0
0
0
0
0
0
0
0
0
0
0
0
0
0
0
0
0
0
0
0
0
0
0
0
0
0
0
0
0
0
0
0
0
0
0
0
0
0
0
0
0
0
0
0
0
0
0
Bx Data
0
0
0
0
0
0
0
0
0
0
0
0
0
0
0
0
0
0
0
0
0
0
0
0
0
0
0
0
0
0
0
0
0
0
0
0
0
0
0
0
0
0
0
0
0
0
0
0
0
0
0
0
0
0
0
0
0
0
0
0
0
0
0
0
0
0
0
0
0
0
0
0
0
0
0
0
0
0
0
0
0
0
0
0
0
0
0
0
0
0
0
0
0
0
0
0
0
0
0
0
0
0
0
0
0
0
0
0
0
0
0
0
0
0
0
0
0
0
0
0
0
0
0
0
0
0
0
0
0
0
0
0
0
0
0
0
0
0
0
0
0
0
0
0
0
0
0
0
0
0
0
0
0
0
0
0
0
0
0
0
0
0
0
0
0
0
0
0
0
0
0
0
0
0
0
0
0
0
0
0
0
0
0
0
0
0
0
0
0
0
0
0
0
0
0
0
0
0
0
0
0
0
0
0
0
0
0
0
0
0
0
0
0
0
0
0
0
0
0
0
0
0
0
0
0
0
0
0
0
0
0
0
0
0
0
0
0
0
0
0
0
0
0
0
0
0
0
0
0
0
0
0
0
0
0
0
0
0
0
0
0
0
0
0
0
0
0
0
0
0
0
0
0
0
0
0
0
0
0
0
0
0
0
0
0
0
0
0
0
0
0
0
0
Hint Data
0
0
0
0
0
0
0
0
0
0
0
0
0
0
0
0
0
0
0
0
0
0
0
0
0
0
0
0
0
0
0
0
0
0
0
0
0
0
0
0
0
0
0
0
0
0
0
0
0
0
0
0
0
0
0
0
0
0
0
0
0
0
0
0
0
0
0
0
0
0
0
0
0
0
0
0
0
0
0
0
0
0
0
0
0
0
0
0
0
0
0
0
0
0
0
0
0
0
0
0
0
0
0
0
0
0
0
0
0
0
0
0
0
0
0
0
0
0
0
0
0
0
0
0
0
0
0
0
0
0
0
0
0
0
0
0
0
0
0
0
0
0
0
0
0
0
0
0
0
0
0
0
0
0
0
0
0
0
0
0
0
0
0
0
0
0
0
0
0
0
0
0
0
0
0
0
0
0
0
0
0
0
0
0
0
0
0
0
0
0
0
0
0
0
0
0
0
0
0
0
0
0
0
0
0
0
0
0
0
0
0
0
0
0
0
0
0
0
0
0
0
0
0
0
0
0
0
0
0
0
0
0
0
0
0
0
0
0
0
0
0
0
0
0
0
0
0
0
0
0
0
0
0
0
0
0
0
0
0
0
0
0
0
0
0
0
0
0
0
0
0
0
0
0
0
0
0
0
0
0
0
0
0
0
0
0
0
0
0
0
0
0
0
Torque Data
10.8091973325
10.1224247925
10.2092471958
10.037963433
10.230024722
9.4796222102
10.357690111
10.4611891392
9.477408422
9.7982946072
9.9817035084
9.815655407
9.7021361913
9.9582200432
9.7400505116
9.6037742898
9.4676954624
9.0738092352
9.3492792694
9.2669014336
9.2055277581
9.4979264488
8.8666981924
9.425146479
8.750714274
8.984863992
9.0241624016
8.8202563855
8.9041066316
9.152333775
8.7849401636
9.1704247194
9.15258529
9.4132223846
9.1192397016
8.1673836795
8.5844459232
8.680634952
8.4632847268
8.0909701762
8.4059074484
8.3239775262
8.34891624
7.7504076962
8.0108324712
7.8249512445
7.850993599
8.2053255904
8.1428888642
7.8350211093
7.7723001384
7.448559698
7.4102238297
7.8678125
7.251604192
7.4670742713
7.3458348568
6.9599024024
7.1319384118
7.0883578458
7.1227200438
7.4351007152
6.8171259882
6.8304298214
6.988413465
6.5326013982
6.5965559985
6.5739575312
6.5501879124
6.210916029
6.2741930332
6.4857005514
6.695480736
5.8826783988
6.4346853952
6.4063125873
6.2312116207
5.8167532995
6.31207210368
5.70018744431
5.65763051436
5.75138930871
5.81480474505
5.46828468642
5.26024090872
5.48320470744
5.24813265285
5.59446952641
5.36201409744
5.61133665288
5.3382035399
5.09906533158
5.1625420396
4.9246702614
5.10707763536
5.0468786176
4.59325019112
4.66631659794
4.4313262467
4.58676665286
4.57734882159
4.89414221824
4.3142830674
4.51742511429
4.53818268539
4.2458874864
4.24425901048
4.21797743172
4.24495543536
4.14040302976
4.10264974581
3.91199338107
3.91594415004
3.76474244097
3.97705037252
3.8348815356
3.6930656094
3.76878274692
3.51747734532
3.71842138031
3.342683786
3.3124266619
3.23554455777
3.1236771566
3.17680198628
3.05080105666
3.20329336839
2.98859422988
3.031881201
2.86266652422
2.71060947165
2.83768668579
2.73394428956
2.69319477399
2.6607753099
2.463673135
2.49720111312
2.35497724672
2.4120625185
2.3508751716
2.11842016752
2.1820279007
2.13078815302
2.16969887316
2.05446119297
1.89721325499
1.93898486848
1.8194480645
1.74773867112
1.68767027676
1.61308118308
1.55540105536
1.4961913282
1.31177676115
1.46793227784
1.35573217296
1.28123435238
1.3021073364
1.14559649568
1.1151337221
1.03373731208
0.9909981972
0.9294856794
0.82112393472
0.79200525232
0.68491252574
0.66529437156
0.60200049954
0.535876984998
0.482346636876
0.427160459572
0.38793571311
0.300320739204
0.240729901324
0.185436425898
0.125252503824
0.059741837568
0.00130534405701
-0.063907062354
-0.12136173924
-0.17436874644
-0.24722682174
-0.32943779596
-0.38900865432
-0.453966895408
-0.524606900446
-0.556609971724
-0.61094664615
-0.6972645744
-0.77342552844
-0.83937003872
-0.8829432936
-0.95050891334
-0.99814990989
-1.02427438533
-1.15369543104
-1.15988763462
-1.27407232428
-1.27106156256
-1.35038578585
-1.36985368723
-1.4663874665
-1.65282291631
-1.69335153392
-1.73029561925
-1.81463912294
-1.8143087424
-1.84480303396
-1.8498760004
-1.96475020242
-2.11162646125
-2.13282023851
-2.09692229022
-2.34771244587
-2.30146114572
-2.26926820635
-2.3910612475
-2.491790742
-2.4805944405
-2.65577324214
-2.64259464876
-2.60249042333
-2.90109054466
-2.99653813368
-2.8625590349
-3.06159243675
-2.9466428902
-3.15753532791
-3.3346201148
-3.31668580075
-3.34669846911
-3.4435464095
-3.61362449271
-3.71459207728
-3.44972830644
-3.62335655479
-3.68449091796
-3.84283523652
-3.92696456214
-3.81113991678
-3.9121310979
-4.1808734032
-4.12049201882
-4.18299763208
-4.35329216694
-4.35444106944
-4.48302391317
-4.3444550124
-4.47731584731
-4.58468764025
-4.57928002576
-4.7118881385
-4.91857957544
-5.03568547456
-4.95142078353
-4.88944718544
-4.92789343667
-4.98955816958
-5.20706277
-5.42903782808
-5.4040425397
-5.26481416496
-5.7359788956
-5.14159384294
-5.98394250272
-5.9962045641
-5.77799756082
-5.72565892625
-6.05361272355
-6.29755382085
-6.58813330635
-6.5376406179
-6.10612986813
-6.5232645522
-6.77614759388
-6.58135082333
-6.9660667102
-6.6179092504
-6.586716708
-7.1421582183
-6.6181195602
-7.4161186834
-6.9468434192
-7.3373607936
-7.2517573614
-7.7346442984
-7.42064323
-7.279379296
-7.7171102315
-7.786553143
-7.6582995425
-7.5043864935
-7.902225408
dMdH Data
1.94444444444448E-06
-1.38141025641028E-06
2.74152952565346E-06
-1.41135458167331E-06
8.22519083969463E-07
-2.62142857142859E-06
1.55511022044086E-06
6.08317214700188E-06
-5.57157057654081E-06
2.64451158106753E-06
-6.75944333995964E-07
1.48452611218569E-06
-3.52709359605907E-06
6.44564152791374E-06
-2.30558375634516E-06
-6.21242484969986E-07
5.38076923076929E-06
-1.15151515151514E-06
-2.6492842535787E-06
3.42748815165882E-06
-3.25884732052578E-06
-9.35548841893281E-07
1.7395529640428E-06
5.38719211822664E-06
-2.27859237536651E-06
2.80714285714277E-06
-3.65441906653429E-06
2.737721021611E-06
4.05632411067198E-06
-2.39579158316635E-06
-2.58291457286379E-07
1.57945736434096E-07
2.31224899598387E-06
6.46000000000067E-07
2.21155729676782E-06
1.49651741293533E-06
-4.1698113207547E-06
1.68768768768765E-06
-3.14423076923042E-07
8.21999999999976E-07
3.67206477732794E-06
-5.99605522682386E-07
-2.60178748758696E-07
-2.3006789524733E-06
4.55927051671656E-08
1.77563451776645E-06
3.52772466539199E-06
-1.88866599799398E-06
4.15010141987832E-06
-3.31074540174243E-06
2.5376237623763E-06
-8.61306532663341E-07
3.91226321036893E-06
4.64843749999949E-07
-1.87839195979899E-06
-1.81905678537054E-06
5.28644240570836E-06
2.46909827760896E-06
1.29971455756418E-06
-1.84738955823293E-06
-6.86673448626639E-07
-9.64912280701942E-08
-4.41929133858201E-07
2.05516549648944E-06
-1.27062374245477E-06
1.41491395793507E-06
-1.33537206931703E-07
2.68282828282833E-06
-7.16603053435161E-07
4.74346076458751E-06
-1.18471953578339E-06
1.41308793456036E-06
-3.59758551307846E-06
3.55758157389634E-06
2.2456852791878E-06
2.86189516129036E-06
-3.12944664031622E-06
3.76713651284032E-06
-3.17724733367189E-06
-8.24312245506285E-08
-5.41686746987912E-07
6.24567121613349E-06
-2.73285671130797E-06
3.02346041055711E-06
-1.49076257861636E-06
7.09861370563419E-07
1.07897885919425E-06
-1.3574660633482E-07
8.33824395992926E-07
3.01767552088472E-06
-3.00416116918683E-07
2.21746916036604E-06
-1.82296650717699E-06
9.71726038583232E-07
1.14366825509477E-06
-6.44794234780417E-08
1.53414310503217E-06
-2.02505010020045E-06
6.04623939127892E-06
-6.17369727047136E-07
2.15196030742291E-06
-3.63304981773997E-06
4.9658854939187E-06
4.73642489100259E-07
-3.23679727427599E-06
5.42274635218864E-06
-3.89949549906028E-06
7.8753403345002E-06
-6.17479227149864E-06
2.71336800244725E-06
-7.90175171363303E-07
2.56379344986944E-06
-2.39545269995941E-06
4.97820823244556E-06
3.59040959040959E-06
3.98901310717041E-06
-6.70510204081629E-06
-9.0062111801242E-07
-7.12364252266615E-07
8.7072243346008E-06
-1.60309225918011E-06
3.1993664620867E-06
2.07161623041745E-06
-1.13759262968157E-06
-1.11344958909601E-06
1.13881074789019E-06
3.02114502294038E-06
5.14061082552126E-07
-3.15836742840034E-06
6.29551552318899E-06
1.75405243145887E-06
1.38663967611333E-06
-3.61035422343332E-07
-3.330971659919E-06
3.24855150741432E-06
2.3617190608834E-06
-7.13229252259656E-06
6.46257215860697E-06
5.48480898425752E-06
-2.32926829268293E-06
4.93598581839672E-06
-4.6849446849447E-06
1.0954712362301E-06
2.86309161080642E-06
3.23585263957465E-06
2.81183069862313E-06
-3.05839855508728E-06
1.28802464381979E-06
1.45657148542432E-06
5.72938894277401E-06
-9.41515058073776E-07
-8.62120756984086E-07
1.2018951846838E-06
-2.16698406334569E-06
6.71974201350397E-06
1.42056822729116E-07
-7.62318840579707E-07
6.78957280206131E-07
2.31094552411644E-06
-3.8247168882324E-06
8.20599325262938E-07
1.13664472371833E-05
-1.55992772535636E-06
-1.89661798616447E-06
7.70374776918485E-07
-4.49747968316018E-06
8.44216237163343E-06
9.59630724379444E-07
3.83052703364678E-06
3.95008061389012E-06
-3.86866552773369E-06
8.41841724367246E-06
-2.89668711656441E-06
-2.13378304687656E-06
8.03840006353682E-06
-3.25535400351609E-06
-4.1534970321664E-06
2.40128415819371E-06
1.15688493235733E-05
3.29950013743676E-06
-6.87451717198691E-06
5.80780138546654E-06
6.00534829543592E-06
-2.67210537989029E-06
-5.5458760298851E-06
-6.49581776116748E-07
1.14122011459198E-05
-1.16460104476085E-06
-7.10606638687522E-07
-6.44444444444428E-07
-4.35425101214575E-06
1.13031133738007E-05
1.79214960553221E-07
-2.03601391446729E-07
6.57253654171228E-06
6.99893955461292E-06
-6.70678668959239E-06
5.09890997174002E-06
-3.29314169962383E-06
5.90232281119712E-06
1.16131970448335E-05
-5.83062530773019E-06
-2.99595939686622E-07
7.35862417804755E-06
6.01882666159552E-06
-7.54772393538912E-06
-2.20950200343445E-06
1.25075225677031E-05
1.49661239761352E-06
-5.09026687598118E-06
1.07398107011783E-05
4.25555897120607E-06
-3.46687980817263E-06
4.91654744873631E-06
5.01074388621709E-06
-8.37862137862136E-06
8.60204578665372E-07
8.98555057299446E-06
9.23015794179002E-06
2.71865745310957E-06
4.3096919455532E-06
2.72664632345705E-07
-3.87686062246282E-06
4.60604204939784E-06
8.41445057701962E-06
7.74990569596378E-06
1.11703217872515E-06
1.50812763395543E-06
1.37480392156864E-05
-5.56405728860111E-06
-2.09115550647524E-06
1.03976319684263E-05
2.9433509841143E-06
1.66970273245922E-05
-1.23762376237627E-06
8.57560778775346E-06
4.08523804770935E-06
4.37861696910247E-06
6.26645392899879E-06
9.96786180576481E-06
3.60988957295026E-06
2.25119413338618E-05
-6.49223524696924E-06
8.62347286200682E-06
1.00347048644491E-05
-1.03458830731558E-06
1.87801624711664E-05
9.4286123032904E-06
2.63387755102038E-06
1.13992645635767E-06
1.14335189873418E-05
1.92882078343819E-05
1.28758365019012E-05
1.05353031074885E-06
1.47065583634176E-05
1.02335922330098E-05
7.17931793179316E-06
2.00412557858724E-05
9.27242855720402E-06
2.10225923798583E-05
-3.46611721611723E-06
1.38332492686371E-05
4.12752586290246E-06
1.1182162054549E-05
1.64024510772881E-05
1.1913561847988E-05
8.4345533813242E-06
7.77410575427681E-06
1.44036787974682E-05
1.85030549898169E-06
2.68601056934889E-05
2.78079451271794E-06
-1.83160252494403E-06
2.00693240901212E-05
1.13692001138628E-05
2.94844949646027E-06
1.21753507014028E-05
6.5059405940594E-06
8.51612903225816E-06
1.20619554695061E-05
1.41129032258059E-07
9.12148594377506E-06
-1.30078124999998E-06
1.15446428571427E-05
5.53319919517112E-06
8.69261477045941E-07
1.10933333333333E-05
9.31888544891606E-07
1.0635282457879E-05
5.5313404050145E-06
-2.45204081632654E-06
1.50666666666668E-05
1.50666666666668E-05
dMdT Data
0
0
0
0
0
0
0
0
0
0
0
0
0
0
0
0
0
0
0
0
0
0
0
0
0
0
0
0
0
0
0
0
0
0
0
0
0
0
0
0
0
0
0
0
0
0
0
0
0
0
0
0
0
0
0
0
0
0
0
0
0
0
0
0
0
0
0
0
0
0
0
0
0
0
0
0
0
0
0
0
0
0
0
0
0
0
0
0
0
0
0
0
0
0
0
0
0
0
0
0
0
0
0
0
0
0
0
0
0
0
0
0
0
0
0
0
0
0
0
0
0
0
0
0
0
0
0
0
0
0
0
0
0
0
0
0
0
0
0
0
0
0
0
0
0
0
0
0
0
0
0
0
0
0
0
0
0
0
0
0
0
0
0
0
0
0
0
0
0
0
0
0
0
0
0
0
0
0
0
0
0
0
0
0
0
0
0
0
0
0
0
0
0
0
0
0
0
0
0
0
0
0
0
0
0
0
0
0
0
0
0
0
0
0
0
0
0
0
0
0
0
0
0
0
0
0
0
0
0
0
0
0
0
0
0
0
0
0
0
0
0
0
0
0
0
0
0
0
0
0
0
0
0
0
0
0
0
0
0
0
0
0
0
0
0
0
0
0
0
0
0
0
0
0
0
0
0
0
0
0
0
0
0
0
0
0
0
0
0
0
0
0
0
 
*********************************************** Results ***************************************
 
TotalArea 0
AreaFirstQuad 0
AreaSecondQuad 0
AreaThirdQuad 0
AreaFourthQuad 0
Coercivity 0
PositiveCoercivity 0
NegativeCoercivity 0
Retentivity 1.02806207299364E-03
PositiveRetentivity -1.05574277777772E-03
NegativeRetentivity -3.11186692376501E-03
Magnetization 0.00394164
PositiveMagnetization 0.00336234
NegativeMagnetization -0.00452094
Flatness 4.02692512982555
Squareness 0.260820895108037
SStar 0
SFD1 0
SFD2 0
Slope 0
Intercept 0
SlopeAtHc 1.50666666666668E-05
dH1 264.358818769789
dH2 33.0580000000001
InitialSlope 1.94444444444448E-06
FieldAtHalfMs 940.57524300245
FieldAtMs 1161.6
MomentMean -2.66892840955631E-03
MomentRMS 2.05965708376295E-03
SFD3 0
dH3 528.717637539579
UserField1 0
UserField2 0
CenterField 0
ExchangeField 0
ExchangeMoment 0
ExRegionOneIntercept 0
ExRegionOneSlope 0
ExRegionTwoIntercept 0
ExRegionTwoSlope 0
NegativeIntercept 0
NegativeSlope 0
AutoCenterOffset 0
PinningField 0
PinningMoment 0
PinRegionOneIntercept 0
PinRegionOneSlope 0
PinRegionTwoIntercept 0
PinRegionTwoSlope 0
PositiveIntercept 0
PositiveSlope 0
TotalOffset 0
BHMax 0
BCoercivity 0
BRetentivity 0
BNegativeCoercivity 0
BPositiveCoercivity 0
BNegativeRetentivity 0
BPositiveRetentivity 0
MomentYMean -6.11241225255973E-03
MomentYRMS 2.99482755885862E-04
YOffCorrection 0
Mrt 0
Ms1 0
Ms2 0
Ms3 0
Hc2 0
Hex2 0
HsatValue 0
HsatIntercept 0
HsatSlope 0
CenterH 0
Span .00788328
SpanAsPercentOfRange -148.741132075472
RMSAsPercentOfRange -38.8614544106217
SpanAsPercentOfMean -295.372478773626
RMSAsPercentOfMean -77.1716871980598
