Version 1.25
******************************************** Units *******************************************
System CGS
TemperatureUnit K
MomentUnit emu
AppliedFieldUnit G
 
******************************************** Setup ********************************************
 
Experiment CustomField
Minor False
Acquisition Continuous
EditedPoint No
MaxField 15000
FieldIncrement 100
Points 263
MinField 0
RampRate 10
AverageTime 0.3
TimeInterval 0
TimeConstant 0.1
TimeConstantIndex 0
Sensitivity -0.0053
SensitivityIndex 5
SensitivityY -400
SensitivityIndexY 0
SaturationField 8000
ExperimentTime 100
Use735Domains True
AutoRangeEnabled False
NumberOfVertices 2
VertexPts
0
262
VertexField
-224.2272
2424.2272
StartAngle 0
EndAngle 0
AngleIncrement 0
StartTemp 0
FinishTemp 0
TempIncrement 0
TempPoints 0
LengthofSetPointsArray 263
SetPointArray
-224.22723
-214.11863
-204.01003
-193.90142
-183.79282
-173.68421
-163.57561
-153.467
-143.3584
-133.24979
-123.14119
-113.03258
-102.92398
-92.81537
-82.70677
-72.59816
-62.48956
-52.38095
-42.27235
-32.16374
-22.05514
-11.94653
-1.83793
8.27068
18.37928
28.48789
38.59649
48.7051
58.8137
68.92231
79.03091
89.13952
99.24812
109.35673
119.46533
129.57393
139.68254
149.79114
159.89975
170.00835
180.11696
190.22556
200.33417
210.44277
220.55138
230.65998
240.76859
250.87719
260.9858
271.0944
281.20301
291.31161
301.42022
311.52882
321.63743
331.74603
341.85464
351.96324
362.07185
372.18045
382.28906
392.39766
402.50627
412.61487
422.72348
432.83208
442.94069
453.04929
463.15789
473.2665
483.3751
493.48371
503.59231
513.70092
523.80952
533.91813
544.02673
554.13534
564.24394
574.35255
584.46115
594.56976
604.67836
614.78697
624.89557
635.00418
645.11278
655.22139
665.32999
675.4386
685.5472
695.65581
705.76441
715.87302
725.98162
736.09023
746.19883
756.30744
766.41604
776.52464
786.63325
796.74185
806.85046
816.95906
827.06767
837.17627
847.28488
857.39348
867.50209
877.61069
887.7193
897.8279
907.93651
918.04511
928.15372
938.26232
948.37093
958.47953
968.58814
978.69674
988.80535
998.91395
1009.02256
1019.13116
1029.23977
1039.34837
1049.45698
1059.56558
1069.67419
1079.78279
1089.8914
1100
1110.1086
1120.21721
1130.32581
1140.43442
1150.54302
1160.65163
1170.76023
1180.86884
1190.97744
1201.08605
1211.19465
1221.30326
1231.41186
1241.52047
1251.62907
1261.73768
1271.84628
1281.95489
1292.06349
1302.1721
1312.2807
1322.38931
1332.49791
1342.60652
1352.71512
1362.82373
1372.93233
1383.04094
1393.14954
1403.25815
1413.36675
1423.47536
1433.58396
1443.69256
1453.80117
1463.90977
1474.01838
1484.12698
1494.23559
1504.34419
1514.4528
1524.5614
1534.67001
1544.77861
1554.88722
1564.99582
1575.10443
1585.21303
1595.32164
1605.43024
1615.53885
1625.64745
1635.75606
1645.86466
1655.97327
1666.08187
1676.19048
1686.29908
1696.40769
1706.51629
1716.6249
1726.7335
1736.84211
1746.95071
1757.05931
1767.16792
1777.27652
1787.38513
1797.49373
1807.60234
1817.71094
1827.81955
1837.92815
1848.03676
1858.14536
1868.25397
1878.36257
1888.47118
1898.57978
1908.68839
1918.79699
1928.9056
1939.0142
1949.12281
1959.23141
1969.34002
1979.44862
1989.55723
1999.66583
2009.77444
2019.88304
2029.99165
2040.10025
2050.20886
2060.31746
2070.42607
2080.53467
2090.64327
2100.75188
2110.86048
2120.96909
2131.07769
2141.1863
2151.2949
2161.40351
2171.51211
2181.62072
2191.72932
2201.83793
2211.94653
2222.05514
2232.16374
2242.27235
2252.38095
2262.48956
2272.59816
2282.70677
2292.81537
2302.92398
2313.03258
2323.14119
2333.24979
2343.3584
2353.467
2363.57561
2373.68421
2383.79282
2393.90142
2404.01003
2414.11863
2424.22723
FieldDomainFile C:\IDEASVSM\Default UserID\Experiments\FORCexp0132B\fdomain.ini
TempDomainFile C:\IDEASVSM\Default UserID\Experiments\FORCexp0132B\tdomain.ini
NumSelectedResults 0
ResultsSelected 
UserName1 
UserValue1 
UserName2 
UserValue2 
LinearBackgroundCorrection Off
MaxLinearFieldCorrection 
MinLinearFieldCorrection 
AutoLinearCorrection Off
FitOneRegion Off
BackgroundMode Off
BackgroundFilename 
AutoCenter Off
OffsetCorrection 
SmoothDeriv Off
DerivOrder 0
DerivPoints 0
MinExFieldOne 
MaxExFieldOne 
MinExFieldTwo 
MaxExFieldTwo 
MinPinFieldOne 
MaxPinFieldOne 
MinPinFieldTwo 
MaxPinFieldTwo 
HCenterStart 
Mass 
Volume 
Density 
MolarWeight 
NumberOfMoles 
Demagnetization 
SampleArea 
Thickness 
MomentScaling 0
XAxis 0
YAxis 0
SimpleSpinValve False
HsatMax 0
HsatMin 0
FieldAutoRange False
 
*************************************************** Experiment Data ********************************************
 
DataPoints 263
MomentX Data
0.0027638
0.00277445
0.00275452
0.00279773
0.00279642
0.00288506
0.00284034
0.00283788
0.00286753
0.00285965
0.00287493
0.00290857
0.00293464
0.00293286
0.00297438
0.00298565
0.00300087
0.00300512
0.00303121
0.00306571
0.00305199
0.0030635
0.00310827
0.00307976
0.00312329
0.00311591
0.00315028
0.00314342
0.00319669
0.00317724
0.00321696
0.00317702
0.00319544
0.00325138
0.00322206
0.00327296
0.00328399
0.00325958
0.0032972
0.00327718
0.00332472
0.00329648
0.00334369
0.0033576
0.00338891
0.0033845
0.00341152
0.00341601
0.00339758
0.00342859
0.00342032
0.00345116
0.00346583
0.00346891
0.00350482
0.00347945
0.00348839
0.00351161
0.00354276
0.00355001
0.00356221
0.00356365
0.00361824
0.00359695
0.0036082
0.00359769
0.00361927
0.00363257
0.00365412
0.00369407
0.0036881
0.00368394
0.00368004
0.00369101
0.00372479
0.00370631
0.00373045
0.00374272
0.00380326
0.00378422
0.00380646
0.00380432
0.00377791
0.00380182
0.00382589
0.00383389
0.00385937
0.00383647
0.00385419
0.00386817
0.00386451
0.00392455
0.00387498
0.00390669
0.00392415
0.00393024
0.00389027
0.00392932
0.00392054
0.00397741
0.00398395
0.00392669
0.00393319
0.00396077
0.00400829
0.00401513
0.00400724
0.00400062
0.00403566
0.0040034
0.00401655
0.00402176
0.00402102
0.00405299
0.00406738
0.00405066
0.00406408
0.00411293
0.00411335
0.00410789
0.00416537
0.00411933
0.00412729
0.00410378
0.00420019
0.00415342
0.00419021
0.00413818
0.00418858
0.00418384
0.00420397
0.00428218
0.00422563
0.00423323
0.00423361
0.00417837
0.00420311
0.00418969
0.00420372
0.00431191
0.00426197
0.00433496
0.0042862
0.00425784
0.00427561
0.00432929
0.00434691
0.00435948
0.004324
0.00433382
0.00433731
0.00430415
0.00434213
0.0043463
0.00433747
0.00434753
0.00436335
0.00433223
0.00438416
0.00436355
0.0044085
0.00444599
0.00442191
0.00437412
0.00443408
0.00444014
0.00443018
0.00436422
0.00439057
0.00444767
0.00441267
0.00445374
0.00442219
0.00439058
0.00448685
0.00439693
0.00444814
0.00450288
0.00447665
0.00454801
0.0045311
0.0045352
0.00446616
0.00452939
0.00446097
0.00447809
0.00451806
0.00457828
0.00452533
0.00458338
0.00458903
0.00457427
0.00454039
0.00455669
0.00451891
0.0045358
0.00450362
0.00451652
0.00459598
0.00455688
0.00455581
0.0046493
0.00457246
0.00459512
0.00466846
0.00460402
0.00456446
0.0046142
0.00462895
0.00466407
0.0046566
0.00464448
0.00467376
0.00468598
0.00463685
0.00468637
0.00471368
0.00467626
0.00469452
0.00462238
0.00464962
0.00467259
0.00464627
0.00469266
0.00468029
0.00470753
0.00472722
0.00471261
0.00466292
0.00467433
0.0047663
0.00478759
0.00476143
0.00474112
0.00472876
0.0047755
0.00478408
0.00475568
0.00475905
0.00473742
0.00472658
0.00468229
0.00465107
0.00470867
0.00470703
0.00479073
0.00481667
0.00482356
0.0047794
0.00477426
0.00480145
0.00476969
0.00473227
0.00481473
0.00480107
0.00481363
0.0047777
0.00481136
0.00482494
0.00476438
0.0047791
0.00477866
0.00476467
MomentY Data
-0.00688235
-0.00689824
-0.00670751
-0.00670751
-0.0064532
-0.00686646
-0.00642141
-0.00654856
-0.00664393
-0.00677109
-0.00651677
-0.00726382
-0.0070413
-0.00710487
-0.00683467
-0.00724792
-0.00751813
-0.0070413
-0.00689824
-0.00708898
-0.00685056
-0.00658035
-0.00699361
-0.00689824
-0.00708898
-0.00670751
-0.00670751
-0.00691414
-0.00664393
-0.0064532
-0.00715256
-0.00700951
-0.00651677
-0.00699361
-0.00715256
-0.0070413
-0.00716845
-0.00658035
-0.00664393
-0.0070254
-0.00708898
-0.00699361
-0.00667572
-0.00689824
-0.00686646
-0.00705719
-0.0070413
-0.00667572
-0.00724792
-0.00697772
-0.00700951
-0.00694593
-0.0067393
-0.00696182
-0.00700951
-0.00667572
-0.00693003
-0.00661214
-0.00696182
-0.00688235
-0.00724792
-0.00708898
-0.00678698
-0.0064532
-0.00683467
-0.00696182
-0.00693003
-0.00712077
-0.0070413
-0.00710487
-0.00699361
-0.00705719
-0.00729561
-0.0070254
-0.00654856
-0.00651677
-0.00667572
-0.0067393
-0.00724792
-0.00693003
-0.00689824
-0.00680288
-0.00686646
-0.00694593
-0.00680288
-0.00683467
-0.00708898
-0.00680288
-0.00683467
-0.00689824
-0.00683467
-0.00683467
-0.00680288
-0.00691414
-0.00699361
-0.00677109
-0.00683467
-0.0070413
-0.0070413
-0.00680288
-0.00699361
-0.00699361
-0.00724792
-0.00667572
-0.00677109
-0.0073115
-0.00720024
-0.0073115
-0.00686646
-0.0067393
-0.0070413
-0.00693003
-0.00677109
-0.00688235
-0.00715256
-0.00667572
-0.00689824
-0.0067393
-0.0067393
-0.00705719
-0.0070254
-0.00677109
-0.00708898
-0.0073115
-0.0067393
-0.00735919
-0.00705719
-0.0070413
-0.0070413
-0.00697772
-0.00670751
-0.00677109
-0.00694593
-0.00696182
-0.00705719
-0.00699361
-0.00710487
-0.00729561
-0.00708898
-0.00689824
-0.00705719
-0.00708898
-0.0073115
-0.00686646
-0.00712077
-0.00691414
-0.00683467
-0.00691414
-0.00739098
-0.00696182
-0.00689824
-0.00724792
-0.00686646
-0.00693003
-0.00708898
-0.00705719
-0.00694593
-0.00683467
-0.00683467
-0.00715256
-0.00689824
-0.00700951
-0.00686646
-0.00708898
-0.00715256
-0.00680288
-0.00697772
-0.00693003
-0.00696182
-0.0073115
-0.00696182
-0.00697772
-0.00751813
-0.00715256
-0.00718435
-0.00705719
-0.00696182
-0.00724792
-0.0070254
-0.0070413
-0.00699361
-0.00686646
-0.00726382
-0.00681877
-0.00735919
-0.0070254
-0.00705719
-0.00715256
-0.00724792
-0.0070413
-0.00720024
-0.00680288
-0.00710487
-0.00664393
-0.00696182
-0.00700951
-0.00724792
-0.00696182
-0.00710487
-0.00670751
-0.00658035
-0.00686646
-0.00680288
-0.00710487
-0.00699361
-0.00697772
-0.00708898
-0.00705719
-0.00689824
-0.00685056
-0.00710487
-0.00677109
-0.00667572
-0.00658035
-0.00683467
-0.00720024
-0.0070413
-0.0073115
-0.00700951
-0.00689824
-0.00720024
-0.00710487
-0.00688235
-0.00693003
-0.00710487
-0.0070254
-0.00683467
-0.00724792
-0.0070254
-0.00693003
-0.00683467
-0.00685056
-0.00688235
-0.0076135
-0.00708898
-0.0070413
-0.00667572
-0.00694593
-0.0073115
-0.00739098
-0.0073115
-0.00735919
-0.0070413
-0.00699361
-0.00689824
-0.00680288
-0.00680288
-0.00724792
-0.00683467
-0.00699361
-0.00686646
-0.00693003
-0.00689824
-0.00689824
-0.0070413
-0.00686646
-0.00708898
-0.00693003
-0.00693003
-0.00683467
-0.00656446
-0.00713666
-0.00712077
Field Data
-222.315
-214.166
-204.413
-194.311
-184.298
-173.753
-163.953
-154.043
-143.453
-133.56
-123.617
-113.37
-103.23
-93.3548
-83.2835
-72.7697
-63.0593
-52.865
-42.8594
-32.9396
-22.4977
-12.5335
-2.6829
7.6516
17.7341
27.7205
37.5638
48.1999
57.6314
67.8848
78.3235
88.6728
98.6651
108.378
118.258
128.527
138.619
148.6
158.64
168.983
179.06
189.023
199.097
209.114
219.458
229.37
239.245
249.678
259.63
269.456
279.696
289.935
299.795
309.78
320.024
330.091
340.037
350.344
360.264
370.277
380.326
390.725
400.748
410.755
420.792
430.656
441.063
451.034
460.77
471.279
481.272
491.11
501.421
511.516
521.426
531.469
541.811
551.86
561.821
571.778
581.79
592.286
602.037
612.029
622.178
632.37
642.154
652.447
662.744
672.624
682.487
692.881
702.873
712.988
722.862
733.103
743.333
753.231
763.075
773.517
783.526
793.347
803.383
813.893
823.642
833.659
844.083
853.903
864.296
874.037
883.93
894.493
904.255
914.244
924.45
934.64
944.474
954.47
964.754
974.819
984.716
995.037
1005.12
1015.32
1025.25
1035.22
1045.41
1055.42
1065.41
1075.43
1085.67
1095.73
1105.65
1115.93
1125.93
1135.88
1145.98
1156.26
1166.31
1176.02
1186.52
1196.39
1206.69
1216.57
1226.42
1236.92
1246.81
1256.71
1266.99
1277.12
1287
1296.9
1307.47
1317.24
1327.2
1337.68
1347.49
1357.72
1367.78
1377.68
1387.93
1397.82
1407.8
1417.94
1428.31
1438.15
1447.94
1458.51
1468.37
1478.72
1488.33
1498.63
1508.92
1518.79
1528.61
1538.91
1548.94
1559
1568.97
1579.39
1589.21
1599.11
1609.56
1619.43
1629.77
1639.56
1649.53
1659.94
1669.8
1679.77
1689.92
1699.92
1709.79
1719.96
1730.43
1740.24
1750.02
1760.55
1770.53
1780.76
1790.63
1800.37
1810.71
1820.81
1830.91
1840.87
1851.26
1861.08
1871
1881.5
1891.24
1901.27
1911.46
1921.59
1931.87
1941.75
1951.62
1961.78
1972.05
1981.78
1991.96
2002.15
2012.18
2022.07
2032.41
2042.45
2052.34
2062.45
2072.71
2082.8
2092.72
2102.86
2112.79
2123.15
2132.95
2142.87
2153.4
2163.23
2173.09
2183.13
2193.61
2203.65
2213.55
2223.54
2233.63
2243.94
2253.77
2263.72
2274.19
2284.07
2293.93
2304.29
2314.29
2324.22
2334.26
2344.76
2354.49
2364.42
2374.74
2384.78
2394.9
2404.91
2414.72
Time Data
0
0.3
0.6
0.9
1.2
1.5
1.8
2.1
2.4
2.7
3
3.3
3.6
3.9
4.2
4.5
4.8
5.1
5.4
5.7
6
6.3
6.6
6.9
7.2
7.5
7.8
8.1
8.4
8.7
9
9.3
9.6
9.9
10.2
10.5
10.8
11.1
11.4
11.7
12
12.3
12.6
12.9
13.2
13.5
13.8
14.1
14.4
14.7
15
15.3
15.6
15.9
16.2
16.5
16.8
17.1
17.4
17.7
18
18.3
18.6
18.9
19.2
19.5
19.8
20.1
20.4
20.7
21
21.3
21.6
21.9
22.2
22.5
22.8
23.1
23.4
23.7
24
24.3
24.6
24.9
25.2
25.5
25.8
26.1
26.4
26.7
27
27.3
27.6
27.9
28.2
28.5
28.8
29.1
29.4
29.7
30.0000000000001
30.3000000000001
30.6000000000001
30.9000000000001
31.2000000000001
31.5000000000001
31.8000000000001
32.1000000000001
32.4
32.7
33
33.3
33.6
33.9
34.2
34.5
34.8
35.1
35.4
35.7
36
36.3
36.6
36.9
37.2
37.5
37.8
38.1
38.4
38.7
39
39.3
39.6
39.9
40.2
40.5
40.8
41.1
41.4
41.7
42
42.3
42.6
42.8999999999999
43.1999999999999
43.4999999999999
43.7999999999999
44.0999999999999
44.3999999999999
44.6999999999999
44.9999999999999
45.2999999999999
45.5999999999999
45.8999999999999
46.1999999999999
46.4999999999999
46.7999999999999
47.0999999999999
47.3999999999999
47.6999999999999
47.9999999999999
48.2999999999999
48.5999999999999
48.8999999999999
49.1999999999999
49.4999999999999
49.7999999999999
50.0999999999999
50.3999999999999
50.6999999999999
50.9999999999999
51.2999999999999
51.5999999999999
51.8999999999999
52.1999999999999
52.4999999999999
52.7999999999999
53.0999999999999
53.3999999999998
53.6999999999998
53.9999999999998
54.2999999999998
54.5999999999998
54.8999999999998
55.1999999999998
55.4999999999998
55.7999999999998
56.0999999999998
56.3999999999998
56.6999999999998
56.9999999999998
57.2999999999998
57.5999999999998
57.8999999999998
58.1999999999998
58.4999999999998
58.7999999999998
59.0999999999998
59.3999999999998
59.6999999999998
59.9999999999998
60.2999999999998
60.5999999999998
60.8999999999998
61.1999999999998
61.4999999999998
61.7999999999998
62.0999999999998
62.3999999999998
62.6999999999998
62.9999999999998
63.2999999999998
63.5999999999998
63.8999999999998
64.1999999999997
64.4999999999997
64.7999999999997
65.0999999999997
65.3999999999997
65.6999999999997
65.9999999999997
66.2999999999997
66.5999999999997
66.8999999999997
67.1999999999997
67.4999999999997
67.7999999999997
68.0999999999997
68.3999999999997
68.6999999999997
68.9999999999997
69.2999999999997
69.5999999999997
69.8999999999997
70.1999999999997
70.4999999999997
70.7999999999997
71.0999999999997
71.3999999999997
71.6999999999997
71.9999999999997
72.2999999999997
72.5999999999997
72.8999999999997
73.1999999999997
73.4999999999997
73.7999999999997
74.0999999999997
74.3999999999997
74.6999999999996
74.9999999999996
75.2999999999996
75.5999999999996
75.8999999999996
76.1999999999996
76.4999999999996
76.7999999999996
77.0999999999996
77.3999999999996
77.6999999999996
77.9999999999996
78.2999999999996
78.5999999999996
Temperature Data
0
0
0
0
0
0
0
0
0
0
0
0
0
0
0
0
0
0
0
0
0
0
0
0
0
0
0
0
0
0
0
0
0
0
0
0
0
0
0
0
0
0
0
0
0
0
0
0
0
0
0
0
0
0
0
0
0
0
0
0
0
0
0
0
0
0
0
0
0
0
0
0
0
0
0
0
0
0
0
0
0
0
0
0
0
0
0
0
0
0
0
0
0
0
0
0
0
0
0
0
0
0
0
0
0
0
0
0
0
0
0
0
0
0
0
0
0
0
0
0
0
0
0
0
0
0
0
0
0
0
0
0
0
0
0
0
0
0
0
0
0
0
0
0
0
0
0
0
0
0
0
0
0
0
0
0
0
0
0
0
0
0
0
0
0
0
0
0
0
0
0
0
0
0
0
0
0
0
0
0
0
0
0
0
0
0
0
0
0
0
0
0
0
0
0
0
0
0
0
0
0
0
0
0
0
0
0
0
0
0
0
0
0
0
0
0
0
0
0
0
0
0
0
0
0
0
0
0
0
0
0
0
0
0
0
0
0
0
0
0
0
0
0
0
0
0
0
0
0
0
0
0
0
0
0
0
0
0
0
0
0
0
0
Angle Data
0
0
0
0
0
0
0
0
0
0
0
0
0
0
0
0
0
0
0
0
0
0
0
0
0
0
0
0
0
0
0
0
0
0
0
0
0
0
0
0
0
0
0
0
0
0
0
0
0
0
0
0
0
0
0
0
0
0
0
0
0
0
0
0
0
0
0
0
0
0
0
0
0
0
0
0
0
0
0
0
0
0
0
0
0
0
0
0
0
0
0
0
0
0
0
0
0
0
0
0
0
0
0
0
0
0
0
0
0
0
0
0
0
0
0
0
0
0
0
0
0
0
0
0
0
0
0
0
0
0
0
0
0
0
0
0
0
0
0
0
0
0
0
0
0
0
0
0
0
0
0
0
0
0
0
0
0
0
0
0
0
0
0
0
0
0
0
0
0
0
0
0
0
0
0
0
0
0
0
0
0
0
0
0
0
0
0
0
0
0
0
0
0
0
0
0
0
0
0
0
0
0
0
0
0
0
0
0
0
0
0
0
0
0
0
0
0
0
0
0
0
0
0
0
0
0
0
0
0
0
0
0
0
0
0
0
0
0
0
0
0
0
0
0
0
0
0
0
0
0
0
0
0
0
0
0
0
0
0
0
0
0
0
Bx Data
0
0
0
0
0
0
0
0
0
0
0
0
0
0
0
0
0
0
0
0
0
0
0
0
0
0
0
0
0
0
0
0
0
0
0
0
0
0
0
0
0
0
0
0
0
0
0
0
0
0
0
0
0
0
0
0
0
0
0
0
0
0
0
0
0
0
0
0
0
0
0
0
0
0
0
0
0
0
0
0
0
0
0
0
0
0
0
0
0
0
0
0
0
0
0
0
0
0
0
0
0
0
0
0
0
0
0
0
0
0
0
0
0
0
0
0
0
0
0
0
0
0
0
0
0
0
0
0
0
0
0
0
0
0
0
0
0
0
0
0
0
0
0
0
0
0
0
0
0
0
0
0
0
0
0
0
0
0
0
0
0
0
0
0
0
0
0
0
0
0
0
0
0
0
0
0
0
0
0
0
0
0
0
0
0
0
0
0
0
0
0
0
0
0
0
0
0
0
0
0
0
0
0
0
0
0
0
0
0
0
0
0
0
0
0
0
0
0
0
0
0
0
0
0
0
0
0
0
0
0
0
0
0
0
0
0
0
0
0
0
0
0
0
0
0
0
0
0
0
0
0
0
0
0
0
0
0
0
0
0
0
0
0
Hint Data
0
0
0
0
0
0
0
0
0
0
0
0
0
0
0
0
0
0
0
0
0
0
0
0
0
0
0
0
0
0
0
0
0
0
0
0
0
0
0
0
0
0
0
0
0
0
0
0
0
0
0
0
0
0
0
0
0
0
0
0
0
0
0
0
0
0
0
0
0
0
0
0
0
0
0
0
0
0
0
0
0
0
0
0
0
0
0
0
0
0
0
0
0
0
0
0
0
0
0
0
0
0
0
0
0
0
0
0
0
0
0
0
0
0
0
0
0
0
0
0
0
0
0
0
0
0
0
0
0
0
0
0
0
0
0
0
0
0
0
0
0
0
0
0
0
0
0
0
0
0
0
0
0
0
0
0
0
0
0
0
0
0
0
0
0
0
0
0
0
0
0
0
0
0
0
0
0
0
0
0
0
0
0
0
0
0
0
0
0
0
0
0
0
0
0
0
0
0
0
0
0
0
0
0
0
0
0
0
0
0
0
0
0
0
0
0
0
0
0
0
0
0
0
0
0
0
0
0
0
0
0
0
0
0
0
0
0
0
0
0
0
0
0
0
0
0
0
0
0
0
0
0
0
0
0
0
0
0
0
0
0
0
0
Torque Data
1.53004964025
1.47736846784
1.37110224163
1.30334297561
1.1893118536
1.19306802438
1.05280943373
1.00875982808
0.95309169029
0.9043467804
0.80558355709
0.8234992734
0.726873399
0.663273717876
0.569215238945
0.527428964024
0.474088015109
0.3722383245
0.295654427456
0.233508165608
0.154121843712
0.082474816725
0.018763156269
-0.052782573184
-0.125716680218
-0.185935530955
-0.251959564138
-0.333260856586
-0.382898987402
-0.43807419136
-0.56021353316
-0.621552878328
-0.642977763727
-0.75795346458
-0.84584744048
-0.9049971651
-0.99368337055
-0.97784001
-1.0539930552
-1.1871731682
-1.2693527588
-1.32195314303
-1.32911582484
-1.44251855936
-1.50689957868
-1.6187076703
-1.6845958185
-1.66678041816
-1.8817774696
-1.88018852032
-1.96053190896
-2.01386821455
-2.0204084435
-2.1566325996
-2.24321142824
-2.20359509052
-2.35646661111
-2.31652357616
-2.50809312048
-2.54837591095
-2.75657242192
-2.7698417105
-2.71986866104
-2.650684166
-2.87597445864
-2.99814955392
-3.05657982189
-3.21170937618
-3.244419801
-3.34837602873
-3.36582867192
-3.4658565809
-3.65817206181
-3.5936045064
-3.41458944656
-3.46346123513
-3.61697852892
-3.719150098
-4.07203366232
-3.96243869334
-4.0133270496
-4.02925058368
-4.13386297902
-4.25111059197
-4.23260227264
-4.3220402679
-4.55221686292
-4.43851864736
-4.52963653448
-4.63992178176
-4.66457342429
-4.73561298427
-4.78156067424
-4.92969885032
-5.05541491182
-4.96390639227
-5.08043575511
-5.3037254403
-5.3730399975
-5.26214332896
-5.47967526886
-5.54835951267
-5.82285571336
-5.43332177796
-5.57695410978
-6.0952977785
-6.07760017992
-6.2433117845
-5.93465391216
-5.8903975541
-6.224016309
-6.19886332479
-6.12279198795
-6.2921471934
-6.612184092
-6.2393949408
-6.51520832576
-6.432459671
-6.5017666322
-6.87948289861
-6.9180237864
-6.73748508033
-7.1252755776
-7.42351218
-6.909467325
-7.6183806718
-7.3776569979
-7.431528846
-7.501871433
-7.5040494196
-7.2821423817
-7.4192864457
-7.6797675045
-7.7689037926
-7.9459019367
-7.9439017268
-8.1420389226
-8.4356220186
-8.2679482638
-8.1124682048
-8.3734970788
-8.4811847822
-8.822713935
-8.3535292422
-8.7330547434
-8.5522380488
-8.5215349027
-8.6890688794
-9.3642977502
-8.8910795584
-8.87803488
-9.399827448
-8.9776904562
-9.1285127172
-9.408494256
-9.4402619192
-9.3595712157
-9.2795681524
-9.3483249326
-9.8539388608
-9.5742742432
-9.7980332682
-9.666602388
-10.0517483012
-10.2160729736
-9.783561872
-10.1033198968
-10.1075180553
-10.2225276334
-10.81166128
-10.3614855606
-10.4570205236
-11.3442567196
-10.8632366024
-10.9820692535
-10.8603802629
-10.7834414708
-11.29950728
-11.022641838
-11.120958807
-11.1143149481
-10.9802248506
-11.6915541192
-11.0425207011
-11.9937870863
-11.518564824
-11.6410466207
-11.8728204464
-12.102576816
-11.827764501
-12.1678295808
-11.5643517696
-12.1478356773
-11.4272938428
-12.0469421826
-12.1982296824
-12.6840049584
-12.256632201
-12.5793854811
-11.9444655076
-11.7829721205
-12.3621685902
-12.3180428448
-12.9366183447
-12.8046704851
-12.8450754164
-13.1235451148
-13.1339951652
-12.90660704
-12.88932864
-13.4370143388
-12.8736702843
-12.7603717512
-12.6447347565
-13.2036939329
-13.98106602
-13.741941906
-14.34355447
-13.8231041955
-13.6707940672
-14.3425900704
-14.2250154705
-13.848527023
-14.0130057621
-14.4400088367
-14.34902823
-14.0270666278
-14.948472604
-14.561616834
-14.433866484
-14.3030506024
-14.4057686016
-14.5409602565
-16.164602525
-15.120439891
-15.088590531
-14.375495448
-15.0256441539
-15.888547535
-16.1354701674
-16.038579515
-16.2170790435
-15.586269615
-15.5505715794
-15.4081158112
-15.2652545472
-15.3321268576
-16.4072614624
-15.5433381673
-15.9738947927
-15.7511785878
-15.9687988287
-15.9645278496
-16.0330273728
-16.436224938
-16.1002007496
-16.6909325202
-16.3855015326
-16.4570194422
-16.2991843226
-15.721225254
-17.1630250006
-17.1946657344
dMdH Data
1.3069088231685E-06
-2.04347380293244E-06
4.27737081765988E-06
-1.30829921102569E-07
8.4058795637743E-06
-4.56326530612248E-06
-2.48234106962634E-07
2.79981114258734E-06
-7.96522793894677E-07
1.5367595293171E-06
3.28291207182591E-06
2.57100591715976E-06
-1.80249513933922E-07
4.12260582049986E-06
1.07192451825219E-06
1.5673916625474E-06
4.16899639994891E-07
2.60753977772446E-06
3.47789269944961E-06
-1.31393711872361E-06
1.15513538467712E-06
4.54490081822427E-06
-2.75872078958825E-06
4.31738160178527E-06
-7.39005046863732E-07
3.4917151768208E-06
-6.44973251473757E-07
5.6480941525738E-06
-1.89693174946845E-06
3.80507151273626E-06
-3.859198206642E-06
1.84341943296337E-06
5.75935096624077E-06
-2.96761133603237E-06
4.95666569286202E-06
1.09294490685691E-06
-2.44564672878468E-06
3.74701195219123E-06
-1.93560862419026E-06
4.71767391088618E-06
-2.83448760413531E-06
4.68632122295014E-06
1.38863931316764E-06
3.02687548337202E-06
-4.44915254237315E-07
2.73620253164557E-06
4.303651873862E-07
-1.85188906752414E-06
3.15591288418482E-06
-8.07617187499989E-07
3.01201289188397E-06
1.48782961460447E-06
3.08462694041055E-07
3.50546661460367E-06
-2.52011522797261E-06
8.98853810577144E-07
2.25283787717085E-06
3.14012096774191E-06
7.24058723659276E-07
1.21405114936809E-06
1.38474853351254E-07
5.4464731118428E-06
-2.12751074248028E-06
1.12085284447548E-06
-1.06549067315491E-06
2.07360430479483E-06
1.33386821783171E-06
2.21343467543139E-06
3.80150347321343E-06
-5.97418192734882E-07
-4.2285017279935E-07
-3.78236834448673E-07
1.0866765725607E-06
3.4086781029263E-06
-1.84008762322015E-06
2.33417134016633E-06
1.22101701661857E-06
6.07770304186326E-06
-1.91222255699509E-06
2.22133439872152E-06
-2.03887195121939E-07
-2.70844015998354E-06
2.39291433146516E-06
2.37166223273231E-06
7.84929356357904E-07
2.60425183973835E-06
-2.22481297969495E-06
1.72088957948918E-06
1.41497975708505E-06
-3.71083848727609E-07
5.77640946700018E-06
-4.96096877501994E-06
3.1349480968858E-06
1.76828033218559E-06
5.94668489405273E-07
-3.90713587487779E-06
3.9452414629218E-06
-8.91913856156019E-07
5.44627466002678E-06
6.53411929263688E-07
-5.83036350677118E-06
6.47668393782336E-07
2.62416745956234E-06
4.87434608677818E-06
6.82839173405143E-07
-7.56907137375288E-07
-6.74134419551902E-07
3.3715000481093E-06
-3.31177497176883E-06
1.32922268270495E-06
4.93231089652583E-07
-7.58041384962043E-08
3.20052057262989E-06
1.4099549284734E-06
-1.64082433758584E-06
1.36465324384788E-06
4.88695478191273E-06
4.08401400233477E-08
-5.4247391952307E-07
5.80782055168225E-06
-4.46080806123435E-06
7.89447585044093E-07
-2.30490196078431E-06
9.70896273917435E-06
-4.69107321965903E-06
3.61040235525023E-06
-5.19780219780218E-06
5.04504504504503E-06
-4.7305389221553E-07
1.96582031249993E-06
7.77435387673965E-06
-5.70060483870962E-06
7.39299610894941E-07
3.79999999999478E-08
-5.5517587939698E-06
2.44950495049512E-06
-1.30544747081713E-06
1.39601990049751E-06
1.11421215242018E-05
-4.75619047619048E-06
7.39513677811535E-06
-4.73398058252422E-06
-2.87044534412966E-06
1.80406091370559E-06
5.11238095238099E-06
1.78159757330634E-06
1.26969696969695E-06
-3.4513618677043E-06
9.69397828233048E-07
3.53238866396679E-07
-3.34949494949491E-06
3.59318826868498E-06
4.26816786079877E-07
-8.86546184738913E-07
9.59923664122063E-07
1.61264016309895E-06
-3.04203323558161E-06
5.16202783300197E-06
-2.08181818181815E-06
4.38536585365856E-06
3.79069767441868E-06
-2.41282565130261E-06
-4.71301775147931E-06
5.78206364513028E-06
6.15853658536621E-07
-1.01736465781417E-06
-6.24030274361399E-06
2.67241379310344E-06
5.51690821256032E-06
-3.64203954214367E-06
3.9873786407767E-06
-3.06608357628767E-06
-3.20263424518752E-06
9.80346232179231E-06
-8.73009708737843E-06
5.10568295114652E-06
5.44135188866804E-06
-2.63089267803404E-06
6.84836852207284E-06
-1.72199592668027E-06
4.14141414141414E-07
-6.60669856459321E-06
6.40628166160074E-06
-6.61702127659584E-06
1.74872318692542E-06
4.00902708124375E-06
5.78482228626314E-06
-5.37018255578094E-06
5.82246740220656E-06
5.56650246305441E-07
-1.47599999999999E-06
-3.43262411347522E-06
1.60275319567357E-06
-3.60840496657117E-06
1.72171253822634E-06
-3.29038854805733E-06
1.22507122507128E-06
7.96192384769537E-06
-3.82209188660803E-06
-1.08409321175249E-07
9.59856262833696E-06
-7.43133462282387E-06
2.24356435643565E-06
7.26138613861375E-06
-6.46987951807239E-06
-3.80750721847928E-06
5.0651731160896E-06
1.48689516129031E-06
3.34476190476195E-06
-7.66940451745366E-07
-1.20837487537388E-06
2.873405299313E-06
1.20631786771969E-06
-4.7791828793775E-06
5.01214574898779E-06
2.76697061803448E-06
-3.68307086614168E-06
1.77799415774099E-06
-7.41418293936279E-06
2.67583497053048E-06
2.25417075564275E-06
-2.62412761714854E-06
4.69059656218412E-06
-1.19632495164411E-06
2.71314741035853E-06
1.99089989888776E-06
-1.44510385756681E-06
-4.84307992202717E-06
1.1308225966303E-06
9.27116935483909E-06
2.0996055226824E-06
-2.63444108761341E-06
-1.96042471042468E-06
-1.2612244897959E-06
4.71169354838706E-06
8.14814814814738E-07
-2.88911495422175E-06
3.41784989858001E-07
-2.15438247011952E-06
-1.03435114503815E-06
-4.4113545816733E-06
-3.15353535353535E-06
5.76576576576586E-06
-1.62537165510384E-07
8.11833171677986E-06
2.63886063072233E-06
6.92462311557786E-07
-4.21776504297989E-06
-5.20242914979734E-07
2.75760649087229E-06
-3.06563706563699E-06
-3.74199999999998E-06
8.3041289023163E-06
-1.3605577689242E-06
1.19619047619048E-06
-3.69270298047293E-06
3.3897280966766E-06
1.31589147286826E-06
-6.03187250995985E-06
1.4545454545454E-06
-4.39560439560439E-08
-1.42609582059117E-06
-1.42609582059117E-06
dMdT Data
0
0
0
0
0
0
0
0
0
0
0
0
0
0
0
0
0
0
0
0
0
0
0
0
0
0
0
0
0
0
0
0
0
0
0
0
0
0
0
0
0
0
0
0
0
0
0
0
0
0
0
0
0
0
0
0
0
0
0
0
0
0
0
0
0
0
0
0
0
0
0
0
0
0
0
0
0
0
0
0
0
0
0
0
0
0
0
0
0
0
0
0
0
0
0
0
0
0
0
0
0
0
0
0
0
0
0
0
0
0
0
0
0
0
0
0
0
0
0
0
0
0
0
0
0
0
0
0
0
0
0
0
0
0
0
0
0
0
0
0
0
0
0
0
0
0
0
0
0
0
0
0
0
0
0
0
0
0
0
0
0
0
0
0
0
0
0
0
0
0
0
0
0
0
0
0
0
0
0
0
0
0
0
0
0
0
0
0
0
0
0
0
0
0
0
0
0
0
0
0
0
0
0
0
0
0
0
0
0
0
0
0
0
0
0
0
0
0
0
0
0
0
0
0
0
0
0
0
0
0
0
0
0
0
0
0
0
0
0
0
0
0
0
0
0
0
0
0
0
0
0
0
0
0
0
0
0
0
0
0
0
0
0
 
*********************************************** Results ***************************************
 
TotalArea 0
AreaFirstQuad 0
AreaSecondQuad 0
AreaThirdQuad 0
AreaFourthQuad 0
Coercivity 0
PositiveCoercivity 0
NegativeCoercivity 0
Retentivity 2.32615964854547E-05
PositiveRetentivity 3.0543454350227E-03
NegativeRetentivity 3.10086862799361E-03
Magnetization 0.00482494
PositiveMagnetization 0.00482494
NegativeMagnetization 0.00275452
Flatness -132.304205063163
Squareness 4.82111621811974E-03
SStar 0
SFD1 0
SFD2 0
Slope 0
Intercept 0
SlopeAtHc -1.42609582059117E-06
dH1 8.89947181971684
dH2 124.8884
InitialSlope 1.3069088231685E-06
FieldAtHalfMs 2414.72
FieldAtMs 2374.74
MomentMean 4.0616097338403E-03
MomentRMS 5.90093953511252E-04
SFD3 0
dH3 17.7989436394337
UserField1 0
UserField2 0
CenterField 0
ExchangeField 0
ExchangeMoment 0
ExRegionOneIntercept 0
ExRegionOneSlope 0
ExRegionTwoIntercept 0
ExRegionTwoSlope 0
NegativeIntercept 0
NegativeSlope 0
AutoCenterOffset 0
PinningField 0
PinningMoment 0
PinRegionOneIntercept 0
PinRegionOneSlope 0
PinRegionTwoIntercept 0
PinRegionTwoSlope 0
PositiveIntercept 0
PositiveSlope 0
TotalOffset 0
BHMax 0
BCoercivity 0
BRetentivity 0
BNegativeCoercivity 0
BPositiveCoercivity 0
BNegativeRetentivity 0
BPositiveRetentivity 0
MomentYMean -6.9592844486692E-03
MomentYRMS 2.06314464508062E-04
YOffCorrection 0
Mrt 0
Ms1 0
Ms2 0
Ms3 0
Hc2 0
Hex2 0
HsatValue 0
HsatIntercept 0
HsatSlope 0
CenterH 0
Span .00207042
SpanAsPercentOfRange -39.0645283018868
RMSAsPercentOfRange -11.1338481794576
SpanAsPercentOfMean 50.975355479129
RMSAsPercentOfMean 14.5285734519183
