Version 1.25
******************************************** Units *******************************************
System CGS
TemperatureUnit K
MomentUnit emu
AppliedFieldUnit G
 
******************************************** Setup ********************************************
 
Experiment CustomField
Minor False
Acquisition Continuous
EditedPoint No
MaxField 15000
FieldIncrement 100
Points 293
MinField 0
RampRate 10
AverageTime 0.3
TimeInterval 0
TimeConstant 0.1
TimeConstantIndex 0
Sensitivity -0.0053
SensitivityIndex 5
SensitivityY -400
SensitivityIndexY 0
SaturationField 8000
ExperimentTime 100
Use735Domains True
AutoRangeEnabled False
NumberOfVertices 2
VertexPts
0
292
VertexField
-1983.1245
968.5881
StartAngle 0
EndAngle 0
AngleIncrement 0
StartTemp 0
FinishTemp 0
TempIncrement 0
TempPoints 0
LengthofSetPointsArray 293
SetPointArray
-1983.12448
-1973.01587
-1962.90727
-1952.79866
-1942.69006
-1932.58145
-1922.47285
-1912.36424
-1902.25564
-1892.14703
-1882.03843
-1871.92982
-1861.82122
-1851.71261
-1841.60401
-1831.49541
-1821.3868
-1811.2782
-1801.16959
-1791.06099
-1780.95238
-1770.84378
-1760.73517
-1750.62657
-1740.51796
-1730.40936
-1720.30075
-1710.19215
-1700.08354
-1689.97494
-1679.86633
-1669.75773
-1659.64912
-1649.54052
-1639.43191
-1629.32331
-1619.2147
-1609.1061
-1598.99749
-1588.88889
-1578.78028
-1568.67168
-1558.56307
-1548.45447
-1538.34586
-1528.23726
-1518.12865
-1508.02005
-1497.91145
-1487.80284
-1477.69424
-1467.58563
-1457.47703
-1447.36842
-1437.25982
-1427.15121
-1417.04261
-1406.934
-1396.8254
-1386.71679
-1376.60819
-1366.49958
-1356.39098
-1346.28237
-1336.17377
-1326.06516
-1315.95656
-1305.84795
-1295.73935
-1285.63074
-1275.52214
-1265.41353
-1255.30493
-1245.19632
-1235.08772
-1224.97911
-1214.87051
-1204.7619
-1194.6533
-1184.5447
-1174.43609
-1164.32749
-1154.21888
-1144.11028
-1134.00167
-1123.89307
-1113.78446
-1103.67586
-1093.56725
-1083.45865
-1073.35004
-1063.24144
-1053.13283
-1043.02423
-1032.91562
-1022.80702
-1012.69841
-1002.58981
-992.4812
-982.3726
-972.26399
-962.15539
-952.04678
-941.93818
-931.82957
-921.72097
-911.61236
-901.50376
-891.39515
-881.28655
-871.17794
-861.06934
-850.96074
-840.85213
-830.74353
-820.63492
-810.52632
-800.41771
-790.30911
-780.2005
-770.0919
-759.98329
-749.87469
-739.76608
-729.65748
-719.54887
-709.44027
-699.33166
-689.22306
-679.11445
-669.00585
-658.89724
-648.78864
-638.68003
-628.57143
-618.46282
-608.35422
-598.24561
-588.13701
-578.0284
-567.9198
-557.81119
-547.70259
-537.59398
-527.48538
-517.37678
-507.26817
-497.15957
-487.05096
-476.94236
-466.83375
-456.72515
-446.61654
-436.50794
-426.39933
-416.29073
-406.18212
-396.07352
-385.96491
-375.85631
-365.7477
-355.6391
-345.53049
-335.42189
-325.31328
-315.20468
-305.09607
-294.98747
-284.87886
-274.77026
-264.66165
-254.55305
-244.44444
-234.33584
-224.22723
-214.11863
-204.01003
-193.90142
-183.79282
-173.68421
-163.57561
-153.467
-143.3584
-133.24979
-123.14119
-113.03258
-102.92398
-92.81537
-82.70677
-72.59816
-62.48956
-52.38095
-42.27235
-32.16374
-22.05514
-11.94653
-1.83793
8.27068
18.37928
28.48789
38.59649
48.7051
58.8137
68.92231
79.03091
89.13952
99.24812
109.35673
119.46533
129.57393
139.68254
149.79114
159.89975
170.00835
180.11696
190.22556
200.33417
210.44277
220.55138
230.65998
240.76859
250.87719
260.9858
271.0944
281.20301
291.31161
301.42022
311.52882
321.63743
331.74603
341.85464
351.96324
362.07185
372.18045
382.28906
392.39766
402.50627
412.61487
422.72348
432.83208
442.94069
453.04929
463.15789
473.2665
483.3751
493.48371
503.59231
513.70092
523.80952
533.91813
544.02673
554.13534
564.24394
574.35255
584.46115
594.56976
604.67836
614.78697
624.89557
635.00418
645.11278
655.22139
665.32999
675.4386
685.5472
695.65581
705.76441
715.87302
725.98162
736.09023
746.19883
756.30744
766.41604
776.52464
786.63325
796.74185
806.85046
816.95906
827.06767
837.17627
847.28488
857.39348
867.50209
877.61069
887.7193
897.8279
907.93651
918.04511
928.15372
938.26232
948.37093
958.47953
968.58814
FieldDomainFile C:\IDEASVSM\Default UserID\Experiments\FORCexp0306B\fdomain.ini
TempDomainFile C:\IDEASVSM\Default UserID\Experiments\FORCexp0306B\tdomain.ini
NumSelectedResults 0
ResultsSelected 
UserName1 
UserValue1 
UserName2 
UserValue2 
LinearBackgroundCorrection Off
MaxLinearFieldCorrection 
MinLinearFieldCorrection 
AutoLinearCorrection Off
FitOneRegion Off
BackgroundMode Off
BackgroundFilename 
AutoCenter Off
OffsetCorrection 
SmoothDeriv Off
DerivOrder 0
DerivPoints 0
MinExFieldOne 
MaxExFieldOne 
MinExFieldTwo 
MaxExFieldTwo 
MinPinFieldOne 
MaxPinFieldOne 
MinPinFieldTwo 
MaxPinFieldTwo 
HCenterStart 
Mass 
Volume 
Density 
MolarWeight 
NumberOfMoles 
Demagnetization 
SampleArea 
Thickness 
MomentScaling 0
XAxis 0
YAxis 0
SimpleSpinValve False
HsatMax 0
HsatMin 0
FieldAutoRange False
 
*************************************************** Experiment Data ********************************************
 
DataPoints 293
MomentX Data
-0.00460146
-0.00459053
-0.00464213
-0.00460848
-0.00458874
-0.00462312
-0.00459348
-0.0045965
-0.00459186
-0.00459652
-0.0046042
-0.00459063
-0.00458192
-0.00454097
-0.00457545
-0.00461814
-0.00459742
-0.0045888
-0.00457948
-0.00457329
-0.00456358
-0.00458639
-0.0045678
-0.00455612
-0.00454607
-0.00454512
-0.00454899
-0.00453224
-0.00453022
-0.00455264
-0.00450782
-0.0045325
-0.00448346
-0.00450548
-0.00448109
-0.004493
-0.00446563
-0.00448494
-0.00448807
-0.00450035
-0.00442868
-0.00444402
-0.0044504
-0.00445241
-0.0044314
-0.00445441
-0.00443664
-0.00443691
-0.00444224
-0.00445297
-0.00442395
-0.00437462
-0.00441904
-0.00440426
-0.00437691
-0.00438997
-0.00438256
-0.00437305
-0.00435983
-0.00432954
-0.0043794
-0.00436221
-0.00432698
-0.00431171
-0.00434654
-0.0042979
-0.00436327
-0.00431868
-0.00430989
-0.00430627
-0.00429898
-0.00426738
-0.00430932
-0.00429419
-0.0042647
-0.00428106
-0.00427394
-0.00427246
-0.00421954
-0.00423066
-0.00423062
-0.00422285
-0.00421981
-0.00422689
-0.00420651
-0.00421213
-0.00420712
-0.00420727
-0.00416846
-0.00415422
-0.00419036
-0.00418845
-0.00420627
-0.00414375
-0.00417219
-0.00413979
-0.00415276
-0.00413012
-0.0040898
-0.00410179
-0.00413084
-0.00410682
-0.00410646
-0.00408939
-0.00406254
-0.00408094
-0.00407737
-0.00407068
-0.00406036
-0.00407809
-0.00402464
-0.00404895
-0.00402762
-0.00404366
-0.00398534
-0.00399957
-0.00397619
-0.00400329
-0.00399893
-0.00400477
-0.00397085
-0.00392043
-0.00390304
-0.00391814
-0.00395035
-0.00394011
-0.00390884
-0.00394315
-0.00391605
-0.0038485
-0.00385329
-0.00384922
-0.00384977
-0.00386365
-0.00382249
-0.00381885
-0.00382245
-0.00378886
-0.00384682
-0.00378097
-0.00378243
-0.00374399
-0.00375067
-0.00376657
-0.00369275
-0.0037509
-0.00373621
-0.00375215
-0.00369343
-0.00368368
-0.00367486
-0.00369168
-0.00367163
-0.00366909
-0.00364316
-0.00365557
-0.00362857
-0.00364596
-0.00356879
-0.00359221
-0.00355567
-0.00362492
-0.00351147
-0.0034973
-0.00346639
-0.00348554
-0.00351736
-0.00344145
-0.00347822
-0.00344352
-0.00346892
-0.00342664
-0.00349416
-0.00343615
-0.00345657
-0.00339429
-0.00336916
-0.003424
-0.00343907
-0.00335426
-0.00339698
-0.00339495
-0.00327339
-0.00332297
-0.00330282
-0.00329154
-0.0032547
-0.0032745
-0.00325629
-0.00318982
-0.00319215
-0.00322405
-0.00322788
-0.00317243
-0.00310398
-0.00316161
-0.00306388
-0.00301882
-0.00310306
-0.00308118
-0.00301697
-0.00300602
-0.00297983
-0.00299333
-0.00295031
-0.00300647
-0.0029113
-0.00290154
-0.00284129
-0.00288765
-0.00281188
-0.00277836
-0.00281409
-0.00288491
-0.00278215
-0.00275048
-0.0027225
-0.00278951
-0.00274572
-0.00273086
-0.0026751
-0.00267938
-0.00262097
-0.00259236
-0.00265322
-0.00264328
-0.00249961
-0.00261129
-0.00246389
-0.00247487
-0.00251192
-0.00249091
-0.00238274
-0.00236036
-0.0023101
-0.00236917
-0.00227225
-0.00227807
-0.00222607
-0.0022897
-0.00214079
-0.0021658
-0.00213314
-0.0021386
-0.0020547
-0.0020406
-0.00206747
-0.00193093
-0.00186614
-0.00182617
-0.00185227
-0.00174963
-0.00166047
-0.00165966
-0.0017034
-0.00157006
-0.00149055
-0.00137316
-0.00131248
-0.00138773
-0.00121757
-0.0011206
-0.00109566
-0.000995044
-0.000995454
-0.000886121
-0.000880097
-0.000785594
-0.00065874
-0.000548165
-0.000432985
-0.000325682
-0.000197512
-0.0000394159
-0.0000350421
0.000112401
0.000190574
0.000227512
0.000387047
0.000552267
0.000729845
0.000808297
0.000835235
0.00101538
0.00113382
0.00119451
0.00130307
0.00149454
0.0015913
0.00167257
0.00170351
0.00187935
0.00202497
MomentY Data
-0.00551542
-0.00610352
-0.00546773
-0.00569026
-0.00572205
-0.00588099
-0.00600815
-0.00578562
-0.00591278
-0.00588099
-0.00619888
-0.00597636
-0.00578562
-0.00603994
-0.00597636
-0.00597636
-0.00530879
-0.00551542
-0.00603994
-0.0061353
-0.00607173
-0.00581741
-0.00561078
-0.00594457
-0.00575384
-0.00591278
-0.00592868
-0.00576973
-0.00607173
-0.00567436
-0.00572205
-0.00567436
-0.00599225
-0.00597636
-0.00581741
-0.00603994
-0.00638962
-0.00610352
-0.00591278
-0.00597636
-0.0058651
-0.00596046
-0.00623067
-0.00581741
-0.00576973
-0.00567436
-0.00616709
-0.00576973
-0.00603994
-0.00591278
-0.00603994
-0.00603994
-0.00597636
-0.00596046
-0.00567436
-0.00557899
-0.00591278
-0.0061353
-0.00610352
-0.00572205
-0.00597636
-0.00588099
-0.00572205
-0.00594457
-0.00588099
-0.00588099
-0.00567436
-0.00599225
-0.00603994
-0.00572205
-0.0061353
-0.00592868
-0.00596046
-0.00623067
-0.0058651
-0.00583331
-0.00578562
-0.00596046
-0.00608762
-0.00540415
-0.00572205
-0.00572205
-0.00589689
-0.00567436
-0.00581741
-0.00607173
-0.00600815
-0.00557899
-0.00619888
-0.00588099
-0.0058651
-0.00600815
-0.00561078
-0.0058492
-0.00567436
-0.00603994
-0.00602404
-0.00616709
-0.00607173
-0.0061353
-0.00581741
-0.00557899
-0.00592868
-0.00581741
-0.00610352
-0.00603994
-0.00589689
-0.00596046
-0.00603994
-0.00578562
-0.00572205
-0.0055631
-0.00581741
-0.00616709
-0.00565847
-0.00576973
-0.00567436
-0.00578562
-0.00589689
-0.0061353
-0.0058651
-0.00611941
-0.00567436
-0.00588099
-0.0061512
-0.0061353
-0.0061353
-0.00597636
-0.00626246
-0.00583331
-0.00567436
-0.00607173
-0.00597636
-0.00623067
-0.00567436
-0.00597636
-0.00578562
-0.00608762
-0.0061512
-0.00603994
-0.00549952
-0.0055631
-0.00607173
-0.00572205
-0.00578562
-0.0061353
-0.0058651
-0.00610352
-0.00626246
-0.0055631
-0.00567436
-0.00572205
-0.00581741
-0.00583331
-0.0061353
-0.00610352
-0.00602404
-0.00578562
-0.00616709
-0.00635783
-0.00623067
-0.00597636
-0.00597636
-0.00599225
-0.00603994
-0.00597636
-0.00602404
-0.00623067
-0.00616709
-0.0061353
-0.00607173
-0.00599225
-0.00591278
-0.00567436
-0.00592868
-0.00616709
-0.00576973
-0.00599225
-0.00567436
-0.00610352
-0.00607173
-0.00624657
-0.0058651
-0.00600815
-0.00603994
-0.00610352
-0.00578562
-0.00619888
-0.00592868
-0.00602404
-0.00588099
-0.00605583
-0.00599225
-0.0061353
-0.00603994
-0.00594457
-0.0061353
-0.00626246
-0.0064532
-0.00623067
-0.00602404
-0.0064532
-0.00581741
-0.00607173
-0.00592868
-0.00603994
-0.00603994
-0.00588099
-0.00599225
-0.00602404
-0.00629425
-0.00600815
-0.00607173
-0.00591278
-0.0061353
-0.00572205
-0.00632604
-0.0061512
-0.00603994
-0.00599225
-0.00642141
-0.00608762
-0.00632604
-0.00607173
-0.00592868
-0.00610352
-0.00629425
-0.00581741
-0.00603994
-0.00623067
-0.00599225
-0.00594457
-0.00618299
-0.00607173
-0.00597636
-0.00632604
-0.00623067
-0.00632604
-0.00635783
-0.00607173
-0.00603994
-0.0061353
-0.00618299
-0.00632604
-0.00626246
-0.00619888
-0.00607173
-0.00607173
-0.00632604
-0.00623067
-0.0061353
-0.00578562
-0.00610352
-0.00610352
-0.00632604
-0.00651677
-0.00648499
-0.00642141
-0.0061353
-0.00607173
-0.00597636
-0.00610352
-0.00619888
-0.00607173
-0.00626246
-0.00638962
-0.00599225
-0.00592868
-0.00623067
-0.00607173
-0.00638962
-0.00642141
-0.00591278
-0.00638962
-0.00658035
-0.00603994
-0.00658035
-0.00669161
-0.00654856
-0.00664393
-0.00642141
-0.00654856
-0.00680288
-0.00667572
-0.00658035
-0.00664393
-0.00661214
-0.00638962
-0.00683467
-0.00677109
-0.00688235
-0.00680288
-0.00688235
Field Data
-1982.03
-1974.61
-1964.84
-1954.86
-1944.47
-1934.57
-1924.45
-1914.21
-1904.17
-1894.41
-1883.92
-1873.93
-1864.05
-1853.77
-1843.47
-1833.67
-1823.65
-1813.17
-1803.14
-1793.19
-1783.27
-1773.17
-1762.71
-1752.84
-1743.04
-1732.78
-1722.56
-1712.46
-1702.48
-1692.28
-1682.22
-1672.13
-1662.19
-1652.09
-1641.74
-1629.75
-1618.55
-1608.11
-1598.27
-1588.45
-1577.94
-1568.02
-1557.9
-1547.73
-1537.89
-1527.46
-1517.59
-1507.64
-1497.65
-1487.15
-1477.25
-1467.4
-1457.06
-1447.03
-1436.94
-1426.87
-1416.8
-1406.84
-1396.55
-1386.5
-1376.31
-1366.29
-1356.39
-1346.29
-1336
-1326.31
-1316.13
-1305.86
-1295.88
-1286.09
-1275.54
-1265.66
-1255.71
-1245.32
-1235.32
-1225.47
-1215.34
-1205.06
-1195.11
-1185.2
-1174.95
-1164.8
-1154.62
-1144.47
-1134.75
-1124.57
-1114.39
-1104.55
-1094.45
-1084.05
-1074.06
-1064.26
-1053.87
-1043.87
-1033.99
-1023.68
-1013.63
-1003.5
-993.51
-983.582
-973.304
-963.255
-953.307
-943.286
-932.867
-923.008
-913.08
-902.64
-892.825
-882.805
-872.447
-862.43
-852.251
-842.399
-832.474
-822.148
-812.045
-802.162
-792.158
-781.797
-771.845
-761.742
-751.588
-741.746
-731.675
-721.559
-711.223
-701.351
-691.39
-681.016
-671.123
-661.135
-650.864
-640.793
-630.711
-620.795
-610.442
-600.587
-590.68
-580.468
-570.27
-560.322
-550.244
-539.915
-530.006
-519.993
-509.784
-499.847
-489.753
-479.626
-469.478
-459.556
-448.286
-435.944
-426.057
-415.868
-405.689
-395.589
-385.458
-375.69
-365.615
-355.176
-345.413
-335.491
-324.918
-315.038
-304.986
-294.894
-285.044
-274.691
-264.675
-254.388
-244.521
-234.627
-224.111
-214.296
-204.352
-194.321
-183.91
-174.1
-164.004
-153.696
-143.621
-133.67
-123.593
-113.573
-103.546
-93.4647
-83.1462
-73.2915
-63.3511
-52.8341
-43.1271
-33.0906
-22.9605
-12.9482
-2.69671
7.47294
17.7203
27.7804
37.7766
47.4963
57.4237
67.8213
78.1948
87.4784
98.1074
108.016
118.053
128.548
138.415
148.341
158.663
168.575
178.578
188.897
198.884
208.661
219.096
229.084
238.951
249.256
259.25
269.226
279.252
289.569
299.551
309.527
319.981
329.77
340.183
349.83
359.914
370.388
380.18
390.049
400.434
410.401
420.365
430.326
440.916
450.625
460.469
470.941
480.934
491.367
501.046
510.919
521.464
531.258
541.282
551.492
561.6
571.5
581.531
591.933
601.9
611.639
621.951
632.075
642.334
652.181
662.156
672.401
682.492
692.43
702.471
712.871
722.658
732.672
743.19
752.96
763.111
773.191
783.255
793.215
803.128
813.498
823.51
833.365
843.683
853.73
863.726
873.694
884.172
894.033
903.802
914.625
924.153
934.086
944.296
954.592
964.098
Time Data
0
0.3
0.6
0.9
1.2
1.5
1.8
2.1
2.4
2.7
3
3.3
3.6
3.9
4.2
4.5
4.8
5.1
5.4
5.7
6
6.3
6.6
6.9
7.2
7.5
7.8
8.1
8.4
8.7
9
9.3
9.6
9.9
10.2
10.5
10.8
11.1
11.4
11.7
12
12.3
12.6
12.9
13.2
13.5
13.8
14.1
14.4
14.7
15
15.3
15.6
15.9
16.2
16.5
16.8
17.1
17.4
17.7
18
18.3
18.6
18.9
19.2
19.5
19.8
20.1
20.4
20.7
21
21.3
21.6
21.9
22.2
22.5
22.8
23.1
23.4
23.7
24
24.3
24.6
24.9
25.2
25.5
25.8
26.1
26.4
26.7
27
27.3
27.6
27.9
28.2
28.5
28.8
29.1
29.4
29.7
30.0000000000001
30.3000000000001
30.6000000000001
30.9000000000001
31.2000000000001
31.5000000000001
31.8000000000001
32.1000000000001
32.4
32.7
33
33.3
33.6
33.9
34.2
34.5
34.8
35.1
35.4
35.7
36
36.3
36.6
36.9
37.2
37.5
37.8
38.1
38.4
38.7
39
39.3
39.6
39.9
40.2
40.5
40.8
41.1
41.4
41.7
42
42.3
42.6
42.8999999999999
43.1999999999999
43.4999999999999
43.7999999999999
44.0999999999999
44.3999999999999
44.6999999999999
44.9999999999999
45.2999999999999
45.5999999999999
45.8999999999999
46.1999999999999
46.4999999999999
46.7999999999999
47.0999999999999
47.3999999999999
47.6999999999999
47.9999999999999
48.2999999999999
48.5999999999999
48.8999999999999
49.1999999999999
49.4999999999999
49.7999999999999
50.0999999999999
50.3999999999999
50.6999999999999
50.9999999999999
51.2999999999999
51.5999999999999
51.8999999999999
52.1999999999999
52.4999999999999
52.7999999999999
53.0999999999999
53.3999999999998
53.6999999999998
53.9999999999998
54.2999999999998
54.5999999999998
54.8999999999998
55.1999999999998
55.4999999999998
55.7999999999998
56.0999999999998
56.3999999999998
56.6999999999998
56.9999999999998
57.2999999999998
57.5999999999998
57.8999999999998
58.1999999999998
58.4999999999998
58.7999999999998
59.0999999999998
59.3999999999998
59.6999999999998
59.9999999999998
60.2999999999998
60.5999999999998
60.8999999999998
61.1999999999998
61.4999999999998
61.7999999999998
62.0999999999998
62.3999999999998
62.6999999999998
62.9999999999998
63.2999999999998
63.5999999999998
63.8999999999998
64.1999999999997
64.4999999999997
64.7999999999997
65.0999999999997
65.3999999999997
65.6999999999997
65.9999999999997
66.2999999999997
66.5999999999997
66.8999999999997
67.1999999999997
67.4999999999997
67.7999999999997
68.0999999999997
68.3999999999997
68.6999999999997
68.9999999999997
69.2999999999997
69.5999999999997
69.8999999999997
70.1999999999997
70.4999999999997
70.7999999999997
71.0999999999997
71.3999999999997
71.6999999999997
71.9999999999997
72.2999999999997
72.5999999999997
72.8999999999997
73.1999999999997
73.4999999999997
73.7999999999997
74.0999999999997
74.3999999999997
74.6999999999996
74.9999999999996
75.2999999999996
75.5999999999996
75.8999999999996
76.1999999999996
76.4999999999996
76.7999999999996
77.0999999999996
77.3999999999996
77.6999999999996
77.9999999999996
78.2999999999996
78.5999999999996
78.8999999999996
79.1999999999996
79.4999999999996
79.7999999999996
80.0999999999996
80.3999999999996
80.6999999999996
80.9999999999996
81.2999999999996
81.5999999999996
81.8999999999996
82.1999999999996
82.4999999999996
82.7999999999996
83.0999999999996
83.3999999999996
83.6999999999996
83.9999999999996
84.2999999999996
84.5999999999996
84.8999999999996
85.1999999999995
85.4999999999995
85.7999999999995
86.0999999999995
86.3999999999995
86.6999999999995
86.9999999999995
87.2999999999995
87.5999999999995
Temperature Data
0
0
0
0
0
0
0
0
0
0
0
0
0
0
0
0
0
0
0
0
0
0
0
0
0
0
0
0
0
0
0
0
0
0
0
0
0
0
0
0
0
0
0
0
0
0
0
0
0
0
0
0
0
0
0
0
0
0
0
0
0
0
0
0
0
0
0
0
0
0
0
0
0
0
0
0
0
0
0
0
0
0
0
0
0
0
0
0
0
0
0
0
0
0
0
0
0
0
0
0
0
0
0
0
0
0
0
0
0
0
0
0
0
0
0
0
0
0
0
0
0
0
0
0
0
0
0
0
0
0
0
0
0
0
0
0
0
0
0
0
0
0
0
0
0
0
0
0
0
0
0
0
0
0
0
0
0
0
0
0
0
0
0
0
0
0
0
0
0
0
0
0
0
0
0
0
0
0
0
0
0
0
0
0
0
0
0
0
0
0
0
0
0
0
0
0
0
0
0
0
0
0
0
0
0
0
0
0
0
0
0
0
0
0
0
0
0
0
0
0
0
0
0
0
0
0
0
0
0
0
0
0
0
0
0
0
0
0
0
0
0
0
0
0
0
0
0
0
0
0
0
0
0
0
0
0
0
0
0
0
0
0
0
0
0
0
0
0
0
0
0
0
0
0
0
0
0
0
0
0
0
0
0
0
0
0
0
0
0
0
0
0
0
Angle Data
0
0
0
0
0
0
0
0
0
0
0
0
0
0
0
0
0
0
0
0
0
0
0
0
0
0
0
0
0
0
0
0
0
0
0
0
0
0
0
0
0
0
0
0
0
0
0
0
0
0
0
0
0
0
0
0
0
0
0
0
0
0
0
0
0
0
0
0
0
0
0
0
0
0
0
0
0
0
0
0
0
0
0
0
0
0
0
0
0
0
0
0
0
0
0
0
0
0
0
0
0
0
0
0
0
0
0
0
0
0
0
0
0
0
0
0
0
0
0
0
0
0
0
0
0
0
0
0
0
0
0
0
0
0
0
0
0
0
0
0
0
0
0
0
0
0
0
0
0
0
0
0
0
0
0
0
0
0
0
0
0
0
0
0
0
0
0
0
0
0
0
0
0
0
0
0
0
0
0
0
0
0
0
0
0
0
0
0
0
0
0
0
0
0
0
0
0
0
0
0
0
0
0
0
0
0
0
0
0
0
0
0
0
0
0
0
0
0
0
0
0
0
0
0
0
0
0
0
0
0
0
0
0
0
0
0
0
0
0
0
0
0
0
0
0
0
0
0
0
0
0
0
0
0
0
0
0
0
0
0
0
0
0
0
0
0
0
0
0
0
0
0
0
0
0
0
0
0
0
0
0
0
0
0
0
0
0
0
0
0
0
0
0
Bx Data
0
0
0
0
0
0
0
0
0
0
0
0
0
0
0
0
0
0
0
0
0
0
0
0
0
0
0
0
0
0
0
0
0
0
0
0
0
0
0
0
0
0
0
0
0
0
0
0
0
0
0
0
0
0
0
0
0
0
0
0
0
0
0
0
0
0
0
0
0
0
0
0
0
0
0
0
0
0
0
0
0
0
0
0
0
0
0
0
0
0
0
0
0
0
0
0
0
0
0
0
0
0
0
0
0
0
0
0
0
0
0
0
0
0
0
0
0
0
0
0
0
0
0
0
0
0
0
0
0
0
0
0
0
0
0
0
0
0
0
0
0
0
0
0
0
0
0
0
0
0
0
0
0
0
0
0
0
0
0
0
0
0
0
0
0
0
0
0
0
0
0
0
0
0
0
0
0
0
0
0
0
0
0
0
0
0
0
0
0
0
0
0
0
0
0
0
0
0
0
0
0
0
0
0
0
0
0
0
0
0
0
0
0
0
0
0
0
0
0
0
0
0
0
0
0
0
0
0
0
0
0
0
0
0
0
0
0
0
0
0
0
0
0
0
0
0
0
0
0
0
0
0
0
0
0
0
0
0
0
0
0
0
0
0
0
0
0
0
0
0
0
0
0
0
0
0
0
0
0
0
0
0
0
0
0
0
0
0
0
0
0
0
0
Hint Data
0
0
0
0
0
0
0
0
0
0
0
0
0
0
0
0
0
0
0
0
0
0
0
0
0
0
0
0
0
0
0
0
0
0
0
0
0
0
0
0
0
0
0
0
0
0
0
0
0
0
0
0
0
0
0
0
0
0
0
0
0
0
0
0
0
0
0
0
0
0
0
0
0
0
0
0
0
0
0
0
0
0
0
0
0
0
0
0
0
0
0
0
0
0
0
0
0
0
0
0
0
0
0
0
0
0
0
0
0
0
0
0
0
0
0
0
0
0
0
0
0
0
0
0
0
0
0
0
0
0
0
0
0
0
0
0
0
0
0
0
0
0
0
0
0
0
0
0
0
0
0
0
0
0
0
0
0
0
0
0
0
0
0
0
0
0
0
0
0
0
0
0
0
0
0
0
0
0
0
0
0
0
0
0
0
0
0
0
0
0
0
0
0
0
0
0
0
0
0
0
0
0
0
0
0
0
0
0
0
0
0
0
0
0
0
0
0
0
0
0
0
0
0
0
0
0
0
0
0
0
0
0
0
0
0
0
0
0
0
0
0
0
0
0
0
0
0
0
0
0
0
0
0
0
0
0
0
0
0
0
0
0
0
0
0
0
0
0
0
0
0
0
0
0
0
0
0
0
0
0
0
0
0
0
0
0
0
0
0
0
0
0
0
Torque Data
10.9317279026
12.0520716272
10.7432146132
11.1236616636
11.1263545635
11.3771868243
11.5623842675
11.0748916602
11.2589382926
11.1410062659
11.6781940096
11.1992802948
10.784684961
11.1966595738
11.0172403692
10.9586720412
9.6813748835
10.0003940814
10.8908574116
11.001758607
10.8275339571
10.3152568897
9.8901780138
10.4198800788
10.0291732736
10.2455469284
10.2125070208
9.8804318358
10.3369988904
9.6026059408
9.625746951
9.4882675868
9.9602580275
9.8734845924
9.5506746934
9.843592215
10.341919451
9.8151315472
9.4502188906
9.493149042
9.254775894
9.3461204892
9.706760793
9.0037799793
8.8732100697
8.6673579256
9.3591141131
8.6986757372
9.045716141
8.793190777
8.922501365
8.863007956
8.7079151016
8.6249644338
8.1537148584
7.9604934613
8.377226704
8.631385452
8.523870856
7.933622325
8.2253240316
8.0351378271
7.7613313995
8.0031151453
7.85700264
7.8000158469
7.4681954268
7.825039585
7.8270374472
7.3590712845
7.825820562
7.5036931288
7.4846092266
7.7591779644
7.245275332
7.1485464057
7.0314954108
7.1827119276
7.2753755382
6.40499858
6.7231226475
6.66504384
6.8086671318
6.4941347892
6.6013059975
6.8280854061
6.6954222785
6.1622734045
6.784364216
6.3752872095
6.299469306
6.394233719
5.9130327186
6.105804404
5.8672314964
6.1829657792
6.1061476652
6.188674815
6.0323244723
6.0345706446
5.66210842264
5.37399001245
5.65185214476
5.48748140926
5.69377239184
5.57491293952
5.3843323212
5.3801496144
5.3926094305
5.1075742641
4.99218535635
4.797784333
4.95789348991
5.19515044891
4.71052915478
4.74357198004
4.6078356662
4.64100451044
4.67126858862
4.7965591341
4.5269481095
4.66141161222
4.26478088368
4.36220080854
4.50067926
4.4269809327
4.3635664719
4.19152606236
4.3298022194
3.97257744296
3.80819350628
4.01423321355
3.88979757504
3.99256972131
3.57888126996
3.7100944062
3.53178544404
3.65614543294
3.633390816
3.50599189192
3.1362112704
3.1171273182
3.34093300212
3.08942062575
3.06641331372
3.1903130529
2.9899341384
3.05082616144
3.06705857238
2.6682074006
2.66398718408
2.6296024098
2.60786345926
2.54299649464
2.6139875121
2.53825865536
2.44388676356
2.28872763018
2.37715417722
2.3885731527
2.27802641205
2.12265963936
2.06431243668
2.01034594475
1.96248522492
1.88278050168
1.83724786344
1.83738719898
1.75789200196
1.6853116923
1.60703513775
1.524356493
1.44579887838
1.33135806372
1.32868240348
1.32158271864
1.17905586496
1.16442001225
1.0435715476
1.062622832
0.99578800692
0.96007282272
0.8423515271
0.8031094105
0.74649430442
0.69319507696
0.59907780852
0.579376459536
0.492947213016
0.44151092766
0.372567185589
0.319954327803
0.258428364975
0.20302075818
0.13868004237
0.076971481274
0.016545124863
-0.0467989878324
-0.11435263996
-0.173090504868
-0.227567749464
-0.30650312316
-0.334057206617
-0.411792621849
-0.463591946864
-0.528364287296
-0.592562809556
-0.63524101584
-0.70740308925
-0.77437829392
-0.87121861375
-0.89125497915
-0.96335889699
-0.9967468885
-1.0956296034
-1.08087807885
-1.25814813936
-1.2835155432
-1.32332669424
-1.372728599
-1.53440234091
-1.51737581072
-1.64002587
-1.63466758098
-1.65559574736
-1.76739018288
-1.88544888175
-1.80064546507
-1.93266604114
-2.0546880459
-2.03846158175
-2.0795889231
-2.22534466286
-2.24889593124
-2.2720925448
-2.46746557596
-2.49497211078
-2.59621314204
-2.67260920795
-2.61282328398
-2.66310618504
-2.7647195625
-2.84707522231
-2.97919160364
-3.01182993764
-3.04592506896
-3.04221602958
-3.10216221987
-3.29880212256
-3.31009328286
-3.3209274546
-3.19072314504
-3.427736832
-3.48816168
-3.67878836724
-3.85749121641
-3.903315481
-3.92758479099
-3.8158559703
-3.83778873975
-3.83881922424
-3.98059977712
-4.10462558528
-4.08263732373
-4.27407885032
-4.4243645766
-4.20938184975
-4.22638404028
-4.50264352086
-4.44858656256
-4.7487016878
-4.8350648736
-4.51210745858
-4.94039667742
-5.15409203925
-4.7909710071
-5.2848633348
-5.44361135178
-5.3928046456
-5.53681872445
-5.41763445303
-5.5907021288
-5.87582433088
-5.83253650968
-5.8181612202
-5.93989266969
-5.97606535628
-5.8441061925
-6.31628078451
-6.32478037374
-6.4989755756
-6.49397482496
-6.6352598703
dMdH Data
1.47304582210243E-06
-5.28147389969301E-06
3.37174348697399E-06
1.89990375360925E-06
-3.47272727272721E-06
2.92885375494075E-06
-2.94921875000027E-07
4.62151394422332E-07
-4.77459016393451E-07
-7.32125834127774E-07
1.35835835835836E-06
8.81578947368443E-07
3.98346303501943E-06
-3.34757281553399E-06
-4.35612244897959E-06
2.0678642714571E-06
8.22519083969463E-07
9.29212362911198E-07
6.2211055276387E-07
9.78830645161241E-07
-2.25841584158416E-06
1.77724665391966E-06
1.18338399189462E-06
1.02551020408165E-06
9.25925925926346E-08
-3.78669275929592E-07
1.6584158415842E-06
2.02404809619253E-07
-2.19803921568631E-06
4.45526838966206E-06
-2.44598612487614E-06
4.93360160965794E-06
-2.18019801980197E-06
2.35652173913046E-06
-9.93327773144246E-07
2.44374999999996E-06
-1.84961685823752E-06
-3.18089430894362E-07
-1.25050916496945E-06
6.81921979067558E-06
-1.54637096774192E-06
-6.3043478260873E-07
-1.97640117994119E-07
2.13516260162605E-06
-2.2061361457334E-06
1.80040526849029E-06
-2.71356783918863E-08
-5.33533533533577E-07
-1.02190476190472E-06
2.93131313131304E-06
5.00812182741123E-06
-4.29593810444867E-06
1.47357926221335E-06
2.71060455896928E-06
-1.29692154915585E-06
7.35849056603801E-07
9.5481927710842E-07
1.2847424684159E-06
3.01393034825877E-06
-4.8930323846909E-06
1.71556886227548E-06
3.55858585858589E-06
1.51188118811883E-06
-3.38483965014583E-06
5.01960784313722E-06
-6.42141453831047E-06
4.34177215189862E-06
8.80761523046095E-07
3.69765066394292E-07
6.90995260663517E-07
3.19838056680163E-06
-4.21507537688439E-06
1.45620789220406E-06
2.94900000000001E-06
-1.66091370558377E-06
7.02862783810392E-07
1.43968871595404E-07
5.31859296482407E-06
-1.1220988900101E-06
3.90243902436707E-09
7.65517241379286E-07
2.98624754420446E-07
-6.97536945812777E-07
2.09670781892999E-06
-5.52062868369307E-07
4.92141453831023E-07
-1.52439024390218E-08
3.8425742574258E-06
1.36923076923072E-06
-3.61761761761758E-06
1.94897959183667E-07
-1.71511068334936E-06
6.25199999999999E-06
-2.87854251012152E-06
3.14258001939864E-06
-1.29054726368161E-06
2.23494570582428E-06
4.03603603603603E-06
-1.20769540692989E-06
-2.8264253745865E-06
2.39028759080511E-06
3.61881785283069E-08
1.7034228120946E-06
2.57702274690471E-06
-1.86631504209353E-06
3.59589041095852E-07
6.40804597701162E-07
1.05145185939892E-06
-1.76946107784435E-06
5.16026259895736E-06
-2.42687431366671E-06
2.09549071618037E-06
-1.62809581810802E-06
5.87607052896725E-06
-1.3780747627348E-06
2.31416410967037E-06
-2.74208236365473E-06
4.35825669732032E-07
-5.63652157127692E-07
3.40836012861743E-06
4.99059685242002E-06
1.71262556627929E-06
-1.53424100792519E-06
-3.1982921259061E-06
1.01225780941083E-06
3.02534829721361E-06
-3.47548622366291E-06
2.72061038048392E-06
6.51147098515518E-06
-4.84180733852241E-07
4.0748898678415E-07
-5.35488267939057E-08
-1.3782146758018E-06
4.08252330886731E-06
3.67083501411864E-07
-3.47725297015347E-07
3.40842212075088E-06
-5.85040880185726E-06
6.44829612220918E-06
-1.43165326534615E-07
3.86409328508242E-06
-6.62829926572714E-07
-1.53935521347662E-06
7.44979311736806E-06
-5.80745031459111E-06
1.43892643745717E-06
-1.60410586696189E-06
5.81731721814939E-06
9.62772785622613E-07
8.69136775719366E-07
-1.69522273735137E-06
1.77905944986692E-06
2.05801328795989E-07
2.6226357843633E-06
-1.2179801746982E-06
2.65251989389922E-06
-1.72178217821785E-06
7.61721449017869E-06
-2.3976248976249E-06
3.6267990074442E-06
-6.63377718172236E-06
1.16204035644781E-05
1.42813948800644E-06
2.9234843469214E-06
-1.93825910931173E-06
-3.16553919617987E-06
7.52179944510507E-06
-3.73299492385788E-06
3.35168550178695E-06
-2.5359424920128E-06
4.11004180033051E-06
-6.84301206040337E-06
5.86314938346477E-06
-1.94180296690758E-06
6.34538970962813E-06
2.52715205148833E-06
-5.46705213837105E-06
-1.44750744404955E-06
8.6452599388379E-06
-4.23137876386688E-06
1.96934419868072E-07
1.20655086848635E-05
-4.982413827756E-06
1.99960305646522E-06
1.12574850299403E-06
3.67407998404307E-06
-1.96403241645422E-06
1.76479139409801E-06
6.74500492150953E-06
-2.34397006156698E-07
-3.03318436816583E-06
-3.94560626352097E-07
5.52483435460568E-06
6.75709025577238E-06
-5.75592021813169E-06
9.53324833755872E-06
4.43083095288432E-06
-8.22065390500575E-06
2.17492867864134E-06
6.4234409075449E-06
1.12657798080188E-06
2.63815299071255E-06
-1.29837654843426E-06
4.14710560562976E-06
-6.04937739669956E-06
8.95380562611721E-06
9.8500292675047E-07
6.00278967819074E-06
-4.41734159123392E-06
7.67913246174114E-06
3.37698972395728E-06
-3.46153846153845E-06
-7.14487489911221E-06
1.02729181245626E-05
3.06909584262043E-06
2.8016421347752E-06
-6.85384064641502E-06
4.19645424053663E-06
1.48778534241092E-06
5.65116043376911E-06
-4.1533236293059E-07
5.84450670402242E-06
2.86788291900558E-06
-6.07021743466983E-06
9.63458369681103E-07
1.43929072330195E-05
-1.11948676824378E-05
1.40998660799694E-05
-1.1216671774441E-06
-3.55805243445691E-06
2.17787913340937E-06
1.0726894089647E-05
2.13671949589458E-06
5.13276143790851E-06
-5.9854088560138E-06
9.33269138180062E-06
-5.83926958964597E-07
5.21878763548775E-06
-6.38791286015458E-06
1.40613786591124E-05
-2.57596044906785E-06
3.31775700934579E-06
-5.21390374331561E-07
8.39587711397975E-06
1.35148087798332E-06
-2.77611323483832E-06
1.38296363820521E-05
6.14414414414409E-06
4.08107004288341E-06
-2.60375099760575E-06
1.0052889324192E-05
8.8207360506529E-06
8.1818181818178E-08
-4.36048250423689E-06
1.28186887137089E-05
7.97732517307116E-06
1.20535989321285E-05
5.88440651667959E-06
-7.43283287238244E-06
1.65864119309876E-05
9.84766934091593E-06
2.50025062656644E-06
9.82098584675451E-06
-4.06302645922059E-08
1.10015093580197E-05
5.99940244995513E-07
9.08682692307694E-06
1.29614795136405E-05
1.10420411424006E-05
1.09507510933637E-05
1.09829068577278E-05
1.26263422322924E-05
1.56841369047618E-05
4.34598569157394E-07
1.48035240963855E-05
7.88590739433067E-06
3.56200578592092E-06
1.59343787455055E-05
1.67650938609842E-05
1.72105059119985E-05
7.80850004976608E-06
2.69487795118048E-06
1.80723314606742E-05
1.13036839091429E-05
6.15454822026164E-06
1.11127034496878E-05
1.76910283655179E-05
1.01553316540722E-05
8.18181818181819E-06
3.03036238981391E-06
1.70784770784772E-05
1.53187460551231E-05
1.53187460551231E-05
dMdT Data
0
0
0
0
0
0
0
0
0
0
0
0
0
0
0
0
0
0
0
0
0
0
0
0
0
0
0
0
0
0
0
0
0
0
0
0
0
0
0
0
0
0
0
0
0
0
0
0
0
0
0
0
0
0
0
0
0
0
0
0
0
0
0
0
0
0
0
0
0
0
0
0
0
0
0
0
0
0
0
0
0
0
0
0
0
0
0
0
0
0
0
0
0
0
0
0
0
0
0
0
0
0
0
0
0
0
0
0
0
0
0
0
0
0
0
0
0
0
0
0
0
0
0
0
0
0
0
0
0
0
0
0
0
0
0
0
0
0
0
0
0
0
0
0
0
0
0
0
0
0
0
0
0
0
0
0
0
0
0
0
0
0
0
0
0
0
0
0
0
0
0
0
0
0
0
0
0
0
0
0
0
0
0
0
0
0
0
0
0
0
0
0
0
0
0
0
0
0
0
0
0
0
0
0
0
0
0
0
0
0
0
0
0
0
0
0
0
0
0
0
0
0
0
0
0
0
0
0
0
0
0
0
0
0
0
0
0
0
0
0
0
0
0
0
0
0
0
0
0
0
0
0
0
0
0
0
0
0
0
0
0
0
0
0
0
0
0
0
0
0
0
0
0
0
0
0
0
0
0
0
0
0
0
0
0
0
0
0
0
0
0
0
0
 
*********************************************** Results ***************************************
 
TotalArea 0
AreaFirstQuad 0
AreaSecondQuad 0
AreaThirdQuad 0
AreaFourthQuad 0
Coercivity 0
PositiveCoercivity 0
NegativeCoercivity 0
Retentivity 6.85046172321364E-04
PositiveRetentivity -1.68183898921832E-03
NegativeRetentivity -3.05193133386105E-03
Magnetization 0.00333355
PositiveMagnetization 0.00202497
NegativeMagnetization -0.00464213
Flatness 5.45507391643281
Squareness 0.205500494164288
SStar 0
SFD1 0
SFD2 0
Slope 0
Intercept 0
SlopeAtHc 1.53187460551231E-05
dH1 232.527108811734
dH2 114.3905
InitialSlope 1.47304582210243E-06
FieldAtHalfMs 873.533810374976
FieldAtMs 964.098
MomentMean -3.20919789761092E-03
MomentRMS 1.50262179272948E-03
SFD3 0
dH3 465.054217623468
UserField1 0
UserField2 0
CenterField 0
ExchangeField 0
ExchangeMoment 0
ExRegionOneIntercept 0
ExRegionOneSlope 0
ExRegionTwoIntercept 0
ExRegionTwoSlope 0
NegativeIntercept 0
NegativeSlope 0
AutoCenterOffset 0
PinningField 0
PinningMoment 0
PinRegionOneIntercept 0
PinRegionOneSlope 0
PinRegionTwoIntercept 0
PinRegionTwoSlope 0
PositiveIntercept 0
PositiveSlope 0
TotalOffset 0
BHMax 0
BCoercivity 0
BRetentivity 0
BNegativeCoercivity 0
BPositiveCoercivity 0
BNegativeRetentivity 0
BPositiveRetentivity 0
MomentYMean -6.0265380887372E-03
MomentYRMS 2.66131097828243E-04
YOffCorrection 0
Mrt 0
Ms1 0
Ms2 0
Ms3 0
Hc2 0
Hex2 0
HsatValue 0
HsatIntercept 0
HsatSlope 0
CenterH 0
Span .0066671
SpanAsPercentOfRange -125.794339622642
RMSAsPercentOfRange -28.3513545798015
SpanAsPercentOfMean -207.749731014198
RMSAsPercentOfMean -46.8223475357535
