Version 1.25
******************************************** Units *******************************************
System CGS
TemperatureUnit K
MomentUnit emu
AppliedFieldUnit G
 
******************************************** Setup ********************************************
 
Experiment CustomField
Minor False
Acquisition Continuous
EditedPoint No
MaxField 15000
FieldIncrement 100
Points 293
MinField 0
RampRate 10
AverageTime 0.3
TimeInterval 0
TimeConstant 0.1
TimeConstantIndex 0
Sensitivity -0.0053
SensitivityIndex 5
SensitivityY -400
SensitivityIndexY 0
SaturationField 8000
ExperimentTime 100
Use735Domains True
AutoRangeEnabled False
NumberOfVertices 2
VertexPts
0
292
VertexField
-2336.9256
614.787
StartAngle 0
EndAngle 0
AngleIncrement 0
StartTemp 0
FinishTemp 0
TempIncrement 0
TempPoints 0
LengthofSetPointsArray 293
SetPointArray
-2336.92565
-2326.81704
-2316.70844
-2306.59983
-2296.49123
-2286.38262
-2276.27402
-2266.16541
-2256.05681
-2245.9482
-2235.8396
-2225.73099
-2215.62239
-2205.51378
-2195.40518
-2185.29657
-2175.18797
-2165.07937
-2154.97076
-2144.86216
-2134.75355
-2124.64495
-2114.53634
-2104.42774
-2094.31913
-2084.21053
-2074.10192
-2063.99332
-2053.88471
-2043.77611
-2033.6675
-2023.5589
-2013.45029
-2003.34169
-1993.23308
-1983.12448
-1973.01587
-1962.90727
-1952.79866
-1942.69006
-1932.58145
-1922.47285
-1912.36424
-1902.25564
-1892.14703
-1882.03843
-1871.92982
-1861.82122
-1851.71261
-1841.60401
-1831.49541
-1821.3868
-1811.2782
-1801.16959
-1791.06099
-1780.95238
-1770.84378
-1760.73517
-1750.62657
-1740.51796
-1730.40936
-1720.30075
-1710.19215
-1700.08354
-1689.97494
-1679.86633
-1669.75773
-1659.64912
-1649.54052
-1639.43191
-1629.32331
-1619.2147
-1609.1061
-1598.99749
-1588.88889
-1578.78028
-1568.67168
-1558.56307
-1548.45447
-1538.34586
-1528.23726
-1518.12865
-1508.02005
-1497.91145
-1487.80284
-1477.69424
-1467.58563
-1457.47703
-1447.36842
-1437.25982
-1427.15121
-1417.04261
-1406.934
-1396.8254
-1386.71679
-1376.60819
-1366.49958
-1356.39098
-1346.28237
-1336.17377
-1326.06516
-1315.95656
-1305.84795
-1295.73935
-1285.63074
-1275.52214
-1265.41353
-1255.30493
-1245.19632
-1235.08772
-1224.97911
-1214.87051
-1204.7619
-1194.6533
-1184.5447
-1174.43609
-1164.32749
-1154.21888
-1144.11028
-1134.00167
-1123.89307
-1113.78446
-1103.67586
-1093.56725
-1083.45865
-1073.35004
-1063.24144
-1053.13283
-1043.02423
-1032.91562
-1022.80702
-1012.69841
-1002.58981
-992.4812
-982.3726
-972.26399
-962.15539
-952.04678
-941.93818
-931.82957
-921.72097
-911.61236
-901.50376
-891.39515
-881.28655
-871.17794
-861.06934
-850.96074
-840.85213
-830.74353
-820.63492
-810.52632
-800.41771
-790.30911
-780.2005
-770.0919
-759.98329
-749.87469
-739.76608
-729.65748
-719.54887
-709.44027
-699.33166
-689.22306
-679.11445
-669.00585
-658.89724
-648.78864
-638.68003
-628.57143
-618.46282
-608.35422
-598.24561
-588.13701
-578.0284
-567.9198
-557.81119
-547.70259
-537.59398
-527.48538
-517.37678
-507.26817
-497.15957
-487.05096
-476.94236
-466.83375
-456.72515
-446.61654
-436.50794
-426.39933
-416.29073
-406.18212
-396.07352
-385.96491
-375.85631
-365.7477
-355.6391
-345.53049
-335.42189
-325.31328
-315.20468
-305.09607
-294.98747
-284.87886
-274.77026
-264.66165
-254.55305
-244.44444
-234.33584
-224.22723
-214.11863
-204.01003
-193.90142
-183.79282
-173.68421
-163.57561
-153.467
-143.3584
-133.24979
-123.14119
-113.03258
-102.92398
-92.81537
-82.70677
-72.59816
-62.48956
-52.38095
-42.27235
-32.16374
-22.05514
-11.94653
-1.83793
8.27068
18.37928
28.48789
38.59649
48.7051
58.8137
68.92231
79.03091
89.13952
99.24812
109.35673
119.46533
129.57393
139.68254
149.79114
159.89975
170.00835
180.11696
190.22556
200.33417
210.44277
220.55138
230.65998
240.76859
250.87719
260.9858
271.0944
281.20301
291.31161
301.42022
311.52882
321.63743
331.74603
341.85464
351.96324
362.07185
372.18045
382.28906
392.39766
402.50627
412.61487
422.72348
432.83208
442.94069
453.04929
463.15789
473.2665
483.3751
493.48371
503.59231
513.70092
523.80952
533.91813
544.02673
554.13534
564.24394
574.35255
584.46115
594.56976
604.67836
614.78697
FieldDomainFile C:\IDEASVSM\Default UserID\Experiments\FORCexp0341B\fdomain.ini
TempDomainFile C:\IDEASVSM\Default UserID\Experiments\FORCexp0341B\tdomain.ini
NumSelectedResults 0
ResultsSelected 
UserName1 
UserValue1 
UserName2 
UserValue2 
LinearBackgroundCorrection Off
MaxLinearFieldCorrection 
MinLinearFieldCorrection 
AutoLinearCorrection Off
FitOneRegion Off
BackgroundMode Off
BackgroundFilename 
AutoCenter Off
OffsetCorrection 
SmoothDeriv Off
DerivOrder 0
DerivPoints 0
MinExFieldOne 
MaxExFieldOne 
MinExFieldTwo 
MaxExFieldTwo 
MinPinFieldOne 
MaxPinFieldOne 
MinPinFieldTwo 
MaxPinFieldTwo 
HCenterStart 
Mass 
Volume 
Density 
MolarWeight 
NumberOfMoles 
Demagnetization 
SampleArea 
Thickness 
MomentScaling 0
XAxis 0
YAxis 0
SimpleSpinValve False
HsatMax 0
HsatMin 0
FieldAutoRange False
 
*************************************************** Experiment Data ********************************************
 
DataPoints 293
MomentX Data
-0.00483178
-0.00474239
-0.00472785
-0.00479377
-0.00477244
-0.0047907
-0.00477673
-0.00475862
-0.0047601
-0.00479401
-0.00475611
-0.0047915
-0.00472584
-0.00472902
-0.00472788
-0.00472614
-0.00469697
-0.00474767
-0.00471809
-0.00471338
-0.00471318
-0.00468865
-0.00468845
-0.004694
-0.00468946
-0.00469183
-0.00470266
-0.00469695
-0.00468389
-0.00465853
-0.00469222
-0.00468262
-0.00471961
-0.00468385
-0.00468073
-0.0046364
-0.00466487
-0.00466687
-0.00467045
-0.00462966
-0.00465187
-0.00465141
-0.00464701
-0.00463933
-0.00463807
-0.00463912
-0.00466086
-0.00463907
-0.00463763
-0.00459544
-0.00460216
-0.00455375
-0.00458986
-0.00457462
-0.00462322
-0.00465256
-0.00458536
-0.00457643
-0.00456457
-0.00459019
-0.00458118
-0.00458085
-0.00456204
-0.00456057
-0.00453886
-0.00455638
-0.00453429
-0.00455417
-0.00450971
-0.00452386
-0.00450131
-0.0045044
-0.00449206
-0.00449577
-0.00450801
-0.00453634
-0.00451042
-0.00446846
-0.00449267
-0.00448279
-0.00450062
-0.00445635
-0.00447145
-0.00444637
-0.00447133
-0.00447023
-0.004458
-0.00441742
-0.00442242
-0.00441134
-0.00442002
-0.00442844
-0.00442126
-0.00439741
-0.0044089
-0.00436691
-0.00442447
-0.00442682
-0.00440188
-0.00441208
-0.00433961
-0.00433586
-0.0043389
-0.0043927
-0.00435611
-0.00433559
-0.00429499
-0.00431027
-0.00428957
-0.00427625
-0.0043335
-0.00433401
-0.00428575
-0.00425554
-0.0043013
-0.00430697
-0.00430979
-0.00427833
-0.00425333
-0.00426891
-0.00425265
-0.00427923
-0.0042356
-0.00420518
-0.00419316
-0.00427193
-0.00420483
-0.00421259
-0.00420957
-0.00418509
-0.00414248
-0.00418028
-0.00416125
-0.00420859
-0.00410736
-0.00414933
-0.00414956
-0.00416187
-0.0041064
-0.00416063
-0.00413494
-0.00412805
-0.00408387
-0.00406562
-0.00405476
-0.00406966
-0.00410714
-0.004042
-0.00407623
-0.00401286
-0.00406832
-0.00401293
-0.00403005
-0.00402673
-0.0040036
-0.00398436
-0.00395365
-0.00400661
-0.00397378
-0.00396345
-0.00394234
-0.00395732
-0.00395312
-0.00392369
-0.00395205
-0.00394337
-0.00392114
-0.00387969
-0.00385834
-0.00386357
-0.00388379
-0.00387816
-0.00382527
-0.00391216
-0.00382865
-0.00379984
-0.00379476
-0.00384692
-0.00385655
-0.00371859
-0.0037617
-0.00374862
-0.00379925
-0.00373634
-0.00381218
-0.00374324
-0.00368523
-0.00367057
-0.00366116
-0.00365187
-0.00375457
-0.00367076
-0.00363858
-0.00365157
-0.0036494
-0.0036734
-0.00364242
-0.0036592
-0.0035381
-0.00355861
-0.00360834
-0.00357396
-0.00353395
-0.00354197
-0.00347938
-0.00346246
-0.0035224
-0.00353189
-0.0034713
-0.00345277
-0.00336088
-0.00340456
-0.00338277
-0.00343379
-0.00348754
-0.00341915
-0.0033484
-0.00334212
-0.003385
-0.00345895
-0.00332285
-0.00331548
-0.00328669
-0.00331872
-0.00322197
-0.00318133
-0.0031765
-0.00318443
-0.00320679
-0.00328218
-0.00320321
-0.00315883
-0.00315889
-0.00311013
-0.00308109
-0.00298343
-0.00309243
-0.00312853
-0.00297464
-0.00301332
-0.00303334
-0.00302793
-0.00299607
-0.00307319
-0.00295534
-0.00295404
-0.00286642
-0.00286777
-0.00285051
-0.00289965
-0.00287205
-0.00282644
-0.00279668
-0.00272214
-0.00272261
-0.00280465
-0.00277044
-0.00277758
-0.00270726
-0.00263786
-0.00271992
-0.00275701
-0.00256257
-0.00247811
-0.00245712
-0.00253638
-0.002522
-0.00248988
-0.00241852
-0.0023761
-0.00235822
-0.00233013
-0.00230883
-0.0022482
-0.00224574
-0.00219534
-0.00217692
-0.00214092
-0.00206822
-0.00217288
-0.0021697
-0.00202892
-0.00200756
-0.00204752
-0.00196367
-0.00197
-0.00183461
-0.00179123
-0.00173893
-0.00166066
-0.00168322
-0.0015072
-0.0014405
MomentY Data
-0.00581741
-0.00581741
-0.0061353
-0.00589689
-0.00602404
-0.00599225
-0.00594457
-0.00572205
-0.00610352
-0.00592868
-0.00553131
-0.00597636
-0.00551542
-0.00567436
-0.00592868
-0.00591278
-0.00629425
-0.0058651
-0.00607173
-0.00623067
-0.00569026
-0.00588099
-0.00570615
-0.00607173
-0.0058651
-0.00565847
-0.00600815
-0.00562668
-0.00607173
-0.00565847
-0.00607173
-0.00594457
-0.00581741
-0.00570615
-0.00600815
-0.00607173
-0.00589689
-0.00603994
-0.00616709
-0.00578562
-0.00611941
-0.00581741
-0.00581741
-0.00572205
-0.00578562
-0.00562668
-0.00567436
-0.00610352
-0.00602404
-0.00603994
-0.00578562
-0.00610352
-0.00616709
-0.00602404
-0.00589689
-0.00583331
-0.00589689
-0.00565847
-0.00573794
-0.00591278
-0.00597636
-0.00600815
-0.00567436
-0.00572205
-0.00603994
-0.00578562
-0.00576973
-0.00591278
-0.00581741
-0.00607173
-0.00602404
-0.00607173
-0.00592868
-0.00597636
-0.00583331
-0.00578562
-0.00616709
-0.00580152
-0.00588099
-0.00576973
-0.00632604
-0.00623067
-0.00592868
-0.0058651
-0.00594457
-0.00589689
-0.00589689
-0.00629425
-0.00589689
-0.00567436
-0.00594457
-0.00592868
-0.00610352
-0.00603994
-0.00600815
-0.00592868
-0.00573794
-0.00575384
-0.0058651
-0.00623067
-0.00600815
-0.00588099
-0.00616709
-0.00581741
-0.00588099
-0.00607173
-0.00603994
-0.0061353
-0.0061353
-0.00607173
-0.00600815
-0.00635783
-0.00616709
-0.0061353
-0.0061353
-0.00616709
-0.00638962
-0.00583331
-0.00591278
-0.00599225
-0.00619888
-0.00602404
-0.00588099
-0.00603994
-0.0058492
-0.00572205
-0.00578562
-0.00594457
-0.00569026
-0.00567436
-0.00561078
-0.00594457
-0.00576973
-0.00569026
-0.0061353
-0.00572205
-0.00597636
-0.00619888
-0.00596046
-0.0058651
-0.00588099
-0.00572205
-0.00623067
-0.00597636
-0.00596046
-0.00603994
-0.00626246
-0.0061353
-0.00602404
-0.0061353
-0.00557899
-0.00588099
-0.00588099
-0.0061353
-0.00626246
-0.00608762
-0.00578562
-0.00589689
-0.00597636
-0.00569026
-0.00588099
-0.00597636
-0.00616709
-0.00597636
-0.0058651
-0.00607173
-0.00588099
-0.00594457
-0.00575384
-0.00605583
-0.00623067
-0.00626246
-0.00619888
-0.0061353
-0.00603994
-0.00597636
-0.00629425
-0.00634193
-0.00629425
-0.00626246
-0.00591278
-0.0061353
-0.00592868
-0.0058651
-0.00596046
-0.00603994
-0.00619888
-0.00597636
-0.00616709
-0.00607173
-0.00591278
-0.00626246
-0.00594457
-0.00618299
-0.00591278
-0.00599225
-0.00592868
-0.00632604
-0.0058651
-0.00602404
-0.0058651
-0.00596046
-0.00600815
-0.0058492
-0.00596046
-0.00616709
-0.00626246
-0.00607173
-0.00626246
-0.00634193
-0.00592868
-0.00626246
-0.00632604
-0.00561078
-0.00600815
-0.00607173
-0.00642141
-0.00619888
-0.00629425
-0.00607173
-0.00607173
-0.00588099
-0.00610352
-0.00619888
-0.0055631
-0.00626246
-0.00619888
-0.00648499
-0.00648499
-0.0058651
-0.00607173
-0.00581741
-0.00619888
-0.00576973
-0.0061353
-0.00603994
-0.0061512
-0.00619888
-0.00616709
-0.00623067
-0.00597636
-0.00626246
-0.00610352
-0.00638962
-0.00616709
-0.00597636
-0.00623067
-0.00632604
-0.00626246
-0.00626246
-0.00610352
-0.00578562
-0.00623067
-0.00623067
-0.00578562
-0.00607173
-0.00607173
-0.00572205
-0.00623067
-0.00607173
-0.0061353
-0.00632604
-0.0061353
-0.00623067
-0.00632604
-0.00610352
-0.00602404
-0.00603994
-0.00607173
-0.00611941
-0.00611941
-0.00592868
-0.00610352
-0.00600815
-0.00626246
-0.00635783
-0.00607173
-0.00632604
-0.00616709
-0.00632604
-0.00611941
-0.00602404
-0.00623067
-0.00600815
-0.00642141
-0.0064532
-0.00635783
-0.00600815
-0.00619888
-0.00623067
-0.00626246
-0.00619888
-0.00635783
Field Data
-2335.04
-2326.99
-2317.23
-2306.74
-2296.76
-2286.42
-2276.53
-2266.52
-2256.44
-2246.39
-2236.01
-2225.74
-2215.87
-2205.95
-2195.95
-2185.63
-2175.55
-2165.75
-2155.41
-2145.26
-2135.45
-2125.29
-2114.96
-2105.03
-2095.1
-2084.66
-2074.91
-2064.49
-2054.55
-2044.71
-2034.29
-2024.4
-2014.33
-2004.21
-1994.12
-1984.12
-1974.16
-1963.72
-1953.66
-1943.65
-1933.79
-1923.67
-1913.28
-1903.48
-1893.48
-1883.04
-1873.01
-1863.17
-1853.08
-1842.73
-1832.9
-1822.93
-1812.61
-1802.48
-1792.72
-1782.49
-1772.31
-1762.08
-1752.05
-1742.18
-1732.23
-1721.74
-1711.79
-1701.89
-1691.39
-1681.61
-1671.67
-1661.66
-1651.31
-1641.2
-1631.07
-1621.17
-1611.21
-1600.79
-1590.92
-1581.03
-1570.5
-1560.62
-1550.84
-1540.45
-1530.39
-1520.45
-1510.41
-1500.12
-1490.08
-1479.87
-1470.07
-1459.85
-1449.82
-1439.66
-1429.6
-1419.52
-1409.44
-1399.54
-1389.48
-1379.15
-1369.22
-1359.22
-1349.04
-1338.83
-1329.08
-1318.75
-1308.73
-1298.81
-1288.71
-1278.27
-1268.52
-1258.57
-1248.11
-1238.12
-1228.32
-1218.02
-1207.84
-1198.07
-1188.07
-1177.56
-1167.63
-1157.42
-1147.41
-1137.52
-1127.47
-1117.43
-1106.99
-1097.17
-1087.31
-1076.79
-1066.93
-1057.06
-1046.77
-1036.55
-1026.55
-1016.51
-1006.55
-996.453
-986.212
-976.319
-966.332
-955.869
-946.023
-936.123
-925.683
-915.858
-905.604
-895.504
-885.449
-875.576
-865.586
-855.081
-845.342
-835.321
-824.985
-815.043
-805.043
-794.991
-784.572
-774.548
-764.675
-754.304
-744.575
-734.267
-724.275
-714.434
-703.957
-694.192
-684.141
-674.063
-663.686
-653.906
-643.835
-633.517
-623.586
-613.68
-603.327
-593.304
-583.078
-573.113
-563.272
-553.005
-543.157
-532.753
-522.836
-512.943
-502.573
-492.571
-482.516
-472.563
-462.188
-452.25
-442.091
-432.283
-422.159
-411.883
-401.945
-392.04
-381.717
-371.592
-361.908
-351.482
-341.3
-331.279
-321.306
-311.33
-301.097
-291.021
-281.148
-271.068
-260.555
-250.815
-240.921
-230.645
-220.489
-210.421
-200.569
-190.205
-180.078
-170.098
-160.154
-149.993
-139.76
-129.837
-119.913
-109.505
-99.712
-89.4657
-79.6107
-69.5913
-59.4209
-49.206
-39.0837
-29.2978
-19.3297
-8.79776
1.36225
11.0462
21.1922
31.4307
41.6858
51.1464
61.5028
71.5931
81.5959
91.9727
101.874
112.148
121.817
132.318
142.23
152.03
162.483
172.333
182.402
192.586
202.699
212.562
222.674
232.969
242.907
253.292
263.017
272.967
283.358
293.304
303.261
313.566
323.612
333.601
343.543
353.935
363.849
373.822
384.294
393.967
403.958
414.16
424.363
434.272
444.295
454.667
464.567
474.582
484.792
494.761
504.86
514.816
525.24
535.229
545.3
555.102
565.13
575.607
585.404
595.421
605.758
Time Data
0
0.3
0.6
0.9
1.2
1.5
1.8
2.1
2.4
2.7
3
3.3
3.6
3.9
4.2
4.5
4.8
5.1
5.4
5.7
6
6.3
6.6
6.9
7.2
7.5
7.8
8.1
8.4
8.7
9
9.3
9.6
9.9
10.2
10.5
10.8
11.1
11.4
11.7
12
12.3
12.6
12.9
13.2
13.5
13.8
14.1
14.4
14.7
15
15.3
15.6
15.9
16.2
16.5
16.8
17.1
17.4
17.7
18
18.3
18.6
18.9
19.2
19.5
19.8
20.1
20.4
20.7
21
21.3
21.6
21.9
22.2
22.5
22.8
23.1
23.4
23.7
24
24.3
24.6
24.9
25.2
25.5
25.8
26.1
26.4
26.7
27
27.3
27.6
27.9
28.2
28.5
28.8
29.1
29.4
29.7
30.0000000000001
30.3000000000001
30.6000000000001
30.9000000000001
31.2000000000001
31.5000000000001
31.8000000000001
32.1000000000001
32.4
32.7
33
33.3
33.6
33.9
34.2
34.5
34.8
35.1
35.4
35.7
36
36.3
36.6
36.9
37.2
37.5
37.8
38.1
38.4
38.7
39
39.3
39.6
39.9
40.2
40.5
40.8
41.1
41.4
41.7
42
42.3
42.6
42.8999999999999
43.1999999999999
43.4999999999999
43.7999999999999
44.0999999999999
44.3999999999999
44.6999999999999
44.9999999999999
45.2999999999999
45.5999999999999
45.8999999999999
46.1999999999999
46.4999999999999
46.7999999999999
47.0999999999999
47.3999999999999
47.6999999999999
47.9999999999999
48.2999999999999
48.5999999999999
48.8999999999999
49.1999999999999
49.4999999999999
49.7999999999999
50.0999999999999
50.3999999999999
50.6999999999999
50.9999999999999
51.2999999999999
51.5999999999999
51.8999999999999
52.1999999999999
52.4999999999999
52.7999999999999
53.0999999999999
53.3999999999998
53.6999999999998
53.9999999999998
54.2999999999998
54.5999999999998
54.8999999999998
55.1999999999998
55.4999999999998
55.7999999999998
56.0999999999998
56.3999999999998
56.6999999999998
56.9999999999998
57.2999999999998
57.5999999999998
57.8999999999998
58.1999999999998
58.4999999999998
58.7999999999998
59.0999999999998
59.3999999999998
59.6999999999998
59.9999999999998
60.2999999999998
60.5999999999998
60.8999999999998
61.1999999999998
61.4999999999998
61.7999999999998
62.0999999999998
62.3999999999998
62.6999999999998
62.9999999999998
63.2999999999998
63.5999999999998
63.8999999999998
64.1999999999997
64.4999999999997
64.7999999999997
65.0999999999997
65.3999999999997
65.6999999999997
65.9999999999997
66.2999999999997
66.5999999999997
66.8999999999997
67.1999999999997
67.4999999999997
67.7999999999997
68.0999999999997
68.3999999999997
68.6999999999997
68.9999999999997
69.2999999999997
69.5999999999997
69.8999999999997
70.1999999999997
70.4999999999997
70.7999999999997
71.0999999999997
71.3999999999997
71.6999999999997
71.9999999999997
72.2999999999997
72.5999999999997
72.8999999999997
73.1999999999997
73.4999999999997
73.7999999999997
74.0999999999997
74.3999999999997
74.6999999999996
74.9999999999996
75.2999999999996
75.5999999999996
75.8999999999996
76.1999999999996
76.4999999999996
76.7999999999996
77.0999999999996
77.3999999999996
77.6999999999996
77.9999999999996
78.2999999999996
78.5999999999996
78.8999999999996
79.1999999999996
79.4999999999996
79.7999999999996
80.0999999999996
80.3999999999996
80.6999999999996
80.9999999999996
81.2999999999996
81.5999999999996
81.8999999999996
82.1999999999996
82.4999999999996
82.7999999999996
83.0999999999996
83.3999999999996
83.6999999999996
83.9999999999996
84.2999999999996
84.5999999999996
84.8999999999996
85.1999999999995
85.4999999999995
85.7999999999995
86.0999999999995
86.3999999999995
86.6999999999995
86.9999999999995
87.2999999999995
87.5999999999995
Temperature Data
0
0
0
0
0
0
0
0
0
0
0
0
0
0
0
0
0
0
0
0
0
0
0
0
0
0
0
0
0
0
0
0
0
0
0
0
0
0
0
0
0
0
0
0
0
0
0
0
0
0
0
0
0
0
0
0
0
0
0
0
0
0
0
0
0
0
0
0
0
0
0
0
0
0
0
0
0
0
0
0
0
0
0
0
0
0
0
0
0
0
0
0
0
0
0
0
0
0
0
0
0
0
0
0
0
0
0
0
0
0
0
0
0
0
0
0
0
0
0
0
0
0
0
0
0
0
0
0
0
0
0
0
0
0
0
0
0
0
0
0
0
0
0
0
0
0
0
0
0
0
0
0
0
0
0
0
0
0
0
0
0
0
0
0
0
0
0
0
0
0
0
0
0
0
0
0
0
0
0
0
0
0
0
0
0
0
0
0
0
0
0
0
0
0
0
0
0
0
0
0
0
0
0
0
0
0
0
0
0
0
0
0
0
0
0
0
0
0
0
0
0
0
0
0
0
0
0
0
0
0
0
0
0
0
0
0
0
0
0
0
0
0
0
0
0
0
0
0
0
0
0
0
0
0
0
0
0
0
0
0
0
0
0
0
0
0
0
0
0
0
0
0
0
0
0
0
0
0
0
0
0
0
0
0
0
0
0
0
0
0
0
0
0
Angle Data
0
0
0
0
0
0
0
0
0
0
0
0
0
0
0
0
0
0
0
0
0
0
0
0
0
0
0
0
0
0
0
0
0
0
0
0
0
0
0
0
0
0
0
0
0
0
0
0
0
0
0
0
0
0
0
0
0
0
0
0
0
0
0
0
0
0
0
0
0
0
0
0
0
0
0
0
0
0
0
0
0
0
0
0
0
0
0
0
0
0
0
0
0
0
0
0
0
0
0
0
0
0
0
0
0
0
0
0
0
0
0
0
0
0
0
0
0
0
0
0
0
0
0
0
0
0
0
0
0
0
0
0
0
0
0
0
0
0
0
0
0
0
0
0
0
0
0
0
0
0
0
0
0
0
0
0
0
0
0
0
0
0
0
0
0
0
0
0
0
0
0
0
0
0
0
0
0
0
0
0
0
0
0
0
0
0
0
0
0
0
0
0
0
0
0
0
0
0
0
0
0
0
0
0
0
0
0
0
0
0
0
0
0
0
0
0
0
0
0
0
0
0
0
0
0
0
0
0
0
0
0
0
0
0
0
0
0
0
0
0
0
0
0
0
0
0
0
0
0
0
0
0
0
0
0
0
0
0
0
0
0
0
0
0
0
0
0
0
0
0
0
0
0
0
0
0
0
0
0
0
0
0
0
0
0
0
0
0
0
0
0
0
0
Bx Data
0
0
0
0
0
0
0
0
0
0
0
0
0
0
0
0
0
0
0
0
0
0
0
0
0
0
0
0
0
0
0
0
0
0
0
0
0
0
0
0
0
0
0
0
0
0
0
0
0
0
0
0
0
0
0
0
0
0
0
0
0
0
0
0
0
0
0
0
0
0
0
0
0
0
0
0
0
0
0
0
0
0
0
0
0
0
0
0
0
0
0
0
0
0
0
0
0
0
0
0
0
0
0
0
0
0
0
0
0
0
0
0
0
0
0
0
0
0
0
0
0
0
0
0
0
0
0
0
0
0
0
0
0
0
0
0
0
0
0
0
0
0
0
0
0
0
0
0
0
0
0
0
0
0
0
0
0
0
0
0
0
0
0
0
0
0
0
0
0
0
0
0
0
0
0
0
0
0
0
0
0
0
0
0
0
0
0
0
0
0
0
0
0
0
0
0
0
0
0
0
0
0
0
0
0
0
0
0
0
0
0
0
0
0
0
0
0
0
0
0
0
0
0
0
0
0
0
0
0
0
0
0
0
0
0
0
0
0
0
0
0
0
0
0
0
0
0
0
0
0
0
0
0
0
0
0
0
0
0
0
0
0
0
0
0
0
0
0
0
0
0
0
0
0
0
0
0
0
0
0
0
0
0
0
0
0
0
0
0
0
0
0
0
Hint Data
0
0
0
0
0
0
0
0
0
0
0
0
0
0
0
0
0
0
0
0
0
0
0
0
0
0
0
0
0
0
0
0
0
0
0
0
0
0
0
0
0
0
0
0
0
0
0
0
0
0
0
0
0
0
0
0
0
0
0
0
0
0
0
0
0
0
0
0
0
0
0
0
0
0
0
0
0
0
0
0
0
0
0
0
0
0
0
0
0
0
0
0
0
0
0
0
0
0
0
0
0
0
0
0
0
0
0
0
0
0
0
0
0
0
0
0
0
0
0
0
0
0
0
0
0
0
0
0
0
0
0
0
0
0
0
0
0
0
0
0
0
0
0
0
0
0
0
0
0
0
0
0
0
0
0
0
0
0
0
0
0
0
0
0
0
0
0
0
0
0
0
0
0
0
0
0
0
0
0
0
0
0
0
0
0
0
0
0
0
0
0
0
0
0
0
0
0
0
0
0
0
0
0
0
0
0
0
0
0
0
0
0
0
0
0
0
0
0
0
0
0
0
0
0
0
0
0
0
0
0
0
0
0
0
0
0
0
0
0
0
0
0
0
0
0
0
0
0
0
0
0
0
0
0
0
0
0
0
0
0
0
0
0
0
0
0
0
0
0
0
0
0
0
0
0
0
0
0
0
0
0
0
0
0
0
0
0
0
0
0
0
0
0
Torque Data
13.5838850464
13.5370548959
14.216901219
13.6025920386
13.8357741104
13.700800245
13.5329919421
12.969140766
13.7722266688
13.3181274652
12.3680644731
13.3018235064
12.2214537154
12.517354442
13.019084846
12.9231493514
13.6934555875
12.702340325
13.0870675593
13.3664071242
12.151265717
12.4988092371
12.068279004
12.7811738019
12.28797101
11.7959860702
12.4663705165
11.6162245932
12.4746728715
11.5699301937
12.3516596217
12.034187508
11.7181834853
11.4363228915
11.980972078
12.0470409276
11.6414043624
11.8607509768
12.0483970494
11.245220313
11.8336538639
11.1907770947
11.1303342048
10.891807734
10.9549557576
10.5952635072
10.6281330236
11.3718953584
11.1630280432
11.1299786362
10.604462898
11.1262897136
11.1785290049
10.8582116192
10.5714726408
10.3978167419
10.4511171159
9.9706768176
10.053157777
10.3011270604
10.3524300828
10.344472181
9.7133127044
9.7382996745
10.2158941166
9.7291564482
9.6450845491
9.8250300148
9.6063473071
9.964923276
9.8256309228
9.8433065241
9.5523485028
9.5668973244
9.2803295452
9.1472387886
9.685414845
9.0539681424
9.1204745316
8.8879805785
9.6813083556
9.4734222015
8.9547375588
8.798353812
8.8578848656
8.7266306043
8.6688410823
9.1886608625
8.5494290598
8.1691491176
8.498357272
8.4158798336
8.6025452288
8.4531376276
8.348204262
8.176539022
7.8565022068
7.8207344048
7.912254504
8.3418079161
7.985312002
7.7555555625
8.0710556957
7.5557102821
7.5788906229
7.7613103071
7.6617846888
7.721704521
7.657529283
7.5175303476
7.379930808
7.7439640966
7.4488579856
7.350518871
7.289165871
7.2621185004
7.4607120006
6.7515896602
6.7843828998
6.81630422
6.9890512336
6.7314430172
6.5101971201
6.6268409698
6.359893652
6.1614462195
6.1728515466
6.2837671642
5.9563934602
5.881757858
5.759746209
6.0427148507
5.8075217315
5.67007664778
6.0507064836
5.58654613395
5.77514791152
5.92531722672
5.63873225058
5.4904550073
5.44393246617
5.2405852689
5.64251967468
5.35185428544
5.27768334654
5.28842650544
5.42069770156
5.2461784593
5.09237402168
5.1249449313
4.60258306515
4.79325973257
4.73444983257
4.8775082823
4.91335076712
4.71515389576
4.4241189735
4.44804771456
4.449848247
4.17817013942
4.25945403225
4.26971478024
4.34136617513
4.14874130112
4.0125553791
4.09272853899
3.90313072914
3.88718999042
3.7045235764
3.83647125411
3.88535858262
3.8431464528
3.73995167376
3.6400980312
3.52175613532
3.42512960868
3.545374786
3.50711899965
3.41876594725
3.33634435238
3.09141424408
3.1470591879
2.97959449364
2.8889781721
2.87601731736
2.85425216622
2.86504794944
2.70280881
2.72641498519
2.62470565959
2.49613329202
2.57940081218
2.38939018865
2.4239793996
2.25700864326
2.226672162
2.14563672144
2.22348919128
2.00175863
1.99563794716
1.8844918206
1.8556700118
1.80903594055
1.7022400332
1.67577140808
1.67170075212
1.6317152653
1.52288095995
1.50875812566
1.46273444485
1.30720872452
1.31775309566
1.26880751676
1.0671984099
1.0819356357
1.03278912954
1.02841449714
0.92978860784
0.87968438
0.78833520801
0.72807935949
0.64399780995
0.60859418624
0.554587138416
0.44288228517
0.435812732598
0.368343028592
0.31910041794
0.253457403663
0.17183452678
0.117364719381
0.0511801770016
-0.00844442428
-0.063733591526
-0.13002050466
-0.189839542158
-0.25641769296
-0.317050396032
-0.379293302852
-0.446072980377
-0.487646472924
-0.575975354842
-0.62178999648
-0.71658310376
-0.75125640253
-0.79078000248
-0.8861881941
-0.9617478612
-1.01754328818
-1.07922851918
-1.11329425504
-1.11422941332
-1.26295057833
-1.32440367654
-1.28830714788
-1.41452486637
-1.47486571911
-1.4493494886
-1.63877213139
-1.65738192291
-1.7384863374
-1.85545283616
-1.8605972133
-1.95372626922
-2.04718245648
-2.03614037552
-2.06951677372
-2.1377461639
-2.20919288877
-2.28757008502
-2.35165254654
-2.33570427356
-2.46556573216
-2.488335404
-2.65755631298
-2.76102754976
-2.69763928035
-2.87624162868
-2.86502650003
-3.00222471528
-2.96664101272
-2.98046005444
-3.1456160562
-3.0930917504
-3.3727813884
-3.4539397828
-3.466924699
-3.3351360813
-3.5031730544
-3.58641726669
-3.66606913384
-3.69094332848
-3.85130638514
dMdH Data
1.11043478260867E-05
1.48975409836073E-06
-6.28408007626302E-06
2.13727454909829E-06
-1.76595744680848E-06
1.41253791708802E-06
1.80919080919077E-06
-1.46825396825386E-07
-3.37412935323375E-06
3.65125240847792E-06
-3.44595910418678E-06
6.65248226950357E-06
-3.20564516128962E-07
1.1399999999993E-07
1.68604651162803E-07
2.89384920634925E-06
-5.17346938775499E-06
2.86073500967109E-06
4.64039408867076E-07
2.03873598368676E-08
2.4143700787402E-06
1.93610842206855E-08
-5.58912386706958E-07
4.57200402819717E-07
-2.27011494252853E-07
-1.11076923076922E-06
5.47984644913616E-07
1.3138832997989E-06
2.57723577235763E-06
-3.23320537428024E-06
9.70677451971725E-07
-3.67328699106248E-06
3.53359683794472E-06
3.09217046580737E-07
4.43300000000004E-06
-2.85843373493982E-06
-1.91570881226078E-07
-3.55864811133159E-07
4.07492507492505E-06
-2.25253549695737E-06
4.54545454545331E-08
4.2348411934551E-07
7.83673469387796E-07
1.25999999999946E-07
-1.00574712643662E-07
-2.16749750747759E-06
2.21443089430894E-06
1.42715559960367E-07
4.0763285024155E-06
-6.83621566632761E-07
4.85556670010033E-06
-3.49903100775195E-06
1.50444225074045E-06
-4.97950819672134E-06
-2.86803519061584E-06
6.60117878192529E-06
8.72922776148569E-07
1.18245264207376E-06
-2.59574468085106E-06
9.05527638190978E-07
3.14585319351549E-08
1.89045226130654E-06
1.48484848484845E-07
2.06761904761908E-06
-1.79141104294475E-06
2.22233400402416E-06
-1.98601398601398E-06
4.29565217391295E-06
-1.39960435212663E-06
2.22606120434356E-06
-3.1212121212129E-07
1.23895582329321E-06
-3.56046065259081E-07
-1.24012158054714E-06
-2.86450960566226E-06
2.46153846153843E-06
4.24696356275305E-06
-2.47546012269941E-06
9.50914340712181E-07
-1.77236580516899E-06
4.45372233400399E-06
-1.50398406374499E-06
2.43731778425654E-06
-2.48605577689245E-06
1.07737512242854E-07
1.2479591836735E-06
3.9706457925636E-06
-4.9850448654036E-07
1.09055118110239E-06
-8.62823061630253E-07
-8.3531746031741E-07
7.12301587301579E-07
2.40909090909086E-06
-1.14214711729626E-06
4.06485963213947E-06
-5.79657603222553E-06
-2.34999999999992E-07
2.44990176817281E-06
-9.99020568070444E-07
7.43282051282049E-06
3.63020329138378E-07
-3.03393213572784E-07
-5.42338709677421E-06
3.6227722772278E-06
1.96551724137926E-06
4.16410256410257E-06
-1.53567839195974E-06
1.97896749521982E-06
1.3333333333334E-06
-5.84183673469391E-06
-4.95145631068391E-08
4.74066797642438E-06
3.09211873080853E-06
-4.57599999999997E-06
-5.39486203615619E-07
-2.83987915407833E-07
3.08129285014687E-06
2.49750249750257E-06
-1.5753286147624E-06
1.61791044776117E-06
-2.64741035856575E-06
4.17911877394636E-06
3.09775967413441E-06
1.21906693711972E-06
-7.4876425855514E-06
6.80527383367152E-06
-7.86220871327321E-07
2.93488824101097E-07
2.3953033268102E-06
4.26100000000002E-06
-3.76494023904385E-06
1.91064257028109E-06
-4.68852134297316E-06
9.88477687725808E-06
-4.24239361164455E-06
-2.30299389206338E-08
-1.17652680875464E-06
5.63375990249849E-06
-5.47777777777785E-06
2.46072796934865E-06
7.01272264631025E-07
4.30856251219045E-06
1.80693069306931E-06
1.08005967180503E-06
-1.50916641345083E-06
-3.75175175175169E-06
6.20085673488815E-06
-3.51473457233807E-06
6.32372018760606E-06
-5.36571207430342E-06
5.5713136189902E-06
-1.71200000000007E-06
3.30282530839656E-07
2.21998272386983E-06
1.91939345570633E-06
3.11050339309223E-06
-5.10654710249731E-06
3.37444752800909E-06
1.00213426464876E-06
2.11269015212172E-06
-1.52220302814758E-06
4.00878113963942E-07
3.01382488479267E-06
-2.8216097900707E-06
8.61282000396955E-07
2.14223764093668E-06
4.23824130879344E-06
2.11994836659716E-06
-5.06881178522986E-07
-2.03604873628029E-06
5.68342418736112E-07
5.10866415531731E-06
-8.66906115933347E-06
8.16643849012319E-06
2.89111891620672E-06
5.1620770246928E-07
-5.08035453394371E-06
-9.77863525588918E-07
1.32602845059592E-05
-4.34708077039429E-06
1.32214697260693E-06
-4.8823529411765E-06
6.28974205158973E-06
-7.54251616111389E-06
6.92655480759568E-06
5.59132530120485E-06
1.47514590460854E-06
9.26272270892811E-07
9.47185970636206E-07
-1.01442117740023E-05
8.15589723627871E-06
3.23807607164417E-06
-1.311458859162E-06
2.10210210210179E-07
-2.37037037037034E-06
3.19909128459314E-06
-1.60943794360254E-06
1.18935376153997E-05
-2.04670192595545E-06
-4.98646345131855E-06
3.44627105052122E-06
3.90989934525555E-06
-7.95950774116723E-07
6.33951179985824E-06
1.67857142857139E-06
-5.70151241320272E-06
-9.74332648870638E-07
6.12391348291895E-06
1.8032308291164E-06
9.04785348562424E-06
-4.33849821215732E-06
2.2117336581405E-06
-4.92280972597455E-06
-5.30759356176557E-06
6.85270541082163E-06
7.11484312148028E-06
6.18049404586163E-07
-4.19036450698719E-06
-7.45238335180894E-06
1.3714228133817E-05
7.08109146810149E-07
2.93985499846829E-06
-3.12600646086877E-06
9.81735159817347E-06
4.05613110565505E-06
4.74907574923301E-07
-7.76316948770888E-07
-2.20898412416154E-06
-7.70394138505399E-06
7.92227204783257E-06
4.2138485407247E-06
-5.90550599852533E-09
5.03513545608973E-06
2.86221170904791E-06
9.53850661718024E-06
-1.06288578365886E-05
-3.81582563473774E-06
1.48594106060021E-05
-3.83338453762521E-06
-2.00143959691286E-06
5.21355331123271E-07
3.2177592841344E-06
-7.5063266497956E-06
1.21884372737615E-05
1.23797733549194E-07
8.83979015334946E-06
-1.37755102040795E-07
1.65120061226441E-06
-4.98883248730965E-06
2.74108650312842E-06
4.47859387274156E-06
2.94274695935922E-06
7.55753827435873E-06
-4.64794303797282E-08
-7.96891694997575E-06
3.44234252364663E-06
-6.87530091478103E-07
7.23084832904885E-06
6.97487437185929E-06
-7.89721874699254E-06
-3.7291373416449E-06
1.95279702721702E-05
8.19602134885983E-06
2.08938881146722E-06
-7.93472820102113E-06
1.44638905652786E-06
3.0908391070054E-06
7.19790195682873E-06
4.25348440790133E-06
1.70741023682201E-06
2.90395947482681E-06
2.13191872685417E-06
5.9429523622819E-06
2.41105557189076E-07
5.08628519527702E-06
1.8377731218198E-06
3.47088314693407E-06
7.34343434343434E-06
-1.04503245132302E-05
3.11459353574904E-07
1.41217775102818E-05
2.11506089711855E-06
-4.01366010445965E-06
8.04393706830396E-06
-6.33697066773463E-07
1.34435507893954E-05
4.42562742297489E-06
5.21539688871159E-06
7.47064999522767E-06
-2.30274573849137E-06
1.7572127383448E-05
6.45254909548226E-06
6.45254909548226E-06
dMdT Data
0
0
0
0
0
0
0
0
0
0
0
0
0
0
0
0
0
0
0
0
0
0
0
0
0
0
0
0
0
0
0
0
0
0
0
0
0
0
0
0
0
0
0
0
0
0
0
0
0
0
0
0
0
0
0
0
0
0
0
0
0
0
0
0
0
0
0
0
0
0
0
0
0
0
0
0
0
0
0
0
0
0
0
0
0
0
0
0
0
0
0
0
0
0
0
0
0
0
0
0
0
0
0
0
0
0
0
0
0
0
0
0
0
0
0
0
0
0
0
0
0
0
0
0
0
0
0
0
0
0
0
0
0
0
0
0
0
0
0
0
0
0
0
0
0
0
0
0
0
0
0
0
0
0
0
0
0
0
0
0
0
0
0
0
0
0
0
0
0
0
0
0
0
0
0
0
0
0
0
0
0
0
0
0
0
0
0
0
0
0
0
0
0
0
0
0
0
0
0
0
0
0
0
0
0
0
0
0
0
0
0
0
0
0
0
0
0
0
0
0
0
0
0
0
0
0
0
0
0
0
0
0
0
0
0
0
0
0
0
0
0
0
0
0
0
0
0
0
0
0
0
0
0
0
0
0
0
0
0
0
0
0
0
0
0
0
0
0
0
0
0
0
0
0
0
0
0
0
0
0
0
0
0
0
0
0
0
0
0
0
0
0
0
 
*********************************************** Results ***************************************
 
TotalArea 0
AreaFirstQuad 0
AreaSecondQuad 0
AreaThirdQuad 0
AreaFourthQuad 0
Coercivity 0
PositiveCoercivity 0
NegativeCoercivity 0
Retentivity 0.012128099151525
PositiveRetentivity 2.10973163478255E-02
NegativeRetentivity -3.15888195522445E-03
Magnetization 0.00483178
PositiveMagnetization -0.0014405
NegativeMagnetization -0.00483178
Flatness 1.26045977327183
Squareness 2.51006857752732
SStar 0
SFD1 0
SFD2 0
Slope 0
Intercept 0
SlopeAtHc 6.45254909548226E-06
dH1 546.096868608224
dH2 713.76
InitialSlope 1.11043478260867E-05
FieldAtHalfMs 605.758
FieldAtMs 605.758
MomentMean -3.83395064846417E-03
MomentRMS 8.19045972125741E-04
SFD3 0
dH3 1092.19373721645
UserField1 0
UserField2 0
CenterField 0
ExchangeField 0
ExchangeMoment 0
ExRegionOneIntercept 0
ExRegionOneSlope 0
ExRegionTwoIntercept 0
ExRegionTwoSlope 0
NegativeIntercept 0
NegativeSlope 0
AutoCenterOffset 0
PinningField 0
PinningMoment 0
PinRegionOneIntercept 0
PinRegionOneSlope 0
PinRegionTwoIntercept 0
PinRegionTwoSlope 0
PositiveIntercept 0
PositiveSlope 0
TotalOffset 0
BHMax 0
BCoercivity 0
BRetentivity 0
BNegativeCoercivity 0
BPositiveCoercivity 0
BNegativeRetentivity 0
BPositiveRetentivity 0
MomentYMean -6.01465791808874E-03
MomentYRMS 1.99337954891628E-04
YOffCorrection 0
Mrt 0
Ms1 0
Ms2 0
Ms3 0
Hc2 0
Hex2 0
HsatValue 0
HsatIntercept 0
HsatSlope 0
CenterH 0
Span .00339128
SpanAsPercentOfRange -63.9864150943396
RMSAsPercentOfRange -15.4536975872781
SpanAsPercentOfMean -88.4539294046079
RMSAsPercentOfMean -21.3629763975663
