Version 1.25
******************************************** Units *******************************************
System CGS
TemperatureUnit K
MomentUnit emu
AppliedFieldUnit G
 
******************************************** Setup ********************************************
 
Experiment CustomField
Minor False
Acquisition Continuous
EditedPoint No
MaxField 15000
FieldIncrement 100
Points 293
MinField 0
RampRate 10
AverageTime 0.3
TimeInterval 0
TimeConstant 0.1
TimeConstantIndex 0
Sensitivity -0.0053
SensitivityIndex 5
SensitivityY -400
SensitivityIndexY 0
SaturationField 8000
ExperimentTime 100
Use735Domains True
AutoRangeEnabled False
NumberOfVertices 2
VertexPts
0
292
VertexField
-1396.8254
1554.8872
StartAngle 0
EndAngle 0
AngleIncrement 0
StartTemp 0
FinishTemp 0
TempIncrement 0
TempPoints 0
LengthofSetPointsArray 293
SetPointArray
-1396.8254
-1386.71679
-1376.60819
-1366.49958
-1356.39098
-1346.28237
-1336.17377
-1326.06516
-1315.95656
-1305.84795
-1295.73935
-1285.63074
-1275.52214
-1265.41353
-1255.30493
-1245.19632
-1235.08772
-1224.97911
-1214.87051
-1204.7619
-1194.6533
-1184.5447
-1174.43609
-1164.32749
-1154.21888
-1144.11028
-1134.00167
-1123.89307
-1113.78446
-1103.67586
-1093.56725
-1083.45865
-1073.35004
-1063.24144
-1053.13283
-1043.02423
-1032.91562
-1022.80702
-1012.69841
-1002.58981
-992.4812
-982.3726
-972.26399
-962.15539
-952.04678
-941.93818
-931.82957
-921.72097
-911.61236
-901.50376
-891.39515
-881.28655
-871.17794
-861.06934
-850.96074
-840.85213
-830.74353
-820.63492
-810.52632
-800.41771
-790.30911
-780.2005
-770.0919
-759.98329
-749.87469
-739.76608
-729.65748
-719.54887
-709.44027
-699.33166
-689.22306
-679.11445
-669.00585
-658.89724
-648.78864
-638.68003
-628.57143
-618.46282
-608.35422
-598.24561
-588.13701
-578.0284
-567.9198
-557.81119
-547.70259
-537.59398
-527.48538
-517.37678
-507.26817
-497.15957
-487.05096
-476.94236
-466.83375
-456.72515
-446.61654
-436.50794
-426.39933
-416.29073
-406.18212
-396.07352
-385.96491
-375.85631
-365.7477
-355.6391
-345.53049
-335.42189
-325.31328
-315.20468
-305.09607
-294.98747
-284.87886
-274.77026
-264.66165
-254.55305
-244.44444
-234.33584
-224.22723
-214.11863
-204.01003
-193.90142
-183.79282
-173.68421
-163.57561
-153.467
-143.3584
-133.24979
-123.14119
-113.03258
-102.92398
-92.81537
-82.70677
-72.59816
-62.48956
-52.38095
-42.27235
-32.16374
-22.05514
-11.94653
-1.83793
8.27068
18.37928
28.48789
38.59649
48.7051
58.8137
68.92231
79.03091
89.13952
99.24812
109.35673
119.46533
129.57393
139.68254
149.79114
159.89975
170.00835
180.11696
190.22556
200.33417
210.44277
220.55138
230.65998
240.76859
250.87719
260.9858
271.0944
281.20301
291.31161
301.42022
311.52882
321.63743
331.74603
341.85464
351.96324
362.07185
372.18045
382.28906
392.39766
402.50627
412.61487
422.72348
432.83208
442.94069
453.04929
463.15789
473.2665
483.3751
493.48371
503.59231
513.70092
523.80952
533.91813
544.02673
554.13534
564.24394
574.35255
584.46115
594.56976
604.67836
614.78697
624.89557
635.00418
645.11278
655.22139
665.32999
675.4386
685.5472
695.65581
705.76441
715.87302
725.98162
736.09023
746.19883
756.30744
766.41604
776.52464
786.63325
796.74185
806.85046
816.95906
827.06767
837.17627
847.28488
857.39348
867.50209
877.61069
887.7193
897.8279
907.93651
918.04511
928.15372
938.26232
948.37093
958.47953
968.58814
978.69674
988.80535
998.91395
1009.02256
1019.13116
1029.23977
1039.34837
1049.45698
1059.56558
1069.67419
1079.78279
1089.8914
1100
1110.1086
1120.21721
1130.32581
1140.43442
1150.54302
1160.65163
1170.76023
1180.86884
1190.97744
1201.08605
1211.19465
1221.30326
1231.41186
1241.52047
1251.62907
1261.73768
1271.84628
1281.95489
1292.06349
1302.1721
1312.2807
1322.38931
1332.49791
1342.60652
1352.71512
1362.82373
1372.93233
1383.04094
1393.14954
1403.25815
1413.36675
1423.47536
1433.58396
1443.69256
1453.80117
1463.90977
1474.01838
1484.12698
1494.23559
1504.34419
1514.4528
1524.5614
1534.67001
1544.77861
1554.88722
FieldDomainFile C:\IDEASVSM\Default UserID\Experiments\FORCexp0248B\fdomain.ini
TempDomainFile C:\IDEASVSM\Default UserID\Experiments\FORCexp0248B\tdomain.ini
NumSelectedResults 0
ResultsSelected 
UserName1 
UserValue1 
UserName2 
UserValue2 
LinearBackgroundCorrection Off
MaxLinearFieldCorrection 
MinLinearFieldCorrection 
AutoLinearCorrection Off
FitOneRegion Off
BackgroundMode Off
BackgroundFilename 
AutoCenter Off
OffsetCorrection 
SmoothDeriv Off
DerivOrder 0
DerivPoints 0
MinExFieldOne 
MaxExFieldOne 
MinExFieldTwo 
MaxExFieldTwo 
MinPinFieldOne 
MaxPinFieldOne 
MinPinFieldTwo 
MaxPinFieldTwo 
HCenterStart 
Mass 
Volume 
Density 
MolarWeight 
NumberOfMoles 
Demagnetization 
SampleArea 
Thickness 
MomentScaling 0
XAxis 0
YAxis 0
SimpleSpinValve False
HsatMax 0
HsatMin 0
FieldAutoRange False
 
*************************************************** Experiment Data ********************************************
 
DataPoints 293
MomentX Data
-0.00408466
-0.00407473
-0.00403758
-0.00402604
-0.00403573
-0.00401932
-0.00403175
-0.00401672
-0.00402122
-0.00400614
-0.00399089
-0.00395007
-0.00395818
-0.00391365
-0.00391453
-0.0039258
-0.0039269
-0.00392967
-0.00391304
-0.00387246
-0.00392397
-0.00390881
-0.00393378
-0.00389774
-0.00388744
-0.00388162
-0.00382262
-0.00383969
-0.00385273
-0.00384839
-0.00384616
-0.00385123
-0.00382065
-0.00381057
-0.00381734
-0.00377259
-0.00376965
-0.00377843
-0.00377244
-0.00379083
-0.00379626
-0.00374964
-0.00376281
-0.00373538
-0.00373153
-0.00371402
-0.00371541
-0.0036961
-0.00372116
-0.00367843
-0.003699
-0.00363245
-0.00366505
-0.00360929
-0.00364678
-0.00369082
-0.00361671
-0.00363081
-0.00361347
-0.00360204
-0.00357422
-0.00361061
-0.00358475
-0.00359126
-0.00355784
-0.00353374
-0.00352482
-0.00354999
-0.00350675
-0.00352734
-0.00351158
-0.00351778
-0.00352287
-0.00350838
-0.00348239
-0.0034558
-0.00344398
-0.0034297
-0.00340162
-0.0034226
-0.00342948
-0.00339015
-0.00336825
-0.0033528
-0.00339496
-0.00334715
-0.0033656
-0.0033729
-0.00333938
-0.00332273
-0.00329994
-0.00329413
-0.00331847
-0.00331012
-0.00326975
-0.00323954
-0.00322788
-0.00323616
-0.00321393
-0.00324346
-0.00319301
-0.0032155
-0.00317352
-0.00315086
-0.00312003
-0.0031136
-0.00313217
-0.00311891
-0.00306811
-0.00311446
-0.00308718
-0.00304951
-0.00303302
-0.00302235
-0.00302552
-0.00301913
-0.00302558
-0.00299679
-0.00301215
-0.00297593
-0.00300422
-0.00294102
-0.00292968
-0.00289547
-0.00286691
-0.00283556
-0.00289302
-0.0028198
-0.00284532
-0.00281699
-0.00278259
-0.00278675
-0.00277486
-0.00276285
-0.00275767
-0.00272721
-0.00275648
-0.00271845
-0.00268712
-0.00272191
-0.00268313
-0.00267589
-0.00261209
-0.00262311
-0.00264193
-0.00257296
-0.00256212
-0.0025477
-0.00252534
-0.00255057
-0.00251744
-0.00251086
-0.00247015
-0.00245382
-0.00244238
-0.00237345
-0.00243486
-0.00238966
-0.00233285
-0.00232162
-0.00233233
-0.00229613
-0.00228005
-0.00224531
-0.00225304
-0.00225105
-0.0022173
-0.00219323
-0.00212732
-0.00209849
-0.00209907
-0.00205738
-0.00203955
-0.00207155
-0.0020739
-0.00201012
-0.00195813
-0.00191177
-0.00183475
-0.00184748
-0.0018596
-0.00185183
-0.00181094
-0.00180383
-0.00176427
-0.00169226
-0.00160497
-0.00160975
-0.00158334
-0.00152628
-0.00148129
-0.0014683
-0.00139603
-0.00134738
-0.00131428
-0.00120368
-0.00118433
-0.00115744
-0.00112569
-0.0010085
-0.000916703
-0.000918289
-0.000919506
-0.000901213
-0.00069929
-0.000649357
-0.000581717
-0.000448595
-0.000386157
-0.000271603
-0.000203365
-0.000151085
-0.0000171784
0.000128566
0.000196808
0.000294528
0.000371293
0.000474333
0.000599563
0.000727635
0.000826138
0.000901318
0.00104742
0.00114066
0.0012529
0.00133371
0.00151922
0.00158461
0.00175658
0.00181177
0.00186734
0.00195459
0.00210748
0.00219153
0.00226293
0.00242413
0.00246345
0.00252331
0.00267656
0.00273521
0.00278747
0.00280982
0.00287304
0.00303555
0.00309157
0.00307023
0.00322928
0.00325429
0.0032856
0.00339726
0.00349791
0.00354028
0.00353983
0.00344095
0.00347847
0.00365033
0.00373696
0.00379225
0.00382288
0.00382276
0.00387199
0.00387551
0.00388032
0.00393176
0.00395515
0.00395412
0.00406745
0.00409188
0.00412778
0.00409606
0.00410138
0.00408629
0.00409321
0.00418036
0.0041903
0.0042826
0.00424525
0.00429051
0.00422224
0.00423011
0.00435313
0.00440841
0.00439154
0.00437266
0.00441623
0.00444361
0.00448998
0.00443796
0.00429957
0.00440865
0.00444238
0.00450462
0.00440015
MomentY Data
-0.00638962
-0.00608762
-0.0058651
-0.00591278
-0.0058651
-0.00581741
-0.00616709
-0.0061353
-0.00597636
-0.00619888
-0.00632604
-0.00576973
-0.00632604
-0.00581741
-0.00583331
-0.00626246
-0.00607173
-0.00610352
-0.00592868
-0.00597636
-0.00551542
-0.00581741
-0.00607173
-0.00611941
-0.00616709
-0.00623067
-0.00607173
-0.00642141
-0.00642141
-0.00597636
-0.00603994
-0.00632604
-0.00603994
-0.00616709
-0.0061353
-0.00602404
-0.00607173
-0.0058651
-0.00578562
-0.00607173
-0.00597636
-0.00581741
-0.00632604
-0.00594457
-0.00607173
-0.00592868
-0.00623067
-0.00581741
-0.00589689
-0.00594457
-0.00600815
-0.0061353
-0.00591278
-0.0058651
-0.00599225
-0.00576973
-0.00597636
-0.00600815
-0.00623067
-0.00591278
-0.00607173
-0.00626246
-0.00619888
-0.00654856
-0.00597636
-0.00600815
-0.00594457
-0.00588099
-0.00607173
-0.0061353
-0.00610352
-0.00610352
-0.00607173
-0.00597636
-0.00591278
-0.00588099
-0.00589689
-0.00623067
-0.00623067
-0.00667572
-0.00619888
-0.00616709
-0.00619888
-0.00629425
-0.00607173
-0.00623067
-0.00629425
-0.00623067
-0.00594457
-0.00626246
-0.00624657
-0.00616709
-0.00608762
-0.00626246
-0.00610352
-0.00623067
-0.00626246
-0.00594457
-0.00603994
-0.00600815
-0.00578562
-0.00589689
-0.00600815
-0.00578562
-0.00603994
-0.00597636
-0.00626246
-0.00588099
-0.00603994
-0.00607173
-0.00632604
-0.00616709
-0.00619888
-0.0061353
-0.00594457
-0.00635783
-0.0061353
-0.00648499
-0.00642141
-0.00635783
-0.00616709
-0.00600815
-0.00597636
-0.00608762
-0.00610352
-0.00632604
-0.00623067
-0.0061353
-0.00610352
-0.00616709
-0.00600815
-0.00607173
-0.00600815
-0.00610352
-0.00623067
-0.00638962
-0.00632604
-0.00610352
-0.00619888
-0.0058651
-0.00629425
-0.00632604
-0.00661214
-0.00600815
-0.00632604
-0.00632604
-0.00642141
-0.00632604
-0.00616709
-0.00632604
-0.00619888
-0.00616709
-0.00599225
-0.00589689
-0.00600815
-0.00651677
-0.00629425
-0.00623067
-0.0064532
-0.00632604
-0.00597636
-0.00642141
-0.00596046
-0.00635783
-0.00616709
-0.00632604
-0.00632604
-0.00629425
-0.00616709
-0.00632604
-0.00638962
-0.00700951
-0.00658035
-0.00648499
-0.00648499
-0.0064532
-0.00638962
-0.00658035
-0.00648499
-0.00616709
-0.00619888
-0.00635783
-0.00629425
-0.00594457
-0.00638962
-0.00626246
-0.00651677
-0.00670751
-0.0064532
-0.0061353
-0.00616709
-0.00629425
-0.00642141
-0.00626246
-0.00651677
-0.00642141
-0.00619888
-0.00654856
-0.00626246
-0.00635783
-0.00642141
-0.00661214
-0.00623067
-0.00654856
-0.00642141
-0.00648499
-0.00626246
-0.00632604
-0.00638962
-0.00638962
-0.00638962
-0.0067393
-0.0064532
-0.00664393
-0.00658035
-0.00648499
-0.00635783
-0.00654856
-0.0064532
-0.00646909
-0.00611941
-0.00651677
-0.00661214
-0.0064532
-0.00670751
-0.00664393
-0.00658035
-0.00654856
-0.0067234
-0.0067393
-0.00683467
-0.0067393
-0.0064532
-0.00658035
-0.00699361
-0.00678698
-0.00694593
-0.00635783
-0.00670751
-0.00664393
-0.00683467
-0.00664393
-0.00661214
-0.00648499
-0.00667572
-0.00662804
-0.00708898
-0.0067393
-0.00680288
-0.00680288
-0.00658035
-0.00689824
-0.00693003
-0.00694593
-0.00683467
-0.00677109
-0.00712077
-0.0070254
-0.00689824
-0.0073115
-0.00667572
-0.00656446
-0.00700951
-0.00670751
-0.00726382
-0.00678698
-0.0067393
-0.00688235
-0.00720024
-0.00654856
-0.00689824
-0.00683467
-0.00677109
-0.00708898
-0.00688235
-0.0070413
-0.00664393
-0.00694593
-0.00683467
-0.00683467
-0.00686646
-0.00683467
-0.00713666
-0.00708898
-0.00700951
-0.0067393
-0.00735919
-0.00696182
-0.00720024
-0.00681877
-0.00658035
-0.00697772
-0.00691414
Field Data
-1395.58
-1388.39
-1378.68
-1368.61
-1358.68
-1348
-1338.28
-1327.99
-1317.99
-1308.1
-1297.59
-1287.56
-1277.71
-1267.5
-1257.27
-1247.43
-1237.39
-1227
-1217.11
-1207.23
-1196.67
-1186.89
-1173.47
-1163.32
-1153.11
-1143.01
-1133.13
-1122.9
-1113.09
-1102.95
-1092.58
-1082.6
-1072.54
-1062.41
-1052.73
-1042.24
-1032.3
-1022
-1012.16
-1002.21
-991.793
-981.731
-971.944
-961.597
-951.573
-941.583
-931.648
-921.116
-911.266
-901.115
-891.366
-881.122
-870.775
-860.923
-850.96
-840.723
-830.448
-820.63
-810.798
-800.194
-790.314
-780.444
-769.963
-760.039
-749.805
-739.998
-729.999
-719.581
-709.76
-699.72
-689.683
-679.31
-669.523
-659.452
-648.952
-639.265
-629.293
-618.82
-609.006
-598.973
-588.768
-578.655
-568.364
-558.52
-548.654
-538.326
-528.502
-518.005
-508.181
-498.237
-487.914
-477.958
-467.556
-457.679
-447.822
-437.592
-427.454
-417.573
-407.539
-397.075
-387.301
-377.29
-366.971
-356.933
-346.851
-336.882
-326.614
-316.514
-306.593
-296.562
-286.424
-276.301
-266.396
-256.319
-245.978
-236.08
-226.117
-215.759
-205.835
-195.928
-185.674
-175.604
-165.533
-155.578
-145.208
-135.36
-125.125
-115.159
-105.287
-94.8686
-84.9518
-74.9802
-64.7344
-54.6327
-44.7026
-34.6249
-24.3151
-14.3739
-4.73646
5.81343
15.8632
26.3437
36.1224
45.861
56.5039
66.33
76.1029
86.3115
96.6368
106.433
116.352
126.938
136.757
146.987
156.876
166.836
177.296
187.121
197.041
207.532
217.318
227.244
237.589
247.679
257.541
267.615
277.976
287.829
297.811
308.091
318.064
328.404
338.18
348.206
358.479
368.641
378.489
388.467
398.992
408.737
418.79
429.167
439.005
449.035
459.07
469.358
481.666
492.743
502.83
512.953
522.807
533.168
543.123
553.073
563.437
573.481
583.308
593.44
603.821
613.806
623.927
633.749
643.735
654.235
664.051
673.826
684.387
694.264
704.226
714.5
724.564
734.449
744.749
754.821
764.941
774.948
784.887
794.978
805.326
815.165
825.158
835.501
845.441
855.376
865.603
875.721
885.798
895.579
906.278
916.072
925.961
936.357
946.146
956.155
966.21
976.427
986.376
996.377
1006.73
1016.68
1027.02
1036.88
1046.75
1057.07
1067.12
1077.02
1087.24
1097.32
1107.36
1117.32
1127.72
1137.45
1147.49
1157.74
1167.87
1178.03
1187.88
1198.09
1208.09
1218.33
1228.2
1238.18
1248.65
1258.46
1268.32
1278.85
1288.65
1298.84
1308.8
1318.98
1329.29
1339
1349.25
1359.45
1369.4
1379.3
1389.24
1403.01
1412.89
1422.93
1433.34
1443.2
1453.08
1463.4
1473.52
1483.55
1493.62
1503.54
1513.64
1524.04
1533.85
1543.83
1552.79
Time Data
0
0.3
0.6
0.9
1.2
1.5
1.8
2.1
2.4
2.7
3
3.3
3.6
3.9
4.2
4.5
4.8
5.1
5.4
5.7
6
6.3
6.6
6.9
7.2
7.5
7.8
8.1
8.4
8.7
9
9.3
9.6
9.9
10.2
10.5
10.8
11.1
11.4
11.7
12
12.3
12.6
12.9
13.2
13.5
13.8
14.1
14.4
14.7
15
15.3
15.6
15.9
16.2
16.5
16.8
17.1
17.4
17.7
18
18.3
18.6
18.9
19.2
19.5
19.8
20.1
20.4
20.7
21
21.3
21.6
21.9
22.2
22.5
22.8
23.1
23.4
23.7
24
24.3
24.6
24.9
25.2
25.5
25.8
26.1
26.4
26.7
27
27.3
27.6
27.9
28.2
28.5
28.8
29.1
29.4
29.7
30.0000000000001
30.3000000000001
30.6000000000001
30.9000000000001
31.2000000000001
31.5000000000001
31.8000000000001
32.1000000000001
32.4
32.7
33
33.3
33.6
33.9
34.2
34.5
34.8
35.1
35.4
35.7
36
36.3
36.6
36.9
37.2
37.5
37.8
38.1
38.4
38.7
39
39.3
39.6
39.9
40.2
40.5
40.8
41.1
41.4
41.7
42
42.3
42.6
42.8999999999999
43.1999999999999
43.4999999999999
43.7999999999999
44.0999999999999
44.3999999999999
44.6999999999999
44.9999999999999
45.2999999999999
45.5999999999999
45.8999999999999
46.1999999999999
46.4999999999999
46.7999999999999
47.0999999999999
47.3999999999999
47.6999999999999
47.9999999999999
48.2999999999999
48.5999999999999
48.8999999999999
49.1999999999999
49.4999999999999
49.7999999999999
50.0999999999999
50.3999999999999
50.6999999999999
50.9999999999999
51.2999999999999
51.5999999999999
51.8999999999999
52.1999999999999
52.4999999999999
52.7999999999999
53.0999999999999
53.3999999999998
53.6999999999998
53.9999999999998
54.2999999999998
54.5999999999998
54.8999999999998
55.1999999999998
55.4999999999998
55.7999999999998
56.0999999999998
56.3999999999998
56.6999999999998
56.9999999999998
57.2999999999998
57.5999999999998
57.8999999999998
58.1999999999998
58.4999999999998
58.7999999999998
59.0999999999998
59.3999999999998
59.6999999999998
59.9999999999998
60.2999999999998
60.5999999999998
60.8999999999998
61.1999999999998
61.4999999999998
61.7999999999998
62.0999999999998
62.3999999999998
62.6999999999998
62.9999999999998
63.2999999999998
63.5999999999998
63.8999999999998
64.1999999999997
64.4999999999997
64.7999999999997
65.0999999999997
65.3999999999997
65.6999999999997
65.9999999999997
66.2999999999997
66.5999999999997
66.8999999999997
67.1999999999997
67.4999999999997
67.7999999999997
68.0999999999997
68.3999999999997
68.6999999999997
68.9999999999997
69.2999999999997
69.5999999999997
69.8999999999997
70.1999999999997
70.4999999999997
70.7999999999997
71.0999999999997
71.3999999999997
71.6999999999997
71.9999999999997
72.2999999999997
72.5999999999997
72.8999999999997
73.1999999999997
73.4999999999997
73.7999999999997
74.0999999999997
74.3999999999997
74.6999999999996
74.9999999999996
75.2999999999996
75.5999999999996
75.8999999999996
76.1999999999996
76.4999999999996
76.7999999999996
77.0999999999996
77.3999999999996
77.6999999999996
77.9999999999996
78.2999999999996
78.5999999999996
78.8999999999996
79.1999999999996
79.4999999999996
79.7999999999996
80.0999999999996
80.3999999999996
80.6999999999996
80.9999999999996
81.2999999999996
81.5999999999996
81.8999999999996
82.1999999999996
82.4999999999996
82.7999999999996
83.0999999999996
83.3999999999996
83.6999999999996
83.9999999999996
84.2999999999996
84.5999999999996
84.8999999999996
85.1999999999995
85.4999999999995
85.7999999999995
86.0999999999995
86.3999999999995
86.6999999999995
86.9999999999995
87.2999999999995
87.5999999999995
Temperature Data
0
0
0
0
0
0
0
0
0
0
0
0
0
0
0
0
0
0
0
0
0
0
0
0
0
0
0
0
0
0
0
0
0
0
0
0
0
0
0
0
0
0
0
0
0
0
0
0
0
0
0
0
0
0
0
0
0
0
0
0
0
0
0
0
0
0
0
0
0
0
0
0
0
0
0
0
0
0
0
0
0
0
0
0
0
0
0
0
0
0
0
0
0
0
0
0
0
0
0
0
0
0
0
0
0
0
0
0
0
0
0
0
0
0
0
0
0
0
0
0
0
0
0
0
0
0
0
0
0
0
0
0
0
0
0
0
0
0
0
0
0
0
0
0
0
0
0
0
0
0
0
0
0
0
0
0
0
0
0
0
0
0
0
0
0
0
0
0
0
0
0
0
0
0
0
0
0
0
0
0
0
0
0
0
0
0
0
0
0
0
0
0
0
0
0
0
0
0
0
0
0
0
0
0
0
0
0
0
0
0
0
0
0
0
0
0
0
0
0
0
0
0
0
0
0
0
0
0
0
0
0
0
0
0
0
0
0
0
0
0
0
0
0
0
0
0
0
0
0
0
0
0
0
0
0
0
0
0
0
0
0
0
0
0
0
0
0
0
0
0
0
0
0
0
0
0
0
0
0
0
0
0
0
0
0
0
0
0
0
0
0
0
0
Angle Data
0
0
0
0
0
0
0
0
0
0
0
0
0
0
0
0
0
0
0
0
0
0
0
0
0
0
0
0
0
0
0
0
0
0
0
0
0
0
0
0
0
0
0
0
0
0
0
0
0
0
0
0
0
0
0
0
0
0
0
0
0
0
0
0
0
0
0
0
0
0
0
0
0
0
0
0
0
0
0
0
0
0
0
0
0
0
0
0
0
0
0
0
0
0
0
0
0
0
0
0
0
0
0
0
0
0
0
0
0
0
0
0
0
0
0
0
0
0
0
0
0
0
0
0
0
0
0
0
0
0
0
0
0
0
0
0
0
0
0
0
0
0
0
0
0
0
0
0
0
0
0
0
0
0
0
0
0
0
0
0
0
0
0
0
0
0
0
0
0
0
0
0
0
0
0
0
0
0
0
0
0
0
0
0
0
0
0
0
0
0
0
0
0
0
0
0
0
0
0
0
0
0
0
0
0
0
0
0
0
0
0
0
0
0
0
0
0
0
0
0
0
0
0
0
0
0
0
0
0
0
0
0
0
0
0
0
0
0
0
0
0
0
0
0
0
0
0
0
0
0
0
0
0
0
0
0
0
0
0
0
0
0
0
0
0
0
0
0
0
0
0
0
0
0
0
0
0
0
0
0
0
0
0
0
0
0
0
0
0
0
0
0
0
Bx Data
0
0
0
0
0
0
0
0
0
0
0
0
0
0
0
0
0
0
0
0
0
0
0
0
0
0
0
0
0
0
0
0
0
0
0
0
0
0
0
0
0
0
0
0
0
0
0
0
0
0
0
0
0
0
0
0
0
0
0
0
0
0
0
0
0
0
0
0
0
0
0
0
0
0
0
0
0
0
0
0
0
0
0
0
0
0
0
0
0
0
0
0
0
0
0
0
0
0
0
0
0
0
0
0
0
0
0
0
0
0
0
0
0
0
0
0
0
0
0
0
0
0
0
0
0
0
0
0
0
0
0
0
0
0
0
0
0
0
0
0
0
0
0
0
0
0
0
0
0
0
0
0
0
0
0
0
0
0
0
0
0
0
0
0
0
0
0
0
0
0
0
0
0
0
0
0
0
0
0
0
0
0
0
0
0
0
0
0
0
0
0
0
0
0
0
0
0
0
0
0
0
0
0
0
0
0
0
0
0
0
0
0
0
0
0
0
0
0
0
0
0
0
0
0
0
0
0
0
0
0
0
0
0
0
0
0
0
0
0
0
0
0
0
0
0
0
0
0
0
0
0
0
0
0
0
0
0
0
0
0
0
0
0
0
0
0
0
0
0
0
0
0
0
0
0
0
0
0
0
0
0
0
0
0
0
0
0
0
0
0
0
0
0
Hint Data
0
0
0
0
0
0
0
0
0
0
0
0
0
0
0
0
0
0
0
0
0
0
0
0
0
0
0
0
0
0
0
0
0
0
0
0
0
0
0
0
0
0
0
0
0
0
0
0
0
0
0
0
0
0
0
0
0
0
0
0
0
0
0
0
0
0
0
0
0
0
0
0
0
0
0
0
0
0
0
0
0
0
0
0
0
0
0
0
0
0
0
0
0
0
0
0
0
0
0
0
0
0
0
0
0
0
0
0
0
0
0
0
0
0
0
0
0
0
0
0
0
0
0
0
0
0
0
0
0
0
0
0
0
0
0
0
0
0
0
0
0
0
0
0
0
0
0
0
0
0
0
0
0
0
0
0
0
0
0
0
0
0
0
0
0
0
0
0
0
0
0
0
0
0
0
0
0
0
0
0
0
0
0
0
0
0
0
0
0
0
0
0
0
0
0
0
0
0
0
0
0
0
0
0
0
0
0
0
0
0
0
0
0
0
0
0
0
0
0
0
0
0
0
0
0
0
0
0
0
0
0
0
0
0
0
0
0
0
0
0
0
0
0
0
0
0
0
0
0
0
0
0
0
0
0
0
0
0
0
0
0
0
0
0
0
0
0
0
0
0
0
0
0
0
0
0
0
0
0
0
0
0
0
0
0
0
0
0
0
0
0
0
0
Torque Data
8.9172258796
8.4519907318
8.086096068
8.0922898358
7.968794068
7.84186868
8.2532932052
8.147617047
7.8767827164
8.108754928
8.2086062436
7.4288735588
8.0828445684
7.373567175
7.3340456637
7.8119804778
7.5130979847
7.48901904
7.2158557148
7.2148410828
6.6001376514
6.9046257549
7.1249930031
7.1188320412
7.1113331499
7.1217181167
6.8800594149
7.210601289
7.1476072569
6.591626262
6.5991176452
6.848570904
6.4780772476
6.5519780869
6.458814369
6.2784954496
6.267846879
5.9941322
5.8559731392
6.0851485233
5.92731201348
5.71113173671
6.14855662176
5.71628067829
5.77769433129
5.58234430044
5.80479124416
5.35850942956
5.37363536274
5.35674119555
5.3554606329
5.4059478066
5.1487010045
5.0493994873
5.09916506
4.85074471479
4.96305620928
4.9304681345
5.05181477466
4.73137107932
4.79857322322
4.88749933224
4.77290824144
4.97716099384
4.4811046098
4.4460189837
4.33953015543
4.23184866519
4.3094710848
4.292992116
4.20949398416
4.1461821712
4.06516288479
3.94112255472
3.83711040656
3.75951107235
3.71087159877
3.8556632094
3.79451541402
3.99857603556
3.64970217984
3.56861746395
3.52322023232
3.51546451
3.33127895142
3.35413165842
3.3265237135
3.22751821335
3.02091752717
3.12018928302
3.04778895498
2.94761000222
2.84630325672
2.86619643034
2.73329053344
2.72649134664
2.67691357684
2.48229192861
2.46151110766
2.38568616125
2.24077641162
2.2248376281
2.20481681365
2.06507870346
2.09495922894
2.01332810952
2.04540711044
1.86141566886
1.85180332442
1.80064439226
1.81192968096
1.70397313409
1.65135683648
1.5725939607
1.46223343946
1.5009565064
1.3872956301
1.39919495741
1.32175092735
1.24567691624
1.14506826866
1.0550551726
0.98928479988
0.94709974436
0.88627993216
0.8562927744
0.77961258375
0.7065350127
0.64262131024
0.585063194374
0.51040315717
0.455259529746
0.38893398536
0.333451777104
0.278527148742
0.221239953538
0.153818295204
0.087731386128
0.0293607471648
-0.034096348293
-0.0998469466
-0.166651299948
-0.238846365936
-0.27553976715
-0.357445931556
-0.4196062332
-0.488687923089
-0.54601000146
-0.595967842912
-0.67329941532
-0.72125208576
-0.78283807042
-0.81948213325
-0.86676617043
-0.9425345394
-1.08723183972
-1.115945348
-1.16588920107
-1.2715449812
-1.31285573328
-1.29877060248
-1.45922689404
-1.41613973094
-1.57470097657
-1.58827852569
-1.6929431946
-1.75848729504
-1.81166768325
-1.83662723999
-1.94899598964
-2.03230809568
-2.30195112204
-2.225342763
-2.25811242794
-2.32473273021
-2.3789141012
-2.41840088418
-2.55624882345
-2.58745913008
-2.52071786533
-2.5960289552
-2.72857082761
-2.76320722125
-2.66931998995
-2.9332828534
-2.93933570068
-3.13890653882
-3.30507859993
-3.244862556
-3.1471205409
-3.22419782163
-3.355892684
-3.48761546343
-3.46359753958
-3.67178933849
-3.68255662821
-3.61585629504
-3.8861774464
-3.78140485966
-3.90247420098
-4.00649107707
-4.19043711286
-4.01090035245
-4.2842971516
-4.26414373191
-4.36975487174
-4.28594621202
-4.39194183456
-4.49973653412
-4.56538349
-4.62968862568
-4.9496721457
-4.8060142468
-5.01497788653
-5.03357950935
-5.02553003052
-4.99017811521
-5.20596113168
-5.1969297432
-5.27337574985
-5.04948011678
-5.44476785177
-5.59017425374
-5.5199124032
-5.80604077853
-5.81822902353
-5.8288608693
-5.86475281624
-6.0932695052
-6.1736840296
-6.32863786787
-6.3103907301
-6.1056693672
-6.29183455425
-6.7572959181
-6.62699052046
-6.85129864968
-6.33479558191
-6.7526515423
-6.7547507524
-7.0193427834
-6.8889581384
-6.921257545
-6.8550883793
-7.1237943264
-7.1385316408
-7.7074226152
-7.395168676
-7.5332371968
-7.6009938816
-7.420792302
-7.846403088
-7.9521401247
-8.0415809982
-7.9820060529
-7.9765471527
-8.4586202676
-8.417061486
-8.3336947616
-8.907819795
-8.199119304
-8.1279830828
-8.7524246615
-8.4411330346
-9.2128481824
-8.679529373
-8.684598945
-8.939071474
-9.423674112
-8.6374196688
-9.1697614496
-9.15162313
-9.1358931825
-9.637113861
-9.42469009
-9.71206509
-9.2300133132
-9.7452092493
-9.6566368963
-9.7252569831
-9.8419717764
-9.863795744
-10.3701379128
-10.374013332
-10.3286531752
-9.998088515
-10.9918333678
-10.4673748428
-10.8985712736
-10.3920782308
-10.0932698475
-10.7724134676
-10.7362074506
dMdH Data
1.38108484005567E-06
3.82595262615864E-06
1.14597815292947E-06
-9.75830815710043E-07
1.53651685393263E-06
-1.27880658436213E-06
1.46064139941692E-06
-4.50000000000016E-07
1.52477249747216E-06
1.45099904852518E-06
4.06979062811571E-06
-8.23350253807156E-07
4.36141038197845E-06
-8.60215053763418E-08
-1.14532520325203E-06
-1.09561752988002E-07
-2.6660250240616E-07
1.68149646107178E-06
4.10728744939273E-06
-4.87784090909092E-06
1.55010224948869E-06
-1.86065573770485E-06
3.5507389162561E-06
1.00881488736532E-06
5.76237623762351E-07
5.97165991902841E-06
-1.66862170087977E-06
-1.3292558613659E-06
4.28007889546338E-07
2.1504339440696E-07
-5.08016032064152E-07
3.03976143141156E-06
9.95064165844038E-07
-6.9938016528922E-07
4.26596758817918E-06
2.95774647887355E-07
-8.52427184466055E-07
6.08739837398371E-07
-1.84824120603013E-06
-5.21263319573799E-07
4.63327370304117E-06
-1.34566261367122E-06
2.65100995457623E-06
3.84078212290515E-07
1.75275275275272E-06
-1.39909411172621E-07
1.83345993163693E-06
-2.54416243654821E-06
4.20943749384298E-06
-2.10995999589702E-06
6.49648574775475E-06
-3.15067169227794E-06
5.65976451481936E-06
-3.76292281441337E-06
-4.30204161375399E-06
7.21265206812654E-06
-1.43613770625382E-06
1.76362896663953E-06
1.07789513391175E-06
2.81578947368421E-06
-3.68693009118544E-06
2.46732182043702E-06
-6.55985489721925E-07
3.265585303889E-06
2.45742836749263E-06
8.92089208920883E-07
-2.41601075062389E-06
4.40281030444963E-06
-2.05079681274901E-06
1.57019029590515E-06
-5.97705581798902E-07
-5.20077654030875E-07
1.43878462913313E-06
2.4752380952381E-06
2.74491586662537E-06
1.18531889290013E-06
1.36350615869381E-06
2.86121866721006E-06
-2.09109937207215E-06
-6.74179323860848E-07
3.88905369326605E-06
2.12807307355944E-06
1.56948394961399E-06
-4.27326170687208E-06
4.6291634391944E-06
-1.8780537459283E-06
-6.95436791464232E-07
3.41205211726384E-06
1.67437650844731E-06
2.20769156253026E-06
5.83567697870609E-07
-2.33993462795614E-06
8.45398400323969E-07
4.09556660241455E-06
2.95307917888564E-06
1.15012823042022E-06
-8.37971865195855E-07
2.2154674108033E-06
-2.82205657492357E-06
5.16165336607326E-06
-2.24652881829988E-06
4.06822366508383E-06
2.25742179717074E-06
3.05792501487799E-06
6.44999498445222E-07
-1.80853135956372E-06
1.31287128712874E-06
5.1204515673823E-06
-4.62067590469541E-06
2.69086604853025E-06
3.72122888471798E-06
1.66481574962142E-06
1.05884687903145E-06
-3.065467556329E-07
6.4558496665991E-07
-6.47395362842502E-07
2.7794941108322E-06
-1.5477629987908E-06
3.65600080750984E-06
-2.75892334698657E-06
6.27606752730887E-06
1.12600536193028E-06
3.43646408839782E-06
2.75409836065573E-06
3.18338748984565E-06
-5.61406936980948E-06
7.34697973108571E-06
-2.58508914100489E-06
2.71922752054058E-06
3.46886092287835E-06
-4.17184804845763E-07
1.16047551191709E-06
1.18890879752915E-06
5.21646307690761E-07
3.02251505799934E-06
-2.83904634425499E-06
3.82549390415645E-06
3.25086329979745E-06
-3.29766471498757E-06
3.85879477838796E-06
6.90806736319826E-07
6.52438463190405E-06
-1.13157948781139E-06
-1.76831502691932E-06
7.01906147912191E-06
1.10918969804253E-06
1.41253452971027E-06
2.16555451173331E-06
-2.5754884547069E-06
3.34005444097184E-06
6.21575665973924E-07
4.14604338527347E-06
1.59628543499513E-06
1.15684093437149E-06
6.92068273092369E-06
-5.87093690248567E-06
4.60050890585241E-06
5.72681451612904E-06
1.07044133066439E-06
-1.09442060085838E-06
3.64698770904696E-06
1.5543740937651E-06
3.44301288404362E-06
-7.8381667004665E-07
1.97538217192762E-07
3.25740758614033E-06
2.44291078859232E-06
6.60288519334806E-06
2.80447470817116E-06
-5.81570239647071E-08
4.03191489361704E-06
1.8238543371522E-06
-3.19170157590264E-06
-2.287549888056E-07
6.27632355835466E-06
5.27924451665311E-06
4.64622168771299E-06
7.31781472684082E-06
-1.30631092868138E-06
-1.20561026559236E-06
7.48771321191103E-07
4.15633258792437E-06
7.08873379860423E-07
3.94220229197808E-06
6.99941679626751E-06
7.09213519662008E-06
-4.31524781077911E-07
2.61822147318332E-06
5.63666897164871E-06
4.56565861579054E-06
1.25373998648778E-06
7.25966850828728E-06
4.88944723618093E-06
3.19374758780394E-06
1.10115491835922E-05
1.9690648214104E-06
2.65396762731936E-06
3.0584722088431E-06
1.1736604907361E-05
9.06995356190102E-06
-1.61474241498669E-07
-1.2187061886641E-07
1.74219047619047E-06
2.05708027709861E-05
5.10823529411765E-06
6.40469652495034E-06
1.34779791434645E-05
6.26761694438868E-06
1.11498929336188E-05
6.78040540540543E-06
5.28882144663632E-06
1.30006407766989E-05
1.44702541699762E-05
6.74328063241107E-06
9.7651643849306E-06
7.72361404567867E-06
1.02110791794668E-05
1.21018554310011E-05
1.3016769996951E-05
9.85720004002797E-06
7.26868413419707E-06
1.46983903420522E-05
9.38500251635635E-06
1.09748704409896E-05
7.98675627594384E-06
1.84092487843604E-05
6.68541048972501E-06
1.60734648097952E-05
5.63508270369616E-06
5.61937506320153E-06
8.39265101962295E-06
1.56185514352845E-05
8.39744230192825E-06
7.10094480358023E-06
1.5777625526084E-05
3.95215599557744E-06
5.98540145985404E-06
1.48024727132231E-05
5.89447236180908E-06
5.05415860735005E-06
2.26673427991888E-06
6.40526849037491E-06
1.57470930232559E-05
5.57412935323385E-06
-2.15555555555553E-06
1.55626223091976E-05
2.48115079365079E-06
3.11852589641436E-06
1.12108433734939E-05
9.67788461538452E-06
4.35457348406987E-06
-4.48207171314673E-08
-9.64682926829268E-06
3.70384995064171E-06
1.69153543307085E-05
8.79492385786793E-06
5.4152791381E-06
3.06299999999998E-06
-1.17187499999727E-08
4.98784194528869E-06
3.52705410821634E-07
4.59407831900673E-07
5.24362895005102E-06
2.37221095334687E-06
-9.78157644824271E-08
1.15642857142855E-05
2.3974484789009E-06
3.60441767068273E-06
-3.11591355599211E-06
5.16003879728386E-07
-1.55406797116371E-06
6.7512195121948E-07
8.54411764705881E-06
9.98994974874362E-07
9.32323232323245E-06
-3.75754527162978E-06
3.28685548293393E-06
-6.90991902833997E-06
7.83864541832596E-07
1.18174831892413E-05
5.60649087221084E-06
-1.70748987854249E-06
-1.82945736434112E-06
4.30533596837955E-06
2.72981056829508E-06
4.60476663356512E-06
-5.24395161290317E-06
-1.37019801980197E-05
1.04884615384617E-05
3.4383282364934E-06
6.23647294589176E-06
-1.16595982142856E-05
-1.16595982142856E-05
dMdT Data
0
0
0
0
0
0
0
0
0
0
0
0
0
0
0
0
0
0
0
0
0
0
0
0
0
0
0
0
0
0
0
0
0
0
0
0
0
0
0
0
0
0
0
0
0
0
0
0
0
0
0
0
0
0
0
0
0
0
0
0
0
0
0
0
0
0
0
0
0
0
0
0
0
0
0
0
0
0
0
0
0
0
0
0
0
0
0
0
0
0
0
0
0
0
0
0
0
0
0
0
0
0
0
0
0
0
0
0
0
0
0
0
0
0
0
0
0
0
0
0
0
0
0
0
0
0
0
0
0
0
0
0
0
0
0
0
0
0
0
0
0
0
0
0
0
0
0
0
0
0
0
0
0
0
0
0
0
0
0
0
0
0
0
0
0
0
0
0
0
0
0
0
0
0
0
0
0
0
0
0
0
0
0
0
0
0
0
0
0
0
0
0
0
0
0
0
0
0
0
0
0
0
0
0
0
0
0
0
0
0
0
0
0
0
0
0
0
0
0
0
0
0
0
0
0
0
0
0
0
0
0
0
0
0
0
0
0
0
0
0
0
0
0
0
0
0
0
0
0
0
0
0
0
0
0
0
0
0
0
0
0
0
0
0
0
0
0
0
0
0
0
0
0
0
0
0
0
0
0
0
0
0
0
0
0
0
0
0
0
0
0
0
0
 
*********************************************** Results ***************************************
 
TotalArea 0
AreaFirstQuad 0
AreaSecondQuad 0
AreaThirdQuad 0
AreaFourthQuad 0
Coercivity 0
PositiveCoercivity 0
NegativeCoercivity 0
Retentivity 2.72746819050419E-04
PositiveRetentivity -2.15724561891511E-03
NegativeRetentivity -2.70273925701595E-03
Magnetization 0.00429464
PositiveMagnetization 0.00450462
NegativeMagnetization -0.00408466
Flatness 10.9093337419137
Squareness 6.35086570819483E-02
SStar 0
SFD1 0
SFD2 0
Slope 0
Intercept 0
SlopeAtHc -1.16595982142856E-05
dH1 98.743687259439
dH2 30.1835
InitialSlope 1.38108484005567E-06
FieldAtHalfMs 964.714424369748
FieldAtMs 1543.83
MomentMean -1.25792964641638E-03
MomentRMS 2.8627278657032E-03
SFD3 0
dH3 197.487374518878
UserField1 0
UserField2 0
CenterField 0
ExchangeField 0
ExchangeMoment 0
ExRegionOneIntercept 0
ExRegionOneSlope 0
ExRegionTwoIntercept 0
ExRegionTwoSlope 0
NegativeIntercept 0
NegativeSlope 0
AutoCenterOffset 0
PinningField 0
PinningMoment 0
PinRegionOneIntercept 0
PinRegionOneSlope 0
PinRegionTwoIntercept 0
PinRegionTwoSlope 0
PositiveIntercept 0
PositiveSlope 0
TotalOffset 0
BHMax 0
BCoercivity 0
BRetentivity 0
BNegativeCoercivity 0
BPositiveCoercivity 0
BNegativeRetentivity 0
BPositiveRetentivity 0
MomentYMean -6.34025269624573E-03
MomentYRMS 3.52074711762874E-04
YOffCorrection 0
Mrt 0
Ms1 0
Ms2 0
Ms3 0
Hc2 0
Hex2 0
HsatValue 0
HsatIntercept 0
HsatSlope 0
CenterH 0
Span .00858928
SpanAsPercentOfRange -162.061886792453
RMSAsPercentOfRange -54.0137333151548
SpanAsPercentOfMean -682.810841168211
RMSAsPercentOfMean -227.574560617011
