Version 1.25
******************************************** Units *******************************************
System CGS
TemperatureUnit K
MomentUnit emu
AppliedFieldUnit G
 
******************************************** Setup ********************************************
 
Experiment CustomField
Minor False
Acquisition Continuous
EditedPoint No
MaxField 15000
FieldIncrement 100
Points 293
MinField 0
RampRate 10
AverageTime 0.3
TimeInterval 0
TimeConstant 0.1
TimeConstantIndex 0
Sensitivity -0.0053
SensitivityIndex 5
SensitivityY -400
SensitivityIndexY 0
SaturationField 8000
ExperimentTime 100
Use735Domains True
AutoRangeEnabled False
NumberOfVertices 2
VertexPts
0
292
VertexField
-2903.0075
48.7051
StartAngle 0
EndAngle 0
AngleIncrement 0
StartTemp 0
FinishTemp 0
TempIncrement 0
TempPoints 0
LengthofSetPointsArray 293
SetPointArray
-2903.00752
-2892.89891
-2882.79031
-2872.6817
-2862.5731
-2852.46449
-2842.35589
-2832.24728
-2822.13868
-2812.03008
-2801.92147
-2791.81287
-2781.70426
-2771.59566
-2761.48705
-2751.37845
-2741.26984
-2731.16124
-2721.05263
-2710.94403
-2700.83542
-2690.72682
-2680.61821
-2670.50961
-2660.401
-2650.2924
-2640.18379
-2630.07519
-2619.96658
-2609.85798
-2599.74937
-2589.64077
-2579.53216
-2569.42356
-2559.31495
-2549.20635
-2539.09774
-2528.98914
-2518.88053
-2508.77193
-2498.66332
-2488.55472
-2478.44612
-2468.33751
-2458.22891
-2448.1203
-2438.0117
-2427.90309
-2417.79449
-2407.68588
-2397.57728
-2387.46867
-2377.36007
-2367.25146
-2357.14286
-2347.03425
-2336.92565
-2326.81704
-2316.70844
-2306.59983
-2296.49123
-2286.38262
-2276.27402
-2266.16541
-2256.05681
-2245.9482
-2235.8396
-2225.73099
-2215.62239
-2205.51378
-2195.40518
-2185.29657
-2175.18797
-2165.07937
-2154.97076
-2144.86216
-2134.75355
-2124.64495
-2114.53634
-2104.42774
-2094.31913
-2084.21053
-2074.10192
-2063.99332
-2053.88471
-2043.77611
-2033.6675
-2023.5589
-2013.45029
-2003.34169
-1993.23308
-1983.12448
-1973.01587
-1962.90727
-1952.79866
-1942.69006
-1932.58145
-1922.47285
-1912.36424
-1902.25564
-1892.14703
-1882.03843
-1871.92982
-1861.82122
-1851.71261
-1841.60401
-1831.49541
-1821.3868
-1811.2782
-1801.16959
-1791.06099
-1780.95238
-1770.84378
-1760.73517
-1750.62657
-1740.51796
-1730.40936
-1720.30075
-1710.19215
-1700.08354
-1689.97494
-1679.86633
-1669.75773
-1659.64912
-1649.54052
-1639.43191
-1629.32331
-1619.2147
-1609.1061
-1598.99749
-1588.88889
-1578.78028
-1568.67168
-1558.56307
-1548.45447
-1538.34586
-1528.23726
-1518.12865
-1508.02005
-1497.91145
-1487.80284
-1477.69424
-1467.58563
-1457.47703
-1447.36842
-1437.25982
-1427.15121
-1417.04261
-1406.934
-1396.8254
-1386.71679
-1376.60819
-1366.49958
-1356.39098
-1346.28237
-1336.17377
-1326.06516
-1315.95656
-1305.84795
-1295.73935
-1285.63074
-1275.52214
-1265.41353
-1255.30493
-1245.19632
-1235.08772
-1224.97911
-1214.87051
-1204.7619
-1194.6533
-1184.5447
-1174.43609
-1164.32749
-1154.21888
-1144.11028
-1134.00167
-1123.89307
-1113.78446
-1103.67586
-1093.56725
-1083.45865
-1073.35004
-1063.24144
-1053.13283
-1043.02423
-1032.91562
-1022.80702
-1012.69841
-1002.58981
-992.4812
-982.3726
-972.26399
-962.15539
-952.04678
-941.93818
-931.82957
-921.72097
-911.61236
-901.50376
-891.39515
-881.28655
-871.17794
-861.06934
-850.96074
-840.85213
-830.74353
-820.63492
-810.52632
-800.41771
-790.30911
-780.2005
-770.0919
-759.98329
-749.87469
-739.76608
-729.65748
-719.54887
-709.44027
-699.33166
-689.22306
-679.11445
-669.00585
-658.89724
-648.78864
-638.68003
-628.57143
-618.46282
-608.35422
-598.24561
-588.13701
-578.0284
-567.9198
-557.81119
-547.70259
-537.59398
-527.48538
-517.37678
-507.26817
-497.15957
-487.05096
-476.94236
-466.83375
-456.72515
-446.61654
-436.50794
-426.39933
-416.29073
-406.18212
-396.07352
-385.96491
-375.85631
-365.7477
-355.6391
-345.53049
-335.42189
-325.31328
-315.20468
-305.09607
-294.98747
-284.87886
-274.77026
-264.66165
-254.55305
-244.44444
-234.33584
-224.22723
-214.11863
-204.01003
-193.90142
-183.79282
-173.68421
-163.57561
-153.467
-143.3584
-133.24979
-123.14119
-113.03258
-102.92398
-92.81537
-82.70677
-72.59816
-62.48956
-52.38095
-42.27235
-32.16374
-22.05514
-11.94653
-1.83793
8.27068
18.37928
28.48789
38.59649
48.7051
FieldDomainFile C:\IDEASVSM\Default UserID\Experiments\FORCexp0397B\fdomain.ini
TempDomainFile C:\IDEASVSM\Default UserID\Experiments\FORCexp0397B\tdomain.ini
NumSelectedResults 0
ResultsSelected 
UserName1 
UserValue1 
UserName2 
UserValue2 
LinearBackgroundCorrection Off
MaxLinearFieldCorrection 
MinLinearFieldCorrection 
AutoLinearCorrection Off
FitOneRegion Off
BackgroundMode Off
BackgroundFilename 
AutoCenter Off
OffsetCorrection 
SmoothDeriv Off
DerivOrder 0
DerivPoints 0
MinExFieldOne 
MaxExFieldOne 
MinExFieldTwo 
MaxExFieldTwo 
MinPinFieldOne 
MaxPinFieldOne 
MinPinFieldTwo 
MaxPinFieldTwo 
HCenterStart 
Mass 
Volume 
Density 
MolarWeight 
NumberOfMoles 
Demagnetization 
SampleArea 
Thickness 
MomentScaling 0
XAxis 0
YAxis 0
SimpleSpinValve False
HsatMax 0
HsatMin 0
FieldAutoRange False
 
*************************************************** Experiment Data ********************************************
 
DataPoints 293
MomentX Data
-0.00489652
-0.00491249
-0.00494121
-0.00488671
-0.00491673
-0.00491295
-0.00490281
-0.00488021
-0.00493044
-0.00491744
-0.00489559
-0.00487781
-0.00488608
-0.00490584
-0.00489486
-0.00490896
-0.00488019
-0.00490705
-0.00489495
-0.00490361
-0.00489477
-0.00492443
-0.00487149
-0.00488471
-0.00488416
-0.00489074
-0.00485549
-0.00486442
-0.00488225
-0.00488732
-0.00488964
-0.00487659
-0.00487296
-0.00486909
-0.00484451
-0.00484249
-0.00484466
-0.00483867
-0.00488647
-0.0048736
-0.00488502
-0.00482973
-0.00481098
-0.00482243
-0.00480508
-0.00482821
-0.00481455
-0.00481868
-0.00483382
-0.00479964
-0.00482997
-0.00480021
-0.00478077
-0.00482248
-0.00481065
-0.00477988
-0.00478182
-0.00478346
-0.00479053
-0.00481742
-0.0047716
-0.00478471
-0.00478441
-0.00479945
-0.00477389
-0.00477267
-0.00475922
-0.00476972
-0.00475936
-0.00476022
-0.0047728
-0.00473375
-0.00474937
-0.00473988
-0.00477763
-0.00475982
-0.00471198
-0.00470548
-0.0047167
-0.004719
-0.00475471
-0.00469999
-0.00469086
-0.00466787
-0.00471658
-0.00469691
-0.00473344
-0.00471402
-0.00467267
-0.0046454
-0.00467008
-0.00473349
-0.00470465
-0.00468254
-0.00467075
-0.00469291
-0.00465075
-0.00463216
-0.00468099
-0.00465381
-0.00464204
-0.00464074
-0.00463461
-0.00461578
-0.00460031
-0.00461175
-0.00458757
-0.0046539
-0.00460648
-0.00462133
-0.00459284
-0.00462653
-0.00462648
-0.00458136
-0.00459296
-0.00455842
-0.00459513
-0.00458341
-0.00459651
-0.00459953
-0.00457646
-0.0045527
-0.00456383
-0.00453944
-0.00458541
-0.00455856
-0.00456486
-0.00454164
-0.00450122
-0.00448954
-0.00450122
-0.00448796
-0.0045237
-0.00453701
-0.00454499
-0.00450019
-0.00448648
-0.0044992
-0.0044959
-0.00450779
-0.00449494
-0.00448713
-0.00448593
-0.00448155
-0.00443305
-0.004442
-0.00442693
-0.00442901
-0.00444337
-0.00444529
-0.00446661
-0.00442193
-0.00435504
-0.00439934
-0.00440734
-0.00444444
-0.004407
-0.00440849
-0.00441251
-0.00435319
-0.0043757
-0.00435062
-0.00432837
-0.0043284
-0.00433262
-0.00434102
-0.00436955
-0.00430299
-0.00431557
-0.00429459
-0.00433274
-0.00432811
-0.00433124
-0.00429461
-0.0042792
-0.00433245
-0.00429309
-0.00431458
-0.00427297
-0.00425126
-0.00426731
-0.00420791
-0.00421761
-0.00428367
-0.00421634
-0.00423399
-0.00422452
-0.00420624
-0.00416302
-0.00420396
-0.00415994
-0.00415617
-0.0041192
-0.00423621
-0.00418308
-0.00410615
-0.00413008
-0.00412109
-0.00414313
-0.00410245
-0.00413216
-0.00413281
-0.00411413
-0.00408498
-0.00411077
-0.00406131
-0.00406029
-0.00403219
-0.00404377
-0.00401468
-0.00404707
-0.0040333
-0.00401615
-0.00403505
-0.0040465
-0.00397772
-0.00394821
-0.00397979
-0.00397935
-0.00396184
-0.0040497
-0.0039264
-0.00392397
-0.00389318
-0.0038572
-0.00392892
-0.00395094
-0.00384965
-0.00386318
-0.00389066
-0.00386195
-0.00393354
-0.00386911
-0.00379765
-0.00383533
-0.00379403
-0.00381546
-0.00381723
-0.0037751
-0.00379253
-0.00380082
-0.00375724
-0.00375157
-0.00373424
-0.00374092
-0.00372508
-0.00373146
-0.00363169
-0.00366464
-0.00362167
-0.00366883
-0.00364345
-0.00362884
-0.00362286
-0.00366669
-0.00361436
-0.00364632
-0.00359341
-0.00356362
-0.00350582
-0.00356692
-0.003536
-0.00360777
-0.00359846
-0.00359773
-0.00348564
-0.00347123
-0.0034721
-0.00345865
-0.0034711
-0.00337669
-0.00339633
-0.00346035
-0.0034962
-0.00342487
-0.00339634
-0.0033539
-0.00327819
-0.00328376
-0.00326094
-0.00332236
-0.00328032
-0.00328024
-0.0033144
-0.00338277
-0.00329032
-0.00325606
-0.00319513
-0.00327085
-0.00309375
-0.00317011
-0.00311245
-0.0030677
MomentY Data
-0.00581741
-0.00588099
-0.0058492
-0.00572205
-0.00583331
-0.00562668
-0.00610352
-0.00600815
-0.00592868
-0.00583331
-0.00572205
-0.00600815
-0.00610352
-0.00597636
-0.00588099
-0.00607173
-0.0058651
-0.00600815
-0.00588099
-0.00578562
-0.00610352
-0.00567436
-0.00561078
-0.00616709
-0.00583331
-0.00607173
-0.00583331
-0.00600815
-0.00603994
-0.00589689
-0.00557899
-0.00588099
-0.00596046
-0.00600815
-0.00578562
-0.00583331
-0.00546773
-0.0058651
-0.00597636
-0.00616709
-0.00597636
-0.0058492
-0.00592868
-0.00581741
-0.00629425
-0.00600815
-0.0058492
-0.0058651
-0.00592868
-0.00592868
-0.00594457
-0.00573794
-0.00603994
-0.0058492
-0.00572205
-0.00591278
-0.00623067
-0.00616709
-0.00581741
-0.00581741
-0.00588099
-0.00611941
-0.00589689
-0.00607173
-0.00578562
-0.00572205
-0.00596046
-0.00602404
-0.00576973
-0.00581741
-0.00600815
-0.00594457
-0.00600815
-0.00597636
-0.00602404
-0.00600815
-0.0061353
-0.00597636
-0.00588099
-0.00616709
-0.0055631
-0.00602404
-0.00602404
-0.00572205
-0.00573794
-0.00562668
-0.0058651
-0.00629425
-0.0061353
-0.00578562
-0.00588099
-0.00572205
-0.00594457
-0.00583331
-0.00572205
-0.00581741
-0.00567436
-0.00603994
-0.00632604
-0.00594457
-0.00626246
-0.00588099
-0.00594457
-0.0061353
-0.00600815
-0.0061353
-0.00588099
-0.00629425
-0.00607173
-0.00578562
-0.00588099
-0.0061353
-0.00599225
-0.00573794
-0.00626246
-0.00602404
-0.00591278
-0.00573794
-0.0061353
-0.00594457
-0.00607173
-0.00575384
-0.00619888
-0.00594457
-0.00592868
-0.00594457
-0.00607173
-0.00592868
-0.00600815
-0.0061353
-0.0061353
-0.0058651
-0.00589689
-0.00581741
-0.00594457
-0.00616709
-0.00592868
-0.0061353
-0.00607173
-0.0058651
-0.00607173
-0.00608762
-0.0061353
-0.00581741
-0.00623067
-0.00632604
-0.00635783
-0.00599225
-0.0061353
-0.00588099
-0.00581741
-0.00551542
-0.00569026
-0.00583331
-0.00581741
-0.00599225
-0.00578562
-0.00588099
-0.00599225
-0.00602404
-0.00583331
-0.00610352
-0.00589689
-0.00619888
-0.00654856
-0.00621478
-0.00607173
-0.00607173
-0.00600815
-0.00607173
-0.00580152
-0.00596046
-0.00596046
-0.00599225
-0.00629425
-0.00581741
-0.00592868
-0.00623067
-0.00575384
-0.00578562
-0.00589689
-0.00607173
-0.00623067
-0.00602404
-0.00592868
-0.00626246
-0.00619888
-0.00607173
-0.00616709
-0.00626246
-0.00603994
-0.00607173
-0.00616709
-0.00635783
-0.0064532
-0.00635783
-0.00616709
-0.00629425
-0.00623067
-0.00632604
-0.00623067
-0.00642141
-0.00600815
-0.00605583
-0.00562668
-0.00576973
-0.00623067
-0.00588099
-0.00607173
-0.00600815
-0.00592868
-0.00642141
-0.00642141
-0.0061353
-0.00602404
-0.0061353
-0.00618299
-0.00626246
-0.00629425
-0.00629425
-0.00619888
-0.00623067
-0.00607173
-0.00610352
-0.00607173
-0.00594457
-0.00632604
-0.00596046
-0.00632604
-0.00603994
-0.00596046
-0.00588099
-0.0061353
-0.00596046
-0.00607173
-0.0061353
-0.00616709
-0.00588099
-0.00626246
-0.00616709
-0.00619888
-0.00608762
-0.0064532
-0.00648499
-0.00607173
-0.00623067
-0.00610352
-0.00629425
-0.00611941
-0.00578562
-0.00592868
-0.00629425
-0.00621478
-0.00616709
-0.00600815
-0.00626246
-0.00623067
-0.00588099
-0.0061353
-0.00642141
-0.0061353
-0.00602404
-0.00599225
-0.00600815
-0.00572205
-0.00629425
-0.00597636
-0.00642141
-0.00642141
-0.00632604
-0.00602404
-0.00626246
-0.00632604
-0.00648499
-0.00607173
-0.00610352
-0.0061353
-0.00588099
-0.0061353
-0.00626246
-0.00632604
-0.00602404
-0.00600815
-0.0058651
-0.00596046
-0.0058492
-0.00610352
-0.00654856
-0.00591278
-0.00591278
-0.00619888
-0.0064532
-0.00616709
Field Data
-2902.47
-2896.28
-2886.47
-2876.41
-2866.19
-2856.37
-2846.05
-2835.81
-2825.87
-2816.01
-2805.66
-2795.6
-2785.63
-2775.33
-2765.17
-2755.34
-2745.34
-2734.93
-2724.82
-2714.74
-2704.73
-2694.86
-2684.46
-2674.64
-2664.64
-2654.24
-2644.31
-2634.41
-2624.03
-2614.07
-2603.96
-2594.07
-2583.55
-2573.58
-2563.77
-2553.57
-2543.28
-2533.39
-2523.59
-2513.12
-2503.3
-2493.28
-2482.79
-2472.9
-2462.95
-2452.84
-2442.71
-2432.26
-2422.55
-2412.62
-2402.54
-2392.09
-2382.38
-2372.38
-2361.82
-2351.9
-2342.08
-2331.77
-2321.72
-2311.59
-2301.61
-2291.6
-2281.51
-2271.13
-2261.39
-2251.26
-2241.02
-2230.95
-2221.29
-2210.81
-2200.73
-2190.96
-2180.84
-2170.31
-2160.48
-2150.41
-2140.43
-2130.33
-2120.16
-2110.15
-2100.18
-2089.85
-2079.94
-2069.84
-2060.01
-2049.49
-2039.66
-2029.74
-2019.27
-2009.25
-1999.42
-1989.16
-1979.09
-1968.88
-1958.97
-1949.12
-1938.83
-1928.7
-1918.54
-1908.58
-1898.61
-1888.44
-1878.38
-1868.31
-1858.5
-1847.9
-1837.89
-1827.85
-1818.02
-1807.91
-1797.6
-1787.72
-1777.7
-1767.42
-1757.43
-1747.61
-1737.3
-1727.02
-1716.95
-1707.13
-1696.82
-1687
-1676.48
-1666.76
-1656.94
-1646.37
-1636.47
-1626.6
-1616.45
-1606.15
-1596.32
-1586.39
-1575.84
-1565.93
-1555.83
-1545.75
-1535.75
-1525.51
-1515.59
-1505.63
-1495.4
-1485.26
-1475.31
-1465.39
-1455.03
-1445
-1435.17
-1424.96
-1414.77
-1404.65
-1394.9
-1384.41
-1374.55
-1364.37
-1354.26
-1344.49
-1334.09
-1324.14
-1314.08
-1303.95
-1293.85
-1283.97
-1273.99
-1263.67
-1253.62
-1243.7
-1233.44
-1223.38
-1213.08
-1203.37
-1193.19
-1182.98
-1173
-1163.06
-1153.12
-1142.54
-1132.71
-1122.87
-1112.45
-1102.42
-1092.53
-1082.3
-1072.27
-1061.9
-1052.02
-1042.04
-1031.88
-1021.85
-1011.81
-1001.9
-991.515
-981.528
-971.793
-961.466
-951.233
-941.408
-931.322
-921.026
-911.064
-901.012
-890.731
-880.964
-870.744
-860.661
-850.73
-840.496
-830.431
-820.517
-810.52
-800.077
-790.266
-780.235
-769.888
-759.998
-750.028
-739.727
-729.717
-719.437
-709.664
-699.579
-689.326
-679.244
-669.396
-659.301
-648.928
-639.076
-629.18
-618.686
-608.848
-598.506
-588.857
-578.47
-568.333
-558.355
-548.342
-538.068
-528.206
-518.231
-508.263
-497.664
-487.955
-478.054
-467.731
-457.576
-447.472
-437.503
-427.619
-417.213
-407.326
-397.229
-387.373
-376.888
-366.841
-357.129
-346.714
-336.738
-326.868
-316.562
-306.514
-296.552
-286.5
-276.146
-266.09
-256.137
-246.205
-236.142
-225.657
-215.944
-206.089
-195.622
-185.592
-175.734
-165.605
-155.259
-145.246
-135.285
-125.348
-115.227
-104.991
-95.0265
-84.8694
-74.6335
-64.8991
-54.4542
-44.7026
-34.6696
-24.5418
-14.4836
-4.03388
5.94399
16.011
25.7738
35.9302
Time Data
0
0.3
0.6
0.9
1.2
1.5
1.8
2.1
2.4
2.7
3
3.3
3.6
3.9
4.2
4.5
4.8
5.1
5.4
5.7
6
6.3
6.6
6.9
7.2
7.5
7.8
8.1
8.4
8.7
9
9.3
9.6
9.9
10.2
10.5
10.8
11.1
11.4
11.7
12
12.3
12.6
12.9
13.2
13.5
13.8
14.1
14.4
14.7
15
15.3
15.6
15.9
16.2
16.5
16.8
17.1
17.4
17.7
18
18.3
18.6
18.9
19.2
19.5
19.8
20.1
20.4
20.7
21
21.3
21.6
21.9
22.2
22.5
22.8
23.1
23.4
23.7
24
24.3
24.6
24.9
25.2
25.5
25.8
26.1
26.4
26.7
27
27.3
27.6
27.9
28.2
28.5
28.8
29.1
29.4
29.7
30.0000000000001
30.3000000000001
30.6000000000001
30.9000000000001
31.2000000000001
31.5000000000001
31.8000000000001
32.1000000000001
32.4
32.7
33
33.3
33.6
33.9
34.2
34.5
34.8
35.1
35.4
35.7
36
36.3
36.6
36.9
37.2
37.5
37.8
38.1
38.4
38.7
39
39.3
39.6
39.9
40.2
40.5
40.8
41.1
41.4
41.7
42
42.3
42.6
42.8999999999999
43.1999999999999
43.4999999999999
43.7999999999999
44.0999999999999
44.3999999999999
44.6999999999999
44.9999999999999
45.2999999999999
45.5999999999999
45.8999999999999
46.1999999999999
46.4999999999999
46.7999999999999
47.0999999999999
47.3999999999999
47.6999999999999
47.9999999999999
48.2999999999999
48.5999999999999
48.8999999999999
49.1999999999999
49.4999999999999
49.7999999999999
50.0999999999999
50.3999999999999
50.6999999999999
50.9999999999999
51.2999999999999
51.5999999999999
51.8999999999999
52.1999999999999
52.4999999999999
52.7999999999999
53.0999999999999
53.3999999999998
53.6999999999998
53.9999999999998
54.2999999999998
54.5999999999998
54.8999999999998
55.1999999999998
55.4999999999998
55.7999999999998
56.0999999999998
56.3999999999998
56.6999999999998
56.9999999999998
57.2999999999998
57.5999999999998
57.8999999999998
58.1999999999998
58.4999999999998
58.7999999999998
59.0999999999998
59.3999999999998
59.6999999999998
59.9999999999998
60.2999999999998
60.5999999999998
60.8999999999998
61.1999999999998
61.4999999999998
61.7999999999998
62.0999999999998
62.3999999999998
62.6999999999998
62.9999999999998
63.2999999999998
63.5999999999998
63.8999999999998
64.1999999999997
64.4999999999997
64.7999999999997
65.0999999999997
65.3999999999997
65.6999999999997
65.9999999999997
66.2999999999997
66.5999999999997
66.8999999999997
67.1999999999997
67.4999999999997
67.7999999999997
68.0999999999997
68.3999999999997
68.6999999999997
68.9999999999997
69.2999999999997
69.5999999999997
69.8999999999997
70.1999999999997
70.4999999999997
70.7999999999997
71.0999999999997
71.3999999999997
71.6999999999997
71.9999999999997
72.2999999999997
72.5999999999997
72.8999999999997
73.1999999999997
73.4999999999997
73.7999999999997
74.0999999999997
74.3999999999997
74.6999999999996
74.9999999999996
75.2999999999996
75.5999999999996
75.8999999999996
76.1999999999996
76.4999999999996
76.7999999999996
77.0999999999996
77.3999999999996
77.6999999999996
77.9999999999996
78.2999999999996
78.5999999999996
78.8999999999996
79.1999999999996
79.4999999999996
79.7999999999996
80.0999999999996
80.3999999999996
80.6999999999996
80.9999999999996
81.2999999999996
81.5999999999996
81.8999999999996
82.1999999999996
82.4999999999996
82.7999999999996
83.0999999999996
83.3999999999996
83.6999999999996
83.9999999999996
84.2999999999996
84.5999999999996
84.8999999999996
85.1999999999995
85.4999999999995
85.7999999999995
86.0999999999995
86.3999999999995
86.6999999999995
86.9999999999995
87.2999999999995
87.5999999999995
Temperature Data
0
0
0
0
0
0
0
0
0
0
0
0
0
0
0
0
0
0
0
0
0
0
0
0
0
0
0
0
0
0
0
0
0
0
0
0
0
0
0
0
0
0
0
0
0
0
0
0
0
0
0
0
0
0
0
0
0
0
0
0
0
0
0
0
0
0
0
0
0
0
0
0
0
0
0
0
0
0
0
0
0
0
0
0
0
0
0
0
0
0
0
0
0
0
0
0
0
0
0
0
0
0
0
0
0
0
0
0
0
0
0
0
0
0
0
0
0
0
0
0
0
0
0
0
0
0
0
0
0
0
0
0
0
0
0
0
0
0
0
0
0
0
0
0
0
0
0
0
0
0
0
0
0
0
0
0
0
0
0
0
0
0
0
0
0
0
0
0
0
0
0
0
0
0
0
0
0
0
0
0
0
0
0
0
0
0
0
0
0
0
0
0
0
0
0
0
0
0
0
0
0
0
0
0
0
0
0
0
0
0
0
0
0
0
0
0
0
0
0
0
0
0
0
0
0
0
0
0
0
0
0
0
0
0
0
0
0
0
0
0
0
0
0
0
0
0
0
0
0
0
0
0
0
0
0
0
0
0
0
0
0
0
0
0
0
0
0
0
0
0
0
0
0
0
0
0
0
0
0
0
0
0
0
0
0
0
0
0
0
0
0
0
0
Angle Data
0
0
0
0
0
0
0
0
0
0
0
0
0
0
0
0
0
0
0
0
0
0
0
0
0
0
0
0
0
0
0
0
0
0
0
0
0
0
0
0
0
0
0
0
0
0
0
0
0
0
0
0
0
0
0
0
0
0
0
0
0
0
0
0
0
0
0
0
0
0
0
0
0
0
0
0
0
0
0
0
0
0
0
0
0
0
0
0
0
0
0
0
0
0
0
0
0
0
0
0
0
0
0
0
0
0
0
0
0
0
0
0
0
0
0
0
0
0
0
0
0
0
0
0
0
0
0
0
0
0
0
0
0
0
0
0
0
0
0
0
0
0
0
0
0
0
0
0
0
0
0
0
0
0
0
0
0
0
0
0
0
0
0
0
0
0
0
0
0
0
0
0
0
0
0
0
0
0
0
0
0
0
0
0
0
0
0
0
0
0
0
0
0
0
0
0
0
0
0
0
0
0
0
0
0
0
0
0
0
0
0
0
0
0
0
0
0
0
0
0
0
0
0
0
0
0
0
0
0
0
0
0
0
0
0
0
0
0
0
0
0
0
0
0
0
0
0
0
0
0
0
0
0
0
0
0
0
0
0
0
0
0
0
0
0
0
0
0
0
0
0
0
0
0
0
0
0
0
0
0
0
0
0
0
0
0
0
0
0
0
0
0
0
Bx Data
0
0
0
0
0
0
0
0
0
0
0
0
0
0
0
0
0
0
0
0
0
0
0
0
0
0
0
0
0
0
0
0
0
0
0
0
0
0
0
0
0
0
0
0
0
0
0
0
0
0
0
0
0
0
0
0
0
0
0
0
0
0
0
0
0
0
0
0
0
0
0
0
0
0
0
0
0
0
0
0
0
0
0
0
0
0
0
0
0
0
0
0
0
0
0
0
0
0
0
0
0
0
0
0
0
0
0
0
0
0
0
0
0
0
0
0
0
0
0
0
0
0
0
0
0
0
0
0
0
0
0
0
0
0
0
0
0
0
0
0
0
0
0
0
0
0
0
0
0
0
0
0
0
0
0
0
0
0
0
0
0
0
0
0
0
0
0
0
0
0
0
0
0
0
0
0
0
0
0
0
0
0
0
0
0
0
0
0
0
0
0
0
0
0
0
0
0
0
0
0
0
0
0
0
0
0
0
0
0
0
0
0
0
0
0
0
0
0
0
0
0
0
0
0
0
0
0
0
0
0
0
0
0
0
0
0
0
0
0
0
0
0
0
0
0
0
0
0
0
0
0
0
0
0
0
0
0
0
0
0
0
0
0
0
0
0
0
0
0
0
0
0
0
0
0
0
0
0
0
0
0
0
0
0
0
0
0
0
0
0
0
0
0
Hint Data
0
0
0
0
0
0
0
0
0
0
0
0
0
0
0
0
0
0
0
0
0
0
0
0
0
0
0
0
0
0
0
0
0
0
0
0
0
0
0
0
0
0
0
0
0
0
0
0
0
0
0
0
0
0
0
0
0
0
0
0
0
0
0
0
0
0
0
0
0
0
0
0
0
0
0
0
0
0
0
0
0
0
0
0
0
0
0
0
0
0
0
0
0
0
0
0
0
0
0
0
0
0
0
0
0
0
0
0
0
0
0
0
0
0
0
0
0
0
0
0
0
0
0
0
0
0
0
0
0
0
0
0
0
0
0
0
0
0
0
0
0
0
0
0
0
0
0
0
0
0
0
0
0
0
0
0
0
0
0
0
0
0
0
0
0
0
0
0
0
0
0
0
0
0
0
0
0
0
0
0
0
0
0
0
0
0
0
0
0
0
0
0
0
0
0
0
0
0
0
0
0
0
0
0
0
0
0
0
0
0
0
0
0
0
0
0
0
0
0
0
0
0
0
0
0
0
0
0
0
0
0
0
0
0
0
0
0
0
0
0
0
0
0
0
0
0
0
0
0
0
0
0
0
0
0
0
0
0
0
0
0
0
0
0
0
0
0
0
0
0
0
0
0
0
0
0
0
0
0
0
0
0
0
0
0
0
0
0
0
0
0
0
0
Torque Data
16.8848580027
17.0329937172
16.883540324
16.4589618405
16.7193747889
16.0718799516
17.370923096
17.0379718515
16.7536789516
16.4266592931
16.054126803
16.79638414
17.0021484176
16.5863711988
16.2619371183
16.7296805382
16.101693634
16.4318696795
16.0246391718
15.7064540388
16.5083736496
15.2916057896
15.0619144788
16.4947455976
15.5436711584
16.1158286352
15.4250799661
15.8279304415
15.8489837582
15.4148832423
14.5274668004
15.2556997293
15.399146433
15.462454677
14.8329989874
14.8957654167
13.9059683544
14.858585689
15.0818823324
15.4986372208
14.960621988
14.583693376
14.7196674172
14.385873189
15.5024230375
14.737030646
14.287899332
14.265448126
14.362523734
14.3036519416
14.2820672078
13.7256688946
14.3894322572
13.876525096
13.514452131
13.906267282
14.5927275936
14.3802354493
13.5063971452
13.4474667819
13.5357453939
14.023239956
13.4538135039
13.7896881549
13.0835432118
12.881822283
13.3575100692
13.439332038
12.8162435517
12.8611882021
13.2223159495
13.0243150872
13.102813846
12.9705538716
13.0148179392
12.9199858415
13.132180179
12.7316189988
12.4686397584
13.0134849635
11.683511358
12.589339994
12.5296417576
11.843727972
11.8202137794
11.5318243932
11.962809866
12.775690995
12.388827231
11.624756985
11.7585690258
11.382072978
11.7648390413
11.4850873928
11.2093242885
11.3388301792
11.0016193988
11.649232278
12.1367607816
11.3456874106
11.8899691806
11.1058967556
11.1661613966
11.462642343
11.166146775
11.33742087
10.8086127111
11.5049448625
11.0385265746
10.4598802542
10.571667624
10.968198516
10.652422825
10.1413499148
11.0058350778
10.5276725444
10.272272694
9.9095371388
10.534003335
10.1481537841
10.3026328986
9.70672808
10.3922983424
9.9081714932
9.8234670392
9.7869617109
9.9362039931
9.643590888
9.7118740675
9.854212095
9.793902096
9.304335989
9.2925551376
9.1096568413
9.2487403431
9.5327793675
9.10497031
9.359461503
9.2022532707
8.830670513
9.079665042
9.0416984812
9.051469443
8.5247744399
9.0658117701
9.1411278
9.1245668811
8.53871656
8.680038381
8.2607326035
8.114705209
7.6356026022
7.821546883
7.9587931647
7.8782856666
8.0565202025
7.7185377858
7.7872540986
7.87429588
7.855046958
7.5474281435
7.8367365744
7.5125788911
7.8333386896
8.2094057872
7.729321886
7.4891146512
7.4280330474
7.288366602
7.3065377301
6.9223156488
7.0511049708
6.99161958
6.969346285
7.25802556
6.6466236214
6.7154751228
6.9962324229
6.400859308
6.3781832004
6.4425292317
6.571433379
6.6809605209
6.396928076
6.2370899336
6.5257338184
6.3965002944
6.2043973005
6.2399233329
6.274358674
5.9886911091
5.95957300344
5.99313489237
6.11283737878
6.1384967956
5.98531202464
5.74354659298
5.7971679005
5.67653913288
5.69983795248
5.54985091977
5.65703103924
5.2315605636
5.21201670363
4.7867854764
4.84943498608
5.17414151877
4.82545227183
4.9212585996
4.80698262755
4.68523422888
5.01020883135
4.94376650208
4.6628157294
4.51819867312
4.5384470631
4.51183291383
4.50544543502
4.466802632
4.40332512075
4.27304915488
4.23214521348
4.06439177508
4.02405683952
3.94011560544
3.79903201732
3.9802178472
3.68765315556
3.85159680192
3.61494032964
3.50985859422
3.4019762853
3.4868934549
3.3280526433
3.32938457166
3.3012086004
3.25749394054
3.04771132869
3.18297670698
3.06913867776
3.0247744904
2.91021109148
3.0183616892
2.96737578424
2.71692916656
2.72593681701
2.60998111888
2.62604292525
2.49259479766
2.29821604698
2.29661055764
2.372227294
2.27983610998
2.20244668461
2.0831097191
2.10880825548
2.03660664156
1.86169795638
1.8805553442
1.90428197832
1.75776345
1.66351454984
1.5944778025
1.53890951655
1.40879732025
1.4863367835
1.34860746852
1.38666496104
1.32338196549
1.23751259688
1.11801363168
1.10052714564
1.0476238542
1.00685306241
0.88189449558
0.8257147032
0.7690475844
0.67764883473
0.6441512823
0.59509965519
0.536887219176
0.44959518934
0.389923527665
0.31937932842
0.266448059196
0.20278942432
0.149791367136
0.094846723616
0.0238514449864
-0.0351455051922
-0.09925026768
-0.16632348616
-0.221584777118
dMdH Data
-2.57996768982255E-06
-2.92762487257882E-06
5.41749502982109E-06
-2.93737769080244E-06
3.84928716904281E-07
9.8255813953496E-07
2.20703124999989E-06
-5.05331991951708E-06
1.31845841784994E-06
2.11111111111107E-06
1.76739562624258E-06
-8.29488465396238E-07
-1.91844660194169E-06
1.08070866141732E-06
-1.43438453713128E-06
0.000002877
-2.58021133525441E-06
1.19683481701282E-06
-8.59126984126926E-07
8.83116883116945E-07
-3.00506585612971E-06
5.09038461538453E-06
-1.346232179226E-06
5.49999999999336E-08
-6.32692307692298E-07
3.5498489425983E-06
-9.02020202020269E-07
-1.7177263969172E-06
-5.09036144578249E-07
-2.29475766567762E-07
1.319514661274E-06
3.45057034220545E-07
3.88164493480388E-07
2.50560652395522E-06
1.98039215686292E-07
-2.10884353741509E-07
6.0566228513648E-07
-4.87755102040836E-06
1.22922636103156E-06
-1.16293279022414E-06
5.51796407185633E-06
1.78741658722586E-06
-1.15773508594538E-06
1.74371859296479E-06
-2.2878338278933E-06
1.34846989141167E-06
-3.95215311004768E-07
-1.5592173017508E-06
3.44209466263837E-06
-3.00892857142862E-06
2.84784688995222E-06
2.00205973223479E-06
-4.17099999999995E-06
1.12026515151516E-06
3.10181451612895E-06
-1.97556008146611E-07
-1.59068865179419E-07
-7.03482587064715E-07
-2.65449160908202E-06
4.59118236472947E-06
-1.3096903096903E-06
2.97324083250706E-08
-1.4489402697495E-06
2.62422997946605E-06
1.20434353405785E-07
1.31347656249996E-06
-1.04270109235352E-06
1.07246376811596E-06
-8.20610687022992E-08
-1.24801587301587E-06
3.99692937563969E-06
-1.54347826086959E-06
9.01234567901219E-07
-3.84028484231942E-06
1.76861966236343E-06
4.79358717434864E-06
6.43564356435692E-07
-1.10324483775812E-06
-2.29770229770257E-07
-3.58174523570699E-06
5.29719264278798E-06
9.2129162462165E-07
2.27623762376236E-06
-4.95523906408951E-06
1.86977186311774E-06
-3.71617497456775E-06
1.95766129032257E-06
3.94937917860552E-06
2.72155688622757E-06
-2.51068158697866E-06
-6.1803118908382E-06
2.86395233366426E-06
2.16552399608236E-06
1.1897073662966E-06
-2.24974619289331E-06
4.09718172983475E-06
1.83514313919061E-06
-4.80610236220474E-06
2.72891566265058E-06
1.18054162487466E-06
1.27826941986244E-07
6.09343936381715E-07
1.86991062562063E-06
1.57696228338432E-06
-1.07924528301893E-06
2.41558441558446E-06
-6.60657370517914E-06
4.82400813835205E-06
-1.46884272997037E-06
2.7633365664403E-06
-3.40991902834015E-06
4.99001996013678E-09
4.38910505836578E-06
-1.16116116116121E-06
3.51731160896129E-06
-3.56062075654711E-06
1.14007782101174E-06
-1.30089374379348E-06
-3.07535641547892E-07
2.23763336566437E-06
2.41955193482693E-06
-1.05798479087451E-06
2.50925925925925E-06
-4.68126272912429E-06
2.5402081362346E-06
-6.36363636363633E-07
2.35258358662611E-06
3.98226600985221E-06
1.13398058252428E-06
-1.18819938962358E-06
1.33534743202421E-06
-3.38767772511845E-06
-1.34308779011101E-06
-7.90099009900925E-07
4.44444444444441E-06
1.37100000000001E-06
-1.24218749999999E-06
3.32661290322614E-07
-1.19377510040168E-06
1.25610948191593E-06
7.70216962524692E-07
1.20603015075357E-07
4.41532258064524E-07
4.68146718146712E-06
-8.92323030907256E-07
1.53306205493387E-06
-2.03721841332006E-07
-1.40922473012763E-06
-1.89723320158092E-07
-2.18666666666667E-06
4.25929456625358E-06
6.78397565922912E-06
-4.35166994106085E-06
-7.91295746785388E-07
-3.79733879222109E-06
3.59999999999994E-06
-1.49748743718578E-07
-3.99602385685833E-07
5.85587364264566E-06
-2.22871287128709E-06
2.53846153846151E-06
2.22945891783572E-06
-2.9069767441688E-09
-4.19900497512439E-07
-8.46774193548443E-07
-2.78070175438594E-06
6.61630218687879E-06
-1.22135922330102E-06
2.16065911431516E-06
-3.74754420432224E-06
4.53476983349681E-07
-3.13627254509067E-07
3.6851106639839E-06
1.55030181086514E-06
-5.03308128544422E-06
4.00406917599185E-06
-2.18394308943085E-06
3.99328214971216E-06
2.16450648055836E-06
-1.62285136501516E-06
5.80645161290324E-06
-9.67098703888388E-07
-6.37029893924787E-06
6.81477732793515E-06
-1.76853707414831E-06
9.32086614173255E-07
1.8225324027916E-06
4.304780876494E-06
-4.13118062563066E-06
4.23880597014922E-06
3.77490737959365E-07
3.79763739085771E-06
-1.13304928827346E-05
5.19202579888595E-06
7.83002544529261E-06
-2.37259567717629E-06
8.73154623154657E-07
-2.21240714715922E-06
4.04695582968567E-06
-2.88979671238213E-06
-6.65506296713027E-08
1.82778864970646E-06
2.89100466131104E-06
-2.59691873930115E-06
4.83290990814923E-06
1.01341281669153E-07
2.83437563042168E-06
-1.15834750425133E-06
2.78559800823525E-06
-3.30139639180512E-06
1.37274449207455E-06
1.65748526142848E-06
-1.91102123356932E-06
-1.14844533600799E-06
6.67702164838363E-06
2.94805194805195E-06
-3.07198443579774E-06
4.50219993860624E-08
1.73624194348042E-06
-8.56919925875355E-06
1.22297163261258E-05
2.46750609260794E-07
3.05002476473502E-06
3.46862045695555E-06
-7.27974015428341E-06
-2.22514147130154E-06
9.65218219935209E-06
-1.3752795283594E-06
-2.65712628118356E-06
2.97543786920928E-06
-6.8922691826322E-06
6.35592384334615E-06
7.16175586289839E-06
-3.76310795965244E-06
4.01985594705083E-06
-2.17298722368691E-06
-1.77443609022546E-07
4.22652487961476E-06
-1.64449476365696E-06
-8.53846946132431E-07
4.40157559842441E-06
5.49258936355685E-07
1.7065484982767E-06
-6.61124307205044E-07
1.58892566957569E-06
-6.45487656819088E-07
9.58773784355178E-06
-3.33265904723373E-06
4.25571952064966E-06
-4.78490259740261E-06
2.42060085836911E-06
1.45416542251418E-06
6.15733113673811E-07
-4.20835333653383E-06
5.245589414595E-06
-3.23809523809525E-06
5.13390258102079E-06
2.96476910828026E-06
5.80204778156995E-06
-6.07839235972936E-06
2.98628549352906E-06
-7.13703261734286E-06
9.35396362905681E-07
7.34997986306889E-08
1.11388253999801E-05
1.37434430138292E-06
-8.95706784721544E-08
1.36478944698122E-06
-1.18945256520491E-06
9.41276171485544E-06
-1.99229052546156E-06
-6.32046598874519E-06
-3.46510728784071E-06
7.12373913911917E-06
2.86417026402973E-06
4.2709067122874E-06
7.48048611797255E-06
-5.44157874169628E-07
2.29012996136286E-06
-6.04700160478876E-06
4.10711319962091E-06
8.21827744908698E-09
-3.27049564859406E-06
-7.01115714344311E-06
9.21459184690522E-06
3.38276822212128E-06
6.05774393032549E-06
-7.24612716895764E-06
1.77492791547695E-05
-7.58517176400934E-06
5.90609251444255E-06
4.406088771612E-06
4.406088771612E-06
dMdT Data
0
0
0
0
0
0
0
0
0
0
0
0
0
0
0
0
0
0
0
0
0
0
0
0
0
0
0
0
0
0
0
0
0
0
0
0
0
0
0
0
0
0
0
0
0
0
0
0
0
0
0
0
0
0
0
0
0
0
0
0
0
0
0
0
0
0
0
0
0
0
0
0
0
0
0
0
0
0
0
0
0
0
0
0
0
0
0
0
0
0
0
0
0
0
0
0
0
0
0
0
0
0
0
0
0
0
0
0
0
0
0
0
0
0
0
0
0
0
0
0
0
0
0
0
0
0
0
0
0
0
0
0
0
0
0
0
0
0
0
0
0
0
0
0
0
0
0
0
0
0
0
0
0
0
0
0
0
0
0
0
0
0
0
0
0
0
0
0
0
0
0
0
0
0
0
0
0
0
0
0
0
0
0
0
0
0
0
0
0
0
0
0
0
0
0
0
0
0
0
0
0
0
0
0
0
0
0
0
0
0
0
0
0
0
0
0
0
0
0
0
0
0
0
0
0
0
0
0
0
0
0
0
0
0
0
0
0
0
0
0
0
0
0
0
0
0
0
0
0
0
0
0
0
0
0
0
0
0
0
0
0
0
0
0
0
0
0
0
0
0
0
0
0
0
0
0
0
0
0
0
0
0
0
0
0
0
0
0
0
0
0
0
0
 
*********************************************** Results ***************************************
 
TotalArea 0
AreaFirstQuad 0
AreaSecondQuad 0
AreaThirdQuad 0
AreaFourthQuad 0
Coercivity 0
PositiveCoercivity 0
NegativeCoercivity 0
Retentivity 4.59277364143805E-03
PositiveRetentivity -1.23847988206793E-02
NegativeRetentivity -3.19925153780316E-03
Magnetization 0.00494121
PositiveMagnetization -0.0030677
NegativeMagnetization -0.00494121
Flatness 1.6965837612675
Squareness 0.929483596414249
SStar 0
SFD1 0
SFD2 0
Slope 0
Intercept 0
SlopeAtHc 4.406088771612E-06
dH1 -890.083557936716
dH2 40.1865000000001
InitialSlope -2.57996768982255E-06
FieldAtHalfMs 35.9302
FieldAtMs 35.9302
MomentMean -4.31626641638225E-03
MomentRMS 4.99450562383844E-04
SFD3 0
dH3 -1780.16711587343
UserField1 0
UserField2 0
CenterField 0
ExchangeField 0
ExchangeMoment 0
ExRegionOneIntercept 0
ExRegionOneSlope 0
ExRegionTwoIntercept 0
ExRegionTwoSlope 0
NegativeIntercept 0
NegativeSlope 0
AutoCenterOffset 0
PinningField 0
PinningMoment 0
PinRegionOneIntercept 0
PinRegionOneSlope 0
PinRegionTwoIntercept 0
PinRegionTwoSlope 0
PositiveIntercept 0
PositiveSlope 0
TotalOffset 0
BHMax 0
BCoercivity 0
BRetentivity 0
BNegativeCoercivity 0
BPositiveCoercivity 0
BNegativeRetentivity 0
BPositiveRetentivity 0
MomentYMean -6.02290337883959E-03
MomentYRMS 2.00153888275063E-04
YOffCorrection 0
Mrt 0
Ms1 0
Ms2 0
Ms3 0
Hc2 0
Hex2 0
HsatValue 0
HsatIntercept 0
HsatSlope 0
CenterH 0
Span .00187351
SpanAsPercentOfRange -35.3492452830189
RMSAsPercentOfRange -9.42359551667631
SpanAsPercentOfMean -43.4058007376272
RMSAsPercentOfMean -11.5713562186105
