Version 1.25
******************************************** Units *******************************************
System CGS
TemperatureUnit K
MomentUnit emu
AppliedFieldUnit G
 
******************************************** Setup ********************************************
 
Experiment CustomField
Minor False
Acquisition Continuous
EditedPoint No
MaxField 15000
FieldIncrement 100
Points 293
MinField 0
RampRate 10
AverageTime 0.3
TimeInterval 0
TimeConstant 0.1
TimeConstantIndex 0
Sensitivity -0.0053
SensitivityIndex 5
SensitivityY -400
SensitivityIndexY 0
SaturationField 8000
ExperimentTime 100
Use735Domains True
AutoRangeEnabled False
NumberOfVertices 2
VertexPts
0
292
VertexField
-2013.4503
938.2623
StartAngle 0
EndAngle 0
AngleIncrement 0
StartTemp 0
FinishTemp 0
TempIncrement 0
TempPoints 0
LengthofSetPointsArray 293
SetPointArray
-2013.45029
-2003.34169
-1993.23308
-1983.12448
-1973.01587
-1962.90727
-1952.79866
-1942.69006
-1932.58145
-1922.47285
-1912.36424
-1902.25564
-1892.14703
-1882.03843
-1871.92982
-1861.82122
-1851.71261
-1841.60401
-1831.49541
-1821.3868
-1811.2782
-1801.16959
-1791.06099
-1780.95238
-1770.84378
-1760.73517
-1750.62657
-1740.51796
-1730.40936
-1720.30075
-1710.19215
-1700.08354
-1689.97494
-1679.86633
-1669.75773
-1659.64912
-1649.54052
-1639.43191
-1629.32331
-1619.2147
-1609.1061
-1598.99749
-1588.88889
-1578.78028
-1568.67168
-1558.56307
-1548.45447
-1538.34586
-1528.23726
-1518.12865
-1508.02005
-1497.91145
-1487.80284
-1477.69424
-1467.58563
-1457.47703
-1447.36842
-1437.25982
-1427.15121
-1417.04261
-1406.934
-1396.8254
-1386.71679
-1376.60819
-1366.49958
-1356.39098
-1346.28237
-1336.17377
-1326.06516
-1315.95656
-1305.84795
-1295.73935
-1285.63074
-1275.52214
-1265.41353
-1255.30493
-1245.19632
-1235.08772
-1224.97911
-1214.87051
-1204.7619
-1194.6533
-1184.5447
-1174.43609
-1164.32749
-1154.21888
-1144.11028
-1134.00167
-1123.89307
-1113.78446
-1103.67586
-1093.56725
-1083.45865
-1073.35004
-1063.24144
-1053.13283
-1043.02423
-1032.91562
-1022.80702
-1012.69841
-1002.58981
-992.4812
-982.3726
-972.26399
-962.15539
-952.04678
-941.93818
-931.82957
-921.72097
-911.61236
-901.50376
-891.39515
-881.28655
-871.17794
-861.06934
-850.96074
-840.85213
-830.74353
-820.63492
-810.52632
-800.41771
-790.30911
-780.2005
-770.0919
-759.98329
-749.87469
-739.76608
-729.65748
-719.54887
-709.44027
-699.33166
-689.22306
-679.11445
-669.00585
-658.89724
-648.78864
-638.68003
-628.57143
-618.46282
-608.35422
-598.24561
-588.13701
-578.0284
-567.9198
-557.81119
-547.70259
-537.59398
-527.48538
-517.37678
-507.26817
-497.15957
-487.05096
-476.94236
-466.83375
-456.72515
-446.61654
-436.50794
-426.39933
-416.29073
-406.18212
-396.07352
-385.96491
-375.85631
-365.7477
-355.6391
-345.53049
-335.42189
-325.31328
-315.20468
-305.09607
-294.98747
-284.87886
-274.77026
-264.66165
-254.55305
-244.44444
-234.33584
-224.22723
-214.11863
-204.01003
-193.90142
-183.79282
-173.68421
-163.57561
-153.467
-143.3584
-133.24979
-123.14119
-113.03258
-102.92398
-92.81537
-82.70677
-72.59816
-62.48956
-52.38095
-42.27235
-32.16374
-22.05514
-11.94653
-1.83793
8.27068
18.37928
28.48789
38.59649
48.7051
58.8137
68.92231
79.03091
89.13952
99.24812
109.35673
119.46533
129.57393
139.68254
149.79114
159.89975
170.00835
180.11696
190.22556
200.33417
210.44277
220.55138
230.65998
240.76859
250.87719
260.9858
271.0944
281.20301
291.31161
301.42022
311.52882
321.63743
331.74603
341.85464
351.96324
362.07185
372.18045
382.28906
392.39766
402.50627
412.61487
422.72348
432.83208
442.94069
453.04929
463.15789
473.2665
483.3751
493.48371
503.59231
513.70092
523.80952
533.91813
544.02673
554.13534
564.24394
574.35255
584.46115
594.56976
604.67836
614.78697
624.89557
635.00418
645.11278
655.22139
665.32999
675.4386
685.5472
695.65581
705.76441
715.87302
725.98162
736.09023
746.19883
756.30744
766.41604
776.52464
786.63325
796.74185
806.85046
816.95906
827.06767
837.17627
847.28488
857.39348
867.50209
877.61069
887.7193
897.8279
907.93651
918.04511
928.15372
938.26232
FieldDomainFile C:\IDEASVSM\Default UserID\Experiments\FORCexp0309B\fdomain.ini
TempDomainFile C:\IDEASVSM\Default UserID\Experiments\FORCexp0309B\tdomain.ini
NumSelectedResults 0
ResultsSelected 
UserName1 
UserValue1 
UserName2 
UserValue2 
LinearBackgroundCorrection Off
MaxLinearFieldCorrection 
MinLinearFieldCorrection 
AutoLinearCorrection Off
FitOneRegion Off
BackgroundMode Off
BackgroundFilename 
AutoCenter Off
OffsetCorrection 
SmoothDeriv Off
DerivOrder 0
DerivPoints 0
MinExFieldOne 
MaxExFieldOne 
MinExFieldTwo 
MaxExFieldTwo 
MinPinFieldOne 
MaxPinFieldOne 
MinPinFieldTwo 
MaxPinFieldTwo 
HCenterStart 
Mass 
Volume 
Density 
MolarWeight 
NumberOfMoles 
Demagnetization 
SampleArea 
Thickness 
MomentScaling 0
XAxis 0
YAxis 0
SimpleSpinValve False
HsatMax 0
HsatMin 0
FieldAutoRange False
 
*************************************************** Experiment Data ********************************************
 
DataPoints 293
MomentX Data
-0.00468533
-0.00461612
-0.00462335
-0.0046486
-0.0046467
-0.00464074
-0.00465662
-0.00464319
-0.00461646
-0.00465795
-0.00460356
-0.0046327
-0.00460408
-0.00461608
-0.00461129
-0.00461046
-0.00461864
-0.00459098
-0.00459417
-0.00459195
-0.00458579
-0.00457181
-0.0045789
-0.00459299
-0.00457725
-0.00454539
-0.00455506
-0.0045272
-0.00455269
-0.0045205
-0.00452563
-0.00451674
-0.00456174
-0.00452376
-0.00452236
-0.00450793
-0.00454618
-0.00451548
-0.00444147
-0.00448237
-0.00448766
-0.00448266
-0.00448282
-0.00450811
-0.00445908
-0.00443566
-0.00443488
-0.00447662
-0.00445158
-0.00444085
-0.00443952
-0.00441073
-0.00440643
-0.0044249
-0.00439563
-0.00438613
-0.0044043
-0.00443482
-0.00444354
-0.00443113
-0.00438075
-0.00435603
-0.00437766
-0.0043525
-0.00438007
-0.00435625
-0.00438476
-0.00433864
-0.00432695
-0.00433715
-0.00433598
-0.00432551
-0.00430357
-0.00427111
-0.00431302
-0.00430778
-0.00427742
-0.00429142
-0.00426885
-0.00430995
-0.00426144
-0.00428849
-0.00426831
-0.00423661
-0.00424572
-0.00422936
-0.00420356
-0.00421683
-0.00418023
-0.00425204
-0.00424691
-0.00419402
-0.00415144
-0.0041817
-0.00420835
-0.00420001
-0.00419022
-0.0041844
-0.00415672
-0.00415536
-0.00416824
-0.00414096
-0.00412738
-0.00408151
-0.00411218
-0.00413925
-0.00413118
-0.0041014
-0.0041141
-0.00402214
-0.00407195
-0.0040516
-0.00404599
-0.00403638
-0.00402694
-0.00402607
-0.0040287
-0.00402479
-0.00401482
-0.00398392
-0.00397818
-0.00401639
-0.00398108
-0.00395504
-0.00397595
-0.00397258
-0.00393367
-0.00396741
-0.00389008
-0.0039132
-0.00392401
-0.00388359
-0.00389505
-0.00387455
-0.00387116
-0.00384897
-0.00383175
-0.00379671
-0.00383495
-0.00381743
-0.00383936
-0.00382015
-0.00380496
-0.00376867
-0.00375068
-0.00380995
-0.00379233
-0.00376212
-0.00374403
-0.00370742
-0.00369314
-0.00370367
-0.00371005
-0.00372456
-0.00364174
-0.00367295
-0.00368701
-0.00365483
-0.00362398
-0.00362615
-0.00361138
-0.00362224
-0.00361837
-0.00361902
-0.00356944
-0.00354807
-0.00357539
-0.0035092
-0.00347387
-0.00347793
-0.00351999
-0.00349883
-0.00346732
-0.00343473
-0.00349798
-0.00344944
-0.0034837
-0.00346765
-0.00343082
-0.00343724
-0.00333427
-0.00341358
-0.00337597
-0.00333126
-0.00339648
-0.00335009
-0.00322975
-0.00325356
-0.0032461
-0.00322906
-0.00328421
-0.0032027
-0.00325676
-0.00324229
-0.00319945
-0.0031204
-0.00314075
-0.00311564
-0.00307434
-0.00313681
-0.00307186
-0.00312933
-0.00304626
-0.00294399
-0.00298934
-0.00294731
-0.00297241
-0.00296231
-0.0029272
-0.00295375
-0.00301774
-0.00301323
-0.00299315
-0.00294224
-0.00293641
-0.0028464
-0.00290539
-0.00276759
-0.00279986
-0.00277332
-0.00280421
-0.00271498
-0.00272475
-0.0027431
-0.00272796
-0.0026346
-0.00266133
-0.00262343
-0.00266553
-0.00259295
-0.0025815
-0.00251585
-0.00248964
-0.0024722
-0.00246427
-0.00239821
-0.00239863
-0.00231602
-0.00237301
-0.00233476
-0.00230438
-0.00229469
-0.00219677
-0.00231246
-0.00225362
-0.00213277
-0.00215183
-0.00205941
-0.0021234
-0.00206752
-0.00189771
-0.00195392
-0.00191525
-0.0018466
-0.00176109
-0.00174698
-0.00163554
-0.00169421
-0.00160128
-0.00151733
-0.00147629
-0.00142685
-0.00128872
-0.00123231
-0.00122375
-0.00120072
-0.00108627
-0.000930218
-0.000920557
-0.000838477
-0.000737336
-0.000589381
-0.000498341
-0.000454253
-0.000447566
-0.000326354
-0.000154902
-0.0000439388
0.0000400493
0.000187255
0.000308923
0.000444674
0.000621733
0.000705392
0.000783464
0.000873484
0.000960493
0.00102984
0.00123258
0.00135991
0.0014161
0.00148413
0.00159806
MomentY Data
-0.00551542
-0.00583331
-0.00578562
-0.00572205
-0.00581741
-0.00572205
-0.00596046
-0.00597636
-0.00583331
-0.00576973
-0.00576973
-0.00578562
-0.00623067
-0.00596046
-0.00565847
-0.00578562
-0.00578562
-0.00578562
-0.00572205
-0.00589689
-0.00573794
-0.00578562
-0.00597636
-0.00581741
-0.00603994
-0.0058651
-0.00557899
-0.00599225
-0.00583331
-0.00607173
-0.00583331
-0.00596046
-0.00632604
-0.00570615
-0.00567436
-0.00616709
-0.00592868
-0.00569026
-0.0058651
-0.0058651
-0.00575384
-0.00572205
-0.0061353
-0.00607173
-0.00583331
-0.00592868
-0.00623067
-0.00549952
-0.0061353
-0.00592868
-0.00600815
-0.00596046
-0.00600815
-0.00594457
-0.00600815
-0.00607173
-0.00626246
-0.00591278
-0.00610352
-0.00629425
-0.00607173
-0.00599225
-0.00619888
-0.00572205
-0.00578562
-0.00576973
-0.00623067
-0.00597636
-0.00619888
-0.00575384
-0.0061353
-0.00603994
-0.00588099
-0.00583331
-0.00597636
-0.00576973
-0.00576973
-0.00629425
-0.00600815
-0.00602404
-0.00607173
-0.00616709
-0.0058651
-0.00578562
-0.00591278
-0.00599225
-0.00603994
-0.00576973
-0.0058651
-0.00578562
-0.00600815
-0.00632604
-0.00597636
-0.00573794
-0.00567436
-0.00592868
-0.00570615
-0.00596046
-0.00583331
-0.00600815
-0.00588099
-0.0058492
-0.00626246
-0.0061353
-0.00626246
-0.00597636
-0.00557899
-0.00581741
-0.00583331
-0.00610352
-0.00591278
-0.00572205
-0.00607173
-0.00594457
-0.00583331
-0.00589689
-0.00610352
-0.00616709
-0.00588099
-0.00567436
-0.00592868
-0.00591278
-0.00572205
-0.00616709
-0.00576973
-0.00616709
-0.00607173
-0.00632604
-0.00607173
-0.00597636
-0.00592868
-0.00567436
-0.00597636
-0.00578562
-0.00618299
-0.0061353
-0.00599225
-0.0061353
-0.00594457
-0.00572205
-0.00569026
-0.00540415
-0.00607173
-0.00597636
-0.0061353
-0.00629425
-0.00608762
-0.00623067
-0.00610352
-0.00562668
-0.00608762
-0.00623067
-0.00623067
-0.00616709
-0.0058651
-0.00623067
-0.0058492
-0.00600815
-0.00581741
-0.00591278
-0.00610352
-0.00629425
-0.00610352
-0.00619888
-0.00578562
-0.00611941
-0.00603994
-0.00600815
-0.0061353
-0.00626246
-0.00610352
-0.00545184
-0.0061353
-0.0061353
-0.00611941
-0.00610352
-0.00594457
-0.00610352
-0.00581741
-0.00583331
-0.00616709
-0.00583331
-0.00573794
-0.00596046
-0.00594457
-0.00592868
-0.0061353
-0.00581741
-0.0061353
-0.00581741
-0.00567436
-0.00602404
-0.00592868
-0.00603994
-0.00607173
-0.00626246
-0.00623067
-0.00607173
-0.00600815
-0.00603994
-0.00623067
-0.00619888
-0.00562668
-0.0061353
-0.00607173
-0.00588099
-0.00608762
-0.00623067
-0.00576973
-0.00591278
-0.00603994
-0.00608762
-0.00632604
-0.00611941
-0.0058651
-0.00626246
-0.00605583
-0.00597636
-0.00642141
-0.00591278
-0.00616709
-0.00662804
-0.00597636
-0.00632604
-0.00616709
-0.00583331
-0.00627836
-0.00602404
-0.00599225
-0.00603994
-0.00619888
-0.00599225
-0.00616709
-0.00632604
-0.00605583
-0.0061353
-0.0061353
-0.0061353
-0.0061353
-0.00591278
-0.00599225
-0.00626246
-0.00632604
-0.00619888
-0.00638962
-0.00603994
-0.00616709
-0.00616709
-0.00632604
-0.00626246
-0.00616709
-0.0067393
-0.0061353
-0.0061353
-0.00629425
-0.00635783
-0.00596046
-0.00619888
-0.00651677
-0.00607173
-0.00626246
-0.00603994
-0.00619888
-0.00619888
-0.00616709
-0.00638962
-0.00642141
-0.00635783
-0.00605583
-0.00642141
-0.00677109
-0.00623067
-0.00658035
-0.00607173
-0.00623067
-0.00651677
-0.00632604
-0.00635783
-0.00664393
-0.0064532
-0.00651677
-0.00688235
-0.00651677
-0.00670751
-0.00705719
-0.00642141
-0.00623067
-0.00648499
-0.00642141
-0.00669161
-0.00680288
-0.00683467
-0.00648499
Field Data
-2012.2
-2005.16
-1995.71
-1985.05
-1975.1
-1965.03
-1954.89
-1944.67
-1934.59
-1924.57
-1914.48
-1904.52
-1894.08
-1884.15
-1874.16
-1864.24
-1854.12
-1843.61
-1833.73
-1823.92
-1813.4
-1803.39
-1793.16
-1783.32
-1773.3
-1762.98
-1753.01
-1743.12
-1732.82
-1722.73
-1712.87
-1702.83
-1692.48
-1682.55
-1672.21
-1662.38
-1652.29
-1642.29
-1632.21
-1621.75
-1611.74
-1601.7
-1591.83
-1581.91
-1571.37
-1561.57
-1551.63
-1541.23
-1531.37
-1521.27
-1511.23
-1500.81
-1490.9
-1480.99
-1470.72
-1460.74
-1450.41
-1440.52
-1430.68
-1420.21
-1410.3
-1400.48
-1390.16
-1379.99
-1370.06
-1360.11
-1349.64
-1339.81
-1329.97
-1319.54
-1309.51
-1299.3
-1289.49
-1279.55
-1269.13
-1259.24
-1248.94
-1239.1
-1229.16
-1218.7
-1208.79
-1198.83
-1188.5
-1178.59
-1168.25
-1158.48
-1148.48
-1138.3
-1128.13
-1118.11
-1108.11
-1097.74
-1087.97
-1077.81
-1067.67
-1057.51
-1047.49
-1037.62
-1027.2
-1017.2
-1007.13
-997.202
-987.226
-976.724
-966.902
-957.136
-946.655
-936.675
-926.72
-916.661
-906.194
-896.4
-886.479
-876.112
-866.159
-855.881
-846.015
-836.145
-825.713
-815.757
-805.946
-795.592
-785.475
-775.547
-765.578
-755.138
-745.235
-735.242
-724.996
-715.096
-704.665
-694.916
-684.931
-674.629
-664.565
-654.679
-644.443
-634.392
-624.235
-614.38
-603.931
-594.069
-584.225
-573.724
-563.869
-553.932
-543.648
-533.611
-523.705
-513.596
-503.322
-493.264
-483.456
-472.947
-463.173
-452.946
-443.224
-432.849
-422.708
-412.71
-402.597
-392.641
-382.736
-372.306
-362.23
-352.337
-342.337
-331.952
-321.897
-311.818
-301.983
-291.948
-281.491
-271.696
-261.755
-251.358
-241.378
-231.49
-221.21
-211.193
-201.118
-191.194
-180.82
-170.908
-160.648
-150.804
-140.664
-130.428
-120.569
-110.624
-100.337
-90.2243
-80.3624
-70.1988
-59.8466
-50.0538
-40.11
-29.6925
-19.9843
-9.5826
0.476625
10.5583
20.7971
30.6053
40.3576
50.8015
60.7546
70.9839
80.6521
91.2948
101.158
110.998
121.337
131.51
141.718
151.215
161.654
171.773
181.803
191.734
201.803
212.121
222.029
232.066
242.038
252.328
262.427
272.715
282.406
292.372
302.865
312.706
322.713
332.755
343.092
352.886
363.213
373.175
383.314
393.012
403.291
413.513
423.55
433.659
443.563
453.967
463.972
473.846
483.859
494.191
504.164
514.044
524.301
534.454
544.246
554.415
564.768
576.78
588.051
598.303
608.435
618.149
628.554
638.437
648.408
658.689
668.845
678.723
688.562
699.08
709.128
718.926
729.221
739.296
749.166
759.283
769.676
779.715
789.739
799.645
809.724
819.665
829.996
839.974
849.943
860.051
870.415
880.456
890.255
900.578
910.749
920.487
930.708
Time Data
0
0.3
0.6
0.9
1.2
1.5
1.8
2.1
2.4
2.7
3
3.3
3.6
3.9
4.2
4.5
4.8
5.1
5.4
5.7
6
6.3
6.6
6.9
7.2
7.5
7.8
8.1
8.4
8.7
9
9.3
9.6
9.9
10.2
10.5
10.8
11.1
11.4
11.7
12
12.3
12.6
12.9
13.2
13.5
13.8
14.1
14.4
14.7
15
15.3
15.6
15.9
16.2
16.5
16.8
17.1
17.4
17.7
18
18.3
18.6
18.9
19.2
19.5
19.8
20.1
20.4
20.7
21
21.3
21.6
21.9
22.2
22.5
22.8
23.1
23.4
23.7
24
24.3
24.6
24.9
25.2
25.5
25.8
26.1
26.4
26.7
27
27.3
27.6
27.9
28.2
28.5
28.8
29.1
29.4
29.7
30.0000000000001
30.3000000000001
30.6000000000001
30.9000000000001
31.2000000000001
31.5000000000001
31.8000000000001
32.1000000000001
32.4
32.7
33
33.3
33.6
33.9
34.2
34.5
34.8
35.1
35.4
35.7
36
36.3
36.6
36.9
37.2
37.5
37.8
38.1
38.4
38.7
39
39.3
39.6
39.9
40.2
40.5
40.8
41.1
41.4
41.7
42
42.3
42.6
42.8999999999999
43.1999999999999
43.4999999999999
43.7999999999999
44.0999999999999
44.3999999999999
44.6999999999999
44.9999999999999
45.2999999999999
45.5999999999999
45.8999999999999
46.1999999999999
46.4999999999999
46.7999999999999
47.0999999999999
47.3999999999999
47.6999999999999
47.9999999999999
48.2999999999999
48.5999999999999
48.8999999999999
49.1999999999999
49.4999999999999
49.7999999999999
50.0999999999999
50.3999999999999
50.6999999999999
50.9999999999999
51.2999999999999
51.5999999999999
51.8999999999999
52.1999999999999
52.4999999999999
52.7999999999999
53.0999999999999
53.3999999999998
53.6999999999998
53.9999999999998
54.2999999999998
54.5999999999998
54.8999999999998
55.1999999999998
55.4999999999998
55.7999999999998
56.0999999999998
56.3999999999998
56.6999999999998
56.9999999999998
57.2999999999998
57.5999999999998
57.8999999999998
58.1999999999998
58.4999999999998
58.7999999999998
59.0999999999998
59.3999999999998
59.6999999999998
59.9999999999998
60.2999999999998
60.5999999999998
60.8999999999998
61.1999999999998
61.4999999999998
61.7999999999998
62.0999999999998
62.3999999999998
62.6999999999998
62.9999999999998
63.2999999999998
63.5999999999998
63.8999999999998
64.1999999999997
64.4999999999997
64.7999999999997
65.0999999999997
65.3999999999997
65.6999999999997
65.9999999999997
66.2999999999997
66.5999999999997
66.8999999999997
67.1999999999997
67.4999999999997
67.7999999999997
68.0999999999997
68.3999999999997
68.6999999999997
68.9999999999997
69.2999999999997
69.5999999999997
69.8999999999997
70.1999999999997
70.4999999999997
70.7999999999997
71.0999999999997
71.3999999999997
71.6999999999997
71.9999999999997
72.2999999999997
72.5999999999997
72.8999999999997
73.1999999999997
73.4999999999997
73.7999999999997
74.0999999999997
74.3999999999997
74.6999999999996
74.9999999999996
75.2999999999996
75.5999999999996
75.8999999999996
76.1999999999996
76.4999999999996
76.7999999999996
77.0999999999996
77.3999999999996
77.6999999999996
77.9999999999996
78.2999999999996
78.5999999999996
78.8999999999996
79.1999999999996
79.4999999999996
79.7999999999996
80.0999999999996
80.3999999999996
80.6999999999996
80.9999999999996
81.2999999999996
81.5999999999996
81.8999999999996
82.1999999999996
82.4999999999996
82.7999999999996
83.0999999999996
83.3999999999996
83.6999999999996
83.9999999999996
84.2999999999996
84.5999999999996
84.8999999999996
85.1999999999995
85.4999999999995
85.7999999999995
86.0999999999995
86.3999999999995
86.6999999999995
86.9999999999995
87.2999999999995
87.5999999999995
Temperature Data
0
0
0
0
0
0
0
0
0
0
0
0
0
0
0
0
0
0
0
0
0
0
0
0
0
0
0
0
0
0
0
0
0
0
0
0
0
0
0
0
0
0
0
0
0
0
0
0
0
0
0
0
0
0
0
0
0
0
0
0
0
0
0
0
0
0
0
0
0
0
0
0
0
0
0
0
0
0
0
0
0
0
0
0
0
0
0
0
0
0
0
0
0
0
0
0
0
0
0
0
0
0
0
0
0
0
0
0
0
0
0
0
0
0
0
0
0
0
0
0
0
0
0
0
0
0
0
0
0
0
0
0
0
0
0
0
0
0
0
0
0
0
0
0
0
0
0
0
0
0
0
0
0
0
0
0
0
0
0
0
0
0
0
0
0
0
0
0
0
0
0
0
0
0
0
0
0
0
0
0
0
0
0
0
0
0
0
0
0
0
0
0
0
0
0
0
0
0
0
0
0
0
0
0
0
0
0
0
0
0
0
0
0
0
0
0
0
0
0
0
0
0
0
0
0
0
0
0
0
0
0
0
0
0
0
0
0
0
0
0
0
0
0
0
0
0
0
0
0
0
0
0
0
0
0
0
0
0
0
0
0
0
0
0
0
0
0
0
0
0
0
0
0
0
0
0
0
0
0
0
0
0
0
0
0
0
0
0
0
0
0
0
0
Angle Data
0
0
0
0
0
0
0
0
0
0
0
0
0
0
0
0
0
0
0
0
0
0
0
0
0
0
0
0
0
0
0
0
0
0
0
0
0
0
0
0
0
0
0
0
0
0
0
0
0
0
0
0
0
0
0
0
0
0
0
0
0
0
0
0
0
0
0
0
0
0
0
0
0
0
0
0
0
0
0
0
0
0
0
0
0
0
0
0
0
0
0
0
0
0
0
0
0
0
0
0
0
0
0
0
0
0
0
0
0
0
0
0
0
0
0
0
0
0
0
0
0
0
0
0
0
0
0
0
0
0
0
0
0
0
0
0
0
0
0
0
0
0
0
0
0
0
0
0
0
0
0
0
0
0
0
0
0
0
0
0
0
0
0
0
0
0
0
0
0
0
0
0
0
0
0
0
0
0
0
0
0
0
0
0
0
0
0
0
0
0
0
0
0
0
0
0
0
0
0
0
0
0
0
0
0
0
0
0
0
0
0
0
0
0
0
0
0
0
0
0
0
0
0
0
0
0
0
0
0
0
0
0
0
0
0
0
0
0
0
0
0
0
0
0
0
0
0
0
0
0
0
0
0
0
0
0
0
0
0
0
0
0
0
0
0
0
0
0
0
0
0
0
0
0
0
0
0
0
0
0
0
0
0
0
0
0
0
0
0
0
0
0
0
Bx Data
0
0
0
0
0
0
0
0
0
0
0
0
0
0
0
0
0
0
0
0
0
0
0
0
0
0
0
0
0
0
0
0
0
0
0
0
0
0
0
0
0
0
0
0
0
0
0
0
0
0
0
0
0
0
0
0
0
0
0
0
0
0
0
0
0
0
0
0
0
0
0
0
0
0
0
0
0
0
0
0
0
0
0
0
0
0
0
0
0
0
0
0
0
0
0
0
0
0
0
0
0
0
0
0
0
0
0
0
0
0
0
0
0
0
0
0
0
0
0
0
0
0
0
0
0
0
0
0
0
0
0
0
0
0
0
0
0
0
0
0
0
0
0
0
0
0
0
0
0
0
0
0
0
0
0
0
0
0
0
0
0
0
0
0
0
0
0
0
0
0
0
0
0
0
0
0
0
0
0
0
0
0
0
0
0
0
0
0
0
0
0
0
0
0
0
0
0
0
0
0
0
0
0
0
0
0
0
0
0
0
0
0
0
0
0
0
0
0
0
0
0
0
0
0
0
0
0
0
0
0
0
0
0
0
0
0
0
0
0
0
0
0
0
0
0
0
0
0
0
0
0
0
0
0
0
0
0
0
0
0
0
0
0
0
0
0
0
0
0
0
0
0
0
0
0
0
0
0
0
0
0
0
0
0
0
0
0
0
0
0
0
0
0
Hint Data
0
0
0
0
0
0
0
0
0
0
0
0
0
0
0
0
0
0
0
0
0
0
0
0
0
0
0
0
0
0
0
0
0
0
0
0
0
0
0
0
0
0
0
0
0
0
0
0
0
0
0
0
0
0
0
0
0
0
0
0
0
0
0
0
0
0
0
0
0
0
0
0
0
0
0
0
0
0
0
0
0
0
0
0
0
0
0
0
0
0
0
0
0
0
0
0
0
0
0
0
0
0
0
0
0
0
0
0
0
0
0
0
0
0
0
0
0
0
0
0
0
0
0
0
0
0
0
0
0
0
0
0
0
0
0
0
0
0
0
0
0
0
0
0
0
0
0
0
0
0
0
0
0
0
0
0
0
0
0
0
0
0
0
0
0
0
0
0
0
0
0
0
0
0
0
0
0
0
0
0
0
0
0
0
0
0
0
0
0
0
0
0
0
0
0
0
0
0
0
0
0
0
0
0
0
0
0
0
0
0
0
0
0
0
0
0
0
0
0
0
0
0
0
0
0
0
0
0
0
0
0
0
0
0
0
0
0
0
0
0
0
0
0
0
0
0
0
0
0
0
0
0
0
0
0
0
0
0
0
0
0
0
0
0
0
0
0
0
0
0
0
0
0
0
0
0
0
0
0
0
0
0
0
0
0
0
0
0
0
0
0
0
0
Torque Data
11.098128124
11.6967198796
11.5464196902
11.3585553525
11.489966491
11.2439999115
11.6520436494
11.6220480012
11.2850631929
11.1042492661
11.0460326904
11.0188290024
11.8013874336
11.230400709
10.6048781352
10.7857842288
10.7272337544
10.6664268882
10.4926947465
10.7554556088
10.405180396
10.4337292518
10.7165696976
10.3743036012
10.710625602
10.340053998
9.7800252599
10.44521082
10.1080762342
10.4599514229
9.9917016997
10.1496501018
10.7066961792
9.6008826825
9.4887215356
10.2520470742
9.7958986772
9.3450570954
9.573074871
9.511725925
9.2736940816
9.165007485
9.766354599
9.6049304043
9.1662883347
9.2580488276
9.6676944921
8.4760252096
9.395414361
9.0191230236
9.0796965245
8.9455179726
8.957550835
8.8038487243
8.836306368
8.8692188802
9.0831346086
8.5174778456
8.7321839936
8.9391567925
8.562960819
8.39202628
8.6174350208
7.8963717795
7.9266465372
7.8474674703
8.4091614588
8.0071868916
8.2443244336
7.5924220336
8.034236703
7.847694042
7.5834777951
7.4640118105
7.5847777668
7.2654748052
7.2060465862
7.799205175
7.384977654
7.341497548
7.3394465067
7.3932925047
6.97067135
6.8188738758
6.907605235
6.94190178
6.9367502912
6.567683659
6.616595263
6.4689595782
6.6576910965
6.9443471496
6.5021003892
6.1844091114
6.0583439412
6.2696383868
5.9771350635
6.1846925052
5.991976032
6.11149018
5.9229214587
5.8328339384
6.18246333596
5.9924947572
6.05518509892
5.72018930496
5.28137877845
5.44902251175
5.4058450432
5.59485874672
5.35812575932
5.12924562
5.38246113867
5.20810911184
5.05257395629
5.04703611009
5.1636694728
5.15658146805
4.85600989587
4.62889889052
4.77819593128
4.70416046576
4.49452722375
4.78286814823
4.41717835394
4.65700400842
4.52486570655
4.65117030168
4.40197996308
4.27367113056
4.1777332922
3.94320355376
4.09339423116
3.90314703498
4.10899874935
4.0166520687
3.86166356675
3.8921852376
3.71080865395
3.515513079
3.43652441206
3.21043798635
3.54725645925
3.42878116464
3.4595054757
3.486586491
3.30952243776
3.32475404937
3.1964439416
2.88984034128
3.06403307364
3.07336520688
3.01225479552
2.91670671423
2.7165559623
2.82215705382
2.5925058208
2.60062171935
2.45906574628
2.4402634338
2.45725884144
2.47138061425
2.33603683072
2.30788021728
2.0957251326
2.15609456117
2.06769493978
1.9944174088
1.9749346641
1.95274775228
1.84315928016
1.59165378432
1.7270317323
1.6669364688
1.60178616455
1.53416858016
1.43488841746
1.4129038448
1.2868692661
1.23195423883
1.24031280662
1.11529387214
1.0375343108
1.01869029768
0.95498328136
0.89406865872
0.8630158392
0.75875315148
0.7397269857
0.64354516384
0.56934825932
0.543514792172
0.476442953632
0.423996540072
0.363372396618
0.313459920348
0.2499121737
0.180284843025
0.120068672045
0.057878329044
-0.00296969308875
-0.065449634704
-0.117018626628
-0.18777269709
-0.245040450648
-0.298763113485
-0.369850918052
-0.442277256213
-0.465340840933
-0.539806067544
-0.61098825052
-0.67571364476
-0.76758271548
-0.8047636091
-0.8311902418
-0.9469778889
-0.97894914282
-1.02657728628
-1.16743160223
-1.13368096052
-1.24453726327
-1.40594647284
-1.32692523444
-1.46805879864
-1.49267012942
-1.47190744568
-1.64761117972
-1.6428460686
-1.6922473535
-1.76590933768
-1.8774237912
-1.8738125285
-1.99020011517
-2.1050214402
-2.07770682636
-2.1650614758
-2.2284207189
-2.2895405775
-2.3517463842
-2.32379349336
-2.41662049475
-2.58960862198
-2.679394242
-2.68820010192
-2.83419901606
-2.74193344198
-2.86135708148
-2.92225092814
-3.06091138836
-3.09485136986
-3.10922476276
-3.4642967292
-3.2167439253
-3.2790356262
-3.4256203855
-3.52487631945
-3.36627707328
-3.5753900064
-3.83219311527
-3.63273427419
-3.8102998501
-3.73358287106
-3.89633081952
-3.95759435056
-3.99879049272
-4.20877240818
-4.29492797145
-4.31520545109
-4.16981441646
-4.4890793028
-4.80156950952
-4.47939066042
-4.79852940735
-4.48880570208
-4.66780612122
-4.94807267591
-4.86900116304
-4.95729541845
-5.24697063427
-5.160269114
-5.27678507148
-5.64122141275
-5.40889303292
-5.63413400474
-5.99820924017
-5.52274009191
-5.42326862805
-5.70974835544
-5.71669235955
-6.02631675058
-6.19571615712
-6.29122488429
-6.03563207292
dMdH Data
9.83096590909097E-06
-7.65079365079407E-07
-2.3686679174484E-06
1.90954773869345E-07
5.91857000993069E-07
-1.56607495069038E-06
1.31409001956947E-06
2.65178571428567E-06
-4.14071856287425E-06
5.39048562933607E-06
-2.92570281124501E-06
2.74137931034482E-06
-1.20845921450152E-06
4.79479479479497E-07
8.36693548386494E-08
-8.08300395256907E-07
2.63177925784972E-06
-3.22874493927143E-07
2.26299694189586E-07
5.85551330798465E-07
1.39660339660342E-06
-6.93059628543537E-07
-1.43191056910563E-06
1.57085828343316E-06
3.08720930232559E-06
-9.69909729187542E-07
2.81698685540941E-06
-2.47475728155336E-06
3.19028741328047E-06
-5.20283975659211E-07
8.85458167330692E-07
-4.34782608695655E-06
3.82477341389725E-06
1.35396518375278E-07
1.46795523906403E-06
-3.79088206144693E-06
3.07000000000007E-06
7.34226190476189E-06
-3.91013384321222E-06
-5.2847152847151E-07
4.98007968127472E-07
-1.62107396149863E-08
-2.54939516129035E-06
4.65180265654643E-06
2.38979591836733E-06
7.84708249496698E-08
-4.01346153846144E-06
2.53955375253542E-06
1.06237623762382E-06
1.32470119521904E-07
2.76295585412665E-06
4.33905146316819E-07
-1.86377396569117E-06
2.85004868549169E-06
9.51903807615225E-07
-1.75895450145206E-06
-3.0859453993933E-06
-8.86178861788651E-07
1.18529130850048E-06
5.08375378405647E-06
2.5173116089613E-06
-2.09593023255814E-06
2.47394296951824E-06
-2.77643504531722E-06
2.39396984924621E-06
-2.72301814708695E-06
4.69175991861634E-06
1.18800813008131E-06
-9.77948226270298E-07
1.16650049850448E-07
1.02546523016644E-06
2.23649337410813E-06
3.26559356136817E-06
-4.02207293666033E-06
5.29828109201219E-07
2.947572815534E-06
-1.42276422764227E-06
2.27062374245472E-06
-3.9292543021032E-06
4.89505549949541E-06
-2.71586345381523E-06
1.95353339787028E-06
3.19878910191722E-06
-8.81044487427442E-07
1.67451381780962E-06
2.57999999999994E-06
-1.30353634577604E-06
3.59882005899714E-06
-7.16666666666655E-06
5.13000000000076E-07
5.10028929604633E-06
4.35823950870006E-06
-2.97834645669287E-06
-2.62820512820512E-06
8.20866141732268E-07
9.77045908183632E-07
5.89665653495447E-07
2.65642994241842E-06
1.35999999999973E-07
-1.27904667328697E-06
2.74778404512492E-06
1.36126704089816E-06
4.36773947819464E-06
-3.12258195886785E-06
-2.77186156051602E-06
7.69964698024977E-07
2.98396793587175E-06
-1.2757408337519E-06
9.14206183517244E-06
-4.75876564440632E-06
2.07780273636927E-06
5.65467190807346E-07
9.26979839876541E-07
9.48457751431763E-07
8.46468184471722E-08
-2.66572065680113E-07
3.96149949341371E-07
9.55713190184109E-07
3.10365608678178E-06
5.85057588421138E-07
-3.69036121305769E-06
3.49016506869629E-06
2.62288477034647E-06
-2.09750225699666E-06
3.22796934865896E-07
3.92911239018475E-06
-3.37636345441807E-06
7.54733554557878E-06
-2.33535353535356E-06
-1.03633400440993E-06
4.14606626320654E-06
-1.14772158237356E-06
1.98990487284023E-06
3.36844197138341E-07
2.24458830669628E-06
1.68229777256742E-06
3.48622027658943E-06
-3.76489120803387E-06
1.77777777777778E-06
-2.09876543209876E-06
1.94788075441085E-06
1.54307192198294E-06
3.45586134653843E-06
1.82546930492134E-06
-5.96457683405451E-06
1.71334111240761E-06
3.00986350503139E-06
1.82616596002421E-06
3.62152537342963E-06
1.38991629355653E-06
-1.04692781865181E-06
-6.50489396411077E-07
-1.38072128651633E-06
8.47350112543482E-06
-3.05172582379974E-06
-1.44620448467395E-06
3.10168674698797E-06
3.04210630115372E-06
-2.17043408681704E-07
1.46049639078413E-06
-1.09079951787868E-06
3.90711761736496E-07
-6.23202301054691E-08
4.92060341405322E-06
2.16011321136158E-06
-2.73199999999999E-06
6.37361579200769E-06
3.51367478866236E-06
-4.02817739855161E-07
-4.2765632943569E-06
2.10861983059293E-06
3.01329253131876E-06
3.32720775906075E-06
-6.36253897998187E-06
4.66865441954412E-06
-3.43286573146296E-06
1.6231796116505E-06
3.58268482490275E-06
-6.40910452231211E-07
1.02203473945409E-05
-7.99173720274082E-06
3.62540967804126E-06
4.51069410815172E-06
-6.35672514619883E-06
4.71251523770824E-06
1.18678500986193E-05
-2.32610394685424E-06
7.56669033370518E-07
1.71342383107087E-06
-5.36113541362885E-06
8.06016197454685E-06
-5.4817023088857E-06
1.42370813491282E-06
4.13825080659185E-06
8.07225716853196E-06
-2.04650133751681E-06
2.41036717062636E-06
4.2541356791166E-06
-6.00574906024975E-06
6.45675983984848E-06
-5.70044164288176E-06
8.11325545962419E-06
1.04269896617116E-05
-4.65018508454416E-06
4.02435871657141E-06
-2.52182737036703E-06
9.87359838894144E-07
3.63149293560333E-06
-2.49466770650307E-06
-6.48775245356475E-06
4.58333333333344E-07
1.94216075055615E-06
5.0044234739015E-06
5.71120689655179E-07
9.4777298094135E-06
-5.65092441804772E-06
1.3617946437395E-05
-3.21734795613161E-06
2.67243983486052E-06
-3.06783195947959E-06
8.64799379724752E-06
-9.86071861122336E-07
-1.82823552854437E-06
1.51825110308863E-06
9.07288629737612E-06
-2.64679671254579E-06
3.68390357698291E-06
-4.34423692085441E-06
7.28276138872165E-06
1.09120365958259E-06
6.67107001321003E-06
2.61916658339163E-06
1.73670583549095E-06
7.67147141336921E-07
6.74494588523585E-06
-4.06700881185347E-08
8.29251154386674E-06
-5.620869908275E-06
3.94411218808003E-06
2.95554042222006E-06
9.47955390334587E-07
9.75590315831421E-06
-1.14442575922446E-05
5.9410339256866E-06
1.16157247212611E-05
-1.90504747626187E-06
9.3599351833097E-06
-6.3906921002697E-06
5.4084397986837E-06
1.70269728266319E-05
-5.68927125506074E-06
3.7701082187774E-06
6.76154831084414E-06
8.73263888888886E-06
1.38755039826926E-06
1.07640297498309E-05
-4.88428238428241E-06
8.24505367757957E-06
8.18864611783072E-06
4.05053296486382E-06
5.0895614576899E-06
1.32753483901971E-05
5.70778103814629E-06
8.58489619897693E-07
2.24005446940961E-06
1.12692004726269E-05
1.57979348046164E-05
9.81908730562044E-07
7.8037649743297E-06
1.00657842356688E-05
1.51005307205552E-05
8.84312773190873E-06
4.37598014888336E-06
6.77507598784196E-07
1.19810220421074E-05
1.64968728952179E-05
1.10532124713617E-05
8.37870111731843E-06
1.48602564102565E-05
1.20714356582994E-05
1.36556684438186E-05
1.71386119446326E-05
8.38434556023246E-06
7.8314775804996E-06
8.90581717451518E-06
8.39531069085302E-06
6.90638382631208E-06
2.06898663128891E-05
1.23345926571733E-05
5.52453052797166E-06
6.986034093243E-06
1.11466588396439E-05
1.11466588396439E-05
dMdT Data
0
0
0
0
0
0
0
0
0
0
0
0
0
0
0
0
0
0
0
0
0
0
0
0
0
0
0
0
0
0
0
0
0
0
0
0
0
0
0
0
0
0
0
0
0
0
0
0
0
0
0
0
0
0
0
0
0
0
0
0
0
0
0
0
0
0
0
0
0
0
0
0
0
0
0
0
0
0
0
0
0
0
0
0
0
0
0
0
0
0
0
0
0
0
0
0
0
0
0
0
0
0
0
0
0
0
0
0
0
0
0
0
0
0
0
0
0
0
0
0
0
0
0
0
0
0
0
0
0
0
0
0
0
0
0
0
0
0
0
0
0
0
0
0
0
0
0
0
0
0
0
0
0
0
0
0
0
0
0
0
0
0
0
0
0
0
0
0
0
0
0
0
0
0
0
0
0
0
0
0
0
0
0
0
0
0
0
0
0
0
0
0
0
0
0
0
0
0
0
0
0
0
0
0
0
0
0
0
0
0
0
0
0
0
0
0
0
0
0
0
0
0
0
0
0
0
0
0
0
0
0
0
0
0
0
0
0
0
0
0
0
0
0
0
0
0
0
0
0
0
0
0
0
0
0
0
0
0
0
0
0
0
0
0
0
0
0
0
0
0
0
0
0
0
0
0
0
0
0
0
0
0
0
0
0
0
0
0
0
0
0
0
0
 
*********************************************** Results ***************************************
 
TotalArea 0
AreaFirstQuad 0
AreaSecondQuad 0
AreaThirdQuad 0
AreaFourthQuad 0
Coercivity 0
PositiveCoercivity 0
NegativeCoercivity 0
Retentivity 9.08573852771576E-03
PositiveRetentivity 1.50965396022729E-02
NegativeRetentivity -3.07493745315867E-03
Magnetization 0.003141695
PositiveMagnetization 0.00159806
NegativeMagnetization -0.00468533
Flatness 1.33843560914489
Squareness 2.89198618189091
SStar 0
SFD1 0
SFD2 0
Slope 0
Intercept 0
SlopeAtHc 1.11466588396439E-05
dH1 462.097957196349
dH2 124.40815
InitialSlope 9.83096590909097E-06
FieldAtHalfMs 851.690846345257
FieldAtMs 930.708
MomentMean -3.28946196757679E-03
MomentRMS 1.41207521092085E-03
SFD3 0
dH3 924.195914392697
UserField1 0
UserField2 0
CenterField 0
ExchangeField 0
ExchangeMoment 0
ExRegionOneIntercept 0
ExRegionOneSlope 0
ExRegionTwoIntercept 0
ExRegionTwoSlope 0
NegativeIntercept 0
NegativeSlope 0
AutoCenterOffset 0
PinningField 0
PinningMoment 0
PinRegionOneIntercept 0
PinRegionOneSlope 0
PinRegionTwoIntercept 0
PinRegionTwoSlope 0
PositiveIntercept 0
PositiveSlope 0
TotalOffset 0
BHMax 0
BCoercivity 0
BRetentivity 0
BNegativeCoercivity 0
BPositiveCoercivity 0
BNegativeRetentivity 0
BPositiveRetentivity 0
MomentYMean -6.04823696245733E-03
MomentYRMS 2.54617493364823E-04
YOffCorrection 0
Mrt 0
Ms1 0
Ms2 0
Ms3 0
Hc2 0
Hex2 0
HsatValue 0
HsatIntercept 0
HsatSlope 0
CenterH 0
Span .00628339
SpanAsPercentOfRange -118.554528301887
RMSAsPercentOfRange -26.6429285079405
SpanAsPercentOfMean -191.015736370672
RMSAsPercentOfMean -42.9272393126668
