Version 1.25
******************************************** Units *******************************************
System CGS
TemperatureUnit K
MomentUnit emu
AppliedFieldUnit G
 
******************************************** Setup ********************************************
 
Experiment CustomField
Minor False
Acquisition Continuous
EditedPoint No
MaxField 15000
FieldIncrement 100
Points 293
MinField 0
RampRate 10
AverageTime 0.3
TimeInterval 0
TimeConstant 0.1
TimeConstantIndex 0
Sensitivity -0.0053
SensitivityIndex 5
SensitivityY -400
SensitivityIndexY 0
SaturationField 8000
ExperimentTime 100
Use735Domains True
AutoRangeEnabled False
NumberOfVertices 2
VertexPts
0
292
VertexField
-1164.3275
1787.3851
StartAngle 0
EndAngle 0
AngleIncrement 0
StartTemp 0
FinishTemp 0
TempIncrement 0
TempPoints 0
LengthofSetPointsArray 293
SetPointArray
-1164.32749
-1154.21888
-1144.11028
-1134.00167
-1123.89307
-1113.78446
-1103.67586
-1093.56725
-1083.45865
-1073.35004
-1063.24144
-1053.13283
-1043.02423
-1032.91562
-1022.80702
-1012.69841
-1002.58981
-992.4812
-982.3726
-972.26399
-962.15539
-952.04678
-941.93818
-931.82957
-921.72097
-911.61236
-901.50376
-891.39515
-881.28655
-871.17794
-861.06934
-850.96074
-840.85213
-830.74353
-820.63492
-810.52632
-800.41771
-790.30911
-780.2005
-770.0919
-759.98329
-749.87469
-739.76608
-729.65748
-719.54887
-709.44027
-699.33166
-689.22306
-679.11445
-669.00585
-658.89724
-648.78864
-638.68003
-628.57143
-618.46282
-608.35422
-598.24561
-588.13701
-578.0284
-567.9198
-557.81119
-547.70259
-537.59398
-527.48538
-517.37678
-507.26817
-497.15957
-487.05096
-476.94236
-466.83375
-456.72515
-446.61654
-436.50794
-426.39933
-416.29073
-406.18212
-396.07352
-385.96491
-375.85631
-365.7477
-355.6391
-345.53049
-335.42189
-325.31328
-315.20468
-305.09607
-294.98747
-284.87886
-274.77026
-264.66165
-254.55305
-244.44444
-234.33584
-224.22723
-214.11863
-204.01003
-193.90142
-183.79282
-173.68421
-163.57561
-153.467
-143.3584
-133.24979
-123.14119
-113.03258
-102.92398
-92.81537
-82.70677
-72.59816
-62.48956
-52.38095
-42.27235
-32.16374
-22.05514
-11.94653
-1.83793
8.27068
18.37928
28.48789
38.59649
48.7051
58.8137
68.92231
79.03091
89.13952
99.24812
109.35673
119.46533
129.57393
139.68254
149.79114
159.89975
170.00835
180.11696
190.22556
200.33417
210.44277
220.55138
230.65998
240.76859
250.87719
260.9858
271.0944
281.20301
291.31161
301.42022
311.52882
321.63743
331.74603
341.85464
351.96324
362.07185
372.18045
382.28906
392.39766
402.50627
412.61487
422.72348
432.83208
442.94069
453.04929
463.15789
473.2665
483.3751
493.48371
503.59231
513.70092
523.80952
533.91813
544.02673
554.13534
564.24394
574.35255
584.46115
594.56976
604.67836
614.78697
624.89557
635.00418
645.11278
655.22139
665.32999
675.4386
685.5472
695.65581
705.76441
715.87302
725.98162
736.09023
746.19883
756.30744
766.41604
776.52464
786.63325
796.74185
806.85046
816.95906
827.06767
837.17627
847.28488
857.39348
867.50209
877.61069
887.7193
897.8279
907.93651
918.04511
928.15372
938.26232
948.37093
958.47953
968.58814
978.69674
988.80535
998.91395
1009.02256
1019.13116
1029.23977
1039.34837
1049.45698
1059.56558
1069.67419
1079.78279
1089.8914
1100
1110.1086
1120.21721
1130.32581
1140.43442
1150.54302
1160.65163
1170.76023
1180.86884
1190.97744
1201.08605
1211.19465
1221.30326
1231.41186
1241.52047
1251.62907
1261.73768
1271.84628
1281.95489
1292.06349
1302.1721
1312.2807
1322.38931
1332.49791
1342.60652
1352.71512
1362.82373
1372.93233
1383.04094
1393.14954
1403.25815
1413.36675
1423.47536
1433.58396
1443.69256
1453.80117
1463.90977
1474.01838
1484.12698
1494.23559
1504.34419
1514.4528
1524.5614
1534.67001
1544.77861
1554.88722
1564.99582
1575.10443
1585.21303
1595.32164
1605.43024
1615.53885
1625.64745
1635.75606
1645.86466
1655.97327
1666.08187
1676.19048
1686.29908
1696.40769
1706.51629
1716.6249
1726.7335
1736.84211
1746.95071
1757.05931
1767.16792
1777.27652
1787.38513
FieldDomainFile C:\IDEASVSM\Default UserID\Experiments\FORCexp0225B\fdomain.ini
TempDomainFile C:\IDEASVSM\Default UserID\Experiments\FORCexp0225B\tdomain.ini
NumSelectedResults 0
ResultsSelected 
UserName1 
UserValue1 
UserName2 
UserValue2 
LinearBackgroundCorrection Off
MaxLinearFieldCorrection 
MinLinearFieldCorrection 
AutoLinearCorrection Off
FitOneRegion Off
BackgroundMode Off
BackgroundFilename 
AutoCenter Off
OffsetCorrection 
SmoothDeriv Off
DerivOrder 0
DerivPoints 0
MinExFieldOne 
MaxExFieldOne 
MinExFieldTwo 
MaxExFieldTwo 
MinPinFieldOne 
MaxPinFieldOne 
MinPinFieldTwo 
MaxPinFieldTwo 
HCenterStart 
Mass 
Volume 
Density 
MolarWeight 
NumberOfMoles 
Demagnetization 
SampleArea 
Thickness 
MomentScaling 0
XAxis 0
YAxis 0
SimpleSpinValve False
HsatMax 0
HsatMin 0
FieldAutoRange False
 
*************************************************** Experiment Data ********************************************
 
DataPoints 293
MomentX Data
-0.00339709
-0.00331175
-0.0033341
-0.00334388
-0.00330034
-0.00326963
-0.00329067
-0.00331294
-0.00329453
-0.00331363
-0.00329521
-0.00326999
-0.00324976
-0.00327115
-0.00320252
-0.00324321
-0.00320484
-0.00321586
-0.00319263
-0.0031971
-0.00317538
-0.00318052
-0.00314358
-0.00315898
-0.00316904
-0.00313569
-0.00311919
-0.00312323
-0.003105
-0.00308836
-0.00309742
-0.00304547
-0.00302302
-0.00304997
-0.00306332
-0.00303665
-0.00305915
-0.00300929
-0.00300761
-0.00300757
-0.00299027
-0.00295894
-0.00298665
-0.00298985
-0.00294624
-0.00292219
-0.00295549
-0.00291984
-0.00290674
-0.00291189
-0.00288831
-0.00288019
-0.00289728
-0.00284039
-0.00286069
-0.00284423
-0.0028223
-0.00279891
-0.00277456
-0.00279058
-0.002756
-0.00276863
-0.00275975
-0.00272102
-0.00272503
-0.0027075
-0.00273713
-0.00271955
-0.00267428
-0.00267931
-0.00268859
-0.00266269
-0.00267602
-0.00265704
-0.00261102
-0.00259113
-0.00258244
-0.00256917
-0.00260829
-0.00254914
-0.00253544
-0.00251771
-0.00254847
-0.00248945
-0.00249776
-0.00242636
-0.00243946
-0.00242613
-0.0024164
-0.00243048
-0.00245085
-0.00241265
-0.00243806
-0.00237342
-0.00233528
-0.0023552
-0.00232371
-0.00235187
-0.00233487
-0.00231805
-0.00224513
-0.00226107
-0.00226467
-0.00223489
-0.00223134
-0.00219809
-0.0021819
-0.00217182
-0.00213705
-0.00217352
-0.00210218
-0.00208624
-0.00208504
-0.00207239
-0.00201406
-0.00206141
-0.00201174
-0.00196524
-0.00200043
-0.00201179
-0.00196626
-0.00196179
-0.00194494
-0.00194975
-0.00188695
-0.00188592
-0.00186284
-0.00184546
-0.00186684
-0.00182325
-0.00181038
-0.0017823
-0.00182898
-0.00173969
-0.00171813
-0.00166493
-0.00168933
-0.00170088
-0.00166077
-0.00165456
-0.00164479
-0.00154442
-0.00154032
-0.00153747
-0.00150937
-0.00153589
-0.00150124
-0.00144336
-0.00141646
-0.00147978
-0.0013864
-0.00132128
-0.00136475
-0.00130467
-0.00122718
-0.00120207
-0.00119965
-0.00119432
-0.00118433
-0.00113453
-0.00107011
-0.00110944
-0.00106051
-0.000994401
-0.000979585
-0.000909008
-0.000939053
-0.000864619
-0.00086531
-0.000754258
-0.0006939
-0.000642397
-0.000638574
-0.000603219
-0.000571073
-0.000531871
-0.000436428
-0.000350153
-0.000294393
-0.000242619
-0.000211204
-0.0000594747
0.0000125633
-0.0000045544
0.0000832199
0.000195628
0.000239689
0.000354578
0.000390259
0.000515843
0.000631797
0.000767186
0.000898254
0.000978564
0.00105869
0.00106004
0.00124867
0.00134146
0.00146505
0.00163726
0.00171075
0.00177358
0.00186189
0.00198819
0.00210083
0.00220305
0.00227464
0.00245243
0.00250456
0.00254581
0.00270001
0.00279549
0.00282803
0.00294264
0.00298929
0.00313057
0.00315441
0.00328407
0.00330573
0.00331169
0.0033715
0.00351201
0.00355101
0.00359924
0.00371052
0.00363115
0.0036966
0.00376747
0.00388898
0.00394275
0.00388164
0.00400297
0.00393459
0.00395276
0.00392948
0.00402928
0.00409845
0.00417113
0.0041251
0.00411947
0.00421965
0.00411994
0.00410543
0.00421473
0.00419216
0.00421602
0.00427881
0.00428438
0.00418236
0.00424305
0.00431662
0.00433753
0.00429932
0.00433781
0.00432562
0.00426047
0.00431601
0.00435109
0.00437429
0.00436105
0.00439587
0.00434014
0.00430161
0.00438615
0.00449782
0.00442729
0.00441121
0.00441445
0.00447901
0.00446445
0.00452004
0.00453128
0.00444857
0.00439444
0.00443202
0.00452664
0.00451239
0.00448231
0.00455956
0.0045402
0.00448298
0.00452191
0.00452488
0.00451593
0.00453195
0.00459708
0.00453785
0.00453021
0.00455448
0.00451074
0.00461298
0.00460958
0.00464137
MomentY Data
-0.00610352
-0.00629425
-0.00607173
-0.00616709
-0.00648499
-0.00588099
-0.00608762
-0.00610352
-0.00588099
-0.0061353
-0.00658035
-0.0061353
-0.00610352
-0.00616709
-0.00638962
-0.00626246
-0.00638962
-0.00594457
-0.00602404
-0.00626246
-0.0061353
-0.00603994
-0.00623067
-0.00619888
-0.00619888
-0.00616709
-0.00610352
-0.00667572
-0.00667572
-0.00654856
-0.00635783
-0.00623067
-0.00591278
-0.00632604
-0.00607173
-0.00626246
-0.00597636
-0.00623067
-0.00600815
-0.00632604
-0.00629425
-0.00603994
-0.00623067
-0.00635783
-0.00658035
-0.00651677
-0.00576973
-0.00629425
-0.00591278
-0.00623067
-0.0061353
-0.00623067
-0.00616709
-0.00597636
-0.00576973
-0.00638962
-0.00602404
-0.00599225
-0.00616709
-0.00607173
-0.00600815
-0.00616709
-0.00592868
-0.00588099
-0.00619888
-0.00635783
-0.00565847
-0.0058492
-0.00632604
-0.00616709
-0.00632604
-0.00588099
-0.00632604
-0.00616709
-0.00658035
-0.00667572
-0.00629425
-0.00635783
-0.00602404
-0.00635783
-0.00597636
-0.00616709
-0.00626246
-0.00607173
-0.00629425
-0.00635783
-0.00623067
-0.00654856
-0.0061353
-0.00648499
-0.0064532
-0.00632604
-0.00638962
-0.00591278
-0.00616709
-0.00648499
-0.00623067
-0.00602404
-0.00626246
-0.00629425
-0.00581741
-0.00624657
-0.00632604
-0.00667572
-0.00629425
-0.00658035
-0.00600815
-0.00642141
-0.00619888
-0.00611941
-0.0064532
-0.00623067
-0.00626246
-0.00651677
-0.00623067
-0.00626246
-0.0061353
-0.00638962
-0.00638962
-0.00624657
-0.00629425
-0.00626246
-0.00632604
-0.0064532
-0.00642141
-0.00642141
-0.00605583
-0.00592868
-0.00629425
-0.00575384
-0.00610352
-0.00658035
-0.0067234
-0.00654856
-0.00648499
-0.00616709
-0.00632604
-0.00619888
-0.00632604
-0.00638962
-0.00642141
-0.00626246
-0.00642141
-0.00629425
-0.00629425
-0.00629425
-0.00623067
-0.00642141
-0.00632604
-0.0064532
-0.00638962
-0.00658035
-0.00658035
-0.00624657
-0.00635783
-0.00654856
-0.00642141
-0.00670751
-0.0064532
-0.00658035
-0.00632604
-0.00648499
-0.00651677
-0.00667572
-0.00632604
-0.00651677
-0.00626246
-0.00635783
-0.00658035
-0.00642141
-0.00610352
-0.00664393
-0.0064532
-0.00616709
-0.00623067
-0.00670751
-0.00638962
-0.00626246
-0.00635783
-0.00683467
-0.00658035
-0.00648499
-0.00661214
-0.0064532
-0.00623067
-0.00680288
-0.00642141
-0.00651677
-0.00648499
-0.00658035
-0.00664393
-0.00626246
-0.00670751
-0.00658035
-0.00664393
-0.00680288
-0.00661214
-0.00669161
-0.00694593
-0.00680288
-0.0067393
-0.00691414
-0.00686646
-0.00664393
-0.00642141
-0.00667572
-0.0067393
-0.00677109
-0.00651677
-0.00708898
-0.00661214
-0.00681877
-0.00670751
-0.00680288
-0.00680288
-0.00705719
-0.00686646
-0.00689824
-0.00697772
-0.00667572
-0.00683467
-0.0070254
-0.00689824
-0.00696182
-0.00689824
-0.00694593
-0.00726382
-0.00683467
-0.00708898
-0.0067393
-0.00710487
-0.00677109
-0.00694593
-0.00658035
-0.00683467
-0.00664393
-0.00712077
-0.00661214
-0.0067393
-0.00720024
-0.0070254
-0.00667572
-0.00638962
-0.0070413
-0.00705719
-0.00689824
-0.00661214
-0.00693003
-0.0070413
-0.00693003
-0.00710487
-0.00726382
-0.00694593
-0.00710487
-0.00680288
-0.00683467
-0.00708898
-0.00705719
-0.00712077
-0.00713666
-0.00715256
-0.00699361
-0.00721614
-0.00689824
-0.00726382
-0.00720024
-0.00689824
-0.00680288
-0.00688235
-0.00680288
-0.00742277
-0.0073115
-0.00689824
-0.00688235
-0.00688235
-0.00720024
-0.00693003
-0.00686646
-0.00715256
-0.00720024
-0.00708898
-0.00715256
-0.00740687
-0.00715256
-0.00735919
-0.00670751
-0.00693003
-0.00696182
-0.00713666
-0.00705719
-0.00720024
-0.00735919
-0.00708898
Field Data
-1163.63
-1157.18
-1148.03
-1137.42
-1127.37
-1117.36
-1107.27
-1096.95
-1087.13
-1076.97
-1066.68
-1056.58
-1046.41
-1036.64
-1026.61
-1016.11
-1006.2
-996.37
-985.969
-975.917
-966.037
-955.955
-945.642
-935.779
-925.642
-915.319
-905.439
-895.082
-885.342
-875.102
-864.961
-854.903
-845.211
-834.813
-824.665
-814.734
-804.696
-794.177
-784.503
-774.558
-764.122
-754.115
-744.064
-733.992
-723.846
-713.702
-703.792
-693.81
-683.547
-673.534
-663.614
-653.412
-643.245
-633.122
-623.318
-613.027
-602.929
-592.909
-582.989
-572.584
-562.458
-552.421
-542.611
-532.595
-522.06
-512.246
-502.367
-491.929
-482.052
-472.093
-461.825
-451.735
-441.693
-431.607
-421.795
-411.547
-401.272
-391.46
-381.415
-371.084
-360.953
-351.221
-340.871
-330.84
-320.877
-310.833
-300.376
-290.575
-280.602
-270.24
-260.418
-250.094
-240.199
-230.212
-219.833
-209.95
-200.013
-189.639
-179.728
-169.679
-159.628
-146.06
-135.979
-126.114
-115.787
-105.815
-95.4796
-85.6589
-75.6908
-65.2767
-55.4187
-45.5436
-35.1673
-25.0974
-15.2376
-5.25055
4.98539
14.9768
25.1196
35.7139
45.329
55.4691
65.4995
75.2981
85.8825
95.4579
105.773
115.6
126.21
136.076
145.95
156.408
166.227
176.229
186.452
196.516
206.799
216.669
226.601
236.913
247.034
256.812
266.971
277.372
287.184
297.028
307.507
317.429
327.392
337.6
347.713
357.954
367.862
377.885
387.869
398.18
408.008
418.037
428.345
438.385
448.248
458.587
468.588
478.687
488.789
498.677
509.039
519.013
528.945
538.97
549.336
559.305
569.209
579.397
589.547
599.447
609.519
619.801
629.749
639.646
650.097
660.034
670.125
680.145
690.302
700.511
710.363
720.348
730.434
740.724
750.567
760.669
771.082
780.837
790.753
801.114
811.12
821.276
831.097
841.49
851.601
861.643
871.698
881.655
891.608
901.843
911.958
921.879
931.826
942.414
952.354
962.006
972.389
982.323
992.8
1002.56
1012.41
1022.98
1032.7
1042.77
1052.92
1063.2
1072.95
1083
1093.31
1103.3
1113.56
1123.5
1133.24
1143.68
1153.61
1163.95
1173.75
1183.82
1194.11
1204.07
1214.01
1224.33
1234.31
1244.59
1254.5
1264.36
1274.7
1284.76
1294.63
1304.61
1315.04
1325
1334.79
1345.21
1355.19
1365.19
1375.64
1385.32
1395.6
1405.62
1415.49
1425.63
1436.01
1445.9
1455.86
1466.21
1476.08
1486.03
1496.12
1506.5
1516.34
1526.55
1536.57
1546.58
1556.94
1566.81
1576.73
1587.19
1596.88
1606.89
1617.07
1627.31
1637.21
1647.19
1657.69
1667.45
1677.42
1687.61
1697.6
1707.82
1718.04
1727.95
1737.83
1747.98
1758.39
1768.15
1778.2
Time Data
0
0.3
0.6
0.9
1.2
1.5
1.8
2.1
2.4
2.7
3
3.3
3.6
3.9
4.2
4.5
4.8
5.1
5.4
5.7
6
6.3
6.6
6.9
7.2
7.5
7.8
8.1
8.4
8.7
9
9.3
9.6
9.9
10.2
10.5
10.8
11.1
11.4
11.7
12
12.3
12.6
12.9
13.2
13.5
13.8
14.1
14.4
14.7
15
15.3
15.6
15.9
16.2
16.5
16.8
17.1
17.4
17.7
18
18.3
18.6
18.9
19.2
19.5
19.8
20.1
20.4
20.7
21
21.3
21.6
21.9
22.2
22.5
22.8
23.1
23.4
23.7
24
24.3
24.6
24.9
25.2
25.5
25.8
26.1
26.4
26.7
27
27.3
27.6
27.9
28.2
28.5
28.8
29.1
29.4
29.7
30.0000000000001
30.3000000000001
30.6000000000001
30.9000000000001
31.2000000000001
31.5000000000001
31.8000000000001
32.1000000000001
32.4
32.7
33
33.3
33.6
33.9
34.2
34.5
34.8
35.1
35.4
35.7
36
36.3
36.6
36.9
37.2
37.5
37.8
38.1
38.4
38.7
39
39.3
39.6
39.9
40.2
40.5
40.8
41.1
41.4
41.7
42
42.3
42.6
42.8999999999999
43.1999999999999
43.4999999999999
43.7999999999999
44.0999999999999
44.3999999999999
44.6999999999999
44.9999999999999
45.2999999999999
45.5999999999999
45.8999999999999
46.1999999999999
46.4999999999999
46.7999999999999
47.0999999999999
47.3999999999999
47.6999999999999
47.9999999999999
48.2999999999999
48.5999999999999
48.8999999999999
49.1999999999999
49.4999999999999
49.7999999999999
50.0999999999999
50.3999999999999
50.6999999999999
50.9999999999999
51.2999999999999
51.5999999999999
51.8999999999999
52.1999999999999
52.4999999999999
52.7999999999999
53.0999999999999
53.3999999999998
53.6999999999998
53.9999999999998
54.2999999999998
54.5999999999998
54.8999999999998
55.1999999999998
55.4999999999998
55.7999999999998
56.0999999999998
56.3999999999998
56.6999999999998
56.9999999999998
57.2999999999998
57.5999999999998
57.8999999999998
58.1999999999998
58.4999999999998
58.7999999999998
59.0999999999998
59.3999999999998
59.6999999999998
59.9999999999998
60.2999999999998
60.5999999999998
60.8999999999998
61.1999999999998
61.4999999999998
61.7999999999998
62.0999999999998
62.3999999999998
62.6999999999998
62.9999999999998
63.2999999999998
63.5999999999998
63.8999999999998
64.1999999999997
64.4999999999997
64.7999999999997
65.0999999999997
65.3999999999997
65.6999999999997
65.9999999999997
66.2999999999997
66.5999999999997
66.8999999999997
67.1999999999997
67.4999999999997
67.7999999999997
68.0999999999997
68.3999999999997
68.6999999999997
68.9999999999997
69.2999999999997
69.5999999999997
69.8999999999997
70.1999999999997
70.4999999999997
70.7999999999997
71.0999999999997
71.3999999999997
71.6999999999997
71.9999999999997
72.2999999999997
72.5999999999997
72.8999999999997
73.1999999999997
73.4999999999997
73.7999999999997
74.0999999999997
74.3999999999997
74.6999999999996
74.9999999999996
75.2999999999996
75.5999999999996
75.8999999999996
76.1999999999996
76.4999999999996
76.7999999999996
77.0999999999996
77.3999999999996
77.6999999999996
77.9999999999996
78.2999999999996
78.5999999999996
78.8999999999996
79.1999999999996
79.4999999999996
79.7999999999996
80.0999999999996
80.3999999999996
80.6999999999996
80.9999999999996
81.2999999999996
81.5999999999996
81.8999999999996
82.1999999999996
82.4999999999996
82.7999999999996
83.0999999999996
83.3999999999996
83.6999999999996
83.9999999999996
84.2999999999996
84.5999999999996
84.8999999999996
85.1999999999995
85.4999999999995
85.7999999999995
86.0999999999995
86.3999999999995
86.6999999999995
86.9999999999995
87.2999999999995
87.5999999999995
Temperature Data
0
0
0
0
0
0
0
0
0
0
0
0
0
0
0
0
0
0
0
0
0
0
0
0
0
0
0
0
0
0
0
0
0
0
0
0
0
0
0
0
0
0
0
0
0
0
0
0
0
0
0
0
0
0
0
0
0
0
0
0
0
0
0
0
0
0
0
0
0
0
0
0
0
0
0
0
0
0
0
0
0
0
0
0
0
0
0
0
0
0
0
0
0
0
0
0
0
0
0
0
0
0
0
0
0
0
0
0
0
0
0
0
0
0
0
0
0
0
0
0
0
0
0
0
0
0
0
0
0
0
0
0
0
0
0
0
0
0
0
0
0
0
0
0
0
0
0
0
0
0
0
0
0
0
0
0
0
0
0
0
0
0
0
0
0
0
0
0
0
0
0
0
0
0
0
0
0
0
0
0
0
0
0
0
0
0
0
0
0
0
0
0
0
0
0
0
0
0
0
0
0
0
0
0
0
0
0
0
0
0
0
0
0
0
0
0
0
0
0
0
0
0
0
0
0
0
0
0
0
0
0
0
0
0
0
0
0
0
0
0
0
0
0
0
0
0
0
0
0
0
0
0
0
0
0
0
0
0
0
0
0
0
0
0
0
0
0
0
0
0
0
0
0
0
0
0
0
0
0
0
0
0
0
0
0
0
0
0
0
0
0
0
0
Angle Data
0
0
0
0
0
0
0
0
0
0
0
0
0
0
0
0
0
0
0
0
0
0
0
0
0
0
0
0
0
0
0
0
0
0
0
0
0
0
0
0
0
0
0
0
0
0
0
0
0
0
0
0
0
0
0
0
0
0
0
0
0
0
0
0
0
0
0
0
0
0
0
0
0
0
0
0
0
0
0
0
0
0
0
0
0
0
0
0
0
0
0
0
0
0
0
0
0
0
0
0
0
0
0
0
0
0
0
0
0
0
0
0
0
0
0
0
0
0
0
0
0
0
0
0
0
0
0
0
0
0
0
0
0
0
0
0
0
0
0
0
0
0
0
0
0
0
0
0
0
0
0
0
0
0
0
0
0
0
0
0
0
0
0
0
0
0
0
0
0
0
0
0
0
0
0
0
0
0
0
0
0
0
0
0
0
0
0
0
0
0
0
0
0
0
0
0
0
0
0
0
0
0
0
0
0
0
0
0
0
0
0
0
0
0
0
0
0
0
0
0
0
0
0
0
0
0
0
0
0
0
0
0
0
0
0
0
0
0
0
0
0
0
0
0
0
0
0
0
0
0
0
0
0
0
0
0
0
0
0
0
0
0
0
0
0
0
0
0
0
0
0
0
0
0
0
0
0
0
0
0
0
0
0
0
0
0
0
0
0
0
0
0
0
Bx Data
0
0
0
0
0
0
0
0
0
0
0
0
0
0
0
0
0
0
0
0
0
0
0
0
0
0
0
0
0
0
0
0
0
0
0
0
0
0
0
0
0
0
0
0
0
0
0
0
0
0
0
0
0
0
0
0
0
0
0
0
0
0
0
0
0
0
0
0
0
0
0
0
0
0
0
0
0
0
0
0
0
0
0
0
0
0
0
0
0
0
0
0
0
0
0
0
0
0
0
0
0
0
0
0
0
0
0
0
0
0
0
0
0
0
0
0
0
0
0
0
0
0
0
0
0
0
0
0
0
0
0
0
0
0
0
0
0
0
0
0
0
0
0
0
0
0
0
0
0
0
0
0
0
0
0
0
0
0
0
0
0
0
0
0
0
0
0
0
0
0
0
0
0
0
0
0
0
0
0
0
0
0
0
0
0
0
0
0
0
0
0
0
0
0
0
0
0
0
0
0
0
0
0
0
0
0
0
0
0
0
0
0
0
0
0
0
0
0
0
0
0
0
0
0
0
0
0
0
0
0
0
0
0
0
0
0
0
0
0
0
0
0
0
0
0
0
0
0
0
0
0
0
0
0
0
0
0
0
0
0
0
0
0
0
0
0
0
0
0
0
0
0
0
0
0
0
0
0
0
0
0
0
0
0
0
0
0
0
0
0
0
0
0
Hint Data
0
0
0
0
0
0
0
0
0
0
0
0
0
0
0
0
0
0
0
0
0
0
0
0
0
0
0
0
0
0
0
0
0
0
0
0
0
0
0
0
0
0
0
0
0
0
0
0
0
0
0
0
0
0
0
0
0
0
0
0
0
0
0
0
0
0
0
0
0
0
0
0
0
0
0
0
0
0
0
0
0
0
0
0
0
0
0
0
0
0
0
0
0
0
0
0
0
0
0
0
0
0
0
0
0
0
0
0
0
0
0
0
0
0
0
0
0
0
0
0
0
0
0
0
0
0
0
0
0
0
0
0
0
0
0
0
0
0
0
0
0
0
0
0
0
0
0
0
0
0
0
0
0
0
0
0
0
0
0
0
0
0
0
0
0
0
0
0
0
0
0
0
0
0
0
0
0
0
0
0
0
0
0
0
0
0
0
0
0
0
0
0
0
0
0
0
0
0
0
0
0
0
0
0
0
0
0
0
0
0
0
0
0
0
0
0
0
0
0
0
0
0
0
0
0
0
0
0
0
0
0
0
0
0
0
0
0
0
0
0
0
0
0
0
0
0
0
0
0
0
0
0
0
0
0
0
0
0
0
0
0
0
0
0
0
0
0
0
0
0
0
0
0
0
0
0
0
0
0
0
0
0
0
0
0
0
0
0
0
0
0
0
0
Torque Data
7.1022389776
7.283580215
6.9705281919
7.0145715078
7.3109831763
6.5711829864
6.7406389974
6.695256264
6.3934006587
6.607534041
7.019127738
6.482435274
6.3867843632
6.3930521776
6.5596477882
6.3633482306
6.429235644
5.9229912109
5.93951669476
6.11164117582
5.9269268061
5.7739108427
5.89198324014
5.80078172752
5.73794368096
5.64485465171
5.52636504528
5.97531680904
5.91029529624
5.73065795312
5.49927499463
5.32661847501
4.99754669658
5.28106043052
5.00714322045
5.10223908564
4.80915298656
4.94825480859
4.71341169945
4.89988489032
4.8095748985
4.5548093531
4.63601724288
4.66659635736
4.7631600261
4.65103178254
4.06068981616
4.3670135925
4.04166303066
4.19656808778
4.0714709742
4.07119454604
3.96694980705
3.78376499592
3.59637656414
3.91700957974
3.63206841316
3.55285895525
3.59534563201
3.47657545032
3.3793320327
3.40683002489
3.21696698348
3.13218586905
3.2361872928
3.25677298618
2.84262859849
2.8773911068
3.04948023408
2.91144001937
2.921523423
2.65664901765
2.79416758572
2.66175921363
2.77555872825
2.74737253884
2.525706286
2.4888361318
2.2976592166
2.35928898772
2.15718507108
2.16601151689
2.13469100266
2.0087711532
2.01968005725
1.97622337239
1.87154373192
1.902847822
1.7215774506
1.7525036976
1.6805294376
1.58210464776
1.53478033438
1.36119290936
1.35572989597
1.3615236505
1.24621499871
1.14239292156
1.12553941088
1.06800204575
0.92862152348
0.9123740142
0.86020859316
0.84190175208
0.72879232475
0.69629973525
0.57365575874
0.550050917049
0.469198186304
0.399454890747
0.35762795484
0.283767142212
0.220233809558
0.163553983398
0.094940457192
0.032881359353
-0.030586863267
-0.095696060816
-0.160504698552
-0.223089376323
-0.28531205825
-0.347373019986
-0.41435245698
-0.48591369892
-0.551486744325
-0.612974313639
-0.64054330659
-0.685355408
-0.7943972925
-0.78295953184
-0.890808744
-1.0292193828
-1.1176106118
-1.15404618024
-1.20913935548
-1.21193185844
-1.30821874596
-1.34310513072
-1.43348699004
-1.51378404306
-1.58630659794
-1.60827487752
-1.71433024911
-1.745848711
-1.807607892
-1.869568489
-1.91597463969
-2.03834175489
-2.07109488768
-2.17860032
-2.22175393906
-2.3554626039
-2.4206607117
-2.36048510445
-2.46600516427
-2.6075056208
-2.61998665128
-2.80398735787
-2.764195954
-2.88472673475
-2.83563477792
-2.97393210913
-3.05368022076
-3.19558037964
-3.09209876556
-3.24976331329
-3.18783637594
-3.29979642179
-3.48064323075
-3.4609473477
-3.35288326272
-3.71598326865
-3.6732195188
-3.57319344473
-3.67327280649
-4.02079674697
-3.89459479278
-3.88147897046
-4.00383708467
-4.37176932682
-4.27786579395
-4.28031388966
-4.4309603175
-4.389111714
-4.30104396234
-4.76549227168
-4.56153207183
-4.69434223596
-4.73685718566
-4.8742231734
-4.98671460831
-4.76365918574
-5.17204022582
-5.13818075295
-5.25370757929
-5.44988240832
-5.3632389968
-5.49565869436
-5.77274158521
-5.7245554912
-5.7391946193
-5.95752033202
-5.98547944908
-5.85765410415
-5.72538052728
-6.02045135196
-6.1459585494
-6.24212567811
-6.07249572202
-6.68075399772
-6.29709797756
-6.55969765262
-6.52230894139
-6.68262549024
-6.753899264
-7.0752564064
-6.9516727686
-7.0567615552
-7.205891444
-6.9612405444
-7.1963607364
-7.46940528
-7.401466608
-7.53965106
-7.5419147744
-7.663444569
-8.0886993992
-7.678751745
-8.0335156952
-7.707602624
-8.1962490807
-7.8812102055
-8.1527853375
-7.789949937
-8.1613477937
-7.9997567951
-8.6446859877
-8.0954413662
-8.318385383
-8.9613467016
-8.8133643
-8.4405133392
-8.144848614
-9.046380588
-9.1364498897
-8.9995128864
-8.6952285856
-9.18228975
-9.398656827
-9.3223456563
-9.6284487753
-9.9164944258
-9.5550991452
-9.8425185084
-9.494099328
-9.6069488454
-10.0343803002
-10.0609417797
-10.2254969277
-10.318896694
-10.4131260016
-10.2541009181
-10.6515999312
-10.2509915872
-10.8675463784
-10.84716156
-10.4600772416
-10.384936464
-10.5752125395
-10.5211981504
-11.5568075238
-11.455731315
-10.8766619552
-10.9235970965
-10.990287068
-11.5699936536
-11.2063436121
-11.1738590226
-11.7102427576
-11.8601633256
-11.7513312562
-11.926536172
-12.4244318754
-12.0707317816
-12.492960944
-11.4552197282
-11.9060687412
-12.029676869
-12.4023018478
-12.3358269762
-12.6608300136
-13.0121517985
-12.605624236
dMdH Data
1.32310077519379E-05
-2.44262295081965E-06
-9.21771913289361E-07
4.33233830845762E-06
3.06793206793209E-06
-2.08523290386522E-06
-2.15794573643412E-06
1.87474541751528E-06
-1.87992125984252E-06
1.79008746355689E-06
2.49702970297025E-06
1.98918387413966E-06
-2.18935516888435E-06
6.84247258225311E-06
-3.87523809523813E-06
3.87184661957618E-06
-1.12105798575788E-06
2.23343909239497E-06
-4.44687624353352E-07
2.1983805668016E-06
-5.09819480261837E-07
3.5818869388151E-06
-1.56139105748758E-06
-9.92404064318848E-07
3.23065000484354E-06
1.67004048582996E-06
-3.90074345853034E-07
1.87166324435315E-06
0.000001625
-8.934030174539E-07
5.16504275203817E-06
2.31634337598021E-06
-2.5918445854972E-06
-1.31553015372488E-06
2.68553015809084E-06
-2.24148236700537E-06
4.73999429603575E-06
1.73661360347323E-07
4.02212166915659E-09
1.65772326561901E-06
3.13080843409615E-06
-2.75693960799917E-06
-3.17712470214464E-07
4.2982456140351E-06
2.37085962145113E-06
-3.36024217961656E-06
3.57142857142853E-06
1.27642989379323E-06
-5.1433136921999E-07
2.37701612903227E-06
7.95922368163097E-07
-1.68092849414773E-06
5.61987553096905E-06
-2.07058343533252E-06
1.59945583519579E-06
2.17171717171719E-06
2.33433133732534E-06
2.45463709677418E-06
-1.53964440172991E-06
3.41497136085323E-06
-1.25834412673106E-06
9.05198776758378E-07
3.86681309904153E-06
-3.8063597532032E-07
1.7862237619727E-06
-2.99929142625774E-06
1.68423069553555E-06
4.58337551888228E-06
-5.05070790239989E-07
-9.03778730035054E-07
2.56689791873139E-06
-1.32742481577372E-06
1.88181637913941E-06
4.69017529555645E-06
1.94086651053863E-06
8.45742092457418E-07
1.35242560130454E-06
-3.89447486311601E-06
5.72548640015486E-06
1.35228506564013E-06
1.82182490752159E-06
-2.97198067632853E-06
5.88376034293693E-06
-8.34086118638976E-07
7.10872162485068E-06
-1.2527493544994E-06
1.36006529945926E-06
9.75634212373396E-07
-1.35881104033972E-06
-2.07391569945022E-06
3.70011623401781E-06
-2.56796361798889E-06
6.47241413837991E-06
3.67472781578186E-06
-2.01558231306284E-06
3.16896447620006E-06
-2.71447850395216E-06
1.71526586620923E-06
1.67379838789932E-06
7.25499950253702E-06
-1.17482311320754E-06
-3.57107429818458E-07
3.01875316776483E-06
3.43759078144644E-07
3.33433614119533E-06
1.56646090136813E-06
1.02640341319865E-06
3.48812712553043E-06
-3.50198288858373E-06
7.23676202069385E-06
1.61416086925701E-06
1.15648159748682E-07
1.25621902898737E-06
5.91594149982759E-06
-4.74113977600996E-06
4.85250988184768E-06
4.65399778409655E-06
-3.46945616595024E-06
-1.07227471376115E-06
4.73526016370082E-06
4.40824054989587E-07
1.67989312490031E-06
-4.90886453166784E-07
5.93326026983108E-06
1.07567307893161E-07
2.2374964857345E-06
1.76859672331332E-06
-2.01508011310086E-06
4.41820393269816E-06
1.30342313145634E-06
2.68502581755596E-06
-4.75404827375497E-06
8.92721455708859E-06
2.10896996967621E-06
5.28616852146264E-06
-2.3728483905475E-06
-1.17021276595746E-06
4.03846153846155E-06
6.02211016291697E-07
9.65319632447397E-07
1.02648803436285E-05
4.03583029825764E-07
2.74012114219785E-07
2.86384019567877E-06
-2.69402681836653E-06
3.30661322645291E-06
5.83350131021973E-06
2.69998996286259E-06
-6.20297805642631E-06
9.23365964600019E-06
6.35875402792698E-06
-4.3873637464675E-06
5.99421330938844E-06
7.76141826923073E-06
2.43526331102707E-06
2.46235246235241E-07
5.31458769568253E-07
9.69150174621657E-07
4.96015936254982E-06
6.53148129372401E-06
-3.80404294419189E-06
4.89251074892509E-06
6.54609367264086E-06
1.46664026925361E-06
7.1376415857605E-06
-2.89953676896353E-06
7.4628032885502E-06
-6.95730970600118E-08
1.1077506234414E-05
5.82268956202972E-06
5.16631557829275E-06
3.8600565428109E-07
3.47025912838631E-06
3.16709359605912E-06
3.95979797979799E-06
9.47607227958697E-06
8.39087726123319E-06
5.60514676316849E-06
5.23128220672935E-06
3.00593244665582E-06
1.52691254905907E-05
7.13883658705777E-06
-1.70835329341318E-06
8.64175445505559E-06
1.10106866490352E-05
4.47228989037755E-06
1.15061592388584E-05
3.53767598651596E-06
1.22044703595723E-05
1.17803515188459E-05
1.34021975846367E-05
1.25869586094305E-05
8.23270117888262E-06
8.0804759983864E-06
1.30296303445614E-07
1.88516889866081E-05
9.13647105159518E-06
1.25842582221769E-05
1.65698066005965E-05
7.26832162990803E-06
6.25672176857198E-06
8.78269517652912E-06
1.268454353721E-05
1.13171907967448E-05
9.98729848558862E-06
7.07760751359369E-06
1.7920572522931E-05
5.24077611340103E-06
3.89591990933134E-06
1.55130784708249E-05
9.89225031081646E-06
3.13396898776847E-06
1.15371451580431E-05
4.45261048009928E-06
1.44754098360656E-05
2.42030456852789E-06
1.22667928098391E-05
2.22839506172841E-06
5.91857000993026E-07
5.89261083743837E-06
1.36682879377432E-05
0.000004
4.79900497512442E-06
1.07934044616877E-05
-7.94494494494494E-06
6.37914230019493E-06
7.12977867203218E-06
1.24753593429158E-05
5.15038314176241E-06
-6.15407854984905E-06
1.17340425531913E-05
-6.97755102040818E-06
1.80436941410127E-06
-2.26239067055391E-06
1.00200803212851E-05
6.95875251509054E-06
7.0426356589148E-06
-4.61222444889786E-06
-5.47665369649761E-07
1.01089808274469E-05
-1.01125760649088E-05
-1.40328820116049E-06
1.08648111332008E-05
-2.28672745694015E-06
2.39078156312627E-06
6.02013422818789E-06
5.59236947791151E-07
-1.04208375893769E-05
5.82437619961604E-06
7.37174348697396E-06
2.09099999999999E-06
-3.65645933014356E-06
3.9762396694216E-06
-1.1857976653697E-06
-6.50199600798404E-06
5.62715298885511E-06
3.45956607495064E-06
2.23506743737961E-06
-1.3387259858443E-06
3.495983935743E-06
-5.38454106280181E-06
-3.90374873353603E-06
8.49648241206028E-06
1.10673934588702E-05
-6.79479768786112E-06
-1.63414634146351E-06
3.1733594515188E-07
6.4431137724551E-06
-1.45454545454548E-06
5.36583011583008E-06
1.13880445795341E-06
-8.33770161290322E-06
-5.1749521988527E-06
3.87822497420016E-06
9.45254745254747E-06
-1.39980353634584E-06
-0.0000029375
7.80303030303024E-06
-1.93987975951899E-06
-5.44952380952383E-06
3.98872950819668E-06
2.97893681043186E-07
-8.78312070657584E-07
1.60360360360363E-06
6.37279843444226E-06
-5.79549902152636E-06
-7.70938446014181E-07
2.45647773279354E-06
-4.30935960591125E-06
9.82132564841491E-06
-3.4836065573768E-07
3.16318407960195E-06
3.16318407960195E-06
dMdT Data
0
0
0
0
0
0
0
0
0
0
0
0
0
0
0
0
0
0
0
0
0
0
0
0
0
0
0
0
0
0
0
0
0
0
0
0
0
0
0
0
0
0
0
0
0
0
0
0
0
0
0
0
0
0
0
0
0
0
0
0
0
0
0
0
0
0
0
0
0
0
0
0
0
0
0
0
0
0
0
0
0
0
0
0
0
0
0
0
0
0
0
0
0
0
0
0
0
0
0
0
0
0
0
0
0
0
0
0
0
0
0
0
0
0
0
0
0
0
0
0
0
0
0
0
0
0
0
0
0
0
0
0
0
0
0
0
0
0
0
0
0
0
0
0
0
0
0
0
0
0
0
0
0
0
0
0
0
0
0
0
0
0
0
0
0
0
0
0
0
0
0
0
0
0
0
0
0
0
0
0
0
0
0
0
0
0
0
0
0
0
0
0
0
0
0
0
0
0
0
0
0
0
0
0
0
0
0
0
0
0
0
0
0
0
0
0
0
0
0
0
0
0
0
0
0
0
0
0
0
0
0
0
0
0
0
0
0
0
0
0
0
0
0
0
0
0
0
0
0
0
0
0
0
0
0
0
0
0
0
0
0
0
0
0
0
0
0
0
0
0
0
0
0
0
0
0
0
0
0
0
0
0
0
0
0
0
0
0
0
0
0
0
0
 
*********************************************** Results ***************************************
 
TotalArea 0
AreaFirstQuad 0
AreaSecondQuad 0
AreaThirdQuad 0
AreaFourthQuad 0
Coercivity 0
PositiveCoercivity 0
NegativeCoercivity 0
Retentivity 7.01741960231369E-03
PositiveRetentivity 1.19989075503875E-02
NegativeRetentivity -2.03593165423986E-03
Magnetization 0.00401923
PositiveMagnetization 0.00464137
NegativeMagnetization -0.00339709
Flatness 1.29012539788395
Squareness 1.74596119214718
SStar 0
SFD1 0
SFD2 0
Slope 0
Intercept 0
SlopeAtHc 3.16318407960195E-06
dH1 265.188401891982
dH2 758.8815
InitialSlope 1.32310077519379E-05
FieldAtHalfMs 914.527393357332
FieldAtMs 1778.2
MomentMean -1.12922535494881E-04
MomentRMS 2.93637830288385E-03
SFD3 0
dH3 530.376803783965
UserField1 0
UserField2 0
CenterField 0
ExchangeField 0
ExchangeMoment 0
ExRegionOneIntercept 0
ExRegionOneSlope 0
ExRegionTwoIntercept 0
ExRegionTwoSlope 0
NegativeIntercept 0
NegativeSlope 0
AutoCenterOffset 0
PinningField 0
PinningMoment 0
PinRegionOneIntercept 0
PinRegionOneSlope 0
PinRegionTwoIntercept 0
PinRegionTwoSlope 0
PositiveIntercept 0
PositiveSlope 0
TotalOffset 0
BHMax 0
BCoercivity 0
BRetentivity 0
BNegativeCoercivity 0
BPositiveCoercivity 0
BNegativeRetentivity 0
BPositiveRetentivity 0
MomentYMean -6.5074980887372E-03
MomentYRMS 3.78781026904609E-04
YOffCorrection 0
Mrt 0
Ms1 0
Ms2 0
Ms3 0
Hc2 0
Hex2 0
HsatValue 0
HsatIntercept 0
HsatSlope 0
CenterH 0
Span .00803846
SpanAsPercentOfRange -151.669056603774
RMSAsPercentOfRange -55.4033642053557
SpanAsPercentOfMean -7118.56137906537
RMSAsPercentOfMean -2600.34747715787
