Version 1.25
******************************************** Units *******************************************
System CGS
TemperatureUnit K
MomentUnit emu
AppliedFieldUnit G
 
******************************************** Setup ********************************************
 
Experiment CustomField
Minor False
Acquisition Continuous
EditedPoint No
MaxField 15000
FieldIncrement 100
Points 81
MinField 0
RampRate 10
AverageTime 0.3
TimeInterval 0
TimeConstant 0.1
TimeConstantIndex 0
Sensitivity -0.0053
SensitivityIndex 5
SensitivityY -400
SensitivityIndexY 0
SaturationField 8000
ExperimentTime 100
Use735Domains True
AutoRangeEnabled False
NumberOfVertices 2
VertexPts
0
80
VertexField
695.6558
1504.3442
StartAngle 0
EndAngle 0
AngleIncrement 0
StartTemp 0
FinishTemp 0
TempIncrement 0
TempPoints 0
LengthofSetPointsArray 81
SetPointArray
695.65581
705.76441
715.87302
725.98162
736.09023
746.19883
756.30744
766.41604
776.52464
786.63325
796.74185
806.85046
816.95906
827.06767
837.17627
847.28488
857.39348
867.50209
877.61069
887.7193
897.8279
907.93651
918.04511
928.15372
938.26232
948.37093
958.47953
968.58814
978.69674
988.80535
998.91395
1009.02256
1019.13116
1029.23977
1039.34837
1049.45698
1059.56558
1069.67419
1079.78279
1089.8914
1100
1110.1086
1120.21721
1130.32581
1140.43442
1150.54302
1160.65163
1170.76023
1180.86884
1190.97744
1201.08605
1211.19465
1221.30326
1231.41186
1241.52047
1251.62907
1261.73768
1271.84628
1281.95489
1292.06349
1302.1721
1312.2807
1322.38931
1332.49791
1342.60652
1352.71512
1362.82373
1372.93233
1383.04094
1393.14954
1403.25815
1413.36675
1423.47536
1433.58396
1443.69256
1453.80117
1463.90977
1474.01838
1484.12698
1494.23559
1504.34419
FieldDomainFile C:\IDEASVSM\Default UserID\Experiments\FORCexp0041B\fdomain.ini
TempDomainFile C:\IDEASVSM\Default UserID\Experiments\FORCexp0041B\tdomain.ini
NumSelectedResults 0
ResultsSelected 
UserName1 
UserValue1 
UserName2 
UserValue2 
LinearBackgroundCorrection Off
MaxLinearFieldCorrection 
MinLinearFieldCorrection 
AutoLinearCorrection Off
FitOneRegion Off
BackgroundMode Off
BackgroundFilename 
AutoCenter Off
OffsetCorrection 
SmoothDeriv Off
DerivOrder 0
DerivPoints 0
MinExFieldOne 
MaxExFieldOne 
MinExFieldTwo 
MaxExFieldTwo 
MinPinFieldOne 
MaxPinFieldOne 
MinPinFieldTwo 
MaxPinFieldTwo 
HCenterStart 
Mass 
Volume 
Density 
MolarWeight 
NumberOfMoles 
Demagnetization 
SampleArea 
Thickness 
MomentScaling 0
XAxis 0
YAxis 0
SimpleSpinValve False
HsatMax 0
HsatMin 0
FieldAutoRange False
 
*************************************************** Experiment Data ********************************************
 
DataPoints 81
MomentX Data
0.00394723
0.00398351
0.00396362
0.00394934
0.00400729
0.00400327
0.00399592
0.00401784
0.00400113
0.00400667
0.00403225
0.00403423
0.00404231
0.00404937
0.00405945
0.00406202
0.00404682
0.00405818
0.00409585
0.00409978
0.00409515
0.00407908
0.00410737
0.00413438
0.00413697
0.0041346
0.00412601
0.004145
0.00420365
0.00416438
0.00414766
0.00418357
0.00419137
0.00421352
0.00420369
0.00423309
0.00423674
0.00423109
0.00419554
0.00422157
0.00421725
0.00427634
0.00422761
0.00423079
0.00423538
0.00428508
0.00428239
0.0043082
0.00428256
0.00432778
0.00431314
0.00432119
0.00430281
0.0043382
0.00430986
0.00432845
0.00433571
0.00432284
0.00435948
0.00438669
0.00436261
0.00431653
0.00434953
0.00434331
0.00438217
0.00435166
0.00436128
0.00436729
0.00441162
0.00439033
0.00440106
0.00440092
0.00443004
0.00443792
0.00446276
0.00445218
0.00446022
0.0044627
0.00443314
0.00449461
0.00448371
MomentY Data
-0.00699361
-0.00724792
-0.00726382
-0.00689824
-0.0070413
-0.0070413
-0.00713666
-0.00720024
-0.00705719
-0.0073115
-0.00740687
-0.00705719
-0.00710487
-0.0070413
-0.00705719
-0.00667572
-0.00693003
-0.00716845
-0.00729561
-0.00726382
-0.00689824
-0.00677109
-0.00705719
-0.0070413
-0.00720024
-0.0070413
-0.0070254
-0.00700951
-0.00681877
-0.00693003
-0.00685056
-0.0070413
-0.00694593
-0.00699361
-0.00720024
-0.00718435
-0.00713666
-0.00661214
-0.00689824
-0.0073115
-0.00735919
-0.00715256
-0.0070254
-0.00720024
-0.0073115
-0.00766118
-0.00715256
-0.00724792
-0.00735919
-0.00677109
-0.00693003
-0.00696182
-0.00715256
-0.00710487
-0.00683467
-0.00715256
-0.00720024
-0.00710487
-0.00720024
-0.00689824
-0.00740687
-0.00699361
-0.00705719
-0.00705719
-0.00747045
-0.0070413
-0.00726382
-0.00710487
-0.00648499
-0.0070413
-0.00705719
-0.00689824
-0.00726382
-0.00705719
-0.00694593
-0.00696182
-0.00721614
-0.00694593
-0.00700951
-0.0067393
-0.00689824
Field Data
696.272
702.504
712.26
722.178
732.111
742.451
752.37
762.159
772.423
782.391
792.452
802.43
812.205
822.195
832.5
842.339
852.166
862.606
872.358
882.166
892.315
902.408
912.274
922.236
932.478
942.325
952.337
962.272
972.142
982.539
992.308
1002.11
1012.38
1022.28
1032.19
1042.06
1052.35
1062.15
1072.08
1082.22
1092.18
1102.13
1112.18
1122.15
1132.37
1142.2
1152.07
1162.25
1172.25
1181.96
1191.89
1202.2
1212.03
1221.98
1232.02
1242.06
1252.02
1261.89
1272.23
1282.06
1292.13
1302.02
1311.82
1322.07
1332
1341.71
1352.1
1361.95
1371.69
1382.03
1391.85
1401.76
1411.72
1422.01
1431.79
1442.13
1451.96
1461.67
1471.95
1481.79
1491.77
Time Data
0
0.3
0.6
0.9
1.2
1.5
1.8
2.1
2.4
2.7
3
3.3
3.6
3.9
4.2
4.5
4.8
5.1
5.4
5.7
6
6.3
6.6
6.9
7.2
7.5
7.8
8.1
8.4
8.7
9
9.3
9.6
9.9
10.2
10.5
10.8
11.1
11.4
11.7
12
12.3
12.6
12.9
13.2
13.5
13.8
14.1
14.4
14.7
15
15.3
15.6
15.9
16.2
16.5
16.8
17.1
17.4
17.7
18
18.3
18.6
18.9
19.2
19.5
19.8
20.1
20.4
20.7
21
21.3
21.6
21.9
22.2
22.5
22.8
23.1
23.4
23.7
24
Temperature Data
0
0
0
0
0
0
0
0
0
0
0
0
0
0
0
0
0
0
0
0
0
0
0
0
0
0
0
0
0
0
0
0
0
0
0
0
0
0
0
0
0
0
0
0
0
0
0
0
0
0
0
0
0
0
0
0
0
0
0
0
0
0
0
0
0
0
0
0
0
0
0
0
0
0
0
0
0
0
0
0
0
Angle Data
0
0
0
0
0
0
0
0
0
0
0
0
0
0
0
0
0
0
0
0
0
0
0
0
0
0
0
0
0
0
0
0
0
0
0
0
0
0
0
0
0
0
0
0
0
0
0
0
0
0
0
0
0
0
0
0
0
0
0
0
0
0
0
0
0
0
0
0
0
0
0
0
0
0
0
0
0
0
0
0
0
Bx Data
0
0
0
0
0
0
0
0
0
0
0
0
0
0
0
0
0
0
0
0
0
0
0
0
0
0
0
0
0
0
0
0
0
0
0
0
0
0
0
0
0
0
0
0
0
0
0
0
0
0
0
0
0
0
0
0
0
0
0
0
0
0
0
0
0
0
0
0
0
0
0
0
0
0
0
0
0
0
0
0
0
Hint Data
0
0
0
0
0
0
0
0
0
0
0
0
0
0
0
0
0
0
0
0
0
0
0
0
0
0
0
0
0
0
0
0
0
0
0
0
0
0
0
0
0
0
0
0
0
0
0
0
0
0
0
0
0
0
0
0
0
0
0
0
0
0
0
0
0
0
0
0
0
0
0
0
0
0
0
0
0
0
0
0
0
Torque Data
-4.86945482192
-5.09169279168
-5.1737284332
-4.98175716672
-5.1550131843
-5.2278202263
-5.3694088842
-5.48772771816
-5.45113587137
-5.7204517965
-5.86958894524
-5.6629009717
-5.77061093835
-5.7893216535
-5.875110675
-5.62321930908
-5.90553594498
-6.1835479807
-6.36438374838
-6.40789503412
-6.1554030256
-6.11028578472
-6.43809095006
-6.4937403468
-6.71406539472
-6.6351930225
-6.6905483598
-6.74505520672
-6.62881270534
-6.80902474617
-6.79786549248
-7.056157143
-7.0319206134
-7.1494276308
-7.4320157256
-7.486523761
-7.510264151
-7.023084501
-7.3954651392
-7.91265153
-8.0375601342
-7.8830509528
-7.813509372
-8.079749316
-8.279323255
-8.750599796
-8.2402497992
-8.42389502
-8.6268104775
-8.0031575364
-8.2598334567
-8.369500004
-8.6691172968
-8.6820090426
-8.4204501334
-8.8839086736
-9.0148444848
-8.9655644043
-9.1603613352
-8.8439575744
-9.5706389331
-9.1058200922
-9.2577629858
-9.3300991833
-9.9506394
-9.447382623
-9.821411022
-9.6764776965
-8.8953959331
-9.731287839
-9.8225499015
-9.6696769024
-10.2544799704
-10.0353947519
-9.9451131147
-10.0398494766
-10.4775466344
-10.1526575031
-10.3176482445
-9.986227347
-10.2905874848
dMdH Data
5.82156611039792E-06
-2.03874538745386E-06
-1.4398064125832E-06
5.83408839222795E-06
-3.88781431334661E-07
-7.41002117148879E-07
2.23924813566247E-06
-1.62802026500386E-06
5.55778491171758E-07
2.54249080608287E-06
1.98436560432905E-07
8.26598465473198E-07
7.06706706706677E-07
9.78165938864632E-07
2.61205407053596E-07
-1.54675892948009E-06
1.08812260536401E-06
3.86279737489748E-06
4.00693311582385E-07
-4.56202581535152E-07
-1.59219260873873E-06
2.86742347455912E-06
2.71130295121462E-06
2.52880296817051E-07
-2.40682441352674E-07
-8.57970435477448E-07
1.91142425767487E-06
5.94224924012153E-06
-3.77705107242477E-06
-1.71153649298798E-06
3.66353805345848E-06
7.59493670886043E-07
2.23737373737377E-06
-9.91927346115E-07
2.97872340425533E-06
3.54713313896989E-07
-5.76530612244915E-07
-3.58006042296075E-06
2.56706114398418E-06
-4.33734939759071E-07
5.93869346733669E-06
-4.84875621890552E-06
3.18956870611854E-07
4.49119373776965E-07
5.05595116988799E-06
-2.72543059777156E-07
2.53536345776032E-06
-2.56399999999995E-06
4.65705458290415E-06
-1.47432024169181E-06
7.80795344325891E-07
-1.86978636826045E-06
3.55678391959803E-06
-2.82270916334662E-06
1.85159362549799E-06
7.28915662650625E-07
-1.30395136778122E-06
3.5435203094778E-06
2.76805696846397E-06
-2.39126117179739E-06
-4.65925176946421E-06
3.36734693877553E-06
-6.06829268292633E-07
3.91339375629403E-06
-3.14212152420185E-06
9.25890279114556E-07
6.10152284263938E-07
4.55133470225868E-06
-2.0589941972921E-06
1.09266802443997E-06
-1.41271442986917E-08
2.92369477911642E-06
7.6579203109816E-07
2.5398773006135E-06
-1.02321083172142E-06
8.17904374364193E-07
2.55406797116376E-07
-2.87548638132293E-06
6.24695121951217E-06
-1.09218436873742E-06
-1.09218436873742E-06
dMdT Data
0
0
0
0
0
0
0
0
0
0
0
0
0
0
0
0
0
0
0
0
0
0
0
0
0
0
0
0
0
0
0
0
0
0
0
0
0
0
0
0
0
0
0
0
0
0
0
0
0
0
0
0
0
0
0
0
0
0
0
0
0
0
0
0
0
0
0
0
0
0
0
0
0
0
0
0
0
0
0
0
0
 
*********************************************** Results ***************************************
 
TotalArea 0
AreaFirstQuad 0
AreaSecondQuad 0
AreaThirdQuad 0
AreaFourthQuad 0
Coercivity 0
PositiveCoercivity 0
NegativeCoercivity 0
Retentivity 1.06163478818978E-04
PositiveRetentivity -1.06163478818978E-04
NegativeRetentivity 0
Magnetization 0.00449461
PositiveMagnetization 0.00449461
NegativeMagnetization 0.00394723
Flatness -41.2340154060445
Squareness 2.36201759037999E-02
SStar 0
SFD1 0
SFD2 0
Slope 0
Intercept 0
SlopeAtHc -1.09218436873742E-06
dH1 9.118120176404
dH2 15.9879999999999
InitialSlope 5.82156611039792E-06
FieldAtHalfMs 1491.77
FieldAtMs 1481.79
MomentMean 4.22701049382716E-03
MomentRMS 1.52521796392362E-04
SFD3 0
dH3 18.236240352808
UserField1 0
UserField2 0
CenterField 0
ExchangeField 0
ExchangeMoment 0
ExRegionOneIntercept 0
ExRegionOneSlope 0
ExRegionTwoIntercept 0
ExRegionTwoSlope 0
NegativeIntercept 0
NegativeSlope 0
AutoCenterOffset 0
PinningField 0
PinningMoment 0
PinRegionOneIntercept 0
PinRegionOneSlope 0
PinRegionTwoIntercept 0
PinRegionTwoSlope 0
PositiveIntercept 0
PositiveSlope 0
TotalOffset 0
BHMax 0
BCoercivity 0
BRetentivity 0
BNegativeCoercivity 0
BPositiveCoercivity 0
BNegativeRetentivity 0
BPositiveRetentivity 0
MomentYMean -7.07229950617284E-03
MomentYRMS 1.947472527271E-04
YOffCorrection 0
Mrt 0
Ms1 0
Ms2 0
Ms3 0
Hc2 0
Hex2 0
HsatValue 0
HsatIntercept 0
HsatSlope 0
CenterH 0
Span 5.47379999999999E-04
SpanAsPercentOfRange -10.3279245283019
RMSAsPercentOfRange -2.87776974325211
SpanAsPercentOfMean 12.9495775039914
RMSAsPercentOfMean 3.60826632948024
