Version 1.25
******************************************** Units *******************************************
System CGS
TemperatureUnit K
MomentUnit emu
AppliedFieldUnit G
 
******************************************** Setup ********************************************
 
Experiment CustomField
Minor False
Acquisition Continuous
EditedPoint No
MaxField 15000
FieldIncrement 100
Points 293
MinField 0
RampRate 10
AverageTime 0.3
TimeInterval 0
TimeConstant 0.1
TimeConstantIndex 0
Sensitivity -0.0053
SensitivityIndex 5
SensitivityY -400
SensitivityIndexY 0
SaturationField 8000
ExperimentTime 100
Use735Domains True
AutoRangeEnabled False
NumberOfVertices 2
VertexPts
0
292
VertexField
-2801.9215
149.7911
StartAngle 0
EndAngle 0
AngleIncrement 0
StartTemp 0
FinishTemp 0
TempIncrement 0
TempPoints 0
LengthofSetPointsArray 293
SetPointArray
-2801.92147
-2791.81287
-2781.70426
-2771.59566
-2761.48705
-2751.37845
-2741.26984
-2731.16124
-2721.05263
-2710.94403
-2700.83542
-2690.72682
-2680.61821
-2670.50961
-2660.401
-2650.2924
-2640.18379
-2630.07519
-2619.96658
-2609.85798
-2599.74937
-2589.64077
-2579.53216
-2569.42356
-2559.31495
-2549.20635
-2539.09774
-2528.98914
-2518.88053
-2508.77193
-2498.66332
-2488.55472
-2478.44612
-2468.33751
-2458.22891
-2448.1203
-2438.0117
-2427.90309
-2417.79449
-2407.68588
-2397.57728
-2387.46867
-2377.36007
-2367.25146
-2357.14286
-2347.03425
-2336.92565
-2326.81704
-2316.70844
-2306.59983
-2296.49123
-2286.38262
-2276.27402
-2266.16541
-2256.05681
-2245.9482
-2235.8396
-2225.73099
-2215.62239
-2205.51378
-2195.40518
-2185.29657
-2175.18797
-2165.07937
-2154.97076
-2144.86216
-2134.75355
-2124.64495
-2114.53634
-2104.42774
-2094.31913
-2084.21053
-2074.10192
-2063.99332
-2053.88471
-2043.77611
-2033.6675
-2023.5589
-2013.45029
-2003.34169
-1993.23308
-1983.12448
-1973.01587
-1962.90727
-1952.79866
-1942.69006
-1932.58145
-1922.47285
-1912.36424
-1902.25564
-1892.14703
-1882.03843
-1871.92982
-1861.82122
-1851.71261
-1841.60401
-1831.49541
-1821.3868
-1811.2782
-1801.16959
-1791.06099
-1780.95238
-1770.84378
-1760.73517
-1750.62657
-1740.51796
-1730.40936
-1720.30075
-1710.19215
-1700.08354
-1689.97494
-1679.86633
-1669.75773
-1659.64912
-1649.54052
-1639.43191
-1629.32331
-1619.2147
-1609.1061
-1598.99749
-1588.88889
-1578.78028
-1568.67168
-1558.56307
-1548.45447
-1538.34586
-1528.23726
-1518.12865
-1508.02005
-1497.91145
-1487.80284
-1477.69424
-1467.58563
-1457.47703
-1447.36842
-1437.25982
-1427.15121
-1417.04261
-1406.934
-1396.8254
-1386.71679
-1376.60819
-1366.49958
-1356.39098
-1346.28237
-1336.17377
-1326.06516
-1315.95656
-1305.84795
-1295.73935
-1285.63074
-1275.52214
-1265.41353
-1255.30493
-1245.19632
-1235.08772
-1224.97911
-1214.87051
-1204.7619
-1194.6533
-1184.5447
-1174.43609
-1164.32749
-1154.21888
-1144.11028
-1134.00167
-1123.89307
-1113.78446
-1103.67586
-1093.56725
-1083.45865
-1073.35004
-1063.24144
-1053.13283
-1043.02423
-1032.91562
-1022.80702
-1012.69841
-1002.58981
-992.4812
-982.3726
-972.26399
-962.15539
-952.04678
-941.93818
-931.82957
-921.72097
-911.61236
-901.50376
-891.39515
-881.28655
-871.17794
-861.06934
-850.96074
-840.85213
-830.74353
-820.63492
-810.52632
-800.41771
-790.30911
-780.2005
-770.0919
-759.98329
-749.87469
-739.76608
-729.65748
-719.54887
-709.44027
-699.33166
-689.22306
-679.11445
-669.00585
-658.89724
-648.78864
-638.68003
-628.57143
-618.46282
-608.35422
-598.24561
-588.13701
-578.0284
-567.9198
-557.81119
-547.70259
-537.59398
-527.48538
-517.37678
-507.26817
-497.15957
-487.05096
-476.94236
-466.83375
-456.72515
-446.61654
-436.50794
-426.39933
-416.29073
-406.18212
-396.07352
-385.96491
-375.85631
-365.7477
-355.6391
-345.53049
-335.42189
-325.31328
-315.20468
-305.09607
-294.98747
-284.87886
-274.77026
-264.66165
-254.55305
-244.44444
-234.33584
-224.22723
-214.11863
-204.01003
-193.90142
-183.79282
-173.68421
-163.57561
-153.467
-143.3584
-133.24979
-123.14119
-113.03258
-102.92398
-92.81537
-82.70677
-72.59816
-62.48956
-52.38095
-42.27235
-32.16374
-22.05514
-11.94653
-1.83793
8.27068
18.37928
28.48789
38.59649
48.7051
58.8137
68.92231
79.03091
89.13952
99.24812
109.35673
119.46533
129.57393
139.68254
149.79114
FieldDomainFile C:\IDEASVSM\Default UserID\Experiments\FORCexp0387B\fdomain.ini
TempDomainFile C:\IDEASVSM\Default UserID\Experiments\FORCexp0387B\tdomain.ini
NumSelectedResults 0
ResultsSelected 
UserName1 
UserValue1 
UserName2 
UserValue2 
LinearBackgroundCorrection Off
MaxLinearFieldCorrection 
MinLinearFieldCorrection 
AutoLinearCorrection Off
FitOneRegion Off
BackgroundMode Off
BackgroundFilename 
AutoCenter Off
OffsetCorrection 
SmoothDeriv Off
DerivOrder 0
DerivPoints 0
MinExFieldOne 
MaxExFieldOne 
MinExFieldTwo 
MaxExFieldTwo 
MinPinFieldOne 
MaxPinFieldOne 
MinPinFieldTwo 
MaxPinFieldTwo 
HCenterStart 
Mass 
Volume 
Density 
MolarWeight 
NumberOfMoles 
Demagnetization 
SampleArea 
Thickness 
MomentScaling 0
XAxis 0
YAxis 0
SimpleSpinValve False
HsatMax 0
HsatMin 0
FieldAutoRange False
 
*************************************************** Experiment Data ********************************************
 
DataPoints 293
MomentX Data
-0.00492601
-0.00498212
-0.00493052
-0.00490876
-0.00487216
-0.00491803
-0.00493041
-0.00488979
-0.00487067
-0.00489382
-0.00490822
-0.00490215
-0.00487924
-0.00489988
-0.00485364
-0.0048781
-0.00485305
-0.00485986
-0.00488278
-0.00487144
-0.00490342
-0.00488803
-0.00486198
-0.00484695
-0.00484549
-0.00484582
-0.00487383
-0.00486435
-0.00489056
-0.00484082
-0.00482727
-0.00481824
-0.00485966
-0.0048294
-0.00488226
-0.00481188
-0.00483406
-0.00484286
-0.00484078
-0.00484315
-0.00481826
-0.00477948
-0.004796
-0.00477051
-0.00482343
-0.00479101
-0.00475238
-0.00477196
-0.00477115
-0.00481037
-0.00479909
-0.00478316
-0.00480638
-0.00476883
-0.00476568
-0.00477635
-0.00476767
-0.00475084
-0.00475344
-0.00474217
-0.00474207
-0.00475245
-0.00476566
-0.00479015
-0.0047618
-0.00474923
-0.004744
-0.00473463
-0.00474305
-0.00477195
-0.00474091
-0.00472831
-0.00469626
-0.00471586
-0.00470509
-0.00472363
-0.00471523
-0.00466441
-0.00470598
-0.00470515
-0.00470669
-0.00467947
-0.00470542
-0.00464828
-0.0046769
-0.00464093
-0.00468897
-0.00466329
-0.00465581
-0.00464491
-0.00464981
-0.00468472
-0.00464238
-0.00463133
-0.00461346
-0.00459752
-0.00462311
-0.00463684
-0.00459626
-0.00458345
-0.00460012
-0.00458919
-0.00459025
-0.00462353
-0.004588
-0.00457397
-0.00458632
-0.00459291
-0.00457553
-0.00454747
-0.00458627
-0.00458081
-0.00456884
-0.00453804
-0.00455247
-0.00452271
-0.00453604
-0.0045388
-0.00461171
-0.00455382
-0.00456663
-0.00454862
-0.00453741
-0.00450691
-0.00451089
-0.00449489
-0.00448711
-0.00451247
-0.00446137
-0.00448665
-0.00443797
-0.00449519
-0.00447347
-0.00449091
-0.00446732
-0.00442888
-0.00442005
-0.00446133
-0.00440967
-0.00445427
-0.00440472
-0.00441442
-0.00440326
-0.00441213
-0.00442093
-0.0043907
-0.00437942
-0.00435781
-0.00435041
-0.00434423
-0.00437231
-0.00436365
-0.00433847
-0.00437252
-0.0043949
-0.00432885
-0.00436597
-0.00431184
-0.00431349
-0.00433147
-0.00430833
-0.00430783
-0.00433675
-0.00426076
-0.00429832
-0.00425923
-0.00427191
-0.00424199
-0.00424833
-0.00425343
-0.00425131
-0.00424174
-0.00424038
-0.00422922
-0.00419321
-0.00419167
-0.00422904
-0.00415153
-0.00418387
-0.00417539
-0.0042143
-0.00422336
-0.00415486
-0.00420089
-0.00413729
-0.0041211
-0.00410505
-0.00418532
-0.00413839
-0.0041023
-0.00412368
-0.00414459
-0.00416304
-0.00405906
-0.00409512
-0.00410974
-0.00406144
-0.00404771
-0.00411652
-0.0040842
-0.00399794
-0.00402185
-0.00396934
-0.00399776
-0.00400514
-0.00398887
-0.00396694
-0.00396399
-0.00397366
-0.00395476
-0.00399382
-0.00396061
-0.00393131
-0.00390361
-0.00382416
-0.00383464
-0.0038737
-0.00390434
-0.00390003
-0.00381327
-0.00383459
-0.00386508
-0.00383487
-0.00381902
-0.00379002
-0.00376594
-0.0037561
-0.00379603
-0.00375919
-0.00377043
-0.00375716
-0.00370158
-0.00377367
-0.00380693
-0.00376151
-0.00370936
-0.00371142
-0.00373962
-0.00372471
-0.00377161
-0.00369158
-0.00360887
-0.00358011
-0.00358398
-0.00361217
-0.00362784
-0.00364272
-0.00359563
-0.00363692
-0.00355438
-0.00342606
-0.0035167
-0.00360925
-0.00353403
-0.00352241
-0.00343984
-0.00339294
-0.0035036
-0.00345619
-0.00351523
-0.00343805
-0.00337599
-0.00334436
-0.00338267
-0.00338663
-0.00341328
-0.0032946
-0.00339539
-0.00326853
-0.00330178
-0.00331437
-0.00330642
-0.00332398
-0.00322086
-0.00327545
-0.00320732
-0.00312047
-0.00316996
-0.00307041
-0.00317547
-0.00314651
-0.0031946
-0.00311362
-0.0030184
-0.00302981
-0.00307385
-0.00311592
-0.00302707
-0.00312236
-0.0029638
-0.00283341
-0.00285657
-0.00301394
MomentY Data
-0.00570615
-0.00573794
-0.00575384
-0.0055631
-0.00553131
-0.00572205
-0.00588099
-0.00589689
-0.00573794
-0.00603994
-0.00581741
-0.00599225
-0.00565847
-0.00580152
-0.00592868
-0.00607173
-0.00565847
-0.00619888
-0.00583331
-0.00572205
-0.00599225
-0.0058651
-0.00597636
-0.00602404
-0.00588099
-0.00580152
-0.00570615
-0.00561078
-0.00594457
-0.00591278
-0.00565847
-0.00588099
-0.00572205
-0.00567436
-0.00576973
-0.0058492
-0.00575384
-0.00535647
-0.00583331
-0.00562668
-0.00596046
-0.00592868
-0.00567436
-0.00591278
-0.00576973
-0.00602404
-0.00576973
-0.00588099
-0.00567436
-0.00583331
-0.00572205
-0.00581741
-0.00572205
-0.00572205
-0.00542005
-0.00578562
-0.00591278
-0.00616709
-0.00592868
-0.0058651
-0.00589689
-0.00572205
-0.00578562
-0.00583331
-0.00576973
-0.00572205
-0.00588099
-0.00565847
-0.00551542
-0.00588099
-0.00567436
-0.00603994
-0.00551542
-0.00561078
-0.00594457
-0.00565847
-0.00589689
-0.00578562
-0.0058492
-0.0058651
-0.00603994
-0.00576973
-0.00581741
-0.00573794
-0.00594457
-0.00567436
-0.00594457
-0.0055631
-0.00607173
-0.0058651
-0.00551542
-0.00573794
-0.00578562
-0.00578562
-0.00549952
-0.00576973
-0.00570615
-0.00588099
-0.00573794
-0.00562668
-0.00551542
-0.00537237
-0.00588099
-0.00572205
-0.0055631
-0.00588099
-0.00597636
-0.00572205
-0.00567436
-0.00572205
-0.00607173
-0.00592868
-0.00596046
-0.00602404
-0.00591278
-0.00594457
-0.00599225
-0.00603994
-0.00588099
-0.00589689
-0.00632604
-0.00600815
-0.00605583
-0.00596046
-0.00597636
-0.00572205
-0.00583331
-0.00588099
-0.00565847
-0.00592868
-0.00576973
-0.00575384
-0.00567436
-0.00583331
-0.00572205
-0.00592868
-0.00575384
-0.00546773
-0.00597636
-0.00576973
-0.00632604
-0.00581741
-0.00588099
-0.00600815
-0.00570615
-0.0061353
-0.00607173
-0.00576973
-0.00599225
-0.00588099
-0.00583331
-0.00638962
-0.00602404
-0.00576973
-0.00540415
-0.00583331
-0.00591278
-0.00561078
-0.00599225
-0.00572205
-0.0058492
-0.00603994
-0.00572205
-0.00596046
-0.00597636
-0.00583331
-0.00562668
-0.00591278
-0.00594457
-0.0061353
-0.00616709
-0.00578562
-0.0058492
-0.0058651
-0.00594457
-0.00588099
-0.00616709
-0.00596046
-0.00602404
-0.0055631
-0.00594457
-0.00576973
-0.00602404
-0.00596046
-0.00616709
-0.00597636
-0.00594457
-0.00588099
-0.00607173
-0.00603994
-0.00619888
-0.00578562
-0.00588099
-0.00632604
-0.00583331
-0.0061353
-0.00616709
-0.00572205
-0.0058492
-0.0058492
-0.00588099
-0.00635783
-0.00607173
-0.00576973
-0.00603994
-0.00570615
-0.00588099
-0.00635783
-0.0061353
-0.00610352
-0.00602404
-0.0058651
-0.00619888
-0.00588099
-0.00600815
-0.00607173
-0.00602404
-0.00600815
-0.00610352
-0.0061353
-0.00581741
-0.00592868
-0.00594457
-0.00607173
-0.00573794
-0.00616709
-0.0061353
-0.00588099
-0.00588099
-0.00600815
-0.00581741
-0.0058492
-0.00600815
-0.00638962
-0.00592868
-0.0058651
-0.00597636
-0.00565847
-0.00603994
-0.00599225
-0.00619888
-0.00651677
-0.00610352
-0.00592868
-0.00583331
-0.00603994
-0.00603994
-0.00578562
-0.00597636
-0.00597636
-0.00610352
-0.00610352
-0.0061353
-0.00648499
-0.00607173
-0.00597636
-0.00623067
-0.00603994
-0.00592868
-0.00623067
-0.00581741
-0.00619888
-0.0061353
-0.0061353
-0.00603994
-0.00591278
-0.0061353
-0.00581741
-0.00603994
-0.00576973
-0.0061353
-0.00626246
-0.00603994
-0.0061353
-0.0058492
-0.00594457
-0.00600815
-0.00616709
-0.00596046
-0.00623067
-0.00578562
-0.00623067
-0.00623067
-0.00572205
-0.00583331
-0.00592868
-0.00599225
-0.00607173
-0.00597636
-0.00607173
-0.00597636
-0.00632604
-0.00623067
Field Data
-2801.28
-2794.9
-2785.67
-2775.41
-2765.15
-2755.27
-2745.09
-2734.7
-2724.81
-2715.05
-2704.48
-2694.53
-2684.68
-2674.4
-2664.23
-2653.91
-2644.14
-2634.24
-2624
-2613.82
-2603.77
-2593.88
-2583.5
-2573.4
-2563.66
-2553.34
-2543.24
-2533.31
-2523.11
-2512.91
-2502.85
-2492.9
-2482.76
-2472.73
-2462.35
-2452.54
-2442.58
-2432.29
-2422.22
-2412.26
-2402.06
-2392.01
-2381.98
-2372.2
-2361.57
-2351.56
-2341.51
-2331.56
-2321.58
-2311.13
-2301.29
-2291.51
-2281
-2271.09
-2261.28
-2251.03
-2240.72
-2230.6
-2220.95
-2210.58
-2200.57
-2190.58
-2180.28
-2170.19
-2160
-2150.22
-2140.3
-2130.11
-2119.78
-2109.94
-2099.96
-2089.59
-2079.59
-2069.65
-2059.49
-2049.32
-2039.14
-2029.29
-2019.25
-2008.98
-1998.84
-1989.03
-1979
-1968.52
-1958.83
-1948.82
-1938.21
-1928.41
-1918.44
-1908.19
-1898.06
-1887.94
-1878.07
-1868.14
-1857.95
-1847.66
-1837.8
-1827.87
-1817.37
-1807.5
-1797.68
-1787.27
-1777.18
-1767.33
-1757.37
-1746.81
-1736.77
-1727.05
-1716.53
-1706.62
-1696.48
-1686.67
-1676.62
-1666.24
-1656.34
-1646.16
-1636.21
-1626.12
-1615.83
-1605.99
-1595.57
-1585.79
-1575.84
-1565.46
-1555.58
-1545.62
-1535.31
-1525.23
-1515.35
-1505.38
-1495.05
-1484.95
-1475.23
-1464.72
-1454.9
-1444.47
-1434.69
-1424.69
-1414.49
-1404.28
-1394.52
-1384.32
-1373.83
-1364.28
-1354.27
-1343.9
-1333.78
-1323.8
-1313.71
-1303.69
-1293.65
-1283.49
-1273.43
-1263.6
-1253.11
-1243.19
-1233.34
-1222.96
-1213.05
-1203.07
-1192.77
-1182.62
-1172.67
-1162.86
-1152.3
-1142.2
-1132.29
-1122.33
-1112.43
-1101.89
-1092.09
-1082.16
-1071.67
-1061.86
-1051.93
-1041.82
-1031.59
-1021.59
-1011.62
-1001.23
-991.398
-981.075
-971.15
-961.202
-950.851
-940.934
-930.982
-920.772
-910.621
-900.83
-890.727
-880.284
-870.531
-860.545
-850.036
-840.174
-829.889
-820.046
-810.187
-799.73
-789.837
-779.771
-769.503
-759.565
-749.558
-739.531
-729.182
-719.272
-709.444
-698.903
-689
-678.832
-668.843
-658.951
-648.684
-638.585
-628.751
-618.59
-608.406
-598.465
-588.359
-578.058
-568.186
-558.204
-547.851
-537.944
-527.739
-517.671
-507.813
-497.551
-487.526
-477.622
-467.504
-457.089
-447.345
-437.307
-426.901
-416.966
-407.14
-396.78
-386.707
-376.689
-366.391
-356.676
-346.388
-336.305
-326.38
-316.411
-305.93
-296.219
-286.105
-275.903
-265.85
-255.948
-245.865
-235.623
-225.718
-215.642
-205.227
-195.409
-185.063
-175.161
-165.231
-154.785
-144.992
-135.037
-124.761
-114.757
-104.785
-94.7862
-84.2893
-74.5683
-64.5284
-54.1315
-44.2838
-34.0586
-24.2879
-14.0894
-3.47866
6.32537
16.1347
26.4328
36.5685
46.3054
56.4868
66.8826
76.7344
86.4265
97.0263
106.912
117.001
127.079
136.891
Time Data
0
0.3
0.6
0.9
1.2
1.5
1.8
2.1
2.4
2.7
3
3.3
3.6
3.9
4.2
4.5
4.8
5.1
5.4
5.7
6
6.3
6.6
6.9
7.2
7.5
7.8
8.1
8.4
8.7
9
9.3
9.6
9.9
10.2
10.5
10.8
11.1
11.4
11.7
12
12.3
12.6
12.9
13.2
13.5
13.8
14.1
14.4
14.7
15
15.3
15.6
15.9
16.2
16.5
16.8
17.1
17.4
17.7
18
18.3
18.6
18.9
19.2
19.5
19.8
20.1
20.4
20.7
21
21.3
21.6
21.9
22.2
22.5
22.8
23.1
23.4
23.7
24
24.3
24.6
24.9
25.2
25.5
25.8
26.1
26.4
26.7
27
27.3
27.6
27.9
28.2
28.5
28.8
29.1
29.4
29.7
30.0000000000001
30.3000000000001
30.6000000000001
30.9000000000001
31.2000000000001
31.5000000000001
31.8000000000001
32.1000000000001
32.4
32.7
33
33.3
33.6
33.9
34.2
34.5
34.8
35.1
35.4
35.7
36
36.3
36.6
36.9
37.2
37.5
37.8
38.1
38.4
38.7
39
39.3
39.6
39.9
40.2
40.5
40.8
41.1
41.4
41.7
42
42.3
42.6
42.8999999999999
43.1999999999999
43.4999999999999
43.7999999999999
44.0999999999999
44.3999999999999
44.6999999999999
44.9999999999999
45.2999999999999
45.5999999999999
45.8999999999999
46.1999999999999
46.4999999999999
46.7999999999999
47.0999999999999
47.3999999999999
47.6999999999999
47.9999999999999
48.2999999999999
48.5999999999999
48.8999999999999
49.1999999999999
49.4999999999999
49.7999999999999
50.0999999999999
50.3999999999999
50.6999999999999
50.9999999999999
51.2999999999999
51.5999999999999
51.8999999999999
52.1999999999999
52.4999999999999
52.7999999999999
53.0999999999999
53.3999999999998
53.6999999999998
53.9999999999998
54.2999999999998
54.5999999999998
54.8999999999998
55.1999999999998
55.4999999999998
55.7999999999998
56.0999999999998
56.3999999999998
56.6999999999998
56.9999999999998
57.2999999999998
57.5999999999998
57.8999999999998
58.1999999999998
58.4999999999998
58.7999999999998
59.0999999999998
59.3999999999998
59.6999999999998
59.9999999999998
60.2999999999998
60.5999999999998
60.8999999999998
61.1999999999998
61.4999999999998
61.7999999999998
62.0999999999998
62.3999999999998
62.6999999999998
62.9999999999998
63.2999999999998
63.5999999999998
63.8999999999998
64.1999999999997
64.4999999999997
64.7999999999997
65.0999999999997
65.3999999999997
65.6999999999997
65.9999999999997
66.2999999999997
66.5999999999997
66.8999999999997
67.1999999999997
67.4999999999997
67.7999999999997
68.0999999999997
68.3999999999997
68.6999999999997
68.9999999999997
69.2999999999997
69.5999999999997
69.8999999999997
70.1999999999997
70.4999999999997
70.7999999999997
71.0999999999997
71.3999999999997
71.6999999999997
71.9999999999997
72.2999999999997
72.5999999999997
72.8999999999997
73.1999999999997
73.4999999999997
73.7999999999997
74.0999999999997
74.3999999999997
74.6999999999996
74.9999999999996
75.2999999999996
75.5999999999996
75.8999999999996
76.1999999999996
76.4999999999996
76.7999999999996
77.0999999999996
77.3999999999996
77.6999999999996
77.9999999999996
78.2999999999996
78.5999999999996
78.8999999999996
79.1999999999996
79.4999999999996
79.7999999999996
80.0999999999996
80.3999999999996
80.6999999999996
80.9999999999996
81.2999999999996
81.5999999999996
81.8999999999996
82.1999999999996
82.4999999999996
82.7999999999996
83.0999999999996
83.3999999999996
83.6999999999996
83.9999999999996
84.2999999999996
84.5999999999996
84.8999999999996
85.1999999999995
85.4999999999995
85.7999999999995
86.0999999999995
86.3999999999995
86.6999999999995
86.9999999999995
87.2999999999995
87.5999999999995
Temperature Data
0
0
0
0
0
0
0
0
0
0
0
0
0
0
0
0
0
0
0
0
0
0
0
0
0
0
0
0
0
0
0
0
0
0
0
0
0
0
0
0
0
0
0
0
0
0
0
0
0
0
0
0
0
0
0
0
0
0
0
0
0
0
0
0
0
0
0
0
0
0
0
0
0
0
0
0
0
0
0
0
0
0
0
0
0
0
0
0
0
0
0
0
0
0
0
0
0
0
0
0
0
0
0
0
0
0
0
0
0
0
0
0
0
0
0
0
0
0
0
0
0
0
0
0
0
0
0
0
0
0
0
0
0
0
0
0
0
0
0
0
0
0
0
0
0
0
0
0
0
0
0
0
0
0
0
0
0
0
0
0
0
0
0
0
0
0
0
0
0
0
0
0
0
0
0
0
0
0
0
0
0
0
0
0
0
0
0
0
0
0
0
0
0
0
0
0
0
0
0
0
0
0
0
0
0
0
0
0
0
0
0
0
0
0
0
0
0
0
0
0
0
0
0
0
0
0
0
0
0
0
0
0
0
0
0
0
0
0
0
0
0
0
0
0
0
0
0
0
0
0
0
0
0
0
0
0
0
0
0
0
0
0
0
0
0
0
0
0
0
0
0
0
0
0
0
0
0
0
0
0
0
0
0
0
0
0
0
0
0
0
0
0
0
Angle Data
0
0
0
0
0
0
0
0
0
0
0
0
0
0
0
0
0
0
0
0
0
0
0
0
0
0
0
0
0
0
0
0
0
0
0
0
0
0
0
0
0
0
0
0
0
0
0
0
0
0
0
0
0
0
0
0
0
0
0
0
0
0
0
0
0
0
0
0
0
0
0
0
0
0
0
0
0
0
0
0
0
0
0
0
0
0
0
0
0
0
0
0
0
0
0
0
0
0
0
0
0
0
0
0
0
0
0
0
0
0
0
0
0
0
0
0
0
0
0
0
0
0
0
0
0
0
0
0
0
0
0
0
0
0
0
0
0
0
0
0
0
0
0
0
0
0
0
0
0
0
0
0
0
0
0
0
0
0
0
0
0
0
0
0
0
0
0
0
0
0
0
0
0
0
0
0
0
0
0
0
0
0
0
0
0
0
0
0
0
0
0
0
0
0
0
0
0
0
0
0
0
0
0
0
0
0
0
0
0
0
0
0
0
0
0
0
0
0
0
0
0
0
0
0
0
0
0
0
0
0
0
0
0
0
0
0
0
0
0
0
0
0
0
0
0
0
0
0
0
0
0
0
0
0
0
0
0
0
0
0
0
0
0
0
0
0
0
0
0
0
0
0
0
0
0
0
0
0
0
0
0
0
0
0
0
0
0
0
0
0
0
0
0
Bx Data
0
0
0
0
0
0
0
0
0
0
0
0
0
0
0
0
0
0
0
0
0
0
0
0
0
0
0
0
0
0
0
0
0
0
0
0
0
0
0
0
0
0
0
0
0
0
0
0
0
0
0
0
0
0
0
0
0
0
0
0
0
0
0
0
0
0
0
0
0
0
0
0
0
0
0
0
0
0
0
0
0
0
0
0
0
0
0
0
0
0
0
0
0
0
0
0
0
0
0
0
0
0
0
0
0
0
0
0
0
0
0
0
0
0
0
0
0
0
0
0
0
0
0
0
0
0
0
0
0
0
0
0
0
0
0
0
0
0
0
0
0
0
0
0
0
0
0
0
0
0
0
0
0
0
0
0
0
0
0
0
0
0
0
0
0
0
0
0
0
0
0
0
0
0
0
0
0
0
0
0
0
0
0
0
0
0
0
0
0
0
0
0
0
0
0
0
0
0
0
0
0
0
0
0
0
0
0
0
0
0
0
0
0
0
0
0
0
0
0
0
0
0
0
0
0
0
0
0
0
0
0
0
0
0
0
0
0
0
0
0
0
0
0
0
0
0
0
0
0
0
0
0
0
0
0
0
0
0
0
0
0
0
0
0
0
0
0
0
0
0
0
0
0
0
0
0
0
0
0
0
0
0
0
0
0
0
0
0
0
0
0
0
0
Hint Data
0
0
0
0
0
0
0
0
0
0
0
0
0
0
0
0
0
0
0
0
0
0
0
0
0
0
0
0
0
0
0
0
0
0
0
0
0
0
0
0
0
0
0
0
0
0
0
0
0
0
0
0
0
0
0
0
0
0
0
0
0
0
0
0
0
0
0
0
0
0
0
0
0
0
0
0
0
0
0
0
0
0
0
0
0
0
0
0
0
0
0
0
0
0
0
0
0
0
0
0
0
0
0
0
0
0
0
0
0
0
0
0
0
0
0
0
0
0
0
0
0
0
0
0
0
0
0
0
0
0
0
0
0
0
0
0
0
0
0
0
0
0
0
0
0
0
0
0
0
0
0
0
0
0
0
0
0
0
0
0
0
0
0
0
0
0
0
0
0
0
0
0
0
0
0
0
0
0
0
0
0
0
0
0
0
0
0
0
0
0
0
0
0
0
0
0
0
0
0
0
0
0
0
0
0
0
0
0
0
0
0
0
0
0
0
0
0
0
0
0
0
0
0
0
0
0
0
0
0
0
0
0
0
0
0
0
0
0
0
0
0
0
0
0
0
0
0
0
0
0
0
0
0
0
0
0
0
0
0
0
0
0
0
0
0
0
0
0
0
0
0
0
0
0
0
0
0
0
0
0
0
0
0
0
0
0
0
0
0
0
0
0
0
Torque Data
15.984523872
16.036968506
16.0282994728
15.439883371
15.2949018465
15.7657927035
16.1438468391
16.126225083
15.6347962914
16.398739097
15.7330689968
16.1462973925
15.1911812396
15.515585088
15.7953671164
16.1138249643
14.9617868658
16.3293376512
15.30660544
14.956408731
15.6024407825
15.213365588
15.43992606
15.502264536
15.0768588234
14.8132530768
14.512108926
14.2138450818
14.9988040127
14.8582839898
14.1623016395
14.660719971
14.206476858
14.0311602028
14.2070946655
14.345396968
14.0542145072
13.0284884163
14.1295601482
13.5730150968
14.3173825476
14.1814618468
13.5162120328
14.026296716
13.6256212761
14.1658915024
13.5098804923
13.7118810444
13.1734806888
13.4815377403
13.1680964445
13.3306531891
13.05199605
12.9952905345
12.256250664
13.0236041886
13.2488844016
13.756310954
13.167301846
12.965272758
12.9765192273
12.534608289
12.6142715736
12.6593910289
12.4626168
12.303666351
12.587082897
12.0531635317
11.6914770076
12.4085360406
11.9159290256
12.6209982246
11.4698122778
11.612350827
12.2427824693
11.5960157404
12.0245842746
11.7407008098
11.8109971
11.782868598
12.0728736696
11.4761660619
11.51265439
11.2952496488
11.6444020531
11.0583062552
11.5218250197
10.727937671
11.6482497012
11.191725169
10.4685980852
10.8328864436
10.8657993534
10.8083481468
10.217833184
10.6604993318
10.48676247
10.7496851913
10.4279600178
10.1702241
9.9149602256
9.6018757299
10.4515778082
10.1127506265
9.776425047
10.2729721419
10.3795627572
9.8822664525
9.7402091708
9.765364971
10.3005685104
9.9997266956
9.9934264452
10.0374964096
9.7935740252
9.7857133512
9.8045793725
9.8216672328
9.5026800717
9.4703463711
10.0936396428
9.5276641885
9.5430191472
9.3308617116
9.2967060888
8.844114921
8.9559391761
8.9698623777
8.5745625145
8.9249162984
8.6260348365
8.544164708
8.3709861028
8.5441658232
8.325010545
8.5638003996
8.2549767096
7.7898202537
8.4535014564
8.1023164444
8.8217893008
8.0531570112
8.0794804917
8.196798882
7.7276677605
8.24522967
8.0983520394
7.637968574
7.8720787475
7.6669878531
7.5462614815
8.2010133738
7.6711932572
7.290630828
6.7719944065
7.2519126589
7.2924680852
6.8617595088
7.2688988625
6.8840266935
6.976750284
7.1429538428
6.7100763735
6.9311805156
6.886559628
6.662806682
6.3710334972
6.6360903774
6.6129180051
6.760425717
6.7350173181
6.2609665392
6.268412164
6.227915086
6.2532715201
6.1269330018
6.3619083731
6.0891463314
6.0940393448
5.569942613
5.89343480886
5.66053785975
5.850246446
5.72920607292
5.86398369359
5.62336032024
5.53428766774
5.41505092428
5.52904484433
5.4409591502
5.52150978576
5.09298871608
5.11958410569
5.4438420918
4.95852349916
5.1547195422
5.11800015301
4.6923442143
4.7389458004
4.677780716
4.64502349863
4.95765145693
4.67221445019
4.38248496745
4.52728534652
4.21987481565
4.28831205018
4.57300909976
4.3526517732
4.26576843856
4.15056356
3.9814175632
4.14607749584
3.87528424149
3.8973907746
3.87731570205
3.78762117404
3.7165815085
3.71341818912
3.6717623145
3.42272553019
3.42712090344
3.37762145002
3.38926397292
3.14353616694
3.31754906296
3.2378370867
3.04441797429
2.98644317487
2.98936104065
2.83613862766
2.7937066024
2.8088341576
2.92062501618
2.6521653546
2.5648492857
2.55131406036
2.35938960202
2.4591011716
2.377604955
2.39715028816
2.45479557453
2.23627479632
2.11461786768
2.02058858428
2.0312620217
1.9713156172
1.83063380982
1.8283478148
1.77031138284
1.7462475896
1.68397947856
1.631069505
1.65982022052
1.49282589645
1.40816787228
1.40637437106
1.30246474148
1.21672521036
1.21752899403
1.07658734683
1.08580201968
1.0137417543
0.9496524105
0.87574298048
0.79844407286
0.7654461633
0.66758851937
0.6328951129
0.546890781726
0.51714014229
0.466980996018
0.389747664296
0.33211299195
0.25902480296
0.202463731802
0.145925346385
0.086890597846
0.0207344137836
-0.0394112930979
-0.093349243014
-0.164694053976
-0.227846255895
-0.26496181407
-0.329505015308
-0.396525532968
-0.4598117084
-0.524758372845
-0.579864098268
-0.64914079776
-0.69924009636
-0.80390683716
-0.85292264697
dMdH Data
-8.79467084639481E-06
5.59046587215597E-06
2.12085769980502E-06
3.56725146198834E-06
-4.64271255060723E-06
-1.21611001964632E-06
3.90952839268514E-06
1.93326592517698E-06
-2.3719262295083E-06
-1.36234626300844E-06
6.10050251256244E-07
2.32588832487302E-06
-2.00778210116734E-06
4.54670599803335E-06
-2.37015503875961E-06
2.56397134083926E-06
-6.87878787878727E-07
-2.23828125000005E-06
1.11394891944986E-06
-3.18208955223875E-06
1.55611729019219E-06
2.50963391136796E-06
1.48811881188121E-06
1.49897330595479E-07
-3.19767441860256E-08
-2.77326732673259E-06
9.54682779456217E-07
-2.56960784313735E-06
4.8764705882352E-06
1.34691848906563E-06
9.07537688442243E-07
-4.08481262327425E-06
3.0169491525423E-06
-5.0924855491329E-06
7.17431192660555E-06
-2.22690763052209E-06
-8.55199222546143E-07
2.06554121151912E-07
-2.37951807228906E-07
2.44019607843127E-06
3.85870646766184E-06
-1.64705882352937E-06
2.60633946830256E-06
-4.97836312323626E-06
3.23876123876117E-06
3.84378109452751E-06
-1.96783919597984E-06
8.1162324649251E-08
-3.75311004784691E-06
1.1463414634146E-06
1.62883435582826E-06
-2.20932445290195E-06
3.78910191725534E-06
3.21100917431233E-07
-1.04097560975618E-06
8.4190106692533E-07
1.66304347826087E-06
-2.69430051813487E-07
1.08678881388621E-06
9.99000999003755E-09
-1.03903903903901E-06
-1.28252427184466E-06
-2.42715559960356E-06
2.78213935230616E-06
1.2852760736196E-06
5.27217741935521E-07
9.19528949950914E-07
-8.15101645692194E-07
-2.93699186991858E-06
3.11022044088171E-06
1.21504339440693E-06
3.20500000000005E-06
-1.97183098591546E-06
1.06003937007864E-06
-1.8230088495576E-06
8.25147347740704E-07
5.15939086294409E-06
-4.140438247012E-06
8.08179162609812E-08
-1.5187376725842E-07
2.77471967380231E-06
-2.5872382851446E-06
5.45229007633585E-06
-2.95356037151701E-06
3.59340659340666E-06
-4.52780395852974E-06
2.62040816326533E-06
7.5025075225675E-07
1.06341463414629E-06
-4.83711747285239E-07
-3.44960474308304E-06
4.28976697061799E-06
1.11278952668677E-06
1.75368007850839E-06
1.54907677356656E-06
-2.59533468559832E-06
-1.3826787512588E-06
3.86476190476192E-06
1.29787234042548E-06
-1.69755600814664E-06
1.04995196926033E-06
-1.05054509415241E-07
-3.37868020304565E-06
3.56726907630518E-06
1.32859848484849E-06
-1.23007968127486E-06
-6.77983539094727E-07
1.65209125475285E-06
2.83148335015142E-06
-3.82642998027621E-06
5.5657492354737E-07
1.19104477611938E-06
2.96724470134879E-06
-1.45757575757576E-06
2.92337917485272E-06
-1.33969849246228E-06
-2.73538156590689E-07
-7.08551992225462E-06
5.88313008130083E-06
-1.22936660268716E-06
1.8415132924336E-06
1.12663316582907E-06
2.93834296724475E-06
-4.0283400809714E-07
1.60642570281128E-06
7.54607177497557E-07
-2.51587301587307E-06
5.17206477732789E-06
-2.53560682046143E-06
4.71248789932227E-06
-5.66534653465345E-06
2.2345679012345E-06
-1.65937202664126E-06
2.40224032586555E-06
3.68552253116016E-06
9.02862985685033E-07
-4.12800000000003E-06
5.06470588235294E-06
-4.36826640548477E-06
5.07684426229506E-06
-9.50980392156823E-07
1.06387035271684E-06
-9.28795811518353E-07
-8.79120879120858E-07
2.9151398264224E-06
1.11462450592882E-06
2.16533066132264E-06
7.33399405351868E-07
6.16766467065842E-07
-2.79681274900397E-06
8.52362204724377E-07
2.50298210735593E-06
-3.46388606307225E-06
-2.13346043851285E-06
6.65826612903234E-06
-3.76852791878166E-06
5.21483622350683E-06
-1.66498486377369E-07
-1.80160320641281E-06
2.24660194174755E-06
4.92610837438057E-08
-2.90653266331663E-06
7.74617737003051E-06
-3.55681818181819E-06
3.87029702970295E-06
-1.27951564076691E-06
3.00401606425703E-06
-6.40404040404013E-07
-4.83870967741944E-07
2.16326530612195E-07
9.63746223565012E-07
1.29647283126762E-07
1.13761467889911E-06
3.62638469284996E-06
1.52324431256219E-07
-3.65298142717498E-06
7.75100000000011E-06
-3.24373119358078E-06
8.16169393647734E-07
-3.95748576078109E-06
-8.7765184539378E-07
6.90176322418131E-06
-4.62706071572175E-06
6.14433388078443E-06
1.63255016638097E-06
1.61274115755628E-06
-7.86190009794329E-06
4.62318983351397E-06
3.68603819834543E-06
-2.11620310798777E-06
-2.00229819017523E-06
-1.89172562288523E-06
1.04125776086521E-05
-3.43134456180417E-06
-1.48245791928614E-06
4.6961594555177E-06
1.39489992888348E-06
-6.97940967643773E-06
3.09075260590998E-06
8.71929647225303E-06
-2.37532286906419E-06
5.11394624074804E-06
-2.85973032803385E-06
-7.37483761366992E-07
1.62261892889195E-06
2.11904531838825E-06
2.97679112008144E-07
-9.83923483923545E-07
1.79299876672048E-06
-3.94425931535902E-06
3.26612903225811E-06
2.93322654920406E-06
2.80024262029928E-06
7.73838511736628E-06
-1.03772650757499E-06
-3.97193410616228E-06
-3.01545123511469E-06
4.23212882953648E-07
8.72749220400369E-06
-2.10963783890758E-06
-2.95990680516451E-06
3.06017017828199E-06
1.58785814466042E-06
2.80112044817928E-06
2.4306046229938E-06
9.64233219010307E-07
-3.96603098927296E-06
3.73706634205721E-06
-1.09530305983239E-06
1.32369077306735E-06
5.61187399030694E-06
-7.12492587467879E-06
-3.19347095535287E-06
4.6613300492611E-06
5.19525801952579E-06
-1.97962713818942E-07
-2.8384499245093E-06
1.5174028088744E-06
-4.52702702702701E-06
7.94500148912938E-06
8.25613894989019E-06
2.79277529617402E-06
-3.98353062274832E-07
-2.74008553654743E-06
-1.55410096201525E-06
-1.49924433249371E-06
4.72364329421207E-06
-3.93950958877972E-06
8.49963958397691E-06
1.2687364049832E-05
-8.88453244461874E-06
-9.20620710235749E-06
7.5964451625934E-06
1.15243479123276E-06
8.06190197227104E-06
4.73498233215547E-06
-1.09825327510917E-05
4.55208833413346E-06
-6.01344469342022E-06
7.45988787937367E-06
6.26742072308622E-06
3.18529707955689E-06
-3.66743251005167E-06
-4.04370468702124E-07
-2.67704671019589E-06
1.15492409497859E-05
-1.00749700119952E-05
1.2721620537505E-05
-3.32539904788573E-06
-1.19940172812928E-06
8.17817097006486E-07
-1.74902140459565E-06
9.91834104396502E-06
-5.54342638382568E-06
6.66295035793921E-06
8.8888206576806E-06
-4.85267441290383E-06
9.38200351719106E-06
-1.07160014810236E-05
2.95229133895997E-06
-4.66979345704549E-06
7.98958138066439E-06
9.77929320420257E-06
-1.12067102756005E-06
-4.23632620866119E-06
-4.27028563308228E-06
9.16725993334774E-06
-8.98979226023129E-06
1.60393295366034E-05
1.29239766081871E-05
-2.2980750148839E-06
-1.60385242560131E-05
-1.60385242560131E-05
dMdT Data
0
0
0
0
0
0
0
0
0
0
0
0
0
0
0
0
0
0
0
0
0
0
0
0
0
0
0
0
0
0
0
0
0
0
0
0
0
0
0
0
0
0
0
0
0
0
0
0
0
0
0
0
0
0
0
0
0
0
0
0
0
0
0
0
0
0
0
0
0
0
0
0
0
0
0
0
0
0
0
0
0
0
0
0
0
0
0
0
0
0
0
0
0
0
0
0
0
0
0
0
0
0
0
0
0
0
0
0
0
0
0
0
0
0
0
0
0
0
0
0
0
0
0
0
0
0
0
0
0
0
0
0
0
0
0
0
0
0
0
0
0
0
0
0
0
0
0
0
0
0
0
0
0
0
0
0
0
0
0
0
0
0
0
0
0
0
0
0
0
0
0
0
0
0
0
0
0
0
0
0
0
0
0
0
0
0
0
0
0
0
0
0
0
0
0
0
0
0
0
0
0
0
0
0
0
0
0
0
0
0
0
0
0
0
0
0
0
0
0
0
0
0
0
0
0
0
0
0
0
0
0
0
0
0
0
0
0
0
0
0
0
0
0
0
0
0
0
0
0
0
0
0
0
0
0
0
0
0
0
0
0
0
0
0
0
0
0
0
0
0
0
0
0
0
0
0
0
0
0
0
0
0
0
0
0
0
0
0
0
0
0
0
0
 
*********************************************** Results ***************************************
 
TotalArea 0
AreaFirstQuad 0
AreaSecondQuad 0
AreaThirdQuad 0
AreaFourthQuad 0
Coercivity 0
PositiveCoercivity 0
NegativeCoercivity 0
Retentivity 1.32273291114384E-02
PositiveRetentivity -2.95623455485889E-02
NegativeRetentivity -3.10768732571198E-03
Magnetization 0.00498212
PositiveMagnetization -0.00283341
NegativeMagnetization -0.00498212
Flatness 1.23494443205655
Squareness 2.65495995910143
SStar 0
SFD1 0
SFD2 0
Slope 0
Intercept 0
SlopeAtHc -1.60385242560131E-05
dH1 -752.008195784877
dH2 47.9835000000002
InitialSlope -8.79467084639481E-06
FieldAtHalfMs 136.891
FieldAtMs 117.001
MomentMean -4.24813098976109E-03
MomentRMS 5.4691603704978E-04
SFD3 0
dH3 -1504.01639156975
UserField1 0
UserField2 0
CenterField 0
ExchangeField 0
ExchangeMoment 0
ExRegionOneIntercept 0
ExRegionOneSlope 0
ExRegionTwoIntercept 0
ExRegionTwoSlope 0
NegativeIntercept 0
NegativeSlope 0
AutoCenterOffset 0
PinningField 0
PinningMoment 0
PinRegionOneIntercept 0
PinRegionOneSlope 0
PinRegionTwoIntercept 0
PinRegionTwoSlope 0
PositiveIntercept 0
PositiveSlope 0
TotalOffset 0
BHMax 0
BCoercivity 0
BRetentivity 0
BNegativeCoercivity 0
BPositiveCoercivity 0
BNegativeRetentivity 0
BPositiveRetentivity 0
MomentYMean -5.9030704778157E-03
MomentYRMS 1.9632635378939E-04
YOffCorrection 0
Mrt 0
Ms1 0
Ms2 0
Ms3 0
Hc2 0
Hex2 0
HsatValue 0
HsatIntercept 0
HsatSlope 0
CenterH 0
Span .00214871
SpanAsPercentOfRange -40.5416981132075
RMSAsPercentOfRange -10.3191705103732
SpanAsPercentOfMean -50.5801258289552
RMSAsPercentOfMean -12.8742743189408
