Version 1.25
******************************************** Units *******************************************
System CGS
TemperatureUnit K
MomentUnit emu
AppliedFieldUnit G
 
******************************************** Setup ********************************************
 
Experiment CustomField
Minor False
Acquisition Continuous
EditedPoint No
MaxField 15000
FieldIncrement 100
Points 293
MinField 0
RampRate 10
AverageTime 0.3
TimeInterval 0
TimeConstant 0.1
TimeConstantIndex 0
Sensitivity -0.0053
SensitivityIndex 5
SensitivityY -400
SensitivityIndexY 0
SaturationField 8000
ExperimentTime 100
Use735Domains True
AutoRangeEnabled False
NumberOfVertices 2
VertexPts
0
292
VertexField
-1770.8438
1180.8688
StartAngle 0
EndAngle 0
AngleIncrement 0
StartTemp 0
FinishTemp 0
TempIncrement 0
TempPoints 0
LengthofSetPointsArray 293
SetPointArray
-1770.84378
-1760.73517
-1750.62657
-1740.51796
-1730.40936
-1720.30075
-1710.19215
-1700.08354
-1689.97494
-1679.86633
-1669.75773
-1659.64912
-1649.54052
-1639.43191
-1629.32331
-1619.2147
-1609.1061
-1598.99749
-1588.88889
-1578.78028
-1568.67168
-1558.56307
-1548.45447
-1538.34586
-1528.23726
-1518.12865
-1508.02005
-1497.91145
-1487.80284
-1477.69424
-1467.58563
-1457.47703
-1447.36842
-1437.25982
-1427.15121
-1417.04261
-1406.934
-1396.8254
-1386.71679
-1376.60819
-1366.49958
-1356.39098
-1346.28237
-1336.17377
-1326.06516
-1315.95656
-1305.84795
-1295.73935
-1285.63074
-1275.52214
-1265.41353
-1255.30493
-1245.19632
-1235.08772
-1224.97911
-1214.87051
-1204.7619
-1194.6533
-1184.5447
-1174.43609
-1164.32749
-1154.21888
-1144.11028
-1134.00167
-1123.89307
-1113.78446
-1103.67586
-1093.56725
-1083.45865
-1073.35004
-1063.24144
-1053.13283
-1043.02423
-1032.91562
-1022.80702
-1012.69841
-1002.58981
-992.4812
-982.3726
-972.26399
-962.15539
-952.04678
-941.93818
-931.82957
-921.72097
-911.61236
-901.50376
-891.39515
-881.28655
-871.17794
-861.06934
-850.96074
-840.85213
-830.74353
-820.63492
-810.52632
-800.41771
-790.30911
-780.2005
-770.0919
-759.98329
-749.87469
-739.76608
-729.65748
-719.54887
-709.44027
-699.33166
-689.22306
-679.11445
-669.00585
-658.89724
-648.78864
-638.68003
-628.57143
-618.46282
-608.35422
-598.24561
-588.13701
-578.0284
-567.9198
-557.81119
-547.70259
-537.59398
-527.48538
-517.37678
-507.26817
-497.15957
-487.05096
-476.94236
-466.83375
-456.72515
-446.61654
-436.50794
-426.39933
-416.29073
-406.18212
-396.07352
-385.96491
-375.85631
-365.7477
-355.6391
-345.53049
-335.42189
-325.31328
-315.20468
-305.09607
-294.98747
-284.87886
-274.77026
-264.66165
-254.55305
-244.44444
-234.33584
-224.22723
-214.11863
-204.01003
-193.90142
-183.79282
-173.68421
-163.57561
-153.467
-143.3584
-133.24979
-123.14119
-113.03258
-102.92398
-92.81537
-82.70677
-72.59816
-62.48956
-52.38095
-42.27235
-32.16374
-22.05514
-11.94653
-1.83793
8.27068
18.37928
28.48789
38.59649
48.7051
58.8137
68.92231
79.03091
89.13952
99.24812
109.35673
119.46533
129.57393
139.68254
149.79114
159.89975
170.00835
180.11696
190.22556
200.33417
210.44277
220.55138
230.65998
240.76859
250.87719
260.9858
271.0944
281.20301
291.31161
301.42022
311.52882
321.63743
331.74603
341.85464
351.96324
362.07185
372.18045
382.28906
392.39766
402.50627
412.61487
422.72348
432.83208
442.94069
453.04929
463.15789
473.2665
483.3751
493.48371
503.59231
513.70092
523.80952
533.91813
544.02673
554.13534
564.24394
574.35255
584.46115
594.56976
604.67836
614.78697
624.89557
635.00418
645.11278
655.22139
665.32999
675.4386
685.5472
695.65581
705.76441
715.87302
725.98162
736.09023
746.19883
756.30744
766.41604
776.52464
786.63325
796.74185
806.85046
816.95906
827.06767
837.17627
847.28488
857.39348
867.50209
877.61069
887.7193
897.8279
907.93651
918.04511
928.15372
938.26232
948.37093
958.47953
968.58814
978.69674
988.80535
998.91395
1009.02256
1019.13116
1029.23977
1039.34837
1049.45698
1059.56558
1069.67419
1079.78279
1089.8914
1100
1110.1086
1120.21721
1130.32581
1140.43442
1150.54302
1160.65163
1170.76023
1180.86884
FieldDomainFile C:\IDEASVSM\Default UserID\Experiments\FORCexp0285B\fdomain.ini
TempDomainFile C:\IDEASVSM\Default UserID\Experiments\FORCexp0285B\tdomain.ini
NumSelectedResults 0
ResultsSelected 
UserName1 
UserValue1 
UserName2 
UserValue2 
LinearBackgroundCorrection Off
MaxLinearFieldCorrection 
MinLinearFieldCorrection 
AutoLinearCorrection Off
FitOneRegion Off
BackgroundMode Off
BackgroundFilename 
AutoCenter Off
OffsetCorrection 
SmoothDeriv Off
DerivOrder 0
DerivPoints 0
MinExFieldOne 
MaxExFieldOne 
MinExFieldTwo 
MaxExFieldTwo 
MinPinFieldOne 
MaxPinFieldOne 
MinPinFieldTwo 
MaxPinFieldTwo 
HCenterStart 
Mass 
Volume 
Density 
MolarWeight 
NumberOfMoles 
Demagnetization 
SampleArea 
Thickness 
MomentScaling 0
XAxis 0
YAxis 0
SimpleSpinValve False
HsatMax 0
HsatMin 0
FieldAutoRange False
 
*************************************************** Experiment Data ********************************************
 
DataPoints 293
MomentX Data
-0.00443334
-0.00451457
-0.00448936
-0.00453832
-0.00450507
-0.00448135
-0.00451966
-0.00449665
-0.00448222
-0.00444941
-0.00448269
-0.0044599
-0.00446033
-0.00447015
-0.00445728
-0.00443554
-0.00446409
-0.00441594
-0.00443514
-0.00440233
-0.00441743
-0.00440942
-0.0043967
-0.00437987
-0.00439287
-0.0044038
-0.00437242
-0.00437567
-0.00434214
-0.00438911
-0.00435822
-0.00436384
-0.00432531
-0.00434711
-0.00432369
-0.0043439
-0.00428481
-0.00436607
-0.00432409
-0.00427372
-0.00426087
-0.00430514
-0.00428886
-0.00430375
-0.00428123
-0.00425582
-0.00425184
-0.00423471
-0.00425139
-0.00424664
-0.00425198
-0.00422674
-0.00420774
-0.0042019
-0.00423033
-0.00419423
-0.0041611
-0.00418203
-0.00420543
-0.00418678
-0.00420537
-0.0041879
-0.00414275
-0.00416466
-0.0041566
-0.00418985
-0.00415114
-0.00413432
-0.00413177
-0.00411699
-0.00409619
-0.00410344
-0.00412669
-0.00406276
-0.00407065
-0.00407957
-0.00411052
-0.00407382
-0.00404688
-0.00404351
-0.00406192
-0.00404695
-0.00399325
-0.0040361
-0.00397877
-0.00396193
-0.00402277
-0.00401922
-0.00399731
-0.00398608
-0.0039405
-0.00399856
-0.00393344
-0.00397804
-0.00396533
-0.00396458
-0.00391446
-0.00396031
-0.0039363
-0.00391963
-0.00388178
-0.00392319
-0.00385947
-0.00388442
-0.00392082
-0.00385092
-0.00384358
-0.00386711
-0.00382987
-0.0038111
-0.00381576
-0.00378044
-0.0037811
-0.00380494
-0.00378179
-0.00375268
-0.00374497
-0.003737
-0.00371281
-0.0037041
-0.00377773
-0.00371117
-0.00370088
-0.00366531
-0.00366984
-0.00366303
-0.00366771
-0.00367971
-0.00363229
-0.0036565
-0.0036177
-0.00359931
-0.00358092
-0.00360766
-0.00355556
-0.00356973
-0.00354913
-0.00351995
-0.0035408
-0.00356615
-0.00345331
-0.00344053
-0.00343495
-0.00347194
-0.00344562
-0.00346615
-0.00348681
-0.00339459
-0.00339842
-0.00338156
-0.00335638
-0.00335197
-0.00339326
-0.00334761
-0.00333771
-0.00329834
-0.00327934
-0.00329504
-0.00329522
-0.00328004
-0.00328859
-0.00319543
-0.00326637
-0.00326364
-0.00322929
-0.00318507
-0.00316873
-0.00314762
-0.0031792
-0.00323537
-0.00317985
-0.00315718
-0.00309565
-0.00302378
-0.00305123
-0.00301343
-0.00307136
-0.00302226
-0.00297452
-0.00297083
-0.00295368
-0.00299011
-0.00289728
-0.0028996
-0.00290566
-0.00293263
-0.00291243
-0.00288585
-0.00287017
-0.00286622
-0.00280468
-0.00279982
-0.00278092
-0.00272443
-0.0027463
-0.00271707
-0.00274935
-0.00268355
-0.00265942
-0.00262351
-0.00259793
-0.00256901
-0.00257289
-0.00252344
-0.002518
-0.00246299
-0.00251542
-0.00244035
-0.00240333
-0.00237263
-0.00237851
-0.00231689
-0.00228085
-0.00237329
-0.0022165
-0.00228494
-0.0022152
-0.00215696
-0.00214527
-0.00214813
-0.00204899
-0.0020759
-0.0019711
-0.00201622
-0.00193369
-0.00187067
-0.00179521
-0.00183109
-0.00182411
-0.00177553
-0.0017457
-0.00179182
-0.00165929
-0.00160422
-0.00140399
-0.00143417
-0.00143807
-0.00141583
-0.00123647
-0.00126054
-0.00116337
-0.00112588
-0.000944142
-0.000909587
-0.000779075
-0.000843268
-0.000786101
-0.000677898
-0.000518975
-0.000608099
-0.000396038
-0.000261262
-0.0000319461
0.0000083454
0.0000744245
0.000149903
0.00041683
0.000488873
0.00060963
0.000649722
0.000752679
0.000928945
0.000991085
0.00108343
0.00113689
0.0012225
0.00138547
0.00153777
0.00163992
0.00171333
0.001861
0.00202981
0.00202613
0.00207066
0.00215374
0.00230214
0.00237544
0.00246979
0.0025999
0.00260163
0.00267622
0.00270803
0.00280315
0.00290356
0.00291508
0.00289175
0.00303697
0.00319319
0.00310566
0.00317213
0.00324972
0.00334963
0.00343921
MomentY Data
-0.00551542
-0.00589689
-0.0061353
-0.00583331
-0.00581741
-0.00588099
-0.00562668
-0.00565847
-0.00588099
-0.00607173
-0.00597636
-0.00583331
-0.00616709
-0.00567436
-0.00603994
-0.00607173
-0.00575384
-0.00562668
-0.00603994
-0.00583331
-0.00603994
-0.0058651
-0.00575384
-0.00596046
-0.00578562
-0.00607173
-0.00578562
-0.00567436
-0.00562668
-0.00603994
-0.00607173
-0.00588099
-0.00591278
-0.00565847
-0.00530879
-0.00594457
-0.00588099
-0.00572205
-0.00594457
-0.00602404
-0.00588099
-0.00589689
-0.00594457
-0.00603994
-0.0058651
-0.00576973
-0.00632604
-0.00600815
-0.0058492
-0.0058651
-0.00619888
-0.00597636
-0.00589689
-0.00567436
-0.00589689
-0.00607173
-0.00578562
-0.00597636
-0.00583331
-0.00608762
-0.00588099
-0.00567436
-0.00594457
-0.00589689
-0.00594457
-0.00592868
-0.0061353
-0.00562668
-0.00597636
-0.00581741
-0.00597636
-0.00607173
-0.00567436
-0.00572205
-0.00588099
-0.00616709
-0.00570615
-0.00607173
-0.00594457
-0.0055631
-0.00596046
-0.00623067
-0.00623067
-0.00610352
-0.00578562
-0.00576973
-0.00597636
-0.00603994
-0.0061353
-0.00616709
-0.0061353
-0.00629425
-0.00581741
-0.00576973
-0.00594457
-0.00594457
-0.00581741
-0.00588099
-0.00597636
-0.00554721
-0.00588099
-0.00603994
-0.00627836
-0.00648499
-0.00583331
-0.00567436
-0.00607173
-0.00619888
-0.00592868
-0.00638962
-0.0061353
-0.00600815
-0.00576973
-0.00597636
-0.00600815
-0.00553131
-0.00603994
-0.00561078
-0.00597636
-0.0058651
-0.00600815
-0.00592868
-0.00619888
-0.00597636
-0.00607173
-0.0058492
-0.0058651
-0.00623067
-0.00623067
-0.00626246
-0.00607173
-0.00578562
-0.00603994
-0.00610352
-0.00561078
-0.00607173
-0.00610352
-0.00588099
-0.00592868
-0.00596046
-0.00626246
-0.00600815
-0.00596046
-0.00616709
-0.00602404
-0.00623067
-0.00567436
-0.0058651
-0.00623067
-0.00616709
-0.00610352
-0.00607173
-0.00597636
-0.00623067
-0.00600815
-0.00603994
-0.00623067
-0.00597636
-0.00592868
-0.00603994
-0.00607173
-0.00632604
-0.00592868
-0.00572205
-0.00619888
-0.00616709
-0.00642141
-0.00594457
-0.00583331
-0.00603994
-0.00602404
-0.00626246
-0.00623067
-0.00610352
-0.0058651
-0.00619888
-0.00632604
-0.00596046
-0.00607173
-0.00597636
-0.00607173
-0.00576973
-0.00591278
-0.00581741
-0.00603994
-0.00616709
-0.00607173
-0.00592868
-0.0061353
-0.00607173
-0.00607173
-0.00616709
-0.00592868
-0.00597636
-0.00588099
-0.00603994
-0.00607173
-0.0061353
-0.00603994
-0.00623067
-0.0058651
-0.00619888
-0.00611941
-0.0058651
-0.00610352
-0.0061353
-0.00642141
-0.00635783
-0.00594457
-0.00611941
-0.00597636
-0.00618299
-0.00602404
-0.00610352
-0.0061353
-0.00623067
-0.00619888
-0.00619888
-0.00610352
-0.00607173
-0.00578562
-0.0061512
-0.00626246
-0.00626246
-0.00623067
-0.00610352
-0.0061353
-0.00607173
-0.00608762
-0.00616709
-0.00619888
-0.00616709
-0.00596046
-0.00619888
-0.00623067
-0.00619888
-0.00608762
-0.00664393
-0.00616709
-0.00632604
-0.0061353
-0.00626246
-0.00629425
-0.00638962
-0.00618299
-0.00651677
-0.00626246
-0.0064532
-0.00629425
-0.00632604
-0.00635783
-0.00610352
-0.00635783
-0.00664393
-0.00638962
-0.00642141
-0.00635783
-0.00629425
-0.00664393
-0.00638962
-0.00648499
-0.00642141
-0.00648499
-0.0067393
-0.00670751
-0.00648499
-0.00635783
-0.00635783
-0.00651677
-0.00654856
-0.00642141
-0.00661214
-0.00678698
-0.00648499
-0.0064532
-0.00658035
-0.00648499
-0.00648499
-0.00667572
-0.0067393
-0.0064532
-0.00642141
-0.00632604
-0.00688235
-0.00635783
-0.00705719
-0.00715256
-0.00680288
-0.00670751
-0.0067234
-0.00654856
-0.00667572
-0.00680288
Field Data
-1769.62
-1762.16
-1752.53
-1742.56
-1732.44
-1721.97
-1712.09
-1702.16
-1691.79
-1681.87
-1671.67
-1661.7
-1651.31
-1641.08
-1631.36
-1621.14
-1611.1
-1600.82
-1590.96
-1581.09
-1570.62
-1560.63
-1550.71
-1540.45
-1530.32
-1520.2
-1510.46
-1500.08
-1490.02
-1479.92
-1469.98
-1459.97
-1449.59
-1439.76
-1429.65
-1419.43
-1409.44
-1399.46
-1389.37
-1378.93
-1369.16
-1359.2
-1348.81
-1338.95
-1328.86
-1318.67
-1308.6
-1298.31
-1288.46
-1278.53
-1268.19
-1258.16
-1248.39
-1238.18
-1227.75
-1217.97
-1208.01
-1197.61
-1187.65
-1177.59
-1167.45
-1157.6
-1147.14
-1137.22
-1127.28
-1117.16
-1106.93
-1097.04
-1087.06
-1076.87
-1066.53
-1056.64
-1046.61
-1036.57
-1026.41
-1016.29
-1006.45
-996.106
-986.206
-976.133
-966.068
-955.632
-945.573
-935.755
-925.566
-915.635
-905.363
-895.387
-885.562
-875.143
-865.146
-855.163
-845.277
-834.707
-824.875
-814.974
-804.49
-794.71
-784.143
-774.534
-764.586
-754.153
-744.321
-734.284
-723.986
-713.963
-704.016
-694.099
-683.664
-673.664
-663.923
-653.46
-643.506
-633.294
-623.136
-613.34
-603.138
-593.101
-583.198
-573.065
-562.633
-552.871
-542.838
-532.423
-522.547
-512.596
-502.257
-492.331
-482.306
-472.313
-461.828
-451.934
-441.902
-431.963
-421.918
-411.732
-401.543
-391.899
-381.408
-371.307
-361.441
-351.355
-341.036
-330.96
-321.018
-310.946
-301.025
-290.592
-280.729
-270.845
-260.439
-250.41
-240.515
-230.353
-220.255
-210.256
-200.294
-189.725
-179.807
-170.235
-159.714
-149.701
-139.352
-129.648
-119.666
-109.255
-99.4134
-89.4382
-79.1473
-69.0421
-59.2253
-49.1545
-38.61
-28.9065
-18.6751
-8.92799
1.22857
11.9911
21.7934
31.4478
41.8265
51.7659
61.6898
71.7956
82.1863
92.158
102.028
112.585
122.226
132.495
142.688
152.408
162.75
172.738
182.608
192.687
203.126
213.008
222.957
233.307
243.279
253.131
263.563
273.518
283.606
293.637
303.79
313.93
323.861
333.776
343.927
354.34
364.105
373.957
384.349
394.403
404.498
414.215
424.703
434.644
444.559
454.972
464.804
475.184
485.073
494.924
505.33
515.267
525.166
535.468
545.586
555.735
565.653
575.5
585.852
595.921
605.867
615.926
626.171
636.199
646.006
656.518
666.315
676.717
686.466
696.655
706.72
716.972
726.597
737.048
747.027
757.067
766.913
777.496
787.237
797.098
807.487
817.642
827.35
837.998
847.578
857.918
867.918
877.885
887.913
898.297
908.182
918.048
928.484
938.525
948.281
958.538
968.619
978.9
988.78
998.741
1009.02
1018.99
1029.06
1039.06
1049.35
1059.3
1069.12
1079.63
1089.48
1099.48
1109.71
1119.85
1129.86
1139.73
1150.17
1160.23
1170.18
Time Data
0
0.3
0.6
0.9
1.2
1.5
1.8
2.1
2.4
2.7
3
3.3
3.6
3.9
4.2
4.5
4.8
5.1
5.4
5.7
6
6.3
6.6
6.9
7.2
7.5
7.8
8.1
8.4
8.7
9
9.3
9.6
9.9
10.2
10.5
10.8
11.1
11.4
11.7
12
12.3
12.6
12.9
13.2
13.5
13.8
14.1
14.4
14.7
15
15.3
15.6
15.9
16.2
16.5
16.8
17.1
17.4
17.7
18
18.3
18.6
18.9
19.2
19.5
19.8
20.1
20.4
20.7
21
21.3
21.6
21.9
22.2
22.5
22.8
23.1
23.4
23.7
24
24.3
24.6
24.9
25.2
25.5
25.8
26.1
26.4
26.7
27
27.3
27.6
27.9
28.2
28.5
28.8
29.1
29.4
29.7
30.0000000000001
30.3000000000001
30.6000000000001
30.9000000000001
31.2000000000001
31.5000000000001
31.8000000000001
32.1000000000001
32.4
32.7
33
33.3
33.6
33.9
34.2
34.5
34.8
35.1
35.4
35.7
36
36.3
36.6
36.9
37.2
37.5
37.8
38.1
38.4
38.7
39
39.3
39.6
39.9
40.2
40.5
40.8
41.1
41.4
41.7
42
42.3
42.6
42.8999999999999
43.1999999999999
43.4999999999999
43.7999999999999
44.0999999999999
44.3999999999999
44.6999999999999
44.9999999999999
45.2999999999999
45.5999999999999
45.8999999999999
46.1999999999999
46.4999999999999
46.7999999999999
47.0999999999999
47.3999999999999
47.6999999999999
47.9999999999999
48.2999999999999
48.5999999999999
48.8999999999999
49.1999999999999
49.4999999999999
49.7999999999999
50.0999999999999
50.3999999999999
50.6999999999999
50.9999999999999
51.2999999999999
51.5999999999999
51.8999999999999
52.1999999999999
52.4999999999999
52.7999999999999
53.0999999999999
53.3999999999998
53.6999999999998
53.9999999999998
54.2999999999998
54.5999999999998
54.8999999999998
55.1999999999998
55.4999999999998
55.7999999999998
56.0999999999998
56.3999999999998
56.6999999999998
56.9999999999998
57.2999999999998
57.5999999999998
57.8999999999998
58.1999999999998
58.4999999999998
58.7999999999998
59.0999999999998
59.3999999999998
59.6999999999998
59.9999999999998
60.2999999999998
60.5999999999998
60.8999999999998
61.1999999999998
61.4999999999998
61.7999999999998
62.0999999999998
62.3999999999998
62.6999999999998
62.9999999999998
63.2999999999998
63.5999999999998
63.8999999999998
64.1999999999997
64.4999999999997
64.7999999999997
65.0999999999997
65.3999999999997
65.6999999999997
65.9999999999997
66.2999999999997
66.5999999999997
66.8999999999997
67.1999999999997
67.4999999999997
67.7999999999997
68.0999999999997
68.3999999999997
68.6999999999997
68.9999999999997
69.2999999999997
69.5999999999997
69.8999999999997
70.1999999999997
70.4999999999997
70.7999999999997
71.0999999999997
71.3999999999997
71.6999999999997
71.9999999999997
72.2999999999997
72.5999999999997
72.8999999999997
73.1999999999997
73.4999999999997
73.7999999999997
74.0999999999997
74.3999999999997
74.6999999999996
74.9999999999996
75.2999999999996
75.5999999999996
75.8999999999996
76.1999999999996
76.4999999999996
76.7999999999996
77.0999999999996
77.3999999999996
77.6999999999996
77.9999999999996
78.2999999999996
78.5999999999996
78.8999999999996
79.1999999999996
79.4999999999996
79.7999999999996
80.0999999999996
80.3999999999996
80.6999999999996
80.9999999999996
81.2999999999996
81.5999999999996
81.8999999999996
82.1999999999996
82.4999999999996
82.7999999999996
83.0999999999996
83.3999999999996
83.6999999999996
83.9999999999996
84.2999999999996
84.5999999999996
84.8999999999996
85.1999999999995
85.4999999999995
85.7999999999995
86.0999999999995
86.3999999999995
86.6999999999995
86.9999999999995
87.2999999999995
87.5999999999995
Temperature Data
0
0
0
0
0
0
0
0
0
0
0
0
0
0
0
0
0
0
0
0
0
0
0
0
0
0
0
0
0
0
0
0
0
0
0
0
0
0
0
0
0
0
0
0
0
0
0
0
0
0
0
0
0
0
0
0
0
0
0
0
0
0
0
0
0
0
0
0
0
0
0
0
0
0
0
0
0
0
0
0
0
0
0
0
0
0
0
0
0
0
0
0
0
0
0
0
0
0
0
0
0
0
0
0
0
0
0
0
0
0
0
0
0
0
0
0
0
0
0
0
0
0
0
0
0
0
0
0
0
0
0
0
0
0
0
0
0
0
0
0
0
0
0
0
0
0
0
0
0
0
0
0
0
0
0
0
0
0
0
0
0
0
0
0
0
0
0
0
0
0
0
0
0
0
0
0
0
0
0
0
0
0
0
0
0
0
0
0
0
0
0
0
0
0
0
0
0
0
0
0
0
0
0
0
0
0
0
0
0
0
0
0
0
0
0
0
0
0
0
0
0
0
0
0
0
0
0
0
0
0
0
0
0
0
0
0
0
0
0
0
0
0
0
0
0
0
0
0
0
0
0
0
0
0
0
0
0
0
0
0
0
0
0
0
0
0
0
0
0
0
0
0
0
0
0
0
0
0
0
0
0
0
0
0
0
0
0
0
0
0
0
0
0
Angle Data
0
0
0
0
0
0
0
0
0
0
0
0
0
0
0
0
0
0
0
0
0
0
0
0
0
0
0
0
0
0
0
0
0
0
0
0
0
0
0
0
0
0
0
0
0
0
0
0
0
0
0
0
0
0
0
0
0
0
0
0
0
0
0
0
0
0
0
0
0
0
0
0
0
0
0
0
0
0
0
0
0
0
0
0
0
0
0
0
0
0
0
0
0
0
0
0
0
0
0
0
0
0
0
0
0
0
0
0
0
0
0
0
0
0
0
0
0
0
0
0
0
0
0
0
0
0
0
0
0
0
0
0
0
0
0
0
0
0
0
0
0
0
0
0
0
0
0
0
0
0
0
0
0
0
0
0
0
0
0
0
0
0
0
0
0
0
0
0
0
0
0
0
0
0
0
0
0
0
0
0
0
0
0
0
0
0
0
0
0
0
0
0
0
0
0
0
0
0
0
0
0
0
0
0
0
0
0
0
0
0
0
0
0
0
0
0
0
0
0
0
0
0
0
0
0
0
0
0
0
0
0
0
0
0
0
0
0
0
0
0
0
0
0
0
0
0
0
0
0
0
0
0
0
0
0
0
0
0
0
0
0
0
0
0
0
0
0
0
0
0
0
0
0
0
0
0
0
0
0
0
0
0
0
0
0
0
0
0
0
0
0
0
0
Bx Data
0
0
0
0
0
0
0
0
0
0
0
0
0
0
0
0
0
0
0
0
0
0
0
0
0
0
0
0
0
0
0
0
0
0
0
0
0
0
0
0
0
0
0
0
0
0
0
0
0
0
0
0
0
0
0
0
0
0
0
0
0
0
0
0
0
0
0
0
0
0
0
0
0
0
0
0
0
0
0
0
0
0
0
0
0
0
0
0
0
0
0
0
0
0
0
0
0
0
0
0
0
0
0
0
0
0
0
0
0
0
0
0
0
0
0
0
0
0
0
0
0
0
0
0
0
0
0
0
0
0
0
0
0
0
0
0
0
0
0
0
0
0
0
0
0
0
0
0
0
0
0
0
0
0
0
0
0
0
0
0
0
0
0
0
0
0
0
0
0
0
0
0
0
0
0
0
0
0
0
0
0
0
0
0
0
0
0
0
0
0
0
0
0
0
0
0
0
0
0
0
0
0
0
0
0
0
0
0
0
0
0
0
0
0
0
0
0
0
0
0
0
0
0
0
0
0
0
0
0
0
0
0
0
0
0
0
0
0
0
0
0
0
0
0
0
0
0
0
0
0
0
0
0
0
0
0
0
0
0
0
0
0
0
0
0
0
0
0
0
0
0
0
0
0
0
0
0
0
0
0
0
0
0
0
0
0
0
0
0
0
0
0
0
Hint Data
0
0
0
0
0
0
0
0
0
0
0
0
0
0
0
0
0
0
0
0
0
0
0
0
0
0
0
0
0
0
0
0
0
0
0
0
0
0
0
0
0
0
0
0
0
0
0
0
0
0
0
0
0
0
0
0
0
0
0
0
0
0
0
0
0
0
0
0
0
0
0
0
0
0
0
0
0
0
0
0
0
0
0
0
0
0
0
0
0
0
0
0
0
0
0
0
0
0
0
0
0
0
0
0
0
0
0
0
0
0
0
0
0
0
0
0
0
0
0
0
0
0
0
0
0
0
0
0
0
0
0
0
0
0
0
0
0
0
0
0
0
0
0
0
0
0
0
0
0
0
0
0
0
0
0
0
0
0
0
0
0
0
0
0
0
0
0
0
0
0
0
0
0
0
0
0
0
0
0
0
0
0
0
0
0
0
0
0
0
0
0
0
0
0
0
0
0
0
0
0
0
0
0
0
0
0
0
0
0
0
0
0
0
0
0
0
0
0
0
0
0
0
0
0
0
0
0
0
0
0
0
0
0
0
0
0
0
0
0
0
0
0
0
0
0
0
0
0
0
0
0
0
0
0
0
0
0
0
0
0
0
0
0
0
0
0
0
0
0
0
0
0
0
0
0
0
0
0
0
0
0
0
0
0
0
0
0
0
0
0
0
0
0
Torque Data
9.7601975404
10.3912636824
10.752297309
10.1648926736
10.0783137804
10.1268883503
9.6333825612
9.6316212952
9.9494000721
10.2118605351
9.9905017212
9.693211227
10.1837773879
9.3120787088
9.8533165184
9.8431243722
9.270011624
9.0073018776
9.6093029424
9.2229881079
9.4864505628
9.153251013
8.9225372264
9.181790607
8.8538499984
9.230243946
8.7389475852
8.5119939488
8.3838657336
8.9386280048
8.9253216654
8.5860689703
8.5711067602
8.1468387672
7.5897116235
8.4379009951
8.2889025456
8.007780093
8.2592072209
8.3067294772
8.0520162684
8.015052888
8.0180954617
8.087177663
7.793896786
7.6083698591
8.278255944
7.8004412265
7.536460232
7.498706303
7.8613576272
7.5192170976
7.3616185071
7.0258790648
7.2399066975
7.3951849881
6.9890868162
7.1573484996
6.9279306215
7.1687204358
6.8657617755
6.568639136
6.8192540298
6.7060612458
6.7011948696
6.6232841488
6.791347629
6.1726930272
6.4966619016
6.2645943067
6.3739672308
6.4156327872
5.9388419196
5.9313053685
6.0363069459
6.2675518961
5.7429546675
6.04808668338
5.86257060142
5.4303254923
5.75820967128
5.95422763344
5.89155332391
5.7113993576
5.35497316092
5.28296672855
5.41077521868
5.40808375678
5.4331885386
5.39708564387
5.3079302538
5.38260971275
4.91732287257
4.81603401911
4.90352717875
4.84466999118
4.6800481709
4.6736815629
4.68632085948
4.29650275014
4.49652262014
4.55503887082
4.67311519356
4.76182439716
4.22323477366
4.05128308868
4.27459506768
4.30263640912
4.05322508352
4.30445696768
4.0733667819
3.926085699
3.71285587338
3.78479292984
3.7438945584
3.3925736754
3.64291733172
3.32775922878
3.48540119928
3.3610835315
3.38038345895
3.27779524028
3.36498762144
3.18195152028
3.17276429631
2.9982765232
2.9457875307
3.06755199177
3.00508952502
2.95784126998
2.80409492244
2.61471838908
2.66906156588
2.63649480976
2.36728907604
2.49992553636
2.45082573136
2.30475410001
2.26124598144
2.21316052122
2.26350980486
2.11099354325
2.03273143656
2.0410601064
1.93382527272
1.93740191382
1.708124219
1.7043511392
1.74912975843
1.67032549105
1.58959464528
1.5204219093
1.4374042254
1.43525352651
1.32332507825
1.26993362464
1.24796581698
1.133864901
1.06601816476
1.0282091859
0.96974028522
0.94701451404
0.82617341536
0.7418523384
0.74179517408
0.67378541795
0.638374200894
0.531671640574
0.461690736563
0.417010141474
0.356775576212
0.30782809007
0.2405661687
0.17643140088
0.10953132901
0.0553435386512
-0.0077719829628
-0.071472471906
-0.132323640582
-0.187943374008
-0.253959214845
-0.298675266207
-0.364758215644
-0.417664441396
-0.496400320822
-0.56834668022
-0.61948646844
-0.6674804378
-0.7498931778
-0.80447386635
-0.86636301024
-0.93991385272
-0.96489267
-1.03234447368
-1.07391582192
-1.16381791878
-1.23332622798
-1.3068679824
-1.34664690258
-1.45365892569
-1.4268556629
-1.56912869328
-1.61285005783
-1.6042104218
-1.73099489312
-1.8015510861
-1.9507601439
-1.9959135719
-1.92521438477
-2.04251219216
-2.05543156572
-2.1908806766
-2.1933830842
-2.28245402864
-2.3580964197
-2.45739494001
-2.50743456224
-2.5676690792
-2.59218325456
-2.63904101412
-2.57204944158
-2.7986237664
-2.91081645784
-2.97582079264
-3.02232978891
-3.02077853248
-3.100351149
-3.12856210191
-3.19701104492
-3.30227934812
-3.38202214368
-3.42726776115
-3.37155208038
-3.56745544
-3.65025048084
-3.69404276848
-3.68828806654
-4.09216922918
-3.86165291239
-4.02462032196
-3.9634406118
-4.11141771428
-4.19395318875
-4.32396447754
-4.24441241334
-4.53994040435
-4.4258057312
-4.6267637104
-4.57338316725
-4.66259512992
-4.74947067141
-4.62077357584
-4.87590247879
-5.16562899928
-5.03014527994
-5.11849306818
-5.13386507321
-5.1464431585
-5.4968554855
-5.35448878076
-5.49653485422
-5.50904322438
-5.62843955082
-5.9163303805
-5.95568532663
-5.82544706203
-5.77406676506
-5.83679311584
-6.05071667668
-6.145987274
-6.08930109621
-6.33798745132
-6.57399778062
-6.348156711
-6.380795096
-6.57206533935
-6.5434846098
-6.6081399601
-6.8697164232
-7.002537058
-6.77166542
-6.802199613
-6.7632958848
-7.4303915305
-6.9267286284
-7.7592392612
-7.9372673576
-7.618205168
-7.5785472486
-7.662860682
-7.5319572552
-7.7453706156
-7.9605941184
dMdH Data
-1.0888739946381E-05
2.61786085150563E-06
-4.91073219658974E-06
3.28557312252971E-06
2.26552053486147E-06
-3.8775303643724E-06
2.31722054380672E-06
1.39151398264215E-06
3.30745967741936E-06
-3.26274509803929E-06
2.28585757271814E-06
-4.13859480269533E-08
-9.59921798631454E-07
1.32407407407406E-06
2.12720156555778E-06
-2.84362549800796E-06
4.68385214007786E-06
-1.94726166328598E-06
3.3242147922998E-06
-1.44221585482327E-06
8.01801801801833E-07
1.28225806451611E-06
1.64035087719296E-06
-1.2833168805528E-06
-1.08003952569173E-06
3.22176591375771E-06
-3.13102119460477E-07
3.33300198807154E-06
-4.65049504950494E-06
3.10764587525145E-06
-5.6143856143852E-07
3.71194605009632E-06
-2.21770091556468E-06
2.31651829871422E-06
-1.97749510763214E-06
5.91491491491495E-06
-8.14228456913823E-06
4.1605550049553E-06
4.82471264367825E-06
1.31525076765609E-06
-4.44477911646584E-06
1.56689124157839E-06
-1.51014198782963E-06
2.23191278493562E-06
2.49362119725225E-06
3.95233366434927E-07
1.66472303206995E-06
-1.69340101522842E-06
4.78348439073466E-07
-5.16441005802665E-07
2.51645064805586E-06
1.94472876151484E-06
5.71988246816845E-07
-2.72579098753597E-06
3.69120654396727E-06
3.32630522088354E-06
-2.01249999999996E-06
-2.34939759036147E-06
1.85387673956253E-06
-1.83333333333333E-06
1.77360406091371E-06
4.31644359464634E-06
-2.20866935483869E-06
8.10865191146861E-07
-3.28557312252971E-06
3.78396871945258E-06
1.70070778564203E-06
2.55511022044135E-07
1.45044160942098E-06
2.01160541586072E-06
-7.33063700707739E-07
-2.3180458624127E-06
6.36752988047805E-06
-7.76574803149616E-07
-8.81422924901169E-07
-3.14532520325207E-06
3.54795050270693E-06
2.72121212121209E-06
3.3455772858135E-07
-1.82911077993044E-06
1.43445764660793E-06
5.33850283328358E-06
-4.36443267467913E-06
5.62665619786041E-06
1.69570033229287E-06
-5.92289719626176E-06
3.55854049719296E-07
2.23002544529272E-06
1.07783856416156E-06
4.55936781034306E-06
-5.81588700791344E-06
6.58709285858794E-06
-4.2194891201514E-06
1.29271765663141E-06
7.57499242501519E-08
4.78061808470047E-06
-4.68813905930472E-06
2.27216807040784E-06
1.73483192840044E-06
3.80478488138323E-06
-3.969136394134E-06
6.48087876322215E-06
-2.48580253063665E-06
-3.53466692561665E-06
6.97395989224785E-06
7.37910927917943E-07
-2.37269335484523E-06
3.56875898418781E-06
0.000001877
-4.78390309003191E-07
3.37570486476157E-06
-6.63050030138617E-08
-2.33450842146497E-06
2.27899192754479E-06
2.97162106982445E-06
7.55734169770651E-07
7.9406197070837E-07
2.44269413309097E-06
8.59567748939104E-07
-7.05809049079752E-06
6.81827494365903E-06
1.02561546895246E-06
3.41526644263083E-06
-4.5868772782503E-07
6.84353331323516E-07
-4.52654995647544E-07
-1.20894620189405E-06
4.73017456359103E-06
-2.42269588712101E-06
3.70052455889364E-06
1.85870224378413E-06
1.83313397129187E-06
-2.6904115102123E-06
5.18666002986558E-06
-1.39112507363047E-06
2.02178820296397E-06
3.02571547075904E-06
-1.98741778667432E-06
-2.5096525096525E-06
1.14372592742753E-05
1.26710291493159E-06
5.40750072681443E-07
-3.67109964271538E-06
2.64735465701068E-06
-2.03832406671962E-06
-2.08245136578973E-06
8.83926004025689E-06
-3.8831998377778E-07
1.70578713071632E-06
2.41975783201999E-06
4.39724798085534E-07
-4.17281455280442E-06
4.49222593977564E-06
9.80392156862762E-07
3.93739373937393E-06
1.90724754065448E-06
-1.48547639322547E-06
-1.81488203267022E-08
1.5858754701212E-06
-8.12660393498712E-07
9.30390492359933E-06
-6.8547685766741E-06
2.81327287716433E-07
3.44119414946903E-06
4.24743060224764E-06
1.6602991383515E-06
2.11624829577351E-06
-3.06873062608715E-06
-5.55852432411035E-06
5.65561078966668E-06
2.2510624776582E-06
5.83526957181467E-06
7.40660586386359E-06
-2.68291729382099E-06
3.8780725774101E-06
-5.70370282851673E-06
4.56212433321903E-06
4.87028554522919E-06
3.82209148160445E-07
1.65242275044077E-06
-3.66521117974924E-06
9.35418535051743E-06
-2.29571137366671E-07
-5.83213835449007E-07
-2.70465417130478E-06
2.04660587639308E-06
2.5177607274794E-06
1.62638730422157E-06
3.84652838640565E-07
6.03747669969589E-06
4.99999999999975E-07
1.82749951653452E-06
5.65578694433322E-06
-2.21580547112464E-06
2.9000892945729E-06
-3.09225021553789E-06
6.65857113944545E-06
2.42536938385766E-06
3.46956521739132E-06
2.56518251103087E-06
2.93544457978075E-06
-3.71932515337418E-07
4.96735308890005E-06
5.39254559873137E-07
5.48399960123615E-06
-5.16399093863882E-06
7.40335305719922E-06
3.72772127681E-06
3.0963187090267E-06
-5.79253275539333E-07
5.91760299625471E-06
3.6907322068612E-06
-9.38286642306134E-06
1.50875673595073E-05
-6.80724089914459E-06
6.90837048043588E-06
5.99361942986522E-06
1.11460717009916E-06
-2.87697414746999E-07
9.99899142713056E-06
-2.58426966292134E-06
1.06590724165989E-05
-4.34682080924854E-06
8.34563656588131E-06
6.39732006902853E-06
7.25158562367865E-06
-3.61074771057661E-06
7.05121729467619E-07
4.71558920597947E-06
2.94821110891479E-06
-4.54429007784018E-06
1.33625730994152E-05
5.59256626383671E-06
1.93421561051005E-05
-2.99731850233388E-06
-3.92117434144387E-07
2.21095536335618E-06
1.75070766227428E-05
-2.40027921818911E-06
9.90822881615173E-06
3.56640030441399E-06
1.85503725630294E-05
3.32195731590081E-06
1.33872192019694E-05
-6.30022573363434E-06
5.679781420765E-06
1.05543308622708E-05
1.65114805194805E-05
-8.52779638312121E-06
2.12507265257039E-05
1.34239043824702E-05
2.32902600040626E-05
3.8071907776623E-06
6.78360537932451E-06
7.6542439914816E-06
2.56932332274521E-05
7.0943377646479E-06
1.24389163576432E-05
3.76521412471825E-06
1.0747077244259E-05
1.70470019342359E-05
0.000006214
9.265074746664E-06
5.33107299561227E-06
8.24441448382126E-06
1.64865958523015E-05
1.54368538414758E-05
9.7882330394787E-06
7.31102479832691E-06
1.51363263632637E-05
1.64580286633517E-05
-3.65043150481085E-07
4.33129073047372E-06
8.40890688259107E-06
1.48981026001405E-05
7.13104387586342E-06
9.46339017051151E-06
1.29205561072493E-05
1.73000000000013E-07
7.24878522837707E-06
3.19698492462312E-06
9.68635437881878E-06
9.55375832540418E-06
1.16954314720814E-06
-2.33300000000002E-06
1.41955034213099E-05
1.54063116370811E-05
-8.74425574425573E-06
6.73454913880437E-06
7.43199233716473E-06
9.93141153081516E-06
9.00301507537681E-06
9.00301507537681E-06
dMdT Data
0
0
0
0
0
0
0
0
0
0
0
0
0
0
0
0
0
0
0
0
0
0
0
0
0
0
0
0
0
0
0
0
0
0
0
0
0
0
0
0
0
0
0
0
0
0
0
0
0
0
0
0
0
0
0
0
0
0
0
0
0
0
0
0
0
0
0
0
0
0
0
0
0
0
0
0
0
0
0
0
0
0
0
0
0
0
0
0
0
0
0
0
0
0
0
0
0
0
0
0
0
0
0
0
0
0
0
0
0
0
0
0
0
0
0
0
0
0
0
0
0
0
0
0
0
0
0
0
0
0
0
0
0
0
0
0
0
0
0
0
0
0
0
0
0
0
0
0
0
0
0
0
0
0
0
0
0
0
0
0
0
0
0
0
0
0
0
0
0
0
0
0
0
0
0
0
0
0
0
0
0
0
0
0
0
0
0
0
0
0
0
0
0
0
0
0
0
0
0
0
0
0
0
0
0
0
0
0
0
0
0
0
0
0
0
0
0
0
0
0
0
0
0
0
0
0
0
0
0
0
0
0
0
0
0
0
0
0
0
0
0
0
0
0
0
0
0
0
0
0
0
0
0
0
0
0
0
0
0
0
0
0
0
0
0
0
0
0
0
0
0
0
0
0
0
0
0
0
0
0
0
0
0
0
0
0
0
0
0
0
0
0
0
 
*********************************************** Results ***************************************
 
TotalArea 0
AreaFirstQuad 0
AreaSecondQuad 0
AreaThirdQuad 0
AreaFourthQuad 0
Coercivity 0
PositiveCoercivity 0
NegativeCoercivity 0
Retentivity 1.03189596910493E-02
PositiveRetentivity -2.37022719839147E-02
NegativeRetentivity -3.06435260181597E-03
Magnetization 0.003988765
PositiveMagnetization 0.00343921
NegativeMagnetization -0.00453832
Flatness 1.29696332707589
Squareness 2.58700617636019
SStar 0
SFD1 0
SFD2 0
Slope 0
Intercept 0
SlopeAtHc 9.00301507537681E-06
dH1 -473.836263050759
dH2 265.8355
InitialSlope -1.0888739946381E-05
FieldAtHalfMs 938.939565585427
FieldAtMs 1170.18
MomentMean -2.63760806894198E-03
MomentRMS 2.08154501440917E-03
SFD3 0
dH3 -947.672526101518
UserField1 0
UserField2 0
CenterField 0
ExchangeField 0
ExchangeMoment 0
ExRegionOneIntercept 0
ExRegionOneSlope 0
ExRegionTwoIntercept 0
ExRegionTwoSlope 0
NegativeIntercept 0
NegativeSlope 0
AutoCenterOffset 0
PinningField 0
PinningMoment 0
PinRegionOneIntercept 0
PinRegionOneSlope 0
PinRegionTwoIntercept 0
PinRegionTwoSlope 0
PositiveIntercept 0
PositiveSlope 0
TotalOffset 0
BHMax 0
BCoercivity 0
BRetentivity 0
BNegativeCoercivity 0
BPositiveCoercivity 0
BNegativeRetentivity 0
BPositiveRetentivity 0
MomentYMean -6.08924880546075E-03
MomentYRMS 2.79529410737768E-04
YOffCorrection 0
Mrt 0
Ms1 0
Ms2 0
Ms3 0
Hc2 0
Hex2 0
HsatValue 0
HsatIntercept 0
HsatSlope 0
CenterH 0
Span .00797753
SpanAsPercentOfRange -150.519433962264
RMSAsPercentOfRange -39.2744342341352
SpanAsPercentOfMean -302.45319969771
RMSAsPercentOfMean -78.9179044043543
