Version 1.25
******************************************** Units *******************************************
System CGS
TemperatureUnit K
MomentUnit emu
AppliedFieldUnit G
 
******************************************** Setup ********************************************
 
Experiment CustomField
Minor False
Acquisition Continuous
EditedPoint No
MaxField 15000
FieldIncrement 100
Points 235
MinField 0
RampRate 10
AverageTime 0.3
TimeInterval 0
TimeConstant 0.1
TimeConstantIndex 0
Sensitivity -0.0053
SensitivityIndex 5
SensitivityY -400
SensitivityIndexY 0
SaturationField 8000
ExperimentTime 100
Use735Domains True
AutoRangeEnabled False
NumberOfVertices 2
VertexPts
0
234
VertexField
-82.7068
2282.7068
StartAngle 0
EndAngle 0
AngleIncrement 0
StartTemp 0
FinishTemp 0
TempIncrement 0
TempPoints 0
LengthofSetPointsArray 235
SetPointArray
-82.70677
-72.59816
-62.48956
-52.38095
-42.27235
-32.16374
-22.05514
-11.94653
-1.83793
8.27068
18.37928
28.48789
38.59649
48.7051
58.8137
68.92231
79.03091
89.13952
99.24812
109.35673
119.46533
129.57393
139.68254
149.79114
159.89975
170.00835
180.11696
190.22556
200.33417
210.44277
220.55138
230.65998
240.76859
250.87719
260.9858
271.0944
281.20301
291.31161
301.42022
311.52882
321.63743
331.74603
341.85464
351.96324
362.07185
372.18045
382.28906
392.39766
402.50627
412.61487
422.72348
432.83208
442.94069
453.04929
463.15789
473.2665
483.3751
493.48371
503.59231
513.70092
523.80952
533.91813
544.02673
554.13534
564.24394
574.35255
584.46115
594.56976
604.67836
614.78697
624.89557
635.00418
645.11278
655.22139
665.32999
675.4386
685.5472
695.65581
705.76441
715.87302
725.98162
736.09023
746.19883
756.30744
766.41604
776.52464
786.63325
796.74185
806.85046
816.95906
827.06767
837.17627
847.28488
857.39348
867.50209
877.61069
887.7193
897.8279
907.93651
918.04511
928.15372
938.26232
948.37093
958.47953
968.58814
978.69674
988.80535
998.91395
1009.02256
1019.13116
1029.23977
1039.34837
1049.45698
1059.56558
1069.67419
1079.78279
1089.8914
1100
1110.1086
1120.21721
1130.32581
1140.43442
1150.54302
1160.65163
1170.76023
1180.86884
1190.97744
1201.08605
1211.19465
1221.30326
1231.41186
1241.52047
1251.62907
1261.73768
1271.84628
1281.95489
1292.06349
1302.1721
1312.2807
1322.38931
1332.49791
1342.60652
1352.71512
1362.82373
1372.93233
1383.04094
1393.14954
1403.25815
1413.36675
1423.47536
1433.58396
1443.69256
1453.80117
1463.90977
1474.01838
1484.12698
1494.23559
1504.34419
1514.4528
1524.5614
1534.67001
1544.77861
1554.88722
1564.99582
1575.10443
1585.21303
1595.32164
1605.43024
1615.53885
1625.64745
1635.75606
1645.86466
1655.97327
1666.08187
1676.19048
1686.29908
1696.40769
1706.51629
1716.6249
1726.7335
1736.84211
1746.95071
1757.05931
1767.16792
1777.27652
1787.38513
1797.49373
1807.60234
1817.71094
1827.81955
1837.92815
1848.03676
1858.14536
1868.25397
1878.36257
1888.47118
1898.57978
1908.68839
1918.79699
1928.9056
1939.0142
1949.12281
1959.23141
1969.34002
1979.44862
1989.55723
1999.66583
2009.77444
2019.88304
2029.99165
2040.10025
2050.20886
2060.31746
2070.42607
2080.53467
2090.64327
2100.75188
2110.86048
2120.96909
2131.07769
2141.1863
2151.2949
2161.40351
2171.51211
2181.62072
2191.72932
2201.83793
2211.94653
2222.05514
2232.16374
2242.27235
2252.38095
2262.48956
2272.59816
2282.70677
FieldDomainFile C:\IDEASVSM\Default UserID\Experiments\FORCexp0118B\fdomain.ini
TempDomainFile C:\IDEASVSM\Default UserID\Experiments\FORCexp0118B\tdomain.ini
NumSelectedResults 0
ResultsSelected 
UserName1 
UserValue1 
UserName2 
UserValue2 
LinearBackgroundCorrection Off
MaxLinearFieldCorrection 
MinLinearFieldCorrection 
AutoLinearCorrection Off
FitOneRegion Off
BackgroundMode Off
BackgroundFilename 
AutoCenter Off
OffsetCorrection 
SmoothDeriv Off
DerivOrder 0
DerivPoints 0
MinExFieldOne 
MaxExFieldOne 
MinExFieldTwo 
MaxExFieldTwo 
MinPinFieldOne 
MaxPinFieldOne 
MinPinFieldTwo 
MaxPinFieldTwo 
HCenterStart 
Mass 
Volume 
Density 
MolarWeight 
NumberOfMoles 
Demagnetization 
SampleArea 
Thickness 
MomentScaling 0
XAxis 0
YAxis 0
SimpleSpinValve False
HsatMax 0
HsatMin 0
FieldAutoRange False
 
*************************************************** Experiment Data ********************************************
 
DataPoints 235
MomentX Data
0.00303006
0.0030426
0.00303587
0.00306378
0.00305381
0.00308998
0.00311117
0.00312823
0.00312462
0.00313242
0.0031568
0.00317028
0.00316579
0.00322898
0.00321023
0.00321078
0.00323939
0.00328174
0.00327376
0.00323166
0.00325021
0.00328231
0.00333517
0.00332444
0.0033216
0.00329905
0.00333462
0.00332729
0.00335675
0.00338515
0.00337125
0.00344643
0.00344196
0.00344406
0.00343968
0.0034689
0.00345624
0.0034898
0.0034746
0.00354574
0.00355553
0.00356816
0.00351831
0.003557
0.00357411
0.00359186
0.0035437
0.00359216
0.00361536
0.0035924
0.0036265
0.00361337
0.00364976
0.00365878
0.00367149
0.00369671
0.00371605
0.00370555
0.00373838
0.00371011
0.00371368
0.00369203
0.00374541
0.00374095
0.00378997
0.00379714
0.00381335
0.00381072
0.00381111
0.00385528
0.00385129
0.00387843
0.00383187
0.00386099
0.00386182
0.00382361
0.00386925
0.0039418
0.00391771
0.00396226
0.00394279
0.00390817
0.00392376
0.00395602
0.00396902
0.00398489
0.00395092
0.00397209
0.00401703
0.00404481
0.00401016
0.00403728
0.00403184
0.00402243
0.00407553
0.00401061
0.00409227
0.0040897
0.00408198
0.00415058
0.00413755
0.00410486
0.00407503
0.00414888
0.00412587
0.00410069
0.00414812
0.0041673
0.00416683
0.00413384
0.00418201
0.00419825
0.00424535
0.00416894
0.00418782
0.00420326
0.00422211
0.00419188
0.00420907
0.00417948
0.00415169
0.00418324
0.00422221
0.00425708
0.00431083
0.00427084
0.0042907
0.00431089
0.00429487
0.00428808
0.00431912
0.00430101
0.00427345
0.00435932
0.00441008
0.00439975
0.00438233
0.00437689
0.00430971
0.00439057
0.00434658
0.00435444
0.0044235
0.00435914
0.00436702
0.0044332
0.00441883
0.00449736
0.00441903
0.00440102
0.00439839
0.00443862
0.00441159
0.00439514
0.00445022
0.00446613
0.00443615
0.00445807
0.00450124
0.00446324
0.00448366
0.00449108
0.00451453
0.00453964
0.00453233
0.00450319
0.00446754
0.0045137
0.00457935
0.0045252
0.0045389
0.00448427
0.00451058
0.00454268
0.00455278
0.00457361
0.00445191
0.00455712
0.0045633
0.00455622
0.00459903
0.00460196
0.00456862
0.00462448
0.00461413
0.00459678
0.00459513
0.00464988
0.004617
0.00457511
0.00459025
0.00459725
0.00459282
0.00460698
0.00460357
0.00464611
0.00455812
0.00459973
0.00463129
0.00465249
0.00462223
0.00463183
0.00467343
0.00466899
0.0046689
0.00465531
0.00470565
0.00466422
0.0047184
0.00469414
0.00472114
0.00469691
0.00467109
0.0046753
0.00474142
0.00472533
0.00471719
0.00476438
0.00476131
0.00472004
0.00471069
0.00473361
0.00471487
0.0046835
0.0047254
0.0047362
0.00469963
0.00473456
0.00473032
0.00476307
0.00470836
0.0047507
0.00477642
0.00475251
0.00479982
MomentY Data
-0.00689824
-0.00713666
-0.00693003
-0.00661214
-0.00705719
-0.00667572
-0.00677109
-0.00638962
-0.00686646
-0.00665983
-0.00670751
-0.00677109
-0.00699361
-0.00715256
-0.0067393
-0.00699361
-0.00667572
-0.00683467
-0.00726382
-0.00699361
-0.0067393
-0.00699361
-0.00683467
-0.00677109
-0.00688235
-0.00694593
-0.00667572
-0.00678698
-0.00678698
-0.00720024
-0.00729561
-0.00699361
-0.00708898
-0.0067234
-0.00683467
-0.00680288
-0.00635783
-0.00694593
-0.00683467
-0.00680288
-0.00715256
-0.00735919
-0.00721614
-0.00710487
-0.00705719
-0.00694593
-0.00691414
-0.0070413
-0.00700951
-0.00705719
-0.00710487
-0.00729561
-0.00708898
-0.00712077
-0.00693003
-0.00700951
-0.00677109
-0.00681877
-0.00683467
-0.00715256
-0.0070413
-0.00694593
-0.00734329
-0.00708898
-0.00694593
-0.00696182
-0.00715256
-0.00700951
-0.00708898
-0.00715256
-0.00693003
-0.00705719
-0.00667572
-0.00683467
-0.00661214
-0.00680288
-0.00667572
-0.0070413
-0.00680288
-0.0067393
-0.00720024
-0.00677109
-0.00683467
-0.0070413
-0.00658035
-0.00693003
-0.00710487
-0.00708898
-0.00715256
-0.00694593
-0.00686646
-0.00680288
-0.00686646
-0.00677109
-0.00680288
-0.00658035
-0.00720024
-0.00693003
-0.00693003
-0.00700951
-0.00710487
-0.00697772
-0.00677109
-0.00715256
-0.00693003
-0.00699361
-0.00686646
-0.00689824
-0.00694593
-0.00720024
-0.00700951
-0.00705719
-0.00677109
-0.00696182
-0.00686646
-0.00720024
-0.00740687
-0.00686646
-0.0070413
-0.00685056
-0.00683467
-0.00680288
-0.0070413
-0.00747045
-0.00705719
-0.00720024
-0.00664393
-0.00708898
-0.00708898
-0.0070254
-0.00693003
-0.00713666
-0.00700951
-0.00716845
-0.00699361
-0.00708898
-0.00710487
-0.00729561
-0.00721614
-0.0067393
-0.00708898
-0.00715256
-0.00677109
-0.00683467
-0.00696182
-0.00710487
-0.00720024
-0.0070254
-0.00688235
-0.0070413
-0.00720024
-0.0073115
-0.00697772
-0.00708898
-0.00678698
-0.0073115
-0.00699361
-0.00712077
-0.00710487
-0.00693003
-0.00693003
-0.0073115
-0.00693003
-0.00651677
-0.00705719
-0.00694593
-0.0067393
-0.0067393
-0.00697772
-0.00710487
-0.00715256
-0.00686646
-0.00680288
-0.00700951
-0.00713666
-0.00700951
-0.00699361
-0.00677109
-0.0070413
-0.00707308
-0.00700951
-0.00662804
-0.00697772
-0.00708898
-0.00724792
-0.00710487
-0.00688235
-0.0070413
-0.00678698
-0.0070413
-0.00694593
-0.00715256
-0.0067393
-0.00685056
-0.00708898
-0.00693003
-0.00694593
-0.00718435
-0.00680288
-0.00708898
-0.00699361
-0.00694593
-0.00708898
-0.00720024
-0.00710487
-0.00715256
-0.00729561
-0.00720024
-0.00697772
-0.00740687
-0.00696182
-0.00747045
-0.00677109
-0.00699361
-0.0070254
-0.00696182
-0.00667572
-0.00735919
-0.00667572
-0.0070254
-0.00708898
-0.00726382
-0.00721614
-0.00715256
-0.00740687
-0.00677109
-0.00689824
-0.00667572
-0.00721614
-0.00710487
-0.00720024
-0.00696182
-0.00715256
-0.00696182
-0.00710487
Field Data
-81.4917
-74.2045
-64.4117
-54.5022
-44.4349
-33.832
-24.0134
-14.1957
-3.67744
6.26696
16.0763
26.3161
36.5479
46.6864
56.6807
66.3952
76.1853
87.3772
97.1516
107.027
117.411
127.28
137.113
147.453
157.487
167.487
177.725
187.682
197.938
207.849
217.872
227.889
238.04
248.189
258.238
268.352
278.34
288.301
298.393
308.789
318.495
328.574
338.947
348.793
358.769
369.056
379.075
389.219
398.963
409.477
419.478
429.575
439.461
449.342
459.951
469.603
479.661
490.007
499.915
509.848
519.987
530.267
540.337
550.341
560.216
570.351
580.699
590.571
600.433
610.857
620.857
630.653
640.96
651.036
660.969
670.936
681.353
691.231
701.037
711.61
721.447
731.77
741.619
751.478
761.862
771.936
781.735
792.017
802.083
812.01
821.994
832.454
842.262
852.203
862.679
872.414
882.426
892.526
902.883
912.877
922.6
932.963
942.987
952.946
963.162
973.279
983.495
993.272
1003.39
1013.54
1023.69
1033.5
1043.58
1053.95
1063.89
1073.65
1084.12
1093.92
1103.91
1114.1
1124.27
1134.42
1144.41
1154.35
1164.37
1174.77
1184.57
1194.52
1204.89
1214.83
1224.78
1234.99
1245.08
1255.02
1264.9
1275.49
1285.25
1295.21
1305.59
1315.6
1325.28
1335.8
1345.73
1355.79
1365.94
1375.82
1385.93
1396.1
1406.1
1416.04
1426.31
1436.27
1446.22
1456.5
1466.53
1476.47
1486.52
1496.87
1506.88
1516.97
1526.81
1536.86
1547.27
1557.13
1566.98
1577.44
1587.28
1597.24
1607.28
1617.61
1627.49
1637.58
1647.75
1657.71
1668.13
1677.78
1687.94
1697.98
1707.95
1718
1728.17
1738.37
1748.25
1758.22
1768.55
1778.5
1788.59
1798.87
1808.61
1818.99
1828.88
1838.8
1849.17
1859.05
1868.99
1879.36
1889.27
1899.24
1909.23
1919.68
1929.5
1939.46
1949.86
1959.7
1970.11
1979.88
1989.64
2000.06
2010.08
2019.93
2030.18
2040.38
2050.24
2060.27
2070.51
2080.49
2090.67
2100.69
2110.5
2120.89
2130.83
2140.76
2150.97
2161.05
2170.96
2181.11
2191.32
2201.33
2211.18
2221.35
2231.6
2241.36
2251.66
2261.49
2271.78
Time Data
0
0.3
0.6
0.9
1.2
1.5
1.8
2.1
2.4
2.7
3
3.3
3.6
3.9
4.2
4.5
4.8
5.1
5.4
5.7
6
6.3
6.6
6.9
7.2
7.5
7.8
8.1
8.4
8.7
9
9.3
9.6
9.9
10.2
10.5
10.8
11.1
11.4
11.7
12
12.3
12.6
12.9
13.2
13.5
13.8
14.1
14.4
14.7
15
15.3
15.6
15.9
16.2
16.5
16.8
17.1
17.4
17.7
18
18.3
18.6
18.9
19.2
19.5
19.8
20.1
20.4
20.7
21
21.3
21.6
21.9
22.2
22.5
22.8
23.1
23.4
23.7
24
24.3
24.6
24.9
25.2
25.5
25.8
26.1
26.4
26.7
27
27.3
27.6
27.9
28.2
28.5
28.8
29.1
29.4
29.7
30.0000000000001
30.3000000000001
30.6000000000001
30.9000000000001
31.2000000000001
31.5000000000001
31.8000000000001
32.1000000000001
32.4
32.7
33
33.3
33.6
33.9
34.2
34.5
34.8
35.1
35.4
35.7
36
36.3
36.6
36.9
37.2
37.5
37.8
38.1
38.4
38.7
39
39.3
39.6
39.9
40.2
40.5
40.8
41.1
41.4
41.7
42
42.3
42.6
42.8999999999999
43.1999999999999
43.4999999999999
43.7999999999999
44.0999999999999
44.3999999999999
44.6999999999999
44.9999999999999
45.2999999999999
45.5999999999999
45.8999999999999
46.1999999999999
46.4999999999999
46.7999999999999
47.0999999999999
47.3999999999999
47.6999999999999
47.9999999999999
48.2999999999999
48.5999999999999
48.8999999999999
49.1999999999999
49.4999999999999
49.7999999999999
50.0999999999999
50.3999999999999
50.6999999999999
50.9999999999999
51.2999999999999
51.5999999999999
51.8999999999999
52.1999999999999
52.4999999999999
52.7999999999999
53.0999999999999
53.3999999999998
53.6999999999998
53.9999999999998
54.2999999999998
54.5999999999998
54.8999999999998
55.1999999999998
55.4999999999998
55.7999999999998
56.0999999999998
56.3999999999998
56.6999999999998
56.9999999999998
57.2999999999998
57.5999999999998
57.8999999999998
58.1999999999998
58.4999999999998
58.7999999999998
59.0999999999998
59.3999999999998
59.6999999999998
59.9999999999998
60.2999999999998
60.5999999999998
60.8999999999998
61.1999999999998
61.4999999999998
61.7999999999998
62.0999999999998
62.3999999999998
62.6999999999998
62.9999999999998
63.2999999999998
63.5999999999998
63.8999999999998
64.1999999999997
64.4999999999997
64.7999999999997
65.0999999999997
65.3999999999997
65.6999999999997
65.9999999999997
66.2999999999997
66.5999999999997
66.8999999999997
67.1999999999997
67.4999999999997
67.7999999999997
68.0999999999997
68.3999999999997
68.6999999999997
68.9999999999997
69.2999999999997
69.5999999999997
69.8999999999997
70.1999999999997
Temperature Data
0
0
0
0
0
0
0
0
0
0
0
0
0
0
0
0
0
0
0
0
0
0
0
0
0
0
0
0
0
0
0
0
0
0
0
0
0
0
0
0
0
0
0
0
0
0
0
0
0
0
0
0
0
0
0
0
0
0
0
0
0
0
0
0
0
0
0
0
0
0
0
0
0
0
0
0
0
0
0
0
0
0
0
0
0
0
0
0
0
0
0
0
0
0
0
0
0
0
0
0
0
0
0
0
0
0
0
0
0
0
0
0
0
0
0
0
0
0
0
0
0
0
0
0
0
0
0
0
0
0
0
0
0
0
0
0
0
0
0
0
0
0
0
0
0
0
0
0
0
0
0
0
0
0
0
0
0
0
0
0
0
0
0
0
0
0
0
0
0
0
0
0
0
0
0
0
0
0
0
0
0
0
0
0
0
0
0
0
0
0
0
0
0
0
0
0
0
0
0
0
0
0
0
0
0
0
0
0
0
0
0
0
0
0
0
0
0
0
0
0
0
0
0
0
0
0
0
0
0
0
0
0
0
0
0
Angle Data
0
0
0
0
0
0
0
0
0
0
0
0
0
0
0
0
0
0
0
0
0
0
0
0
0
0
0
0
0
0
0
0
0
0
0
0
0
0
0
0
0
0
0
0
0
0
0
0
0
0
0
0
0
0
0
0
0
0
0
0
0
0
0
0
0
0
0
0
0
0
0
0
0
0
0
0
0
0
0
0
0
0
0
0
0
0
0
0
0
0
0
0
0
0
0
0
0
0
0
0
0
0
0
0
0
0
0
0
0
0
0
0
0
0
0
0
0
0
0
0
0
0
0
0
0
0
0
0
0
0
0
0
0
0
0
0
0
0
0
0
0
0
0
0
0
0
0
0
0
0
0
0
0
0
0
0
0
0
0
0
0
0
0
0
0
0
0
0
0
0
0
0
0
0
0
0
0
0
0
0
0
0
0
0
0
0
0
0
0
0
0
0
0
0
0
0
0
0
0
0
0
0
0
0
0
0
0
0
0
0
0
0
0
0
0
0
0
0
0
0
0
0
0
0
0
0
0
0
0
0
0
0
0
0
0
Bx Data
0
0
0
0
0
0
0
0
0
0
0
0
0
0
0
0
0
0
0
0
0
0
0
0
0
0
0
0
0
0
0
0
0
0
0
0
0
0
0
0
0
0
0
0
0
0
0
0
0
0
0
0
0
0
0
0
0
0
0
0
0
0
0
0
0
0
0
0
0
0
0
0
0
0
0
0
0
0
0
0
0
0
0
0
0
0
0
0
0
0
0
0
0
0
0
0
0
0
0
0
0
0
0
0
0
0
0
0
0
0
0
0
0
0
0
0
0
0
0
0
0
0
0
0
0
0
0
0
0
0
0
0
0
0
0
0
0
0
0
0
0
0
0
0
0
0
0
0
0
0
0
0
0
0
0
0
0
0
0
0
0
0
0
0
0
0
0
0
0
0
0
0
0
0
0
0
0
0
0
0
0
0
0
0
0
0
0
0
0
0
0
0
0
0
0
0
0
0
0
0
0
0
0
0
0
0
0
0
0
0
0
0
0
0
0
0
0
0
0
0
0
0
0
0
0
0
0
0
0
0
0
0
0
0
0
Hint Data
0
0
0
0
0
0
0
0
0
0
0
0
0
0
0
0
0
0
0
0
0
0
0
0
0
0
0
0
0
0
0
0
0
0
0
0
0
0
0
0
0
0
0
0
0
0
0
0
0
0
0
0
0
0
0
0
0
0
0
0
0
0
0
0
0
0
0
0
0
0
0
0
0
0
0
0
0
0
0
0
0
0
0
0
0
0
0
0
0
0
0
0
0
0
0
0
0
0
0
0
0
0
0
0
0
0
0
0
0
0
0
0
0
0
0
0
0
0
0
0
0
0
0
0
0
0
0
0
0
0
0
0
0
0
0
0
0
0
0
0
0
0
0
0
0
0
0
0
0
0
0
0
0
0
0
0
0
0
0
0
0
0
0
0
0
0
0
0
0
0
0
0
0
0
0
0
0
0
0
0
0
0
0
0
0
0
0
0
0
0
0
0
0
0
0
0
0
0
0
0
0
0
0
0
0
0
0
0
0
0
0
0
0
0
0
0
0
0
0
0
0
0
0
0
0
0
0
0
0
0
0
0
0
0
0
Torque Data
0.562149304608
0.52957228697
0.446375013351
0.360376176708
0.313585531931
0.22585295904
0.162596892606
0.090705128634
0.0252509946624
-0.0417368882168
-0.107831943013
-0.178188681549
-0.255601758919
-0.333927277184
-0.38198824151
-0.464342134672
-0.508591730916
-0.597194327524
-0.705691735112
-0.74850509747
-0.7912679523
-0.8901466808
-0.93712210771
-0.99841753377
-1.08388065445
-1.16335297791
-1.186442337
-1.27379398036
-1.34340124724
-1.49656268376
-1.58950914192
-1.59376678929
-1.6874607992
-1.6686739226
-1.76497151146
-1.82556645376
-1.7696384022
-2.00251856493
-2.03941768531
-2.10065451232
-2.2780545972
-2.41803849506
-2.44588900458
-2.47812892191
-2.53190099911
-2.56343714208
-2.6209776205
-2.7406077447
-2.79653513813
-2.88975698963
-2.98033665786
-3.13401166575
-3.11533023978
-3.19966103334
-3.18747422853
-3.29168692453
-3.24782780049
-3.34124503139
-3.41675405305
-3.64671841088
-3.6613844631
-3.68319746331
-3.96785128873
-3.90135634218
-3.89122112088
-3.97068099882
-4.15348443944
-4.13961333021
-4.25645752834
-4.36919134392
-4.30255763571
-4.45063804507
-4.2788694912
-4.44961621812
-4.37041956366
-4.56429709568
-4.54852184916
-4.8671648403
-4.76907058656
-4.795753273
-5.19459154728
-4.9548805293
-5.06872113073
-5.2913820414
-5.0133186117
-5.34953963808
-5.55412554945
-5.61459267266
-5.73694678248
-5.6401646193
-5.64418892124
-5.66308466752
-5.78335833252
-5.77034321127
-5.86870171552
-5.7407894649
-6.35367898224
-6.18523195578
-6.25700627649
-6.39882046027
-6.554953062
-6.50995458436
-6.38504984583
-6.81600344176
-6.67474155486
-6.80673374719
-6.7531290777
-6.85182864128
-6.9694767027
-7.2977312496
-7.1755652919
-7.293605865
-7.0661741022
-7.337410189
-7.3051581294
-7.730537676
-8.0299359044
-7.5113579232
-7.772961483
-7.632208896
-7.6840144409
-7.7173231296
-8.058134133
-8.6235139575
-8.2171803203
-8.4586259448
-7.8702001601
-8.4679283896
-8.5414411122
-8.534666682
-8.4877621434
-8.8137037334
-8.7274007108
-8.996548119
-8.846217289
-9.0419231002
-9.1315341675
-9.4493470281
-9.4213202226
-8.86622308
-9.3948834144
-9.554389648
-9.1120589457
-9.2663772393
-9.5094284108
-9.7750222434
-9.9790286232
-9.80816094
-9.677272335
-9.970762452
-10.2697743144
-10.501288105
-10.0913182184
-10.32509937
-9.9533097794
-10.795210405
-10.3961411372
-10.6588669899
-10.7061865056
-10.5126476091
-10.5808391043
-11.23675189
-10.7226275181
-10.1474580701
-11.0584755862
-10.9567878192
-10.697156104
-10.764279532
-11.2151498016
-11.4929087607
-11.6407198744
-11.2443775668
-11.20944552
-11.6197348221
-11.9048766458
-11.7604156878
-11.8047940634
-11.4971753982
-12.026188335
-12.15155144
-12.1136248967
-11.5219858948
-12.19879899
-12.4639864156
-12.818308916
-12.636011295
-12.3097023865
-12.666383331
-12.2749998978
-12.808054287
-12.7032724584
-13.152127328
-12.462111381
-12.735533568
-13.2492327302
-13.0240211808
-13.1227371711
-13.644804894
-12.9882625824
-13.6085731264
-13.494170495
-13.4713533978
-13.8225185428
-14.110310328
-13.9973754357
-14.1612104928
-14.5156374804
-14.4009120144
-14.0257754176
-14.9613589191
-14.1337477276
-15.242556771
-13.8823595616
-14.4087248747
-14.546160954
-14.4839968918
-13.9567275324
-15.4593768411
-14.08910706
-14.900100606
-15.1054112534
-15.5500953032
-15.5217006558
-15.457039788
-16.0800184952
-14.7684921099
-15.1162512768
-14.6954627076
-15.9561844452
-15.7824029745
-16.068055584
-15.6039448752
-16.1051332496
-15.7440863118
-16.1407015686
dMdH Data
1.72082555714131E-06
-6.8723960460746E-07
2.81648922750895E-06
-9.90335045146143E-07
3.41133086231124E-06
2.15814881958731E-06
1.737677867525E-06
-3.43212660649218E-07
7.84361047423684E-07
2.48538637665736E-06
1.31643196156177E-06
-4.38827967708538E-07
6.23267741776396E-06
-1.8760693595349E-06
5.66163981676637E-08
2.92233991481191E-06
3.78398663319008E-06
-8.16418399083307E-07
-4.2631184559613E-06
1.78640215716487E-06
3.25260918026144E-06
5.37577545001526E-06
-1.03771760154739E-06
-2.83037671915492E-07
-2.25500000000001E-06
3.47431138894315E-06
-7.36165511700295E-07
2.87246489859593E-06
2.86550297649077E-06
-1.38681033622666E-06
7.50524109014673E-06
-4.40350704364094E-07
2.06916937629333E-07
-4.35864265101006E-07
2.88906466284358E-06
-1.26752102523026E-06
3.36913964461397E-06
-1.50614347998414E-06
6.84301654482491E-06
1.00865444055223E-06
1.25310050600258E-06
-4.80574568591533E-06
3.92951452366439E-06
1.7151162790698E-06
1.7254787595995E-06
-4.80686695278972E-06
4.77720820189276E-06
2.38095238095239E-06
-2.18375499334224E-06
3.40965903409658E-06
-1.30038625334259E-06
3.68096297794863E-06
9.12863070539399E-07
1.198039400509E-06
2.61292996270206E-06
1.92284748458935E-06
-1.01488497970227E-06
3.31348405329024E-06
-2.84606866002214E-06
3.52105730348167E-07
-2.10603112840467E-06
5.30089374379348E-06
-4.45821671331463E-07
4.96405063291142E-06
7.07449432659095E-07
1.56648627754156E-06
-2.66410048622364E-07
3.95457310890138E-08
4.23733691481199E-06
-3.99000000000016E-07
2.77051857901184E-06
-4.51731832735035E-06
2.89003572846371E-06
8.35598510017382E-08
-3.83365104845996E-06
4.38129979840649E-06
7.34460417088474E-06
-2.45665918825209E-06
4.21356284876573E-06
-1.97926197011281E-06
-3.35367625690207E-06
1.58290181744341E-06
3.27213713358356E-06
1.25192604006163E-06
1.57534246575336E-06
-3.46668027349725E-06
2.05893794981521E-06
4.46453407510437E-06
2.79842852825625E-06
-3.47055288461544E-06
2.59273422562146E-06
-5.54649265905362E-07
-9.46584850618697E-07
5.06872852233681E-06
-6.66872110939902E-06
8.15621254494601E-06
-2.54455445544591E-07
-7.45389591580579E-07
6.86411847108273E-06
-1.3401213617196E-06
-3.15449194248773E-06
-2.97585794094172E-06
7.4154031529269E-06
-2.25234925606886E-06
-2.48888010279733E-06
4.64271730618639E-06
1.96174695714428E-06
-4.64518679580761E-08
-3.25024630541874E-06
4.74581280788175E-06
1.65545361875636E-06
4.67261904761913E-06
-7.36837029893915E-06
1.89939637826958E-06
1.58196721311478E-06
1.80038204393508E-06
-3.08469387755096E-06
1.72072072072066E-06
-2.90382728164867E-06
-2.73254670599799E-06
3.10837438423642E-06
3.90090090090083E-06
3.50804828973851E-06
5.36427145708584E-06
-3.84519230769229E-06
2.02653061224491E-06
2.02914572864327E-06
-1.54484088717455E-06
-6.83098591549352E-07
3.11959798994978E-06
-1.77375122428991E-06
-2.73141724479688E-06
8.63883299798788E-06
5.13765182186233E-06
-9.75448536355082E-07
-1.78483606557375E-06
-5.46184738955887E-07
-6.47206165703283E-06
8.07792207792212E-06
-4.54442148760326E-06
7.471482889734E-07
6.95468277945616E-06
-6.39761431411537E-06
7.76354679802953E-07
6.69838056680169E-06
-1.42136498516315E-06
7.72173058013772E-06
-7.83299999999997E-06
-1.81187122736415E-06
-2.56085686465433E-07
4.03915662650597E-06
-2.71658291457285E-06
-1.60019455252922E-06
5.4915254237289E-06
1.60060362173029E-06
-2.98308457711442E-06
2.11787439613528E-06
4.31268731268725E-06
-3.76610505450943E-06
2.07520325203255E-06
7.38308457711377E-07
2.25264169068206E-06
2.5466531440162E-06
-7.42131979695434E-07
-2.78585086042068E-06
-3.62296747967482E-06
4.63453815261042E-06
6.53884462151401E-06
-5.24201355275901E-06
1.38663967611336E-06
-5.41427155599608E-06
2.58702064896752E-06
3.22289156626507E-06
9.69289827255259E-07
2.1585492227979E-06
-1.19783464566928E-05
1.04790836653387E-05
6.19859578736267E-07
-7.04477611940347E-07
4.20943952802356E-06
2.87254901960869E-07
-3.37449392712553E-06
5.60280842527586E-06
-1.00193610842209E-06
-1.74371859296483E-06
-1.63528245787885E-07
5.32587548638135E-06
-3.37577002053396E-06
-4.03564547206155E-06
1.53083923154694E-06
7.0564516129034E-07
-4.2719382835098E-07
1.43319838056682E-06
-3.43058350100571E-07
4.10221793635489E-06
-8.8789101917255E-06
4.17352056168505E-06
3.15915915915915E-06
2.02870813397127E-06
-3.08146639511202E-06
9.63855421686767E-07
4.00000000000007E-06
-4.51219512195168E-07
-8.64553314115915E-09
-1.39099283520979E-06
5.15778688524585E-06
-3.97600767754319E-06
5.40718562874253E-06
-2.4629441624365E-06
2.63414634146343E-06
-2.37549019607843E-06
-2.6186612576066E-06
4.19740777667006E-07
6.45703124999979E-06
-1.61222444889785E-06
-7.99607072691552E-07
4.70958083832344E-06
-3.12945973496432E-07
-3.97208854667958E-06
-9.40643863179068E-07
2.30815709969782E-06
-1.83545543584726E-06
-3.11210317460307E-06
4.22805247225032E-06
1.06403940886699E-06
-3.58178256611169E-06
3.48951048951056E-06
-4.30456852791879E-07
3.22025565388401E-06
-5.33756097560979E-06
4.33811475409827E-06
2.49708737864083E-06
-2.43234994913534E-06
4.59766763848378E-06
4.59766763848378E-06
dMdT Data
0
0
0
0
0
0
0
0
0
0
0
0
0
0
0
0
0
0
0
0
0
0
0
0
0
0
0
0
0
0
0
0
0
0
0
0
0
0
0
0
0
0
0
0
0
0
0
0
0
0
0
0
0
0
0
0
0
0
0
0
0
0
0
0
0
0
0
0
0
0
0
0
0
0
0
0
0
0
0
0
0
0
0
0
0
0
0
0
0
0
0
0
0
0
0
0
0
0
0
0
0
0
0
0
0
0
0
0
0
0
0
0
0
0
0
0
0
0
0
0
0
0
0
0
0
0
0
0
0
0
0
0
0
0
0
0
0
0
0
0
0
0
0
0
0
0
0
0
0
0
0
0
0
0
0
0
0
0
0
0
0
0
0
0
0
0
0
0
0
0
0
0
0
0
0
0
0
0
0
0
0
0
0
0
0
0
0
0
0
0
0
0
0
0
0
0
0
0
0
0
0
0
0
0
0
0
0
0
0
0
0
0
0
0
0
0
0
0
0
0
0
0
0
0
0
0
0
0
0
0
0
0
0
0
0
 
*********************************************** Results ***************************************
 
TotalArea 0
AreaFirstQuad 0
AreaSecondQuad 0
AreaThirdQuad 0
AreaFourthQuad 0
Coercivity 0
PositiveCoercivity 0
NegativeCoercivity 0
Retentivity 2.13942796823273E-05
PositiveRetentivity 3.17029300005489E-03
NegativeRetentivity 3.12750444069024E-03
Magnetization 0.00479982
PositiveMagnetization 0.00479982
NegativeMagnetization 0.00303006
Flatness -145.184143010606
Squareness 4.45730874956297E-03
SStar 0
SFD1 0
SFD2 0
Slope 0
Intercept 0
SlopeAtHc 4.59766763848378E-06
dH1 6.21628368823986
dH2 54.08745
InitialSlope 1.72082555714131E-06
FieldAtHalfMs 2271.78
FieldAtMs 2271.78
MomentMean 4.1083869787234E-03
MomentRMS 5.05856213389332E-04
SFD3 0
dH3 12.4325673764795
UserField1 0
UserField2 0
CenterField 0
ExchangeField 0
ExchangeMoment 0
ExRegionOneIntercept 0
ExRegionOneSlope 0
ExRegionTwoIntercept 0
ExRegionTwoSlope 0
NegativeIntercept 0
NegativeSlope 0
AutoCenterOffset 0
PinningField 0
PinningMoment 0
PinRegionOneIntercept 0
PinRegionOneSlope 0
PinRegionTwoIntercept 0
PinRegionTwoSlope 0
PositiveIntercept 0
PositiveSlope 0
TotalOffset 0
BHMax 0
BCoercivity 0
BRetentivity 0
BNegativeCoercivity 0
BPositiveCoercivity 0
BNegativeRetentivity 0
BPositiveRetentivity 0
MomentYMean -6.98096425531915E-03
MomentYRMS 1.93622812523933E-04
YOffCorrection 0
Mrt 0
Ms1 0
Ms2 0
Ms3 0
Hc2 0
Hex2 0
HsatValue 0
HsatIntercept 0
HsatSlope 0
CenterH 0
Span .00176976
SpanAsPercentOfRange -33.3916981132075
RMSAsPercentOfRange -9.54445685640249
SpanAsPercentOfMean 43.0767600317416
RMSAsPercentOfMean 12.3127693668846
