Version 1.25
******************************************** Units *******************************************
System CGS
TemperatureUnit K
MomentUnit emu
AppliedFieldUnit G
 
******************************************** Setup ********************************************
 
Experiment CustomField
Minor False
Acquisition Continuous
EditedPoint No
MaxField 15000
FieldIncrement 100
Points 293
MinField 0
RampRate 10
AverageTime 0.3
TimeInterval 0
TimeConstant 0.1
TimeConstantIndex 0
Sensitivity -0.0053
SensitivityIndex 5
SensitivityY -400
SensitivityIndexY 0
SaturationField 8000
ExperimentTime 100
Use735Domains True
AutoRangeEnabled False
NumberOfVertices 2
VertexPts
0
292
VertexField
-426.3993
2525.3133
StartAngle 0
EndAngle 0
AngleIncrement 0
StartTemp 0
FinishTemp 0
TempIncrement 0
TempPoints 0
LengthofSetPointsArray 293
SetPointArray
-426.39933
-416.29073
-406.18212
-396.07352
-385.96491
-375.85631
-365.7477
-355.6391
-345.53049
-335.42189
-325.31328
-315.20468
-305.09607
-294.98747
-284.87886
-274.77026
-264.66165
-254.55305
-244.44444
-234.33584
-224.22723
-214.11863
-204.01003
-193.90142
-183.79282
-173.68421
-163.57561
-153.467
-143.3584
-133.24979
-123.14119
-113.03258
-102.92398
-92.81537
-82.70677
-72.59816
-62.48956
-52.38095
-42.27235
-32.16374
-22.05514
-11.94653
-1.83793
8.27068
18.37928
28.48789
38.59649
48.7051
58.8137
68.92231
79.03091
89.13952
99.24812
109.35673
119.46533
129.57393
139.68254
149.79114
159.89975
170.00835
180.11696
190.22556
200.33417
210.44277
220.55138
230.65998
240.76859
250.87719
260.9858
271.0944
281.20301
291.31161
301.42022
311.52882
321.63743
331.74603
341.85464
351.96324
362.07185
372.18045
382.28906
392.39766
402.50627
412.61487
422.72348
432.83208
442.94069
453.04929
463.15789
473.2665
483.3751
493.48371
503.59231
513.70092
523.80952
533.91813
544.02673
554.13534
564.24394
574.35255
584.46115
594.56976
604.67836
614.78697
624.89557
635.00418
645.11278
655.22139
665.32999
675.4386
685.5472
695.65581
705.76441
715.87302
725.98162
736.09023
746.19883
756.30744
766.41604
776.52464
786.63325
796.74185
806.85046
816.95906
827.06767
837.17627
847.28488
857.39348
867.50209
877.61069
887.7193
897.8279
907.93651
918.04511
928.15372
938.26232
948.37093
958.47953
968.58814
978.69674
988.80535
998.91395
1009.02256
1019.13116
1029.23977
1039.34837
1049.45698
1059.56558
1069.67419
1079.78279
1089.8914
1100
1110.1086
1120.21721
1130.32581
1140.43442
1150.54302
1160.65163
1170.76023
1180.86884
1190.97744
1201.08605
1211.19465
1221.30326
1231.41186
1241.52047
1251.62907
1261.73768
1271.84628
1281.95489
1292.06349
1302.1721
1312.2807
1322.38931
1332.49791
1342.60652
1352.71512
1362.82373
1372.93233
1383.04094
1393.14954
1403.25815
1413.36675
1423.47536
1433.58396
1443.69256
1453.80117
1463.90977
1474.01838
1484.12698
1494.23559
1504.34419
1514.4528
1524.5614
1534.67001
1544.77861
1554.88722
1564.99582
1575.10443
1585.21303
1595.32164
1605.43024
1615.53885
1625.64745
1635.75606
1645.86466
1655.97327
1666.08187
1676.19048
1686.29908
1696.40769
1706.51629
1716.6249
1726.7335
1736.84211
1746.95071
1757.05931
1767.16792
1777.27652
1787.38513
1797.49373
1807.60234
1817.71094
1827.81955
1837.92815
1848.03676
1858.14536
1868.25397
1878.36257
1888.47118
1898.57978
1908.68839
1918.79699
1928.9056
1939.0142
1949.12281
1959.23141
1969.34002
1979.44862
1989.55723
1999.66583
2009.77444
2019.88304
2029.99165
2040.10025
2050.20886
2060.31746
2070.42607
2080.53467
2090.64327
2100.75188
2110.86048
2120.96909
2131.07769
2141.1863
2151.2949
2161.40351
2171.51211
2181.62072
2191.72932
2201.83793
2211.94653
2222.05514
2232.16374
2242.27235
2252.38095
2262.48956
2272.59816
2282.70677
2292.81537
2302.92398
2313.03258
2323.14119
2333.24979
2343.3584
2353.467
2363.57561
2373.68421
2383.79282
2393.90142
2404.01003
2414.11863
2424.22723
2434.33584
2444.44444
2454.55305
2464.66165
2474.77026
2484.87886
2494.98747
2505.09607
2515.20468
2525.31328
FieldDomainFile C:\IDEASVSM\Default UserID\Experiments\FORCexp0152B\fdomain.ini
TempDomainFile C:\IDEASVSM\Default UserID\Experiments\FORCexp0152B\tdomain.ini
NumSelectedResults 0
ResultsSelected 
UserName1 
UserValue1 
UserName2 
UserValue2 
LinearBackgroundCorrection Off
MaxLinearFieldCorrection 
MinLinearFieldCorrection 
AutoLinearCorrection Off
FitOneRegion Off
BackgroundMode Off
BackgroundFilename 
AutoCenter Off
OffsetCorrection 
SmoothDeriv Off
DerivOrder 0
DerivPoints 0
MinExFieldOne 
MaxExFieldOne 
MinExFieldTwo 
MaxExFieldTwo 
MinPinFieldOne 
MaxPinFieldOne 
MinPinFieldTwo 
MaxPinFieldTwo 
HCenterStart 
Mass 
Volume 
Density 
MolarWeight 
NumberOfMoles 
Demagnetization 
SampleArea 
Thickness 
MomentScaling 0
XAxis 0
YAxis 0
SimpleSpinValve False
HsatMax 0
HsatMin 0
FieldAutoRange False
 
*************************************************** Experiment Data ********************************************
 
DataPoints 293
MomentX Data
0.00227793
0.00229478
0.00230507
0.00228883
0.00228932
0.00233777
0.00233966
0.00234913
0.00241135
0.00240547
0.00239621
0.00242302
0.00245195
0.00247515
0.0025003
0.00248195
0.00252157
0.00251006
0.0025509
0.00255414
0.00257625
0.00256762
0.00261628
0.00263937
0.0026405
0.00266916
0.00267858
0.00269743
0.00269671
0.00274997
0.00276605
0.00279828
0.00279096
0.00277144
0.00276852
0.00282712
0.00284252
0.0028495
0.00286091
0.00286607
0.00289735
0.00293794
0.00293774
0.00297977
0.00294391
0.0029376
0.00300991
0.00303292
0.00301267
0.00302389
0.00307131
0.00306669
0.00305768
0.00310564
0.00306379
0.00309974
0.00317514
0.00316982
0.00312149
0.00316055
0.00316318
0.0032023
0.00320699
0.0032469
0.00321775
0.00326006
0.00326511
0.00329276
0.00329207
0.00333723
0.00333004
0.0033106
0.00335376
0.003344
0.00338711
0.00338991
0.0033981
0.00339558
0.00344671
0.00346524
0.0034893
0.00343905
0.00347373
0.00350235
0.00352464
0.0035052
0.00353331
0.00351845
0.00353493
0.00355907
0.00359067
0.00354912
0.00356286
0.0036206
0.00361814
0.00368267
0.00365496
0.00365661
0.00365554
0.00369648
0.00369877
0.00372174
0.00374165
0.00371996
0.00373642
0.00376409
0.0037569
0.00380863
0.00372957
0.00381123
0.0038133
0.00381987
0.00382431
0.003849
0.00387621
0.00388253
0.00385251
0.00392273
0.00391317
0.00392128
0.00395375
0.00398399
0.00393689
0.00392259
0.00398224
0.00395526
0.00396261
0.00394056
0.00398565
0.0039889
0.00401666
0.00398813
0.00407192
0.00406169
0.004053
0.00408095
0.00408273
0.00412552
0.00409331
0.00414348
0.00413998
0.0041628
0.00413563
0.00413426
0.00411651
0.00413895
0.00416237
0.00414233
0.00412661
0.00419626
0.00412937
0.00410198
0.00418722
0.00420331
0.0041458
0.00418198
0.00422437
0.00422225
0.00418436
0.00425249
0.00423233
0.00422524
0.00424002
0.00425422
0.00426547
0.00436759
0.00431217
0.00432794
0.00431919
0.00432554
0.00430029
0.00427904
0.00432868
0.00430744
0.0043449
0.00431904
0.00435534
0.00440308
0.00432423
0.00436745
0.00434938
0.00440839
0.00445153
0.00447589
0.00439414
0.00438441
0.00438725
0.00445449
0.00449776
0.00442157
0.00441834
0.00440732
0.00442823
0.0044374
0.00437757
0.00445649
0.00448583
0.00448913
0.0044991
0.00447008
0.00447068
0.00450396
0.00449568
0.00448608
0.00457527
0.00458094
0.00451802
0.00453271
0.0045175
0.00457139
0.00452351
0.00454378
0.00453058
0.00453437
0.00453596
0.0045175
0.00458531
0.00450057
0.00458643
0.00461028
0.00466344
0.00454616
0.00458855
0.00455095
0.00460883
0.00466888
0.00464702
0.0045534
0.00462193
0.00457009
0.00462673
0.00460956
0.00471846
0.00473653
0.00469312
0.00461945
0.00461943
0.00465021
0.00472919
0.0046843
0.00473207
0.00464325
0.00466789
0.00475634
0.00468945
0.00466336
0.00468849
0.00468392
0.00460846
0.00472966
0.00470249
0.00469369
0.00470527
0.00471104
0.0046908
0.00473188
0.00469167
0.0046838
0.00477483
0.00471658
0.00472507
0.0048046
0.00480191
0.00472834
0.00475675
0.00470692
0.00474054
0.00475422
0.00474908
0.00479738
0.00474576
0.00475933
0.00478632
0.0048177
0.00478334
0.00474272
0.00476307
0.00472423
0.00479132
0.00479726
0.00480514
0.00482092
0.00482735
0.00480294
0.00479657
0.00490891
0.00482931
0.00481964
0.00488949
0.00485772
0.00483273
0.00488247
0.00485117
MomentY Data
-0.00699361
-0.00710487
-0.00700951
-0.00677109
-0.00658035
-0.00658035
-0.00658035
-0.00694593
-0.00705719
-0.0070254
-0.00708898
-0.00680288
-0.00677109
-0.00708898
-0.00694593
-0.00677109
-0.00664393
-0.00678698
-0.00688235
-0.00710487
-0.00691414
-0.00694593
-0.00710487
-0.00715256
-0.0067234
-0.00715256
-0.0070413
-0.00680288
-0.00677109
-0.00713666
-0.00689824
-0.00713666
-0.0067393
-0.0067393
-0.00670751
-0.00654856
-0.00693003
-0.00689824
-0.00700951
-0.00694593
-0.0070413
-0.00667572
-0.00654856
-0.00696182
-0.00699361
-0.00658035
-0.00715256
-0.00715256
-0.00699361
-0.00680288
-0.00696182
-0.00667572
-0.00710487
-0.00693003
-0.00708898
-0.0073115
-0.00688235
-0.0070254
-0.00686646
-0.00654856
-0.00724792
-0.00699361
-0.0067393
-0.00720024
-0.00710487
-0.00705719
-0.00683467
-0.0067234
-0.00689824
-0.00689824
-0.00708898
-0.00693003
-0.00677109
-0.00699361
-0.00683467
-0.00678698
-0.00718435
-0.00693003
-0.00642141
-0.00675519
-0.00677109
-0.00683467
-0.00689824
-0.00693003
-0.00683467
-0.00745455
-0.00724792
-0.00735919
-0.00686646
-0.00694593
-0.00726382
-0.00720024
-0.00689824
-0.00694593
-0.00699361
-0.00661214
-0.00685056
-0.00689824
-0.00710487
-0.00715256
-0.0070413
-0.00691414
-0.00686646
-0.0070413
-0.00715256
-0.00734329
-0.00689824
-0.00745455
-0.00699361
-0.00710487
-0.00683467
-0.00680288
-0.00715256
-0.00667572
-0.00708898
-0.00693003
-0.00720024
-0.00689824
-0.0067393
-0.00699361
-0.00696182
-0.00715256
-0.00721614
-0.0070413
-0.00699361
-0.00694593
-0.00716845
-0.00697772
-0.0070413
-0.00710487
-0.0070413
-0.00708898
-0.00710487
-0.00726382
-0.00694593
-0.00662804
-0.00708898
-0.00689824
-0.00699361
-0.0070413
-0.00715256
-0.00651677
-0.00680288
-0.0070413
-0.00708898
-0.00720024
-0.00720024
-0.00678698
-0.00683467
-0.00696182
-0.00694593
-0.00705719
-0.0070413
-0.00680288
-0.00685056
-0.00680288
-0.00694593
-0.00715256
-0.00734329
-0.00700951
-0.0070413
-0.00708898
-0.00708898
-0.00680288
-0.00726382
-0.00710487
-0.00721614
-0.00669161
-0.00708898
-0.00680288
-0.00713666
-0.00685056
-0.0067393
-0.00721614
-0.00715256
-0.00720024
-0.00696182
-0.00696182
-0.00708898
-0.00708898
-0.00697772
-0.00691414
-0.00667572
-0.00716845
-0.00729561
-0.00721614
-0.00756582
-0.00699361
-0.00696182
-0.00712077
-0.0073115
-0.00721614
-0.0073115
-0.00720024
-0.00720024
-0.00699361
-0.0073115
-0.00708898
-0.00729561
-0.00713666
-0.00705719
-0.00713666
-0.0070413
-0.00710487
-0.00694593
-0.00689824
-0.00699361
-0.00683467
-0.00689824
-0.00756582
-0.00700951
-0.00667572
-0.00705719
-0.00693003
-0.0067393
-0.00710487
-0.00699361
-0.00718435
-0.00677109
-0.00696182
-0.00689824
-0.00747045
-0.00683467
-0.00716845
-0.00705719
-0.00740687
-0.00705719
-0.00710487
-0.00691414
-0.00721614
-0.00688235
-0.00699361
-0.00688235
-0.00724792
-0.0070413
-0.00685056
-0.00710487
-0.00689824
-0.00694593
-0.00716845
-0.00708898
-0.00700951
-0.0070413
-0.00708898
-0.00699361
-0.00667572
-0.00710487
-0.00705719
-0.00729561
-0.00720024
-0.00678698
-0.00724792
-0.00708898
-0.00729561
-0.00715256
-0.00686646
-0.00720024
-0.00715256
-0.00713666
-0.00735919
-0.00735919
-0.00705719
-0.00729561
-0.00716845
-0.00721614
-0.00740687
-0.00720024
-0.00750224
-0.0070254
-0.00716845
-0.00720024
-0.00720024
-0.00720024
-0.00721614
-0.00724792
-0.00724792
-0.00735919
-0.00683467
-0.00710487
-0.00715256
-0.00735919
-0.00715256
-0.00710487
-0.00747045
-0.00705719
-0.0073274
-0.00726382
-0.00720024
-0.00726382
-0.00756582
-0.00726382
-0.00747045
-0.00729561
Field Data
-425.23
-417.944
-408.208
-398.18
-388.1
-377.571
-367.579
-357.706
-347.352
-337.424
-327.07
-317.173
-307.348
-296.792
-286.943
-277.025
-266.64
-256.608
-246.686
-236.678
-226.344
-216.335
-206.435
-196.058
-185.997
-175.662
-165.945
-156.015
-145.706
-135.522
-125.599
-115.653
-105.311
-95.3732
-85.3191
-75.0557
-64.9541
-55.0446
-45.0458
-34.3709
-24.7235
-14.9497
-4.57881
5.53513
15.4544
25.463
35.8118
45.4748
55.6253
66.4484
76.0343
86.0988
96.0362
106.389
116.479
126.389
136.819
146.613
156.478
166.929
176.759
186.823
197.109
207.223
217.247
227.018
237.412
247.423
257.572
267.53
277.556
287.831
297.838
307.73
318.012
328.111
338.003
348.158
358.417
368.233
378.276
388.769
398.496
408.761
418.781
428.739
439.147
448.901
458.945
469.212
479.275
489.221
499.263
509.212
519.418
529.742
539.782
549.847
559.708
569.857
580.216
590.006
599.981
610.392
620.235
630.572
640.509
650.248
660.833
670.622
680.576
690.938
700.969
710.912
720.885
731.199
741.267
751.38
761.288
771.367
781.638
791.622
801.543
811.766
821.795
831.811
841.854
852.214
862.061
872.065
882.476
892.384
902.251
912.596
922.668
932.533
942.697
953.184
962.771
972.786
983.006
993.153
1003.33
1013.29
1023.18
1033.31
1043.48
1053.64
1063.62
1073.94
1083.82
1093.82
1104.14
1114.17
1123.93
1134.18
1144.23
1154.29
1164.38
1174.7
1184.46
1194.49
1204.92
1214.79
1225.16
1235
1245.06
1255.29
1265.2
1275.15
1285.35
1295.5
1305.38
1315.37
1325.93
1335.64
1345.53
1355.87
1366.03
1376.13
1386.11
1396
1406.28
1416.38
1426.28
1436.42
1446.88
1456.57
1466.52
1476.94
1486.84
1496.75
1506.98
1517.11
1527.01
1537.08
1547.47
1557.53
1567.19
1577.63
1587.67
1597.57
1607.64
1617.96
1627.89
1637.84
1648.03
1658.16
1668.26
1678.33
1688.25
1698.4
1708.47
1718.35
1728.8
1738.59
1748.53
1758.77
1769.08
1778.93
1788.93
1799.24
1809.24
1819.13
1829.42
1839.42
1849.71
1859.64
1869.79
1879.8
1889.84
1899.77
1909.73
1920.27
1930.08
1939.98
1950.46
1960.34
1970.4
1980.34
1990.63
2000.72
2010.74
2020.61
2030.71
2041.16
2050.87
2061.04
2071.2
2081.22
2091.06
2101.42
2111.44
2121.25
2131.51
2141.84
2151.77
2161.87
2171.82
2181.9
2192.19
2201.92
2211.99
2222.43
2232.26
2242.1
2252.57
2262.66
2272.45
2282.44
2292.91
2302.84
2312.78
2322.92
2332.88
2343.33
2353.18
2363.16
2373.41
2383.48
2393.61
2403.51
2413.52
2423.96
2433.69
2443.59
2453.79
2464.18
2474.15
2484.23
2494.18
2504.19
2514.6
Time Data
0
0.3
0.6
0.9
1.2
1.5
1.8
2.1
2.4
2.7
3
3.3
3.6
3.9
4.2
4.5
4.8
5.1
5.4
5.7
6
6.3
6.6
6.9
7.2
7.5
7.8
8.1
8.4
8.7
9
9.3
9.6
9.9
10.2
10.5
10.8
11.1
11.4
11.7
12
12.3
12.6
12.9
13.2
13.5
13.8
14.1
14.4
14.7
15
15.3
15.6
15.9
16.2
16.5
16.8
17.1
17.4
17.7
18
18.3
18.6
18.9
19.2
19.5
19.8
20.1
20.4
20.7
21
21.3
21.6
21.9
22.2
22.5
22.8
23.1
23.4
23.7
24
24.3
24.6
24.9
25.2
25.5
25.8
26.1
26.4
26.7
27
27.3
27.6
27.9
28.2
28.5
28.8
29.1
29.4
29.7
30.0000000000001
30.3000000000001
30.6000000000001
30.9000000000001
31.2000000000001
31.5000000000001
31.8000000000001
32.1000000000001
32.4
32.7
33
33.3
33.6
33.9
34.2
34.5
34.8
35.1
35.4
35.7
36
36.3
36.6
36.9
37.2
37.5
37.8
38.1
38.4
38.7
39
39.3
39.6
39.9
40.2
40.5
40.8
41.1
41.4
41.7
42
42.3
42.6
42.8999999999999
43.1999999999999
43.4999999999999
43.7999999999999
44.0999999999999
44.3999999999999
44.6999999999999
44.9999999999999
45.2999999999999
45.5999999999999
45.8999999999999
46.1999999999999
46.4999999999999
46.7999999999999
47.0999999999999
47.3999999999999
47.6999999999999
47.9999999999999
48.2999999999999
48.5999999999999
48.8999999999999
49.1999999999999
49.4999999999999
49.7999999999999
50.0999999999999
50.3999999999999
50.6999999999999
50.9999999999999
51.2999999999999
51.5999999999999
51.8999999999999
52.1999999999999
52.4999999999999
52.7999999999999
53.0999999999999
53.3999999999998
53.6999999999998
53.9999999999998
54.2999999999998
54.5999999999998
54.8999999999998
55.1999999999998
55.4999999999998
55.7999999999998
56.0999999999998
56.3999999999998
56.6999999999998
56.9999999999998
57.2999999999998
57.5999999999998
57.8999999999998
58.1999999999998
58.4999999999998
58.7999999999998
59.0999999999998
59.3999999999998
59.6999999999998
59.9999999999998
60.2999999999998
60.5999999999998
60.8999999999998
61.1999999999998
61.4999999999998
61.7999999999998
62.0999999999998
62.3999999999998
62.6999999999998
62.9999999999998
63.2999999999998
63.5999999999998
63.8999999999998
64.1999999999997
64.4999999999997
64.7999999999997
65.0999999999997
65.3999999999997
65.6999999999997
65.9999999999997
66.2999999999997
66.5999999999997
66.8999999999997
67.1999999999997
67.4999999999997
67.7999999999997
68.0999999999997
68.3999999999997
68.6999999999997
68.9999999999997
69.2999999999997
69.5999999999997
69.8999999999997
70.1999999999997
70.4999999999997
70.7999999999997
71.0999999999997
71.3999999999997
71.6999999999997
71.9999999999997
72.2999999999997
72.5999999999997
72.8999999999997
73.1999999999997
73.4999999999997
73.7999999999997
74.0999999999997
74.3999999999997
74.6999999999996
74.9999999999996
75.2999999999996
75.5999999999996
75.8999999999996
76.1999999999996
76.4999999999996
76.7999999999996
77.0999999999996
77.3999999999996
77.6999999999996
77.9999999999996
78.2999999999996
78.5999999999996
78.8999999999996
79.1999999999996
79.4999999999996
79.7999999999996
80.0999999999996
80.3999999999996
80.6999999999996
80.9999999999996
81.2999999999996
81.5999999999996
81.8999999999996
82.1999999999996
82.4999999999996
82.7999999999996
83.0999999999996
83.3999999999996
83.6999999999996
83.9999999999996
84.2999999999996
84.5999999999996
84.8999999999996
85.1999999999995
85.4999999999995
85.7999999999995
86.0999999999995
86.3999999999995
86.6999999999995
86.9999999999995
87.2999999999995
87.5999999999995
Temperature Data
0
0
0
0
0
0
0
0
0
0
0
0
0
0
0
0
0
0
0
0
0
0
0
0
0
0
0
0
0
0
0
0
0
0
0
0
0
0
0
0
0
0
0
0
0
0
0
0
0
0
0
0
0
0
0
0
0
0
0
0
0
0
0
0
0
0
0
0
0
0
0
0
0
0
0
0
0
0
0
0
0
0
0
0
0
0
0
0
0
0
0
0
0
0
0
0
0
0
0
0
0
0
0
0
0
0
0
0
0
0
0
0
0
0
0
0
0
0
0
0
0
0
0
0
0
0
0
0
0
0
0
0
0
0
0
0
0
0
0
0
0
0
0
0
0
0
0
0
0
0
0
0
0
0
0
0
0
0
0
0
0
0
0
0
0
0
0
0
0
0
0
0
0
0
0
0
0
0
0
0
0
0
0
0
0
0
0
0
0
0
0
0
0
0
0
0
0
0
0
0
0
0
0
0
0
0
0
0
0
0
0
0
0
0
0
0
0
0
0
0
0
0
0
0
0
0
0
0
0
0
0
0
0
0
0
0
0
0
0
0
0
0
0
0
0
0
0
0
0
0
0
0
0
0
0
0
0
0
0
0
0
0
0
0
0
0
0
0
0
0
0
0
0
0
0
0
0
0
0
0
0
0
0
0
0
0
0
0
0
0
0
0
0
Angle Data
0
0
0
0
0
0
0
0
0
0
0
0
0
0
0
0
0
0
0
0
0
0
0
0
0
0
0
0
0
0
0
0
0
0
0
0
0
0
0
0
0
0
0
0
0
0
0
0
0
0
0
0
0
0
0
0
0
0
0
0
0
0
0
0
0
0
0
0
0
0
0
0
0
0
0
0
0
0
0
0
0
0
0
0
0
0
0
0
0
0
0
0
0
0
0
0
0
0
0
0
0
0
0
0
0
0
0
0
0
0
0
0
0
0
0
0
0
0
0
0
0
0
0
0
0
0
0
0
0
0
0
0
0
0
0
0
0
0
0
0
0
0
0
0
0
0
0
0
0
0
0
0
0
0
0
0
0
0
0
0
0
0
0
0
0
0
0
0
0
0
0
0
0
0
0
0
0
0
0
0
0
0
0
0
0
0
0
0
0
0
0
0
0
0
0
0
0
0
0
0
0
0
0
0
0
0
0
0
0
0
0
0
0
0
0
0
0
0
0
0
0
0
0
0
0
0
0
0
0
0
0
0
0
0
0
0
0
0
0
0
0
0
0
0
0
0
0
0
0
0
0
0
0
0
0
0
0
0
0
0
0
0
0
0
0
0
0
0
0
0
0
0
0
0
0
0
0
0
0
0
0
0
0
0
0
0
0
0
0
0
0
0
0
Bx Data
0
0
0
0
0
0
0
0
0
0
0
0
0
0
0
0
0
0
0
0
0
0
0
0
0
0
0
0
0
0
0
0
0
0
0
0
0
0
0
0
0
0
0
0
0
0
0
0
0
0
0
0
0
0
0
0
0
0
0
0
0
0
0
0
0
0
0
0
0
0
0
0
0
0
0
0
0
0
0
0
0
0
0
0
0
0
0
0
0
0
0
0
0
0
0
0
0
0
0
0
0
0
0
0
0
0
0
0
0
0
0
0
0
0
0
0
0
0
0
0
0
0
0
0
0
0
0
0
0
0
0
0
0
0
0
0
0
0
0
0
0
0
0
0
0
0
0
0
0
0
0
0
0
0
0
0
0
0
0
0
0
0
0
0
0
0
0
0
0
0
0
0
0
0
0
0
0
0
0
0
0
0
0
0
0
0
0
0
0
0
0
0
0
0
0
0
0
0
0
0
0
0
0
0
0
0
0
0
0
0
0
0
0
0
0
0
0
0
0
0
0
0
0
0
0
0
0
0
0
0
0
0
0
0
0
0
0
0
0
0
0
0
0
0
0
0
0
0
0
0
0
0
0
0
0
0
0
0
0
0
0
0
0
0
0
0
0
0
0
0
0
0
0
0
0
0
0
0
0
0
0
0
0
0
0
0
0
0
0
0
0
0
0
Hint Data
0
0
0
0
0
0
0
0
0
0
0
0
0
0
0
0
0
0
0
0
0
0
0
0
0
0
0
0
0
0
0
0
0
0
0
0
0
0
0
0
0
0
0
0
0
0
0
0
0
0
0
0
0
0
0
0
0
0
0
0
0
0
0
0
0
0
0
0
0
0
0
0
0
0
0
0
0
0
0
0
0
0
0
0
0
0
0
0
0
0
0
0
0
0
0
0
0
0
0
0
0
0
0
0
0
0
0
0
0
0
0
0
0
0
0
0
0
0
0
0
0
0
0
0
0
0
0
0
0
0
0
0
0
0
0
0
0
0
0
0
0
0
0
0
0
0
0
0
0
0
0
0
0
0
0
0
0
0
0
0
0
0
0
0
0
0
0
0
0
0
0
0
0
0
0
0
0
0
0
0
0
0
0
0
0
0
0
0
0
0
0
0
0
0
0
0
0
0
0
0
0
0
0
0
0
0
0
0
0
0
0
0
0
0
0
0
0
0
0
0
0
0
0
0
0
0
0
0
0
0
0
0
0
0
0
0
0
0
0
0
0
0
0
0
0
0
0
0
0
0
0
0
0
0
0
0
0
0
0
0
0
0
0
0
0
0
0
0
0
0
0
0
0
0
0
0
0
0
0
0
0
0
0
0
0
0
0
0
0
0
0
0
0
Torque Data
2.9738927803
2.96943778728
2.86133805808
2.6961126162
2.553833835
2.48454932985
2.41879847265
2.48460083658
2.45132906088
2.3705385696
2.3185926886
2.15768985824
2.08108096932
2.10395255216
1.99308599199
1.87576120725
1.7715374952
1.74159336384
1.6977793921
1.68156642186
1.56497410416
1.50264776655
1.46669383845
1.40231660848
1.2505322298
1.25643299472
1.1684685285
1.0613513232
0.98658843954
0.96717443652
0.86641204576
0.82537613898
0.7097224223
0.64274860676
0.572278716441
0.491506754792
0.450133861623
0.379710861504
0.315748985558
0.238737865437
0.17408558055
0.099800011284
0.0299846120136
-0.0385345787366
-0.108082046384
-0.16755545205
-0.256146048208
-0.325261235488
-0.389021654333
-0.452040491392
-0.529337110426
-0.574771481136
-0.682324716294
-0.73727896167
-0.82571730142
-0.9240931735
-0.94163624465
-1.0300149702
-1.07444992788
-1.09314457224
-1.28113509128
-1.30656720103
-1.3283766837
-1.49205533352
-1.54351169289
-1.60210915942
-1.62263267404
-1.6635237982
-1.77679347328
-1.8454861472
-1.96758893288
-1.99467746493
-2.01668790342
-2.1521436053
-2.17350707604
-2.22688279478
-2.42833185305
-2.41274538474
-2.30154250797
-2.48748387927
-2.56134084084
-2.65710782123
-2.74892104704
-2.83272599283
-2.86222993727
-3.19605631245
-3.18290232424
-3.30354775019
-3.1513274847
-3.25911370716
-3.4813673305
-3.52250861304
-3.44403599712
-3.53695090716
-3.63260691898
-3.50272826788
-3.69780897792
-3.79297656928
-3.97665257796
-4.07593638392
-4.0854749208
-4.07938408484
-4.11974553726
-4.2979531896
-4.4362680516
-4.63047306188
-4.41838480416
-4.8473062284
-4.62160827713
-4.76468212914
-4.65151236992
-4.70036830144
-5.01372283064
-4.74584945664
-5.1103393473
-5.06723100597
-5.33730030408
-5.1831995712
-5.1305482184
-5.39463996487
-5.44162306116
-5.66212385232
-5.78404650402
-5.7158879358
-5.74731372995
-5.77770097923
-6.0347883063
-5.94651067208
-6.0700301193
-6.19590845655
-6.2137782588
-6.32609232832
-6.41037606237
-6.62893307672
-6.40878734124
-6.18086602532
-6.68276017906
-6.57529199616
-6.73324489331
-6.8496780618
-7.03100939536
-6.47214967581
-6.8255335904
-7.134878877
-7.2533025564
-7.4400799944
-7.5133064352
-7.1510336072
-7.2694917054
-7.4765769708
-7.5281378526
-7.7192955658
-7.774580982
-7.5795648096
-7.6995499008
-7.7156904384
-7.9477414839
-8.2561284824
-8.5503800102
-8.234071397
-8.340138198
-8.4677157202
-8.5416537816
-8.2640705952
-8.8993417112
-8.77451445
-8.9845272684
-8.3999111169
-8.968977496
-8.674692432
-9.173105931
-8.87490048
-8.797347434
-9.4918940718
-9.4837938808
-9.6169285536
-9.3673376646
-9.4393228834
-9.6837593494
-9.7553580474
-9.6718874692
-9.65213944
-9.3879315216
-10.153249211
-10.4055826308
-10.3654078188
-10.9468336416
-10.1866825177
-10.2096482664
-10.5169500438
-10.87103066
-10.800757545
-11.01828427
-10.9235561064
-10.9948384824
-10.7497380588
-11.314326905
-11.0412990194
-11.4336070359
-11.2590089158
-11.2044888473
-11.4013139162
-11.319875532
-11.4953954652
-11.3072099877
-11.2982134016
-11.5256790883
-11.3329764072
-11.5080578624
-12.6979426806
-11.8338052575
-11.338042848
-12.0569973993
-11.9082170505
-11.65090184
-12.3524559333
-12.2285368933
-12.6356192495
-11.9785998972
-12.3845904526
-12.3404684832
-13.441132458
-12.3655583508
-13.0403424485
-12.9105645298
-13.6243448154
-13.0537549149
-13.2125004468
-12.9279898306
-13.564899972
-13.006540324
-13.2862504697
-13.1434302655
-13.9179633384
-13.590272304
-13.2899493888
-13.8577647402
-13.5228958016
-13.686260472
-14.195968273
-14.1115362574
-14.0240668472
-14.158223562
-14.3240638778
-14.2019937631
-13.6262126352
-14.5711647369
-14.5451508776
-15.110667432
-14.9852834928
-14.1919823988
-15.2309240464
-14.9679559312
-15.4758127125
-15.2457531656
-14.7068586864
-15.4932604248
-15.4629048872
-15.4995409212
-16.057016661
-16.1327427261
-15.5393678048
-16.1378163639
-15.9313783335
-16.1083006764
-16.606943227
-16.2190446168
-16.9750183584
-15.96487023
-16.361557018
-16.5095022984
-16.5810006816
-16.6525710672
-16.7625159288
-16.9085276096
-16.9842683736
-17.3174987242
-16.1514187572
-16.8627695067
-17.0479837088
-17.6150307759
-17.1912494856
-17.1477458424
-18.108071982
-17.1750127311
-17.905161366
-17.8238888778
-17.7426874032
-17.971780253
-18.7952370186
-18.1172745676
-18.7074261855
-18.345540906
dMdH Data
2.3126544057096E-06
1.05690221857026E-06
-1.61946549660952E-06
4.86111111111237E-08
4.6015765979675E-06
1.8915132105685E-07
9.59181606401311E-07
6.00927177902257E-06
-5.92264302981488E-07
-8.94340351554922E-07
2.70890168738001E-06
2.94452926208651E-06
2.1978021978022E-06
2.55355873692759E-06
-1.85017140552529E-06
3.81511795859411E-06
-1.14732854864431E-06
4.11610562386615E-06
3.23741007194228E-07
2.13953938455584E-06
-8.62223998401432E-07
4.9151515151515E-06
2.22511323118434E-06
1.12314879236679E-07
2.77310111272373E-06
9.69435010805803E-07
1.89828801611278E-06
-6.98418857308786E-08
5.2297721916732E-06
1.62047767812153E-06
3.24049869294192E-06
-7.07793463546735E-07
-1.9642174324297E-06
-2.90428780298585E-07
5.70960890153358E-06
1.52451096855944E-06
7.04374590039879E-07
1.14113693643236E-06
4.83376893460374E-07
3.24232435682151E-06
4.15293949129306E-06
-1.92847479821031E-08
4.15565051799795E-06
-3.61518539166692E-06
-6.30457806286619E-07
6.98728354978358E-06
2.38124805960881E-06
-1.99497561696471E-06
1.03667156360009E-06
4.94684901782825E-06
-4.59039197178189E-07
-9.06675790448189E-07
4.63256317131594E-06
-4.14767096134786E-06
3.62764883955604E-06
7.22914669223392E-06
-5.43189707984486E-07
-4.89913836796752E-06
3.73744139316808E-06
2.67548321464903E-07
3.88712241653419E-06
4.55959556678972E-07
3.94601542416454E-06
-2.90802075019951E-06
4.33016067956196E-06
4.85857225322295E-07
2.76196184197385E-06
-6.79869937925154E-08
4.53504719823262E-06
-7.1713544783565E-07
-1.89197080291969E-06
4.31298091336064E-06
-9.86655883542228E-07
4.19276405368605E-06
2.77255173779568E-07
8.27941771128178E-07
-2.4815361890692E-07
4.98391656106834E-06
1.88773431132845E-06
2.39569849646518E-06
-4.78890689030782E-06
3.56533360748434E-06
2.78811495372625E-06
2.22455089820359E-06
-1.95219923679453E-06
2.70080707148347E-06
-1.52347754767277E-06
1.64078056551177E-06
2.35122236291031E-06
3.14021663519822E-06
-4.17755881761511E-06
1.36825333598889E-06
5.80359835159309E-06
-2.410346854791E-07
6.25048430840759E-06
-2.75996015936251E-06
1.63934426229484E-07
-1.08508264881829E-07
4.03389496502116E-06
2.21063809248023E-07
2.34627170582225E-06
1.99598997493735E-06
-2.08337335510516E-06
1.67225439398556E-06
2.6767921060269E-06
-7.23558418033591E-07
5.31163363795047E-06
-7.4690599905527E-06
8.34201654918786E-06
2.07956600361647E-07
6.34047481181242E-07
4.42627853653679E-07
2.48315397767273E-06
2.72836658979247E-06
6.12759356214833E-07
-2.98172427493044E-06
6.94353802036988E-06
-9.64876867178084E-07
8.04643317789508E-07
3.16132801090444E-06
3.02884615384617E-06
-4.7475052918052E-06
-1.39880661254036E-06
5.94775152059025E-06
-2.69369009584656E-06
7.31853031962532E-07
-2.12837837837838E-06
4.57905961206462E-06
3.24870051979186E-07
2.66641052732687E-06
-2.8794913201453E-06
8.4919428397689E-06
-9.88883518608017E-07
-8.62787926926089E-07
2.83324885960463E-06
1.75127902400614E-07
4.08028988271194E-06
-3.35975800563258E-06
5.00948577134295E-06
-3.4246575342466E-07
2.2489405735686E-06
-2.66974550456912E-06
-1.37550200803268E-07
-1.79474216380178E-06
2.21520236920034E-06
2.3028515240905E-06
-1.97244094488194E-06
-1.57515030060118E-06
6.74903100775184E-06
-6.77024291497984E-06
-2.73900000000004E-06
8.25968992248052E-06
1.60418743768693E-06
-5.89241803278691E-06
3.529756097561E-06
4.21791044776119E-06
-2.1073558648107E-07
-3.75520317145688E-06
6.6017441860466E-06
-2.0655737704918E-06
-7.06879361914299E-07
1.41706615532116E-06
1.43870314083088E-06
1.08486017357761E-06
1.03780487804879E-05
-5.50894632206767E-06
1.54154447702835E-06
-8.82946518668013E-07
6.38190954773912E-07
-2.47549019607849E-06
-2.09359605911332E-06
5.02429149797566E-06
-2.12612612612614E-06
3.54734848484839E-06
-2.66323377960864E-06
3.67037411526803E-06
4.61702127659579E-06
-7.76082677165349E-06
4.27920792079203E-06
-1.81062124248503E-06
5.96663296258841E-06
4.19649805447477E-06
2.41188118811871E-06
-8.25757575757581E-06
-9.59566074950713E-07
2.71510516252352E-07
6.93911248710028E-06
4.34874371859292E-06
-7.31190019193856E-06
-3.26262626262621E-07
-1.11200807265384E-06
2.0439882697947E-06
9.0523198420536E-07
-6.04343434343432E-06
7.83714001986099E-06
2.82386910490855E-06
3.28031809145166E-07
1.03209109730846E-06
-2.77969348658997E-06
5.97609561752897E-08
3.36161616161622E-06
-8.22244289970222E-07
-9.30232558139563E-07
8.98187311178245E-06
5.69849246231182E-07
-6.17468105986259E-06
1.45014807502461E-06
-1.50594059405941E-06
5.35153922542208E-06
-4.82661290322579E-06
1.99704433497537E-06
-1.31082423038726E-06
3.83603238866406E-07
1.52153110047856E-07
-1.88559754851896E-06
6.82193158953725E-06
-8.27539062500006E-06
8.32783705140646E-06
2.42131979695425E-06
0.000005316
-1.13753637245393E-05
4.23900000000007E-06
-3.80182002022246E-06
5.62487852283779E-06
6.00499999999999E-06
-2.12439261418857E-06
-9.42799597180256E-06
6.75172413793111E-06
-5.17882117882119E-06
5.64143426294824E-06
-1.72910372608252E-06
1.09337349397589E-05
1.71442125237195E-06
-4.42507645259939E-06
-7.44141414141412E-06
-1.90839694655355E-09
3.11538461538467E-06
7.85089463220664E-06
-4.516096579477E-06
4.64237123420788E-06
-8.80277502477707E-06
2.45908183632737E-06
8.96149949341452E-06
-6.62277227722763E-06
-2.49665071770337E-06
2.58805355303815E-06
-4.49360865290041E-07
-7.42716535433084E-06
1.20958083832336E-05
-2.76117886178857E-06
-8.49420849420818E-07
1.15568862275447E-06
5.88175331294556E-07
-1.97270955165683E-06
3.97676669893515E-06
-4.04934541792552E-06
-7.79207920792096E-07
9.14874371859269E-06
-5.7787698412699E-06
8.25072886297368E-07
8.17368961973281E-06
-2.67130089374351E-07
-7.04693486590037E-06
2.89013224821958E-06
-5.06402439024405E-06
3.21107927411643E-06
1.35579781962346E-06
-5.25025536261476E-07
4.83483483483475E-06
-4.93027698185305E-06
1.36656596173209E-06
2.71529175050302E-06
3.09467455621307E-06
-3.4497991967872E-06
-3.88708133971298E-06
2.06598984771581E-06
-3.89178356713427E-06
6.54536585365851E-06
5.89870903674299E-07
7.77887462981239E-07
1.59393939393938E-06
6.42357642357655E-07
-2.33812260536396E-06
-6.54676258992839E-07
1.13474747474746E-05
-7.80392156862759E-06
-9.30702598652544E-07
7.00601805416229E-06
-3.15178571428569E-06
-2.51155778894476E-06
4.96903096903081E-06
-3.00672430355429E-06
-3.00672430355429E-06
dMdT Data
0
0
0
0
0
0
0
0
0
0
0
0
0
0
0
0
0
0
0
0
0
0
0
0
0
0
0
0
0
0
0
0
0
0
0
0
0
0
0
0
0
0
0
0
0
0
0
0
0
0
0
0
0
0
0
0
0
0
0
0
0
0
0
0
0
0
0
0
0
0
0
0
0
0
0
0
0
0
0
0
0
0
0
0
0
0
0
0
0
0
0
0
0
0
0
0
0
0
0
0
0
0
0
0
0
0
0
0
0
0
0
0
0
0
0
0
0
0
0
0
0
0
0
0
0
0
0
0
0
0
0
0
0
0
0
0
0
0
0
0
0
0
0
0
0
0
0
0
0
0
0
0
0
0
0
0
0
0
0
0
0
0
0
0
0
0
0
0
0
0
0
0
0
0
0
0
0
0
0
0
0
0
0
0
0
0
0
0
0
0
0
0
0
0
0
0
0
0
0
0
0
0
0
0
0
0
0
0
0
0
0
0
0
0
0
0
0
0
0
0
0
0
0
0
0
0
0
0
0
0
0
0
0
0
0
0
0
0
0
0
0
0
0
0
0
0
0
0
0
0
0
0
0
0
0
0
0
0
0
0
0
0
0
0
0
0
0
0
0
0
0
0
0
0
0
0
0
0
0
0
0
0
0
0
0
0
0
0
0
0
0
0
0
 
*********************************************** Results ***************************************
 
TotalArea 0
AreaFirstQuad 0
AreaSecondQuad 0
AreaThirdQuad 0
AreaFourthQuad 0
Coercivity 0
PositiveCoercivity 0
NegativeCoercivity 0
Retentivity 1.52286049395788E-04
PositiveRetentivity 3.26134003293989E-03
NegativeRetentivity 2.95676793414831E-03
Magnetization 0.00490891
PositiveMagnetization 0.00490891
NegativeMagnetization 0.00227793
Flatness -18.4158817953425
Squareness 3.10223755163139E-02
SStar 0
SFD1 0
SFD2 0
Slope 0
Intercept 0
SlopeAtHc -3.00672430355429E-06
dH1 32.9245150118013
dH2 64.0373
InitialSlope 2.3126544057096E-06
FieldAtHalfMs -306.208225
FieldAtMs 2443.59
MomentMean 3.93032208191126E-03
MomentRMS 7.52649252052034E-04
SFD3 0
dH3 65.8490300236028
UserField1 0
UserField2 0
CenterField 0
ExchangeField 0
ExchangeMoment 0
ExRegionOneIntercept 0
ExRegionOneSlope 0
ExRegionTwoIntercept 0
ExRegionTwoSlope 0
NegativeIntercept 0
NegativeSlope 0
AutoCenterOffset 0
PinningField 0
PinningMoment 0
PinRegionOneIntercept 0
PinRegionOneSlope 0
PinRegionTwoIntercept 0
PinRegionTwoSlope 0
PositiveIntercept 0
PositiveSlope 0
TotalOffset 0
BHMax 0
BCoercivity 0
BRetentivity 0
BNegativeCoercivity 0
BPositiveCoercivity 0
BNegativeRetentivity 0
BPositiveRetentivity 0
MomentYMean -7.02507542662116E-03
MomentYRMS 2.07252287774868E-04
YOffCorrection 0
Mrt 0
Ms1 0
Ms2 0
Ms3 0
Hc2 0
Hex2 0
HsatValue 0
HsatIntercept 0
HsatSlope 0
CenterH 0
Span .00263098
SpanAsPercentOfRange -49.6411320754717
RMSAsPercentOfRange -14.2009292840006
SpanAsPercentOfMean 66.9405698863384
RMSAsPercentOfMean 19.1498110426113
