Version 1.25
******************************************** Units *******************************************
System CGS
TemperatureUnit K
MomentUnit emu
AppliedFieldUnit G
 
******************************************** Setup ********************************************
 
Experiment CustomField
Minor False
Acquisition Continuous
EditedPoint No
MaxField 15000
FieldIncrement 100
Points 121
MinField 0
RampRate 10
AverageTime 0.3
TimeInterval 0
TimeConstant 0.1
TimeConstantIndex 0
Sensitivity -0.0053
SensitivityIndex 5
SensitivityY -400
SensitivityIndexY 0
SaturationField 8000
ExperimentTime 100
Use735Domains True
AutoRangeEnabled False
NumberOfVertices 2
VertexPts
0
120
VertexField
493.4837
1706.5163
StartAngle 0
EndAngle 0
AngleIncrement 0
StartTemp 0
FinishTemp 0
TempIncrement 0
TempPoints 0
LengthofSetPointsArray 121
SetPointArray
493.48371
503.59231
513.70092
523.80952
533.91813
544.02673
554.13534
564.24394
574.35255
584.46115
594.56976
604.67836
614.78697
624.89557
635.00418
645.11278
655.22139
665.32999
675.4386
685.5472
695.65581
705.76441
715.87302
725.98162
736.09023
746.19883
756.30744
766.41604
776.52464
786.63325
796.74185
806.85046
816.95906
827.06767
837.17627
847.28488
857.39348
867.50209
877.61069
887.7193
897.8279
907.93651
918.04511
928.15372
938.26232
948.37093
958.47953
968.58814
978.69674
988.80535
998.91395
1009.02256
1019.13116
1029.23977
1039.34837
1049.45698
1059.56558
1069.67419
1079.78279
1089.8914
1100
1110.1086
1120.21721
1130.32581
1140.43442
1150.54302
1160.65163
1170.76023
1180.86884
1190.97744
1201.08605
1211.19465
1221.30326
1231.41186
1241.52047
1251.62907
1261.73768
1271.84628
1281.95489
1292.06349
1302.1721
1312.2807
1322.38931
1332.49791
1342.60652
1352.71512
1362.82373
1372.93233
1383.04094
1393.14954
1403.25815
1413.36675
1423.47536
1433.58396
1443.69256
1453.80117
1463.90977
1474.01838
1484.12698
1494.23559
1504.34419
1514.4528
1524.5614
1534.67001
1544.77861
1554.88722
1564.99582
1575.10443
1585.21303
1595.32164
1605.43024
1615.53885
1625.64745
1635.75606
1645.86466
1655.97327
1666.08187
1676.19048
1686.29908
1696.40769
1706.51629
FieldDomainFile C:\IDEASVSM\Default UserID\Experiments\FORCexp0061B\fdomain.ini
TempDomainFile C:\IDEASVSM\Default UserID\Experiments\FORCexp0061B\tdomain.ini
NumSelectedResults 0
ResultsSelected 
UserName1 
UserValue1 
UserName2 
UserValue2 
LinearBackgroundCorrection Off
MaxLinearFieldCorrection 
MinLinearFieldCorrection 
AutoLinearCorrection Off
FitOneRegion Off
BackgroundMode Off
BackgroundFilename 
AutoCenter Off
OffsetCorrection 
SmoothDeriv Off
DerivOrder 0
DerivPoints 0
MinExFieldOne 
MaxExFieldOne 
MinExFieldTwo 
MaxExFieldTwo 
MinPinFieldOne 
MaxPinFieldOne 
MinPinFieldTwo 
MaxPinFieldTwo 
HCenterStart 
Mass 
Volume 
Density 
MolarWeight 
NumberOfMoles 
Demagnetization 
SampleArea 
Thickness 
MomentScaling 0
XAxis 0
YAxis 0
SimpleSpinValve False
HsatMax 0
HsatMin 0
FieldAutoRange False
 
*************************************************** Experiment Data ********************************************
 
DataPoints 121
MomentX Data
0.00375614
0.00378578
0.0038289
0.00380118
0.00384498
0.00382657
0.0038388
0.00383838
0.0038462
0.00387692
0.0038762
0.00389541
0.0038748
0.0039203
0.00388575
0.00391532
0.00390072
0.00392941
0.00393211
0.00391119
0.00390784
0.00394249
0.00392651
0.00397227
0.00397177
0.0039972
0.00396686
0.00400085
0.00401784
0.00397951
0.00401756
0.00402567
0.00404849
0.00406311
0.00405707
0.00405947
0.00408072
0.00407307
0.004073
0.00408252
0.0040959
0.0041126
0.00409985
0.00412824
0.0041159
0.00415421
0.00412993
0.00414734
0.00412834
0.00416975
0.00416987
0.00414314
0.0041457
0.00416398
0.0042211
0.00417111
0.0041919
0.0041868
0.00422226
0.00422521
0.00425644
0.00428517
0.00421746
0.00421084
0.00425338
0.0042807
0.00427735
0.0042915
0.00425538
0.00428008
0.00430528
0.00430739
0.00431273
0.00433054
0.00431531
0.00431228
0.00431759
0.00435517
0.00431397
0.00430458
0.00432971
0.00439742
0.00437627
0.00436382
0.00437904
0.00440011
0.00440811
0.00441481
0.00438754
0.00436576
0.00441944
0.00443142
0.00445243
0.00443117
0.00444037
0.00441683
0.00446035
0.00445171
0.00444211
0.00447725
0.00444777
0.00445733
0.00447436
0.00447375
0.00447357
0.00447796
0.00449072
0.00450061
0.00455164
0.004555
0.00450454
0.0044952
0.00452846
0.00450804
0.00455525
0.00454967
0.00454551
0.00456371
0.00452375
0.00458762
0.00457933
MomentY Data
-0.00691414
-0.00670751
-0.00724792
-0.0073115
-0.00710487
-0.00720024
-0.0073115
-0.00669161
-0.00658035
-0.00696182
-0.00661214
-0.00680288
-0.00724792
-0.00724792
-0.00689824
-0.0073115
-0.0073115
-0.00697772
-0.0073115
-0.00683467
-0.00694593
-0.00710487
-0.00700951
-0.0070413
-0.00667572
-0.00694593
-0.00700951
-0.00705719
-0.00697772
-0.00715256
-0.00716845
-0.00715256
-0.00708898
-0.00708898
-0.00683467
-0.00721614
-0.00685056
-0.00715256
-0.00715256
-0.00756582
-0.00699361
-0.00691414
-0.0073274
-0.00720024
-0.00696182
-0.00705719
-0.00715256
-0.00677109
-0.00724792
-0.00688235
-0.00688235
-0.00689824
-0.00735919
-0.00716845
-0.00724792
-0.00726382
-0.0073274
-0.00677109
-0.00699361
-0.00724792
-0.00715256
-0.0073115
-0.0070254
-0.00713666
-0.00697772
-0.00685056
-0.00689824
-0.00693003
-0.00715256
-0.00734329
-0.00680288
-0.00689824
-0.00735919
-0.00726382
-0.00705719
-0.00720024
-0.00720024
-0.00740687
-0.00751813
-0.0073115
-0.00699361
-0.00747045
-0.00708898
-0.00688235
-0.0067393
-0.00670751
-0.00720024
-0.00696182
-0.00740687
-0.00740687
-0.00700951
-0.00715256
-0.00708898
-0.00710487
-0.00726382
-0.00729561
-0.00715256
-0.00726382
-0.00735919
-0.00729561
-0.0073115
-0.0073115
-0.00726382
-0.00729561
-0.00696182
-0.00705719
-0.00715256
-0.00710487
-0.0067393
-0.00696182
-0.00699361
-0.00697772
-0.00720024
-0.00726382
-0.00734329
-0.00729561
-0.00737508
-0.00724792
-0.00720024
-0.00689824
-0.00700951
Field Data
494.821
501.962
511.519
521.804
531.842
542.214
551.941
561.922
572.107
582.296
592.022
602.224
612.404
622.55
632.398
642.355
652.554
662.526
672.506
682.398
692.799
702.612
712.415
722.741
732.854
742.61
752.739
762.871
773.111
782.862
792.931
802.804
813.256
823.08
833.064
843.04
852.985
863.483
873.212
883.071
893.39
903.306
913.471
923.404
933.217
943.495
953.44
963.435
973.356
983.725
993.58
1003.73
1013.54
1023.77
1033.68
1043.89
1053.93
1063.72
1073.78
1084.1
1093.83
1103.76
1114.1
1123.97
1133.95
1143.97
1154.2
1164.06
1173.87
1184.2
1194.24
1204.35
1214.13
1224.08
1234.42
1244.23
1254.13
1264.51
1274.44
1284.34
1294.37
1304.57
1314.46
1324.37
1334.66
1344.64
1354.84
1364.77
1374.61
1384.74
1394.57
1404.98
1414.82
1424.65
1434.89
1444.96
1455
1465
1474.89
1485.12
1495.17
1504.99
1514.94
1525.33
1535.19
1544.9
1555.38
1565.32
1575.09
1585.45
1595.37
1605.44
1615.49
1625.42
1635.52
1645.52
1655.44
1665.23
1675.8
1685.54
1695.34
Time Data
0
0.3
0.6
0.9
1.2
1.5
1.8
2.1
2.4
2.7
3
3.3
3.6
3.9
4.2
4.5
4.8
5.1
5.4
5.7
6
6.3
6.6
6.9
7.2
7.5
7.8
8.1
8.4
8.7
9
9.3
9.6
9.9
10.2
10.5
10.8
11.1
11.4
11.7
12
12.3
12.6
12.9
13.2
13.5
13.8
14.1
14.4
14.7
15
15.3
15.6
15.9
16.2
16.5
16.8
17.1
17.4
17.7
18
18.3
18.6
18.9
19.2
19.5
19.8
20.1
20.4
20.7
21
21.3
21.6
21.9
22.2
22.5
22.8
23.1
23.4
23.7
24
24.3
24.6
24.9
25.2
25.5
25.8
26.1
26.4
26.7
27
27.3
27.6
27.9
28.2
28.5
28.8
29.1
29.4
29.7
30.0000000000001
30.3000000000001
30.6000000000001
30.9000000000001
31.2000000000001
31.5000000000001
31.8000000000001
32.1000000000001
32.4
32.7
33
33.3
33.6
33.9
34.2
34.5
34.8
35.1
35.4
35.7
36
Temperature Data
0
0
0
0
0
0
0
0
0
0
0
0
0
0
0
0
0
0
0
0
0
0
0
0
0
0
0
0
0
0
0
0
0
0
0
0
0
0
0
0
0
0
0
0
0
0
0
0
0
0
0
0
0
0
0
0
0
0
0
0
0
0
0
0
0
0
0
0
0
0
0
0
0
0
0
0
0
0
0
0
0
0
0
0
0
0
0
0
0
0
0
0
0
0
0
0
0
0
0
0
0
0
0
0
0
0
0
0
0
0
0
0
0
0
0
0
0
0
0
0
0
Angle Data
0
0
0
0
0
0
0
0
0
0
0
0
0
0
0
0
0
0
0
0
0
0
0
0
0
0
0
0
0
0
0
0
0
0
0
0
0
0
0
0
0
0
0
0
0
0
0
0
0
0
0
0
0
0
0
0
0
0
0
0
0
0
0
0
0
0
0
0
0
0
0
0
0
0
0
0
0
0
0
0
0
0
0
0
0
0
0
0
0
0
0
0
0
0
0
0
0
0
0
0
0
0
0
0
0
0
0
0
0
0
0
0
0
0
0
0
0
0
0
0
0
Bx Data
0
0
0
0
0
0
0
0
0
0
0
0
0
0
0
0
0
0
0
0
0
0
0
0
0
0
0
0
0
0
0
0
0
0
0
0
0
0
0
0
0
0
0
0
0
0
0
0
0
0
0
0
0
0
0
0
0
0
0
0
0
0
0
0
0
0
0
0
0
0
0
0
0
0
0
0
0
0
0
0
0
0
0
0
0
0
0
0
0
0
0
0
0
0
0
0
0
0
0
0
0
0
0
0
0
0
0
0
0
0
0
0
0
0
0
0
0
0
0
0
0
Hint Data
0
0
0
0
0
0
0
0
0
0
0
0
0
0
0
0
0
0
0
0
0
0
0
0
0
0
0
0
0
0
0
0
0
0
0
0
0
0
0
0
0
0
0
0
0
0
0
0
0
0
0
0
0
0
0
0
0
0
0
0
0
0
0
0
0
0
0
0
0
0
0
0
0
0
0
0
0
0
0
0
0
0
0
0
0
0
0
0
0
0
0
0
0
0
0
0
0
0
0
0
0
0
0
0
0
0
0
0
0
0
0
0
0
0
0
0
0
0
0
0
0
Torque Data
-3.42126166894
-3.36691513462
-3.70744879048
-3.815169946
-3.77866827054
-3.90407093136
-4.0355166215
-3.76016287442
-3.76466429745
-4.05383993872
-3.91453234708
-4.09685760512
-4.43865519968
-4.512192596
-4.36243317952
-4.6965785825
-4.771148571
-4.62292092072
-4.917027619
-4.66396513866
-4.81213335807
-4.99196692044
-4.99368006665
-5.0890362033
-4.89232810488
-5.1581170773
-5.27633154789
-5.38372559249
-5.39455208692
-5.59946742672
-5.68408622695
-5.74210377824
-5.76515551888
-5.8347976584
-5.69371752888
-6.0834946656
-5.8434249216
-6.17611396648
-6.24570122272
-6.68115623322
-6.2480212379
-6.24558414684
-6.6933674054
-6.64873041696
-6.49688877494
-6.65842347905
-6.8195368064
-6.52350509415
-7.05480641952
-6.77033975375
-6.838165313
-6.9239704352
-7.4588334326
-7.3388440565
-7.4920299456
-7.5826290598
-7.722566682
-7.2025438548
-7.5095985458
-7.857470072
-7.8236847048
-8.07014124
-7.82699814
-8.0213917402
-7.912385594
-7.8368351232
-7.961948608
-8.0669707218
-8.3961756072
-8.695924018
-8.1242714112
-8.307895344
-8.9350133547
-8.8914967856
-8.7115364798
-8.9587546152
-9.0300369912
-9.3660611837
-9.5814055972
-9.39045191
-9.0523189757
-9.7457249565
-9.3181806508
-9.1147778695
-8.994674138
-9.0191862464
-9.7551731616
-9.5012830814
-10.1815575707
-10.2565891638
-9.7752523607
-10.0492037488
-10.0296306836
-10.1219530455
-10.4227826798
-10.5418646256
-10.4069748
-10.6414963
-10.8539957391
-10.8348563232
-10.931935455
-11.003734385
-11.0042514708
-11.1282128013
-10.6877164458
-10.902652831
-11.1249487728
-11.1213951084
-10.615004037
-11.037617519
-11.1573955857
-11.2023107968
-11.6319157176
-11.8067583044
-12.0100976608
-12.0050721672
-12.2090024352
-12.0694538216
-12.066162192
-11.6272594496
-11.8835026834
dMdH Data
4.15067917658594E-06
4.51187611175057E-06
-2.69518716577543E-06
4.36341900777048E-06
-1.77497107597376E-06
1.25732497172816E-06
-4.20799519085938E-08
7.67795778105057E-07
3.01501619393458E-06
-7.40283775447317E-08
1.88296412468148E-06
-2.02455795677804E-06
4.48452592154545E-06
-3.50832656376926E-06
2.96977001104751E-06
-1.43151289342093E-06
2.87705575611718E-06
2.70541082164286E-07
-2.11484027496964E-06
-3.22084414960107E-07
3.53103026597369E-06
-1.63011323064364E-06
4.43153205500674E-06
-4.9441313161241E-08
2.60660106601066E-06
-2.99535985783396E-06
3.35471772601662E-06
1.65917968749997E-06
-3.93087888421697E-06
3.77892541463892E-06
8.21432188797778E-07
2.18331419823955E-06
1.4881921824104E-06
-6.04967948717922E-07
2.40577385725704E-07
2.13675213675217E-06
-7.28710230520155E-07
-7.1949840682068E-09
9.65615173952714E-07
1.29663727105343E-06
1.68414683340053E-06
-1.25430398425969E-06
2.85814960233562E-06
-1.25751554060944E-06
3.727378867484E-06
-2.44142785319253E-06
1.74187093546774E-06
-1.91512952323353E-06
3.99363487317962E-06
1.21765601217813E-08
-2.63349753694582E-06
2.60958205912377E-07
1.78690127077222E-06
5.76387487386473E-06
-4.89618021547507E-06
2.07071713147417E-06
-5.2093973442289E-07
3.52485089463224E-06
2.8585271317828E-07
3.20966084275438E-06
2.89325276938562E-06
-6.54835589941973E-06
-6.70719351570379E-07
4.26252505010017E-06
2.72654690618762E-06
-3.27468230694042E-07
1.43509127789049E-06
-3.68195718654442E-06
2.39109390125851E-06
2.50996015936251E-06
2.08704253214688E-07
5.46012269938589E-07
1.78994974874376E-06
-1.47292069632491E-06
-3.08868501529076E-07
5.363636363636E-07
3.62042389210029E-06
-4.14904330312182E-06
-9.48484848484923E-07
2.50548354935195E-06
6.63823529411765E-06
-2.13852376137512E-06
-1.25630676084763E-06
1.47910592808547E-06
2.11122244488975E-06
7.84313725490229E-07
6.74723061430017E-07
-2.77134146341468E-06
-2.15004935834153E-06
5.46083418107841E-06
1.15081652257444E-06
2.13516260162605E-06
-2.16276703967447E-06
0.0000008984375
-2.33763654419066E-06
4.33466135458169E-06
-8.63999999999986E-07
-9.70677451971702E-07
3.43499511241457E-06
-2.93333333333329E-06
9.73523421588561E-07
1.71155778894475E-06
-5.87102983637973E-08
-1.82555780933736E-08
4.52111225540673E-07
1.21755725190845E-06
9.94969818913523E-07
5.22313203684747E-06
3.2432432432432E-07
-5.08669354838722E-06
-9.27507447864848E-07
3.30945273631836E-06
-2.05639476334341E-06
4.67425742574268E-06
-5.58000000000069E-07
-4.19354838709632E-07
1.85903983656797E-06
-3.78051087984868E-06
6.55749486652974E-06
-8.45918367346875E-07
-8.45918367346875E-07
dMdT Data
0
0
0
0
0
0
0
0
0
0
0
0
0
0
0
0
0
0
0
0
0
0
0
0
0
0
0
0
0
0
0
0
0
0
0
0
0
0
0
0
0
0
0
0
0
0
0
0
0
0
0
0
0
0
0
0
0
0
0
0
0
0
0
0
0
0
0
0
0
0
0
0
0
0
0
0
0
0
0
0
0
0
0
0
0
0
0
0
0
0
0
0
0
0
0
0
0
0
0
0
0
0
0
0
0
0
0
0
0
0
0
0
0
0
0
0
0
0
0
0
0
 
*********************************************** Results ***************************************
 
TotalArea 0
AreaFirstQuad 0
AreaSecondQuad 0
AreaThirdQuad 0
AreaFourthQuad 0
Coercivity 0
PositiveCoercivity 0
NegativeCoercivity 0
Retentivity 1.70229677916257E-03
PositiveRetentivity 1.70229677916257E-03
NegativeRetentivity 0
Magnetization 0.00458762
PositiveMagnetization 0.00458762
NegativeMagnetization 0.00375614
Flatness -1.6900890937788
Squareness 0.371063161108062
SStar 0
SFD1 0
SFD2 0
Slope 0
Intercept 0
SlopeAtHc -8.45918367346875E-07
dH1 205.062437584342
dH2 19.842
InitialSlope 4.15067917658594E-06
FieldAtHalfMs 1695.34
FieldAtMs 1685.54
MomentMean 4.21111247933884E-03
MomentRMS 2.30134443786963E-04
SFD3 0
dH3 410.124875168685
UserField1 0
UserField2 0
CenterField 0
ExchangeField 0
ExchangeMoment 0
ExRegionOneIntercept 0
ExRegionOneSlope 0
ExRegionTwoIntercept 0
ExRegionTwoSlope 0
NegativeIntercept 0
NegativeSlope 0
AutoCenterOffset 0
PinningField 0
PinningMoment 0
PinRegionOneIntercept 0
PinRegionOneSlope 0
PinRegionTwoIntercept 0
PinRegionTwoSlope 0
PositiveIntercept 0
PositiveSlope 0
TotalOffset 0
BHMax 0
BCoercivity 0
BRetentivity 0
BNegativeCoercivity 0
BPositiveCoercivity 0
BNegativeRetentivity 0
BPositiveRetentivity 0
MomentYMean -7.09961900826446E-03
MomentYRMS 2.06663742483634E-04
YOffCorrection 0
Mrt 0
Ms1 0
Ms2 0
Ms3 0
Hc2 0
Hex2 0
HsatValue 0
HsatIntercept 0
HsatSlope 0
CenterH 0
Span .00083148
SpanAsPercentOfRange -15.6883018867925
RMSAsPercentOfRange -4.34215931673516
SpanAsPercentOfMean 19.7449012364197
RMSAsPercentOfMean 5.46493224572085
