Version 1.25
******************************************** Units *******************************************
System CGS
TemperatureUnit K
MomentUnit emu
AppliedFieldUnit G
 
******************************************** Setup ********************************************
 
Experiment CustomField
Minor False
Acquisition Continuous
EditedPoint No
MaxField 15000
FieldIncrement 100
Points 247
MinField 0
RampRate 10
AverageTime 0.3
TimeInterval 0
TimeConstant 0.1
TimeConstantIndex 0
Sensitivity -0.0053
SensitivityIndex 5
SensitivityY -400
SensitivityIndexY 0
SaturationField 8000
ExperimentTime 100
Use735Domains True
AutoRangeEnabled False
NumberOfVertices 2
VertexPts
0
246
VertexField
-143.3584
2343.3584
StartAngle 0
EndAngle 0
AngleIncrement 0
StartTemp 0
FinishTemp 0
TempIncrement 0
TempPoints 0
LengthofSetPointsArray 247
SetPointArray
-143.3584
-133.24979
-123.14119
-113.03258
-102.92398
-92.81537
-82.70677
-72.59816
-62.48956
-52.38095
-42.27235
-32.16374
-22.05514
-11.94653
-1.83793
8.27068
18.37928
28.48789
38.59649
48.7051
58.8137
68.92231
79.03091
89.13952
99.24812
109.35673
119.46533
129.57393
139.68254
149.79114
159.89975
170.00835
180.11696
190.22556
200.33417
210.44277
220.55138
230.65998
240.76859
250.87719
260.9858
271.0944
281.20301
291.31161
301.42022
311.52882
321.63743
331.74603
341.85464
351.96324
362.07185
372.18045
382.28906
392.39766
402.50627
412.61487
422.72348
432.83208
442.94069
453.04929
463.15789
473.2665
483.3751
493.48371
503.59231
513.70092
523.80952
533.91813
544.02673
554.13534
564.24394
574.35255
584.46115
594.56976
604.67836
614.78697
624.89557
635.00418
645.11278
655.22139
665.32999
675.4386
685.5472
695.65581
705.76441
715.87302
725.98162
736.09023
746.19883
756.30744
766.41604
776.52464
786.63325
796.74185
806.85046
816.95906
827.06767
837.17627
847.28488
857.39348
867.50209
877.61069
887.7193
897.8279
907.93651
918.04511
928.15372
938.26232
948.37093
958.47953
968.58814
978.69674
988.80535
998.91395
1009.02256
1019.13116
1029.23977
1039.34837
1049.45698
1059.56558
1069.67419
1079.78279
1089.8914
1100
1110.1086
1120.21721
1130.32581
1140.43442
1150.54302
1160.65163
1170.76023
1180.86884
1190.97744
1201.08605
1211.19465
1221.30326
1231.41186
1241.52047
1251.62907
1261.73768
1271.84628
1281.95489
1292.06349
1302.1721
1312.2807
1322.38931
1332.49791
1342.60652
1352.71512
1362.82373
1372.93233
1383.04094
1393.14954
1403.25815
1413.36675
1423.47536
1433.58396
1443.69256
1453.80117
1463.90977
1474.01838
1484.12698
1494.23559
1504.34419
1514.4528
1524.5614
1534.67001
1544.77861
1554.88722
1564.99582
1575.10443
1585.21303
1595.32164
1605.43024
1615.53885
1625.64745
1635.75606
1645.86466
1655.97327
1666.08187
1676.19048
1686.29908
1696.40769
1706.51629
1716.6249
1726.7335
1736.84211
1746.95071
1757.05931
1767.16792
1777.27652
1787.38513
1797.49373
1807.60234
1817.71094
1827.81955
1837.92815
1848.03676
1858.14536
1868.25397
1878.36257
1888.47118
1898.57978
1908.68839
1918.79699
1928.9056
1939.0142
1949.12281
1959.23141
1969.34002
1979.44862
1989.55723
1999.66583
2009.77444
2019.88304
2029.99165
2040.10025
2050.20886
2060.31746
2070.42607
2080.53467
2090.64327
2100.75188
2110.86048
2120.96909
2131.07769
2141.1863
2151.2949
2161.40351
2171.51211
2181.62072
2191.72932
2201.83793
2211.94653
2222.05514
2232.16374
2242.27235
2252.38095
2262.48956
2272.59816
2282.70677
2292.81537
2302.92398
2313.03258
2323.14119
2333.24979
2343.3584
FieldDomainFile C:\IDEASVSM\Default UserID\Experiments\FORCexp0124B\fdomain.ini
TempDomainFile C:\IDEASVSM\Default UserID\Experiments\FORCexp0124B\tdomain.ini
NumSelectedResults 0
ResultsSelected 
UserName1 
UserValue1 
UserName2 
UserValue2 
LinearBackgroundCorrection Off
MaxLinearFieldCorrection 
MinLinearFieldCorrection 
AutoLinearCorrection Off
FitOneRegion Off
BackgroundMode Off
BackgroundFilename 
AutoCenter Off
OffsetCorrection 
SmoothDeriv Off
DerivOrder 0
DerivPoints 0
MinExFieldOne 
MaxExFieldOne 
MinExFieldTwo 
MaxExFieldTwo 
MinPinFieldOne 
MaxPinFieldOne 
MinPinFieldTwo 
MaxPinFieldTwo 
HCenterStart 
Mass 
Volume 
Density 
MolarWeight 
NumberOfMoles 
Demagnetization 
SampleArea 
Thickness 
MomentScaling 0
XAxis 0
YAxis 0
SimpleSpinValve False
HsatMax 0
HsatMin 0
FieldAutoRange False
 
*************************************************** Experiment Data ********************************************
 
DataPoints 247
MomentX Data
0.0029248
0.0029169
0.0029265
0.00292879
0.00295665
0.00299716
0.00299178
0.00298755
0.00302141
0.00301303
0.00306592
0.00303691
0.00307744
0.0031097
0.00308484
0.0031378
0.00315524
0.00317337
0.00316813
0.0031882
0.00319381
0.00320854
0.00318579
0.00325998
0.00326137
0.00326395
0.00331638
0.00329081
0.00332491
0.00330618
0.00331828
0.0033133
0.00334694
0.00336242
0.00337134
0.00336359
0.00336728
0.00337032
0.00341689
0.00339948
0.00345891
0.00347948
0.00347105
0.00347089
0.00349152
0.00351152
0.00351503
0.00354233
0.00355313
0.0035318
0.00354618
0.00354068
0.00359318
0.00355523
0.00362451
0.00364359
0.00362446
0.0036262
0.00361306
0.00364828
0.00364716
0.00368571
0.00365485
0.00370221
0.00370158
0.00372075
0.0037187
0.0037653
0.00372946
0.00373679
0.0037452
0.00376531
0.00376352
0.00383828
0.00379531
0.00375925
0.00375677
0.00378081
0.00384383
0.00384072
0.00388199
0.00384775
0.00389415
0.00388427
0.00391996
0.00392504
0.00394311
0.003906
0.00390963
0.00396031
0.00398632
0.0039527
0.00395079
0.00394888
0.00398909
0.00400157
0.00404226
0.00398879
0.00401989
0.00403312
0.00406951
0.00404549
0.00402999
0.00402712
0.00406798
0.00410629
0.00411858
0.0041132
0.00409395
0.00410246
0.00409212
0.00412036
0.00414373
0.00417544
0.00415217
0.00415313
0.0041627
0.00412297
0.00417433
0.00419759
0.00415723
0.00420282
0.00417728
0.00423628
0.00423918
0.00420926
0.00424014
0.00420928
0.00421807
0.00428
0.00419668
0.00428721
0.00429181
0.00426199
0.00429542
0.00431507
0.00433761
0.00430493
0.00430189
0.00430612
0.00431163
0.00443816
0.0043432
0.0043259
0.00436345
0.00430171
0.00435395
0.00436908
0.00440074
0.00439077
0.00443729
0.00437202
0.00440465
0.00440089
0.00438635
0.00436788
0.0044005
0.00438902
0.00443499
0.00445591
0.00447433
0.00447867
0.00445339
0.00443319
0.00446276
0.00446647
0.00444252
0.0044956
0.00450654
0.00450461
0.00452946
0.00454949
0.00452612
0.00448446
0.00453469
0.00446084
0.00449734
0.00452862
0.00455327
0.00457117
0.0045755
0.00457196
0.00453349
0.00451191
0.00459406
0.00456507
0.00450246
0.00454316
0.00455562
0.00453588
0.00449894
0.00456476
0.00455085
0.00459523
0.00459122
0.0046408
0.00465773
0.00467476
0.00460361
0.00461325
0.00460542
0.00463635
0.0045765
0.00466195
0.00464363
0.00464956
0.00461944
0.00470911
0.0046608
0.00465668
0.00465581
0.00465113
0.00465846
0.00464626
0.0046903
0.00462891
0.00469344
0.00463987
0.00473914
0.00466987
0.00472074
0.0047234
0.00479069
0.00470562
0.00477577
0.00472592
0.00477612
0.00476935
0.00470432
0.00471045
0.00478174
0.00475868
0.00477374
0.00471271
0.00474872
0.00472979
0.00473879
0.0047461
0.0047397
0.00476717
0.00474306
0.00474561
0.0048341
0.00473747
0.00475524
0.00476682
0.00477787
MomentY Data
-0.00670751
-0.00699361
-0.00710487
-0.00680288
-0.00708898
-0.00683467
-0.00697772
-0.00724792
-0.00710487
-0.00700951
-0.00670751
-0.0073115
-0.00688235
-0.0070254
-0.00734329
-0.00734329
-0.0067393
-0.00677109
-0.00708898
-0.00710487
-0.00667572
-0.00708898
-0.00688235
-0.00670751
-0.00689824
-0.0073115
-0.00681877
-0.00696182
-0.00693003
-0.00705719
-0.00699361
-0.00713666
-0.00735919
-0.00715256
-0.00667572
-0.00694593
-0.00699361
-0.00715256
-0.00737508
-0.00751813
-0.00708898
-0.00708898
-0.00705719
-0.00713666
-0.00710487
-0.00693003
-0.00700951
-0.0073115
-0.00696182
-0.00694593
-0.00705719
-0.00710487
-0.0070413
-0.0070413
-0.00735919
-0.00715256
-0.00677109
-0.00724792
-0.00715256
-0.00696182
-0.00715256
-0.00712077
-0.00708898
-0.00715256
-0.00713666
-0.00677109
-0.00693003
-0.0070413
-0.00667572
-0.00720024
-0.00715256
-0.0073115
-0.00710487
-0.00720024
-0.00712077
-0.00724792
-0.00689824
-0.00689824
-0.00721614
-0.00715256
-0.00729561
-0.00699361
-0.0070254
-0.00686646
-0.00727971
-0.00699361
-0.00720024
-0.00683467
-0.00715256
-0.0076135
-0.00729561
-0.00724792
-0.00715256
-0.00710487
-0.00726382
-0.00691414
-0.00678698
-0.00693003
-0.0070413
-0.00683467
-0.0064532
-0.00677109
-0.00699361
-0.00720024
-0.00699361
-0.00724792
-0.00726382
-0.00740687
-0.00723203
-0.00745455
-0.00718435
-0.00694593
-0.00705719
-0.00683467
-0.00721614
-0.00678698
-0.00712077
-0.00705719
-0.00715256
-0.00724792
-0.0067393
-0.00735919
-0.0067393
-0.00724792
-0.00721614
-0.00699361
-0.00713666
-0.00715256
-0.00715256
-0.00700951
-0.00724792
-0.00737508
-0.00716845
-0.00708898
-0.00735919
-0.00708898
-0.00721614
-0.00705719
-0.00726382
-0.00715256
-0.00740687
-0.00734329
-0.00699361
-0.00699361
-0.00729561
-0.00670751
-0.00700951
-0.00713666
-0.0070254
-0.00699361
-0.00729561
-0.00699361
-0.00715256
-0.00708898
-0.00683467
-0.00689824
-0.0070254
-0.0070413
-0.0073115
-0.00753403
-0.00708898
-0.00705719
-0.00694593
-0.00710487
-0.00726382
-0.0073115
-0.00699361
-0.00751813
-0.00756582
-0.00712077
-0.00720024
-0.00716845
-0.00693003
-0.00667572
-0.00720024
-0.00720024
-0.00729561
-0.00726382
-0.0070254
-0.00726382
-0.00729561
-0.00705719
-0.00721614
-0.00737508
-0.00718435
-0.00740687
-0.00715256
-0.00715256
-0.00715256
-0.00724792
-0.00697772
-0.00689824
-0.00710487
-0.00699361
-0.00699361
-0.00715256
-0.00699361
-0.00699361
-0.00735919
-0.00705719
-0.00735919
-0.00756582
-0.00715256
-0.00756582
-0.00693003
-0.00697772
-0.00708898
-0.00705719
-0.00710487
-0.00726382
-0.00694593
-0.00726382
-0.00700951
-0.00683467
-0.00688235
-0.00745455
-0.0073274
-0.00713666
-0.00677109
-0.00724792
-0.00705719
-0.00735919
-0.00715256
-0.00715256
-0.00712077
-0.00756582
-0.00742277
-0.00699361
-0.00715256
-0.00734329
-0.00715256
-0.00705719
-0.00710487
-0.00751813
-0.00715256
-0.0070413
-0.00693003
-0.00699361
-0.00718435
-0.00718435
-0.00716845
-0.00683467
-0.00700951
-0.00726382
-0.00680288
-0.00742277
-0.0070413
Field Data
-142.038
-134.783
-125.272
-114.925
-104.895
-94.7896
-84.7493
-74.3761
-64.4701
-54.3821
-43.9989
-34.165
-24.1711
-13.9558
-3.79397
6.15701
16.145
26.6321
36.6114
46.5851
56.3495
66.2734
77.2784
86.7457
97.2631
106.911
116.889
127.328
137.162
147.145
157.547
167.435
177.5
187.543
197.765
207.769
217.798
227.919
237.903
248.233
258.118
268.019
278.462
288.478
298.269
308.506
318.579
328.96
338.784
348.642
358.732
369.082
378.886
388.943
399.278
409.197
419.162
429.53
439.487
449.601
459.714
469.579
479.8
489.93
499.708
509.802
520.246
530.183
540.044
550.483
560.31
570.205
580.331
590.655
600.751
610.753
620.612
630.737
641.039
650.874
660.886
671.207
681.183
691.185
701.427
711.42
721.389
731.447
741.851
751.831
761.686
771.998
781.84
792.241
802.005
811.982
822.433
832.245
842.137
852.329
862.598
874.673
885.771
896.29
906.127
916.189
926.165
936.201
946.594
956.511
966.354
976.741
986.781
996.651
1006.91
1016.9
1026.82
1036.9
1047.36
1057.18
1067.08
1077.48
1087.33
1097.56
1107.47
1117.47
1127.75
1137.77
1147.82
1157.75
1168.13
1178.02
1187.92
1198.39
1208.22
1218.09
1228.34
1238.5
1248.64
1258.62
1268.49
1278.42
1289.04
1298.84
1308.71
1319.07
1329.03
1338.99
1349.22
1359.34
1369.26
1379.36
1389.75
1399.61
1409.61
1419.66
1429.56
1440.04
1449.89
1460.07
1469.99
1479.92
1490.4
1500.13
1510.21
1520.43
1530.61
1540.4
1550.49
1560.64
1570.8
1580.6
1590.93
1600.91
1611.14
1621.18
1631.04
1641.24
1651.32
1661.18
1671.22
1681.69
1691.48
1701.58
1711.6
1721.64
1731.89
1741.8
1751.69
1762.23
1772.07
1781.96
1792.11
1802.34
1812.38
1822.11
1832.51
1842.49
1852.4
1862.86
1872.9
1882.9
1892.75
1902.73
1913.1
1923.11
1933.03
1943.01
1953.46
1963.25
1973.3
1983.63
1993.46
2003.45
2013.83
2023.7
2034.03
2043.86
2053.89
2064.23
2074.14
2084.05
2094.02
2104.6
2114.31
2124.11
2134.51
2144.55
2154.8
2164.61
2174.69
2184.91
2195
2204.83
2214.92
2225.23
2235.16
2245.1
2255.34
2265.33
2275.7
2285.21
2295.59
2305.66
2315.78
2325.64
2335.73
Time Data
0
0.3
0.6
0.9
1.2
1.5
1.8
2.1
2.4
2.7
3
3.3
3.6
3.9
4.2
4.5
4.8
5.1
5.4
5.7
6
6.3
6.6
6.9
7.2
7.5
7.8
8.1
8.4
8.7
9
9.3
9.6
9.9
10.2
10.5
10.8
11.1
11.4
11.7
12
12.3
12.6
12.9
13.2
13.5
13.8
14.1
14.4
14.7
15
15.3
15.6
15.9
16.2
16.5
16.8
17.1
17.4
17.7
18
18.3
18.6
18.9
19.2
19.5
19.8
20.1
20.4
20.7
21
21.3
21.6
21.9
22.2
22.5
22.8
23.1
23.4
23.7
24
24.3
24.6
24.9
25.2
25.5
25.8
26.1
26.4
26.7
27
27.3
27.6
27.9
28.2
28.5
28.8
29.1
29.4
29.7
30.0000000000001
30.3000000000001
30.6000000000001
30.9000000000001
31.2000000000001
31.5000000000001
31.8000000000001
32.1000000000001
32.4
32.7
33
33.3
33.6
33.9
34.2
34.5
34.8
35.1
35.4
35.7
36
36.3
36.6
36.9
37.2
37.5
37.8
38.1
38.4
38.7
39
39.3
39.6
39.9
40.2
40.5
40.8
41.1
41.4
41.7
42
42.3
42.6
42.8999999999999
43.1999999999999
43.4999999999999
43.7999999999999
44.0999999999999
44.3999999999999
44.6999999999999
44.9999999999999
45.2999999999999
45.5999999999999
45.8999999999999
46.1999999999999
46.4999999999999
46.7999999999999
47.0999999999999
47.3999999999999
47.6999999999999
47.9999999999999
48.2999999999999
48.5999999999999
48.8999999999999
49.1999999999999
49.4999999999999
49.7999999999999
50.0999999999999
50.3999999999999
50.6999999999999
50.9999999999999
51.2999999999999
51.5999999999999
51.8999999999999
52.1999999999999
52.4999999999999
52.7999999999999
53.0999999999999
53.3999999999998
53.6999999999998
53.9999999999998
54.2999999999998
54.5999999999998
54.8999999999998
55.1999999999998
55.4999999999998
55.7999999999998
56.0999999999998
56.3999999999998
56.6999999999998
56.9999999999998
57.2999999999998
57.5999999999998
57.8999999999998
58.1999999999998
58.4999999999998
58.7999999999998
59.0999999999998
59.3999999999998
59.6999999999998
59.9999999999998
60.2999999999998
60.5999999999998
60.8999999999998
61.1999999999998
61.4999999999998
61.7999999999998
62.0999999999998
62.3999999999998
62.6999999999998
62.9999999999998
63.2999999999998
63.5999999999998
63.8999999999998
64.1999999999997
64.4999999999997
64.7999999999997
65.0999999999997
65.3999999999997
65.6999999999997
65.9999999999997
66.2999999999997
66.5999999999997
66.8999999999997
67.1999999999997
67.4999999999997
67.7999999999997
68.0999999999997
68.3999999999997
68.6999999999997
68.9999999999997
69.2999999999997
69.5999999999997
69.8999999999997
70.1999999999997
70.4999999999997
70.7999999999997
71.0999999999997
71.3999999999997
71.6999999999997
71.9999999999997
72.2999999999997
72.5999999999997
72.8999999999997
73.1999999999997
73.4999999999997
73.7999999999997
Temperature Data
0
0
0
0
0
0
0
0
0
0
0
0
0
0
0
0
0
0
0
0
0
0
0
0
0
0
0
0
0
0
0
0
0
0
0
0
0
0
0
0
0
0
0
0
0
0
0
0
0
0
0
0
0
0
0
0
0
0
0
0
0
0
0
0
0
0
0
0
0
0
0
0
0
0
0
0
0
0
0
0
0
0
0
0
0
0
0
0
0
0
0
0
0
0
0
0
0
0
0
0
0
0
0
0
0
0
0
0
0
0
0
0
0
0
0
0
0
0
0
0
0
0
0
0
0
0
0
0
0
0
0
0
0
0
0
0
0
0
0
0
0
0
0
0
0
0
0
0
0
0
0
0
0
0
0
0
0
0
0
0
0
0
0
0
0
0
0
0
0
0
0
0
0
0
0
0
0
0
0
0
0
0
0
0
0
0
0
0
0
0
0
0
0
0
0
0
0
0
0
0
0
0
0
0
0
0
0
0
0
0
0
0
0
0
0
0
0
0
0
0
0
0
0
0
0
0
0
0
0
0
0
0
0
0
0
0
0
0
0
0
0
0
0
0
0
0
0
Angle Data
0
0
0
0
0
0
0
0
0
0
0
0
0
0
0
0
0
0
0
0
0
0
0
0
0
0
0
0
0
0
0
0
0
0
0
0
0
0
0
0
0
0
0
0
0
0
0
0
0
0
0
0
0
0
0
0
0
0
0
0
0
0
0
0
0
0
0
0
0
0
0
0
0
0
0
0
0
0
0
0
0
0
0
0
0
0
0
0
0
0
0
0
0
0
0
0
0
0
0
0
0
0
0
0
0
0
0
0
0
0
0
0
0
0
0
0
0
0
0
0
0
0
0
0
0
0
0
0
0
0
0
0
0
0
0
0
0
0
0
0
0
0
0
0
0
0
0
0
0
0
0
0
0
0
0
0
0
0
0
0
0
0
0
0
0
0
0
0
0
0
0
0
0
0
0
0
0
0
0
0
0
0
0
0
0
0
0
0
0
0
0
0
0
0
0
0
0
0
0
0
0
0
0
0
0
0
0
0
0
0
0
0
0
0
0
0
0
0
0
0
0
0
0
0
0
0
0
0
0
0
0
0
0
0
0
0
0
0
0
0
0
0
0
0
0
0
0
Bx Data
0
0
0
0
0
0
0
0
0
0
0
0
0
0
0
0
0
0
0
0
0
0
0
0
0
0
0
0
0
0
0
0
0
0
0
0
0
0
0
0
0
0
0
0
0
0
0
0
0
0
0
0
0
0
0
0
0
0
0
0
0
0
0
0
0
0
0
0
0
0
0
0
0
0
0
0
0
0
0
0
0
0
0
0
0
0
0
0
0
0
0
0
0
0
0
0
0
0
0
0
0
0
0
0
0
0
0
0
0
0
0
0
0
0
0
0
0
0
0
0
0
0
0
0
0
0
0
0
0
0
0
0
0
0
0
0
0
0
0
0
0
0
0
0
0
0
0
0
0
0
0
0
0
0
0
0
0
0
0
0
0
0
0
0
0
0
0
0
0
0
0
0
0
0
0
0
0
0
0
0
0
0
0
0
0
0
0
0
0
0
0
0
0
0
0
0
0
0
0
0
0
0
0
0
0
0
0
0
0
0
0
0
0
0
0
0
0
0
0
0
0
0
0
0
0
0
0
0
0
0
0
0
0
0
0
0
0
0
0
0
0
0
0
0
0
0
0
Hint Data
0
0
0
0
0
0
0
0
0
0
0
0
0
0
0
0
0
0
0
0
0
0
0
0
0
0
0
0
0
0
0
0
0
0
0
0
0
0
0
0
0
0
0
0
0
0
0
0
0
0
0
0
0
0
0
0
0
0
0
0
0
0
0
0
0
0
0
0
0
0
0
0
0
0
0
0
0
0
0
0
0
0
0
0
0
0
0
0
0
0
0
0
0
0
0
0
0
0
0
0
0
0
0
0
0
0
0
0
0
0
0
0
0
0
0
0
0
0
0
0
0
0
0
0
0
0
0
0
0
0
0
0
0
0
0
0
0
0
0
0
0
0
0
0
0
0
0
0
0
0
0
0
0
0
0
0
0
0
0
0
0
0
0
0
0
0
0
0
0
0
0
0
0
0
0
0
0
0
0
0
0
0
0
0
0
0
0
0
0
0
0
0
0
0
0
0
0
0
0
0
0
0
0
0
0
0
0
0
0
0
0
0
0
0
0
0
0
0
0
0
0
0
0
0
0
0
0
0
0
0
0
0
0
0
0
0
0
0
0
0
0
0
0
0
0
0
0
Torque Data
0.95272130538
0.94261973663
0.89004127464
0.781820984
0.7435985571
0.647855635432
0.591356885596
0.539072022712
0.458051679387
0.381191873771
0.295123061739
0.2497973975
0.166353970085
0.09804507732
0.0278602219613
-0.0452127099629
-0.1088059985
-0.180328345989
-0.259537482372
-0.330981079437
-0.37617348414
-0.469810807132
-0.53185699624
-0.581847650207
-0.670944206944
-0.7816797765
-0.79703920653
-0.88643461696
-0.95053677486
-1.03843022255
-1.10182227467
-1.1949266671
-1.306256225
-1.34141256008
-1.3202237658
-1.44314893017
-1.52319427078
-1.63020432264
-1.75455365724
-1.86624796429
-1.82979333964
-1.89998133062
-1.96515924178
-2.05876940348
-2.11916247003
-2.13795583518
-2.23308268629
-2.40519104
-2.35855322688
-2.42164292706
-2.53163988308
-2.62227962934
-2.6678499918
-2.7386643459
-2.93836266482
-2.92680609432
-2.83818362658
-3.1131990776
-3.14345713672
-3.13004123382
-3.28813196784
-3.34376405583
-3.401292604
-3.5042537208
-3.56624609528
-3.45191522418
-3.60532038738
-3.7331775579
-3.60518253168
-3.96360971592
-4.0076508936
-4.1690538575
-4.12317631197
-4.2528577572
-4.27780969827
-4.42668888376
-4.28113052288
-4.35097520288
-4.62582716946
-4.65541533744
-4.82156651046
-4.69415998727
-4.7855830482
-4.7459941551
-5.10618514617
-4.9753940262
-5.19417393336
-4.99919886749
-5.30613378856
-5.7240653185
-5.55696399846
-5.59537974416
-5.5921575104
-5.62876931367
-5.8256199591
-5.61415722548
-5.58183632234
-5.76748281735
-5.9297392581
-5.82538744643
-5.5665174136
-5.92248960357
-6.19473692331
-6.4535031096
-6.33709884847
-6.64046457688
-6.7274958503
-6.93431910087
-6.84579620582
-7.13035907505
-6.9426253599
-6.78437461413
-6.96390100539
-6.81178069017
-7.2660035274
-6.901679962
-7.3117490514
-7.317600311
-7.4913052416
-7.6623560656
-7.191372244
-7.9293800412
-7.327843069
-7.9550270752
-7.9916585658
-7.8151493667
-8.048368315
-8.1379681912
-8.2098514192
-8.1152602025
-8.4665127896
-8.6879917416
-8.515545124
-8.4953627422
-8.8915205418
-8.6350156482
-8.8638734076
-8.740329815
-9.0698962048
-9.0023550672
-9.3955405263
-9.3878088018
-9.0150430344
-9.0835804124
-9.5478377631
-8.8476752157
-9.3158490753
-9.5559163734
-9.478810188
-9.5066938174
-9.9895869486
-9.6467058896
-9.94027026
-9.9218072978
-9.6342191787
-9.7931553984
-10.043230824
-10.139753652
-10.600870735
-11.0002111821
-10.4207297102
-10.4440766248
-10.352214072
-10.6582286331
-10.9698936022
-11.116623945
-10.7044894021
-11.580927452
-11.7307282518
-11.1129584928
-11.310136992
-11.33045207
-11.0251926279
-10.6872269052
-11.6005946736
-11.6728850832
-11.8994317344
-11.9216719368
-11.601183528
-12.0665125076
-12.1925693442
-11.8680058511
-12.2059564872
-12.5492886264
-12.29673346
-12.7519636668
-12.3874471384
-12.458329008
-12.5290678264
-12.7725020616
-12.3650082804
-12.2923877504
-12.7327085757
-12.6048630474
-12.6750788918
-13.0327511016
-12.8158602611
-12.8856564889
-13.632163556
-13.1465569634
-13.783026951
-14.245682478
-13.53800794
-14.3957126886
-13.257840393
-13.4189231092
-13.7032110094
-13.7121907419
-13.8790793502
-14.260694615
-13.706403669
-14.4087312666
-13.9731778046
-13.6929196115
-13.8598829005
-15.085772835
-14.904151422
-14.5863339076
-13.9070740401
-14.9613739016
-14.6376000666
-15.3369199195
-14.9776036912
-15.053277776
-15.0555152187
-16.0706339202
-15.8439767927
-14.9981463255
-15.412336288
-15.8953589669
-15.5546007064
-15.4193250029
-15.59518965
-16.5761985679
-15.8423481952
-15.668511999
-15.4897258548
-15.701353811
-16.203151929
-16.2749235855
-16.313241665
-15.6186562307
-16.0909610609
-16.7478992212
-15.7539734464
-17.2626908228
-16.446575649
dMdH Data
-1.08890420399723E-06
1.00935758595309E-06
2.21320189426914E-07
2.77766699900297E-06
4.00874779820691E-06
-5.35840562533007E-07
-4.07781591023024E-07
3.41813042600446E-06
-8.30689928628083E-07
5.0938053779182E-06
-2.94999949155476E-06
4.05547383904181E-06
3.15800808591036E-06
-2.44640975099956E-06
5.32208887968822E-06
1.74609706257216E-06
1.72879060941537E-06
-5.25086929944997E-07
2.01229232882482E-06
5.74536069804604E-07
1.48429548866878E-06
-2.06724216265336E-06
7.8364475616068E-06
1.32161941164165E-07
2.67415707045041E-07
5.25456003207056E-06
-2.44946833987929E-06
3.4675615212528E-06
-1.8761895221877E-06
1.16323783887711E-06
-5.0364077669902E-07
3.34227521112769E-06
1.54137209997013E-06
8.72627665818818E-07
-7.74690123950413E-07
3.67932994316459E-07
3.00365576524075E-07
4.66446314102566E-06
-1.68538238141338E-06
6.01213960546284E-06
2.07756792243209E-06
-8.07239299052021E-07
-1.59744408945604E-08
2.10703707486469E-06
1.95369737227705E-06
3.48456269234583E-07
2.62980445043827E-06
1.09934853420196E-06
-2.16372489348752E-06
1.42517343904856E-06
-5.31400966183563E-07
5.3549571603427E-06
-3.77349110072589E-06
6.70343492985001E-06
1.9235810061498E-06
-1.91971901655796E-06
1.67824074074081E-07
-1.31967460078336E-06
3.48230175993672E-06
-1.10748541481247E-07
3.90775468829194E-06
-3.01927404363567E-06
4.67522211253704E-06
-6.44303538556106E-08
1.89914800871807E-06
-1.9628494829567E-07
4.68954412800643E-06
-3.63451982557551E-06
7.02174537790963E-07
8.55805434008381E-07
2.03233956543705E-06
-1.76772664428226E-07
7.24137931034487E-06
-4.25614104595878E-06
-3.60527894421114E-06
-2.51546810021304E-07
2.37432098765431E-06
6.11725878470199E-06
-3.16217590238915E-07
4.12205353575711E-06
-3.31750799341149E-06
4.65116279069766E-06
-9.87802439512089E-07
3.48467096270258E-06
5.08355849094388E-07
1.81261911926966E-06
-3.68960031815465E-06
3.48904267589359E-07
5.07815631262524E-06
2.63926940639268E-06
-3.2602792862684E-06
-1.94066246697819E-07
-1.83636188827992E-07
4.11818926669395E-06
1.25087701713947E-06
3.8934073294421E-06
-5.44944965348551E-06
3.1439547108775E-06
1.29807692307696E-06
3.54367513876715E-06
-1.98923395445138E-06
-1.39664804469273E-06
-2.72839623538305E-07
4.15370539798713E-06
3.80739415623142E-06
1.23195669607056E-06
-5.36070147469122E-07
-1.85220821706919E-06
8.58122416053226E-07
-1.05049273595441E-06
2.71878309425242E-06
2.3276892430279E-06
3.2127659574468E-06
-2.26825226630273E-06
9.60960960960463E-08
9.64717741935529E-07
-3.94146825396819E-06
4.91013384321236E-06
2.36863543788181E-06
-4.07676767676779E-06
4.38365384615388E-06
-2.59289340101526E-06
5.76735092864124E-06
2.9263370332998E-07
-2.99200000000001E-06
3.00389105058363E-06
-3.07984031936126E-06
8.7462686567163E-07
6.23665659617317E-06
-8.02697495183032E-06
9.15369059656223E-06
4.64646464646505E-07
-2.8481375358166E-06
3.40081383519841E-06
1.99088145896654E-06
2.19902439024396E-06
-3.21653543307086E-06
-2.99802761341236E-07
4.23847695390794E-07
5.58257345491405E-07
1.27421953675729E-05
-8.94161958568746E-06
-1.76530612244904E-06
3.80445795339407E-06
-5.95945945945946E-06
5.24497991967864E-06
1.51907630522091E-06
3.0948191593353E-06
-9.85177865612722E-07
4.68951612903227E-06
-6.46237623762383E-06
3.14051973051012E-06
-3.81338742393535E-07
-1.45400000000004E-06
-1.83781094527356E-06
3.29494949494951E-06
-1.09541984732819E-06
4.667005076142E-06
2.05500982318281E-06
1.85685483870965E-06
4.37059415911314E-07
-2.412213740458E-06
-2.07605344295989E-06
2.93353174603173E-06
3.63013698630187E-07
-2.35265225933206E-06
5.42185903983642E-06
1.08424182358773E-06
-1.90147783251211E-07
2.44586614173231E-06
2.0438775510204E-06
-2.26234269119067E-06
-4.17434869739476E-06
4.91006842619746E-06
-7.35557768924309E-06
3.70182555780938E-06
3.06666666666664E-06
2.44543650793654E-06
1.81541582150103E-06
4.31274900398352E-07
-3.38108882521469E-07
-3.92951991828394E-06
-2.13663366336638E-06
8.19860279441115E-06
-2.88745019920309E-06
-6.10829268292686E-06
4.10696266397587E-06
1.25985844287155E-06
-1.87286527514231E-06
-3.75406504065044E-06
6.65520728008085E-06
-1.37044334975369E-06
4.338220918866E-06
-3.994023904382E-07
5.09558067831456E-06
1.62788461538461E-06
1.70641282565133E-06
-7.17961654894039E-06
9.21606118546862E-07
-7.79880478087668E-07
3.09300000000002E-06
-6.07614213197977E-06
8.56212424849697E-06
-1.76663452266151E-06
5.92407592407541E-07
-3.0362903225806E-06
8.98496993987975E-06
-4.62296650717703E-06
-4.20837589376898E-07
-8.65671641791086E-08
-4.53049370764752E-07
7.45676500508636E-07
-1.22122122122117E-06
4.24277456647399E-06
-6.21985815602826E-06
6.24685382381419E-06
-5.44964394710077E-06
9.89730807577273E-06
-6.69922630560925E-06
5.13319878910205E-06
2.68415741675049E-07
6.74924774322985E-06
-8.0406427221173E-06
7.22451081359427E-06
-5.08673469387752E-06
4.82692307692306E-06
-6.74302788844593E-07
-6.3443902439025E-06
6.24872579001025E-07
7.07242063492068E-06
-2.25636007827786E-06
1.4925668979187E-06
-6.20854526958297E-06
3.56888007928632E-06
-1.83608147429676E-06
9.06344410876093E-07
7.35412474849086E-07
-6.24999999999916E-07
2.7497497497498E-06
-2.32497589199616E-06
2.68138801261782E-07
8.52504816955676E-06
-9.5958291956309E-06
1.75592885375491E-06
1.17444219066938E-06
1.09514370664025E-06
1.09514370664025E-06
dMdT Data
0
0
0
0
0
0
0
0
0
0
0
0
0
0
0
0
0
0
0
0
0
0
0
0
0
0
0
0
0
0
0
0
0
0
0
0
0
0
0
0
0
0
0
0
0
0
0
0
0
0
0
0
0
0
0
0
0
0
0
0
0
0
0
0
0
0
0
0
0
0
0
0
0
0
0
0
0
0
0
0
0
0
0
0
0
0
0
0
0
0
0
0
0
0
0
0
0
0
0
0
0
0
0
0
0
0
0
0
0
0
0
0
0
0
0
0
0
0
0
0
0
0
0
0
0
0
0
0
0
0
0
0
0
0
0
0
0
0
0
0
0
0
0
0
0
0
0
0
0
0
0
0
0
0
0
0
0
0
0
0
0
0
0
0
0
0
0
0
0
0
0
0
0
0
0
0
0
0
0
0
0
0
0
0
0
0
0
0
0
0
0
0
0
0
0
0
0
0
0
0
0
0
0
0
0
0
0
0
0
0
0
0
0
0
0
0
0
0
0
0
0
0
0
0
0
0
0
0
0
0
0
0
0
0
0
0
0
0
0
0
0
0
0
0
0
0
0
 
*********************************************** Results ***************************************
 
TotalArea 0
AreaFirstQuad 0
AreaSecondQuad 0
AreaThirdQuad 0
AreaFourthQuad 0
Coercivity 0
PositiveCoercivity 0
NegativeCoercivity 0
Retentivity 1.67448810437115E-04
PositiveRetentivity 2.77013422467264E-03
NegativeRetentivity 3.10503184554687E-03
Magnetization 0.0048341
PositiveMagnetization 0.0048341
NegativeMagnetization 0.0029169
Flatness -17.543170521435
Squareness 3.46390869938799E-02
SStar 0
SFD1 0
SFD2 0
Slope 0
Intercept 0
SlopeAtHc 1.09514370664025E-06
dH1 -76.8886784633723
dH2 190.13725
InitialSlope -1.08890420399723E-06
FieldAtHalfMs 2335.73
FieldAtMs 2295.59
MomentMean 4.08847542510121E-03
MomentRMS 5.39669620925732E-04
SFD3 0
dH3 -153.777356926745
UserField1 0
UserField2 0
CenterField 0
ExchangeField 0
ExchangeMoment 0
ExRegionOneIntercept 0
ExRegionOneSlope 0
ExRegionTwoIntercept 0
ExRegionTwoSlope 0
NegativeIntercept 0
NegativeSlope 0
AutoCenterOffset 0
PinningField 0
PinningMoment 0
PinRegionOneIntercept 0
PinRegionOneSlope 0
PinRegionTwoIntercept 0
PinRegionTwoSlope 0
PositiveIntercept 0
PositiveSlope 0
TotalOffset 0
BHMax 0
BCoercivity 0
BRetentivity 0
BNegativeCoercivity 0
BPositiveCoercivity 0
BNegativeRetentivity 0
BPositiveRetentivity 0
MomentYMean -7.10242858299595E-03
MomentYRMS 1.98228292103474E-04
YOffCorrection 0
Mrt 0
Ms1 0
Ms2 0
Ms3 0
Hc2 0
Hex2 0
HsatValue 0
HsatIntercept 0
HsatSlope 0
CenterH 0
Span .0019172
SpanAsPercentOfRange -36.1735849056604
RMSAsPercentOfRange -10.182445677844
SpanAsPercentOfMean 46.8927852232972
RMSAsPercentOfMean 13.1997765624914
