Version 1.25
******************************************** Units *******************************************
System CGS
TemperatureUnit K
MomentUnit emu
AppliedFieldUnit G
 
******************************************** Setup ********************************************
 
Experiment CustomField
Minor False
Acquisition Continuous
EditedPoint No
MaxField 15000
FieldIncrement 100
Points 293
MinField 0
RampRate 10
AverageTime 0.3
TimeInterval 0
TimeConstant 0.1
TimeConstantIndex 0
Sensitivity -0.0053
SensitivityIndex 5
SensitivityY -400
SensitivityIndexY 0
SaturationField 8000
ExperimentTime 100
Use735Domains True
AutoRangeEnabled False
NumberOfVertices 2
VertexPts
0
292
VertexField
-2114.5363
837.1763
StartAngle 0
EndAngle 0
AngleIncrement 0
StartTemp 0
FinishTemp 0
TempIncrement 0
TempPoints 0
LengthofSetPointsArray 293
SetPointArray
-2114.53634
-2104.42774
-2094.31913
-2084.21053
-2074.10192
-2063.99332
-2053.88471
-2043.77611
-2033.6675
-2023.5589
-2013.45029
-2003.34169
-1993.23308
-1983.12448
-1973.01587
-1962.90727
-1952.79866
-1942.69006
-1932.58145
-1922.47285
-1912.36424
-1902.25564
-1892.14703
-1882.03843
-1871.92982
-1861.82122
-1851.71261
-1841.60401
-1831.49541
-1821.3868
-1811.2782
-1801.16959
-1791.06099
-1780.95238
-1770.84378
-1760.73517
-1750.62657
-1740.51796
-1730.40936
-1720.30075
-1710.19215
-1700.08354
-1689.97494
-1679.86633
-1669.75773
-1659.64912
-1649.54052
-1639.43191
-1629.32331
-1619.2147
-1609.1061
-1598.99749
-1588.88889
-1578.78028
-1568.67168
-1558.56307
-1548.45447
-1538.34586
-1528.23726
-1518.12865
-1508.02005
-1497.91145
-1487.80284
-1477.69424
-1467.58563
-1457.47703
-1447.36842
-1437.25982
-1427.15121
-1417.04261
-1406.934
-1396.8254
-1386.71679
-1376.60819
-1366.49958
-1356.39098
-1346.28237
-1336.17377
-1326.06516
-1315.95656
-1305.84795
-1295.73935
-1285.63074
-1275.52214
-1265.41353
-1255.30493
-1245.19632
-1235.08772
-1224.97911
-1214.87051
-1204.7619
-1194.6533
-1184.5447
-1174.43609
-1164.32749
-1154.21888
-1144.11028
-1134.00167
-1123.89307
-1113.78446
-1103.67586
-1093.56725
-1083.45865
-1073.35004
-1063.24144
-1053.13283
-1043.02423
-1032.91562
-1022.80702
-1012.69841
-1002.58981
-992.4812
-982.3726
-972.26399
-962.15539
-952.04678
-941.93818
-931.82957
-921.72097
-911.61236
-901.50376
-891.39515
-881.28655
-871.17794
-861.06934
-850.96074
-840.85213
-830.74353
-820.63492
-810.52632
-800.41771
-790.30911
-780.2005
-770.0919
-759.98329
-749.87469
-739.76608
-729.65748
-719.54887
-709.44027
-699.33166
-689.22306
-679.11445
-669.00585
-658.89724
-648.78864
-638.68003
-628.57143
-618.46282
-608.35422
-598.24561
-588.13701
-578.0284
-567.9198
-557.81119
-547.70259
-537.59398
-527.48538
-517.37678
-507.26817
-497.15957
-487.05096
-476.94236
-466.83375
-456.72515
-446.61654
-436.50794
-426.39933
-416.29073
-406.18212
-396.07352
-385.96491
-375.85631
-365.7477
-355.6391
-345.53049
-335.42189
-325.31328
-315.20468
-305.09607
-294.98747
-284.87886
-274.77026
-264.66165
-254.55305
-244.44444
-234.33584
-224.22723
-214.11863
-204.01003
-193.90142
-183.79282
-173.68421
-163.57561
-153.467
-143.3584
-133.24979
-123.14119
-113.03258
-102.92398
-92.81537
-82.70677
-72.59816
-62.48956
-52.38095
-42.27235
-32.16374
-22.05514
-11.94653
-1.83793
8.27068
18.37928
28.48789
38.59649
48.7051
58.8137
68.92231
79.03091
89.13952
99.24812
109.35673
119.46533
129.57393
139.68254
149.79114
159.89975
170.00835
180.11696
190.22556
200.33417
210.44277
220.55138
230.65998
240.76859
250.87719
260.9858
271.0944
281.20301
291.31161
301.42022
311.52882
321.63743
331.74603
341.85464
351.96324
362.07185
372.18045
382.28906
392.39766
402.50627
412.61487
422.72348
432.83208
442.94069
453.04929
463.15789
473.2665
483.3751
493.48371
503.59231
513.70092
523.80952
533.91813
544.02673
554.13534
564.24394
574.35255
584.46115
594.56976
604.67836
614.78697
624.89557
635.00418
645.11278
655.22139
665.32999
675.4386
685.5472
695.65581
705.76441
715.87302
725.98162
736.09023
746.19883
756.30744
766.41604
776.52464
786.63325
796.74185
806.85046
816.95906
827.06767
837.17627
FieldDomainFile C:\IDEASVSM\Default UserID\Experiments\FORCexp0319B\fdomain.ini
TempDomainFile C:\IDEASVSM\Default UserID\Experiments\FORCexp0319B\tdomain.ini
NumSelectedResults 0
ResultsSelected 
UserName1 
UserValue1 
UserName2 
UserValue2 
LinearBackgroundCorrection Off
MaxLinearFieldCorrection 
MinLinearFieldCorrection 
AutoLinearCorrection Off
FitOneRegion Off
BackgroundMode Off
BackgroundFilename 
AutoCenter Off
OffsetCorrection 
SmoothDeriv Off
DerivOrder 0
DerivPoints 0
MinExFieldOne 
MaxExFieldOne 
MinExFieldTwo 
MaxExFieldTwo 
MinPinFieldOne 
MaxPinFieldOne 
MinPinFieldTwo 
MaxPinFieldTwo 
HCenterStart 
Mass 
Volume 
Density 
MolarWeight 
NumberOfMoles 
Demagnetization 
SampleArea 
Thickness 
MomentScaling 0
XAxis 0
YAxis 0
SimpleSpinValve False
HsatMax 0
HsatMin 0
FieldAutoRange False
 
*************************************************** Experiment Data ********************************************
 
DataPoints 293
MomentX Data
-0.00473481
-0.00465864
-0.00472654
-0.00471874
-0.00469786
-0.00469736
-0.00469401
-0.00465733
-0.004693
-0.00467682
-0.0046653
-0.00467666
-0.00465077
-0.00463991
-0.00465291
-0.00463059
-0.00461951
-0.00463349
-0.00461561
-0.0046133
-0.00460707
-0.00463151
-0.00462102
-0.00466907
-0.00460682
-0.00461099
-0.00458973
-0.00460269
-0.00458501
-0.0045989
-0.00460959
-0.00459885
-0.00454884
-0.00454515
-0.00456502
-0.00458123
-0.00456214
-0.00454409
-0.00455794
-0.00453125
-0.00455308
-0.00450652
-0.00454524
-0.00450076
-0.00455661
-0.0045226
-0.00450809
-0.0045124
-0.00451317
-0.00450269
-0.00451327
-0.00452028
-0.00446272
-0.00446079
-0.00447207
-0.00446912
-0.0044933
-0.00447365
-0.00444851
-0.00447077
-0.00442155
-0.00446626
-0.00443954
-0.00442603
-0.00445025
-0.0043945
-0.00441931
-0.00439511
-0.00440222
-0.00442713
-0.0044268
-0.00438031
-0.00438159
-0.00437873
-0.00439101
-0.00432583
-0.00436711
-0.00436278
-0.00431933
-0.00434018
-0.00435324
-0.00435334
-0.00435353
-0.00432706
-0.00429551
-0.00432095
-0.0043328
-0.0043333
-0.00433828
-0.00431691
-0.00426653
-0.00426861
-0.0042399
-0.00427109
-0.00424591
-0.00427337
-0.00424169
-0.00424415
-0.00422636
-0.00422296
-0.0042244
-0.00420879
-0.00420187
-0.0041975
-0.00417704
-0.00419592
-0.00418827
-0.00412119
-0.00418752
-0.00414804
-0.00416047
-0.00409602
-0.004119
-0.00416118
-0.0041474
-0.0041433
-0.00410396
-0.00409254
-0.00405698
-0.00407816
-0.00405666
-0.00408045
-0.00409524
-0.00404578
-0.00410366
-0.00405108
-0.00400087
-0.00403635
-0.00404822
-0.00403081
-0.00398259
-0.00397239
-0.00396037
-0.00395717
-0.00395303
-0.00396686
-0.00398699
-0.00394724
-0.00394449
-0.00389861
-0.00390138
-0.00386163
-0.00396753
-0.00392216
-0.00384974
-0.00386721
-0.00387697
-0.00390453
-0.00386063
-0.00388365
-0.00388454
-0.00383013
-0.00377884
-0.0037894
-0.00384234
-0.00379434
-0.00372287
-0.00374368
-0.00371762
-0.00378057
-0.00378523
-0.00374596
-0.00373575
-0.00376249
-0.00374734
-0.0036857
-0.00368081
-0.00366939
-0.00356798
-0.00357589
-0.00367511
-0.0036334
-0.00360157
-0.00360968
-0.00358929
-0.00357416
-0.00358132
-0.00355575
-0.0036008
-0.00350694
-0.0035148
-0.00354964
-0.00349826
-0.00342796
-0.00344488
-0.0034171
-0.00346633
-0.00346707
-0.00340754
-0.00341013
-0.00339667
-0.00340337
-0.00338336
-0.00338008
-0.00336038
-0.00342865
-0.0033414
-0.00333603
-0.00333586
-0.00327215
-0.00328678
-0.00318839
-0.00316494
-0.00318424
-0.0031615
-0.0032231
-0.00322761
-0.00318577
-0.00315557
-0.00307309
-0.00308835
-0.0031228
-0.00317498
-0.00307948
-0.00310667
-0.0030303
-0.00307189
-0.00299251
-0.00293941
-0.00293731
-0.00298701
-0.00299041
-0.00291569
-0.00286297
-0.00281757
-0.00290938
-0.00286248
-0.00286509
-0.00278982
-0.0028378
-0.00271803
-0.00285429
-0.00270261
-0.00269112
-0.00264317
-0.002674
-0.00256723
-0.00264445
-0.00261021
-0.00259579
-0.00251434
-0.00251538
-0.0024952
-0.00249831
-0.00247963
-0.00248965
-0.00246368
-0.00244117
-0.00235063
-0.00236946
-0.00219148
-0.00226008
-0.0022271
-0.00218199
-0.00219426
-0.00210728
-0.00214469
-0.00209775
-0.0020248
-0.00187186
-0.0019365
-0.00191736
-0.00184855
-0.00179659
-0.00174174
-0.0017713
-0.00170341
-0.00167282
-0.00154178
-0.00158306
-0.00150933
-0.00142915
-0.00129992
-0.00131458
-0.00122979
-0.00114402
-0.00112192
-0.00105308
-0.000787925
-0.000712138
-0.00076563
-0.000640608
-0.000535376
-0.000418879
-0.000301972
-0.000142343
-0.00010867
-0.0000804828
0.000115782
0.000283004
0.000312088
0.000446218
0.000609423
MomentY Data
-0.00588099
-0.00599225
-0.00546773
-0.00561078
-0.00567436
-0.00581741
-0.00581741
-0.00591278
-0.00588099
-0.00632604
-0.00572205
-0.00594457
-0.00603994
-0.00583331
-0.00597636
-0.00562668
-0.00570615
-0.00592868
-0.00549952
-0.00632604
-0.00589689
-0.00618299
-0.00632604
-0.00592868
-0.0061353
-0.00578562
-0.00592868
-0.00629425
-0.00607173
-0.00600815
-0.00626246
-0.00600815
-0.00578562
-0.00616709
-0.00603994
-0.00591278
-0.00562668
-0.00583331
-0.00581741
-0.00583331
-0.00561078
-0.00592868
-0.00616709
-0.00602404
-0.00589689
-0.00557899
-0.00607173
-0.00603994
-0.00603994
-0.00596046
-0.00603994
-0.00591278
-0.00600815
-0.00629425
-0.00619888
-0.00578562
-0.00588099
-0.00594457
-0.00592868
-0.00616709
-0.00576973
-0.00603994
-0.00592868
-0.00607173
-0.00591278
-0.0058651
-0.00642141
-0.00603994
-0.00623067
-0.00565847
-0.00623067
-0.00600815
-0.00581741
-0.00654856
-0.00603994
-0.00583331
-0.00623067
-0.00608762
-0.00623067
-0.00607173
-0.0058492
-0.00600815
-0.00572205
-0.00616709
-0.00629425
-0.00600815
-0.00602404
-0.0061353
-0.00572205
-0.0061353
-0.0061353
-0.00562668
-0.0061353
-0.00607173
-0.00623067
-0.00616709
-0.00573794
-0.00607173
-0.00594457
-0.00623067
-0.00626246
-0.00581741
-0.00594457
-0.00597636
-0.00578562
-0.00611941
-0.00583331
-0.00619888
-0.00610352
-0.00605583
-0.00591278
-0.00616709
-0.0061353
-0.00626246
-0.00589689
-0.00607173
-0.00616709
-0.00607173
-0.00619888
-0.00619888
-0.00632604
-0.00599225
-0.00623067
-0.00632604
-0.00616709
-0.00607173
-0.0061512
-0.00626246
-0.00594457
-0.00658035
-0.00619888
-0.00607173
-0.00607173
-0.00605583
-0.00610352
-0.00619888
-0.0058492
-0.00562668
-0.00642141
-0.00600815
-0.00635783
-0.00638962
-0.00607173
-0.00623067
-0.00623067
-0.00610352
-0.00597636
-0.00591278
-0.00626246
-0.0061353
-0.00572205
-0.00610352
-0.00623067
-0.00629425
-0.00610352
-0.00603994
-0.00580152
-0.00616709
-0.00616709
-0.00638962
-0.00603994
-0.00592868
-0.00588099
-0.00607173
-0.00583331
-0.00632604
-0.00572205
-0.00600815
-0.00626246
-0.00578562
-0.00603994
-0.00632604
-0.00626246
-0.00608762
-0.00592868
-0.00588099
-0.00616709
-0.00623067
-0.0061353
-0.00635783
-0.00610352
-0.00597636
-0.0061353
-0.00623067
-0.00616709
-0.0061353
-0.00603994
-0.00581741
-0.00642141
-0.00619888
-0.0061353
-0.00603994
-0.00600815
-0.00619888
-0.00607173
-0.00597636
-0.00594457
-0.00578562
-0.00605583
-0.00588099
-0.00591278
-0.00619888
-0.00623067
-0.00607173
-0.00600815
-0.00578562
-0.00638962
-0.00597636
-0.00648499
-0.00619888
-0.00629425
-0.00632604
-0.00592868
-0.00626246
-0.00632604
-0.00635783
-0.00603994
-0.00603994
-0.0061353
-0.00616709
-0.00581741
-0.00597636
-0.00603994
-0.0061353
-0.0061353
-0.00597636
-0.00608762
-0.00607173
-0.00651677
-0.00607173
-0.00597636
-0.00610352
-0.00610352
-0.00602404
-0.00629425
-0.00616709
-0.00629425
-0.00623067
-0.00619888
-0.00610352
-0.00610352
-0.00634193
-0.00635783
-0.00629425
-0.00603994
-0.00638962
-0.00619888
-0.00623067
-0.00602404
-0.00626246
-0.00654856
-0.00626246
-0.00661214
-0.00623067
-0.00626246
-0.00597636
-0.00602404
-0.0061353
-0.00623067
-0.00596046
-0.00664393
-0.00616709
-0.00581741
-0.00607173
-0.00629425
-0.0064532
-0.00623067
-0.00616709
-0.00670751
-0.00603994
-0.00619888
-0.00623067
-0.00623067
-0.00667572
-0.00651677
-0.00626246
-0.00638962
-0.00635783
-0.00658035
-0.00642141
-0.00654856
-0.00623067
-0.00638962
-0.00596046
-0.00619888
-0.00648499
-0.00664393
-0.00626246
-0.00632604
-0.00635783
-0.00638962
-0.00651677
-0.00664393
Field Data
-2113.28
-2106
-2096.47
-2086.26
-2076.22
-2065.95
-2055.8
-2045.83
-2035.35
-2025.57
-2015.56
-2005.33
-1995.25
-1985.42
-1975.33
-1964.92
-1954.92
-1945.09
-1934.68
-1924.64
-1914.72
-1904.63
-1894.25
-1884.26
-1874.19
-1864.2
-1854.33
-1843.63
-1834.04
-1824.09
-1813.81
-1803.67
-1793.77
-1783.65
-1773.35
-1763.5
-1753.4
-1743.03
-1732.98
-1722.79
-1713.01
-1703.02
-1692.58
-1682.69
-1672.63
-1662.41
-1652.48
-1642.35
-1632.41
-1622
-1612.14
-1602.21
-1591.74
-1582.06
-1571.63
-1561.87
-1551.48
-1541.61
-1531.72
-1521.2
-1511.34
-1501.23
-1491.3
-1481.29
-1470.81
-1460.98
-1450.54
-1440.79
-1430.94
-1420.44
-1410.53
-1400.58
-1390.28
-1380.24
-1370.26
-1360.36
-1349.86
-1340.04
-1329.94
-1319.77
-1309.86
-1299.38
-1289.69
-1279.74
-1269.44
-1259.33
-1249.52
-1239.28
-1229.09
-1219.12
-1209.07
-1198.82
-1188.86
-1178.9
-1168.65
-1158.65
-1148.4
-1138.51
-1128.18
-1118.39
-1108.43
-1098.02
-1087.97
-1077.96
-1067.9
-1058
-1047.63
-1037.56
-1027.65
-1017.59
-1007.25
-997.421
-987.421
-977.026
-967.205
-957.201
-946.851
-936.844
-926.916
-916.964
-906.455
-896.589
-886.565
-876.287
-866.489
-856.221
-846.118
-836.338
-826.118
-816.09
-805.726
-795.808
-785.956
-775.678
-765.554
-755.344
-745.513
-735.541
-725.295
-715.162
-705.314
-694.968
-685.236
-674.897
-664.85
-654.531
-644.687
-634.774
-624.489
-614.37
-604.518
-594.43
-584.015
-574.174
-564.244
-553.829
-543.971
-534.081
-523.852
-513.582
-503.696
-493.714
-483.295
-473.404
-463.05
-453.396
-443.237
-432.983
-422.958
-413.091
-402.734
-392.716
-382.832
-372.841
-362.323
-352.457
-342.35
-332.457
-322.309
-312.044
-302.123
-292.116
-281.924
-271.858
-261.864
-251.702
-241.608
-231.682
-221.639
-211.351
-201.52
-191.218
-181.177
-171.087
-161.15
-151.017
-140.939
-130.733
-120.744
-110.782
-100.78
-90.3513
-80.2732
-70.391
-60.1589
-50.2803
-39.8457
-30.1353
-20.4847
-9.73683
0.366696
10.2628
20.2474
30.5006
40.5669
50.2815
60.909
70.651
80.4548
91.1455
101.074
111.324
121.013
134.377
144.639
154.723
164.647
174.746
184.998
194.89
204.916
215.263
225.199
235.102
245.378
255.427
265.638
275.668
285.517
295.83
305.894
315.992
325.811
339.155
349.459
359.578
369.491
379.701
389.745
399.968
409.907
419.838
429.911
440.345
450.226
460.112
470.542
480.44
490.323
500.761
510.655
520.643
530.622
540.982
550.85
561.001
571.157
581.161
591.07
601.248
611.389
621.379
631.471
641.658
651.909
661.763
671.926
681.749
692.202
702.077
711.943
722.188
732.3
742.202
752.322
762.734
772.505
782.437
792.89
802.936
813.154
822.86
832.696
Time Data
0
0.3
0.6
0.9
1.2
1.5
1.8
2.1
2.4
2.7
3
3.3
3.6
3.9
4.2
4.5
4.8
5.1
5.4
5.7
6
6.3
6.6
6.9
7.2
7.5
7.8
8.1
8.4
8.7
9
9.3
9.6
9.9
10.2
10.5
10.8
11.1
11.4
11.7
12
12.3
12.6
12.9
13.2
13.5
13.8
14.1
14.4
14.7
15
15.3
15.6
15.9
16.2
16.5
16.8
17.1
17.4
17.7
18
18.3
18.6
18.9
19.2
19.5
19.8
20.1
20.4
20.7
21
21.3
21.6
21.9
22.2
22.5
22.8
23.1
23.4
23.7
24
24.3
24.6
24.9
25.2
25.5
25.8
26.1
26.4
26.7
27
27.3
27.6
27.9
28.2
28.5
28.8
29.1
29.4
29.7
30.0000000000001
30.3000000000001
30.6000000000001
30.9000000000001
31.2000000000001
31.5000000000001
31.8000000000001
32.1000000000001
32.4
32.7
33
33.3
33.6
33.9
34.2
34.5
34.8
35.1
35.4
35.7
36
36.3
36.6
36.9
37.2
37.5
37.8
38.1
38.4
38.7
39
39.3
39.6
39.9
40.2
40.5
40.8
41.1
41.4
41.7
42
42.3
42.6
42.8999999999999
43.1999999999999
43.4999999999999
43.7999999999999
44.0999999999999
44.3999999999999
44.6999999999999
44.9999999999999
45.2999999999999
45.5999999999999
45.8999999999999
46.1999999999999
46.4999999999999
46.7999999999999
47.0999999999999
47.3999999999999
47.6999999999999
47.9999999999999
48.2999999999999
48.5999999999999
48.8999999999999
49.1999999999999
49.4999999999999
49.7999999999999
50.0999999999999
50.3999999999999
50.6999999999999
50.9999999999999
51.2999999999999
51.5999999999999
51.8999999999999
52.1999999999999
52.4999999999999
52.7999999999999
53.0999999999999
53.3999999999998
53.6999999999998
53.9999999999998
54.2999999999998
54.5999999999998
54.8999999999998
55.1999999999998
55.4999999999998
55.7999999999998
56.0999999999998
56.3999999999998
56.6999999999998
56.9999999999998
57.2999999999998
57.5999999999998
57.8999999999998
58.1999999999998
58.4999999999998
58.7999999999998
59.0999999999998
59.3999999999998
59.6999999999998
59.9999999999998
60.2999999999998
60.5999999999998
60.8999999999998
61.1999999999998
61.4999999999998
61.7999999999998
62.0999999999998
62.3999999999998
62.6999999999998
62.9999999999998
63.2999999999998
63.5999999999998
63.8999999999998
64.1999999999997
64.4999999999997
64.7999999999997
65.0999999999997
65.3999999999997
65.6999999999997
65.9999999999997
66.2999999999997
66.5999999999997
66.8999999999997
67.1999999999997
67.4999999999997
67.7999999999997
68.0999999999997
68.3999999999997
68.6999999999997
68.9999999999997
69.2999999999997
69.5999999999997
69.8999999999997
70.1999999999997
70.4999999999997
70.7999999999997
71.0999999999997
71.3999999999997
71.6999999999997
71.9999999999997
72.2999999999997
72.5999999999997
72.8999999999997
73.1999999999997
73.4999999999997
73.7999999999997
74.0999999999997
74.3999999999997
74.6999999999996
74.9999999999996
75.2999999999996
75.5999999999996
75.8999999999996
76.1999999999996
76.4999999999996
76.7999999999996
77.0999999999996
77.3999999999996
77.6999999999996
77.9999999999996
78.2999999999996
78.5999999999996
78.8999999999996
79.1999999999996
79.4999999999996
79.7999999999996
80.0999999999996
80.3999999999996
80.6999999999996
80.9999999999996
81.2999999999996
81.5999999999996
81.8999999999996
82.1999999999996
82.4999999999996
82.7999999999996
83.0999999999996
83.3999999999996
83.6999999999996
83.9999999999996
84.2999999999996
84.5999999999996
84.8999999999996
85.1999999999995
85.4999999999995
85.7999999999995
86.0999999999995
86.3999999999995
86.6999999999995
86.9999999999995
87.2999999999995
87.5999999999995
Temperature Data
0
0
0
0
0
0
0
0
0
0
0
0
0
0
0
0
0
0
0
0
0
0
0
0
0
0
0
0
0
0
0
0
0
0
0
0
0
0
0
0
0
0
0
0
0
0
0
0
0
0
0
0
0
0
0
0
0
0
0
0
0
0
0
0
0
0
0
0
0
0
0
0
0
0
0
0
0
0
0
0
0
0
0
0
0
0
0
0
0
0
0
0
0
0
0
0
0
0
0
0
0
0
0
0
0
0
0
0
0
0
0
0
0
0
0
0
0
0
0
0
0
0
0
0
0
0
0
0
0
0
0
0
0
0
0
0
0
0
0
0
0
0
0
0
0
0
0
0
0
0
0
0
0
0
0
0
0
0
0
0
0
0
0
0
0
0
0
0
0
0
0
0
0
0
0
0
0
0
0
0
0
0
0
0
0
0
0
0
0
0
0
0
0
0
0
0
0
0
0
0
0
0
0
0
0
0
0
0
0
0
0
0
0
0
0
0
0
0
0
0
0
0
0
0
0
0
0
0
0
0
0
0
0
0
0
0
0
0
0
0
0
0
0
0
0
0
0
0
0
0
0
0
0
0
0
0
0
0
0
0
0
0
0
0
0
0
0
0
0
0
0
0
0
0
0
0
0
0
0
0
0
0
0
0
0
0
0
0
0
0
0
0
0
Angle Data
0
0
0
0
0
0
0
0
0
0
0
0
0
0
0
0
0
0
0
0
0
0
0
0
0
0
0
0
0
0
0
0
0
0
0
0
0
0
0
0
0
0
0
0
0
0
0
0
0
0
0
0
0
0
0
0
0
0
0
0
0
0
0
0
0
0
0
0
0
0
0
0
0
0
0
0
0
0
0
0
0
0
0
0
0
0
0
0
0
0
0
0
0
0
0
0
0
0
0
0
0
0
0
0
0
0
0
0
0
0
0
0
0
0
0
0
0
0
0
0
0
0
0
0
0
0
0
0
0
0
0
0
0
0
0
0
0
0
0
0
0
0
0
0
0
0
0
0
0
0
0
0
0
0
0
0
0
0
0
0
0
0
0
0
0
0
0
0
0
0
0
0
0
0
0
0
0
0
0
0
0
0
0
0
0
0
0
0
0
0
0
0
0
0
0
0
0
0
0
0
0
0
0
0
0
0
0
0
0
0
0
0
0
0
0
0
0
0
0
0
0
0
0
0
0
0
0
0
0
0
0
0
0
0
0
0
0
0
0
0
0
0
0
0
0
0
0
0
0
0
0
0
0
0
0
0
0
0
0
0
0
0
0
0
0
0
0
0
0
0
0
0
0
0
0
0
0
0
0
0
0
0
0
0
0
0
0
0
0
0
0
0
0
Bx Data
0
0
0
0
0
0
0
0
0
0
0
0
0
0
0
0
0
0
0
0
0
0
0
0
0
0
0
0
0
0
0
0
0
0
0
0
0
0
0
0
0
0
0
0
0
0
0
0
0
0
0
0
0
0
0
0
0
0
0
0
0
0
0
0
0
0
0
0
0
0
0
0
0
0
0
0
0
0
0
0
0
0
0
0
0
0
0
0
0
0
0
0
0
0
0
0
0
0
0
0
0
0
0
0
0
0
0
0
0
0
0
0
0
0
0
0
0
0
0
0
0
0
0
0
0
0
0
0
0
0
0
0
0
0
0
0
0
0
0
0
0
0
0
0
0
0
0
0
0
0
0
0
0
0
0
0
0
0
0
0
0
0
0
0
0
0
0
0
0
0
0
0
0
0
0
0
0
0
0
0
0
0
0
0
0
0
0
0
0
0
0
0
0
0
0
0
0
0
0
0
0
0
0
0
0
0
0
0
0
0
0
0
0
0
0
0
0
0
0
0
0
0
0
0
0
0
0
0
0
0
0
0
0
0
0
0
0
0
0
0
0
0
0
0
0
0
0
0
0
0
0
0
0
0
0
0
0
0
0
0
0
0
0
0
0
0
0
0
0
0
0
0
0
0
0
0
0
0
0
0
0
0
0
0
0
0
0
0
0
0
0
0
0
Hint Data
0
0
0
0
0
0
0
0
0
0
0
0
0
0
0
0
0
0
0
0
0
0
0
0
0
0
0
0
0
0
0
0
0
0
0
0
0
0
0
0
0
0
0
0
0
0
0
0
0
0
0
0
0
0
0
0
0
0
0
0
0
0
0
0
0
0
0
0
0
0
0
0
0
0
0
0
0
0
0
0
0
0
0
0
0
0
0
0
0
0
0
0
0
0
0
0
0
0
0
0
0
0
0
0
0
0
0
0
0
0
0
0
0
0
0
0
0
0
0
0
0
0
0
0
0
0
0
0
0
0
0
0
0
0
0
0
0
0
0
0
0
0
0
0
0
0
0
0
0
0
0
0
0
0
0
0
0
0
0
0
0
0
0
0
0
0
0
0
0
0
0
0
0
0
0
0
0
0
0
0
0
0
0
0
0
0
0
0
0
0
0
0
0
0
0
0
0
0
0
0
0
0
0
0
0
0
0
0
0
0
0
0
0
0
0
0
0
0
0
0
0
0
0
0
0
0
0
0
0
0
0
0
0
0
0
0
0
0
0
0
0
0
0
0
0
0
0
0
0
0
0
0
0
0
0
0
0
0
0
0
0
0
0
0
0
0
0
0
0
0
0
0
0
0
0
0
0
0
0
0
0
0
0
0
0
0
0
0
0
0
0
0
0
Torque Data
12.4281785472
12.6196785
11.4629319131
11.7055458828
11.7812197192
12.0184781895
11.959431478
12.0965427074
11.9698729965
12.8138368428
11.533135098
11.9208245581
12.051190285
11.5815703402
11.8052831988
11.0559760656
11.155066758
11.5318161812
10.6398113536
12.1753496256
11.2908932208
11.7763082437
11.98310127
11.1711745768
11.498717907
10.785552804
10.9937291844
11.6042681275
11.1357956892
10.9594063335
11.3589125726
10.8367199105
10.3780715874
10.9999300785
10.710927599
10.42718753
9.865820712
10.1676343293
10.0814551818
10.0495681349
9.6113222478
10.0966606136
10.4382931922
10.1365918676
9.8633151207
9.2745687659
10.0334123904
9.919695459
9.8596584554
9.66786612
9.7372288716
9.4735152438
9.563412681
9.957881155
9.7423457744
9.0363863094
9.1242383652
9.1642085577
9.0810777296
9.381377308
8.7200237382
9.0673391262
8.841440484
8.9939929317
8.6965759518
8.568793798
9.3145120614
8.7022851526
8.9157149298
8.0375171268
8.7885469551
8.414894727
8.0878287748
9.0385844544
8.2762881844
7.9354015916
8.4105322062
8.1576543048
8.2864172598
8.0132871021
7.661633112
7.806869947
7.3796706645
7.8922717566
7.99017272
7.5662435395
7.5271584608
7.603354584
7.0329144345
7.479666936
7.418007171
6.7453765176
7.294012758
7.157962497
7.2814724955
7.1454988285
6.589450296
6.9127253223
6.7065449826
6.9683190213
6.9414985378
6.3876325282
6.4675138229
6.4422770256
6.178463598
6.47433578
6.1111505553
6.4317099328
6.272282328
6.1623520497
5.955647655
6.15118507489
6.0581240613
6.11858624396
5.70350149245
5.81186602773
5.83931533359
5.68826382012
5.74584105408
5.68414980032
5.7342705882
5.37258543525
5.52389394855
5.54342661348
5.34371564701
5.19874273233
5.2046410416
5.23753327148
4.91091627926
5.3701578315
4.99459878688
4.83193130784
4.77211262388
4.69737410274
4.67257415008
4.68228681472
4.3606546396
4.13865383388
4.65741656595
4.2968005703
4.48426650862
4.44058143216
4.16056797828
4.20506049099
4.1424609495
3.99494304912
3.85288159932
3.75327901172
3.91083738294
3.769344261
3.4590822219
3.6281153936
3.63880474005
3.6139946995
3.44387453888
3.34509393026
3.15585863592
3.29372559429
3.23064243068
3.28159381884
3.04229361824
2.92707231752
2.84225306205
2.87438126892
2.7011141955
2.86820123184
2.53622427585
2.60142681145
2.64875755668
2.38998755142
2.43248919596
2.48433712464
2.39747008672
2.26971432842
2.14809712364
2.07279609243
2.1113032615
2.07142985619
1.9774624077
1.98392270452
1.84401377296
1.74579037776
1.7296883172
1.69385748486
1.61493885576
1.5442672806
1.45929782352
1.34778918362
1.42323489099
1.31013948688
1.236385656
1.15494524692
1.08853859255
1.06054778256
0.9784592895
0.90253195812
0.83782175123
0.75637145946
0.73120513752
0.65150783418
0.5958899684
0.560076866544
0.500155819044
0.42739514643
0.361443695035
0.290902709286
0.254598881634
0.180099401508
0.132843074653
0.0603574407504
-0.002308076298
-0.064922883312
-0.120040355432
-0.191008787476
-0.256627832076
-0.319681229145
-0.36788670546
-0.42672780094
-0.49361433444
-0.562102501595
-0.58798889834
-0.66531230064
-0.73091125922
-0.8244432081
-0.8874036567
-0.92468034828
-1.00230837014
-1.06101053058
-1.20558941646
-1.1833194597
-1.22465178576
-1.31386202576
-1.37450660048
-1.41626385208
-1.5444704765
-1.57524129743
-1.6719919815
-1.71759633756
-1.76988562096
-1.8056043216
-1.86703014688
-2.00399914456
-2.07145095013
-2.13472635875
-2.11071139246
-2.29756678036
-2.29043037008
-2.36579162967
-2.3478394698
-2.50478360128
-2.68430058392
-2.62921868148
-2.84263171954
-2.74364438115
-2.81952231596
-2.74979495232
-2.83456382968
-2.947643532
-3.05504080641
-2.98476591006
-3.39275607415
-3.21085223887
-3.08684572902
-3.28469663886
-3.4671876125
-3.6202516532
-3.55869078519
-3.58407219149
-3.9646079357
-3.63150184512
-3.78992704432
-3.87160749393
-3.93448741557
-4.28352914376
-4.24834101393
-4.14426431698
-4.29335180812
-4.33444424467
-4.5549314307
-4.50832426857
-4.66220145208
-4.49971510596
-4.679118726
-4.42386533292
-4.66355379936
-4.94632236266
-5.13246914465
-4.89998041502
-5.0158538556
-5.10493058888
-5.19574506148
-5.3623893622
-5.53237393528
dMdH Data
1.04629120879117E-05
-7.12486883525694E-06
7.63956904995185E-07
2.07968127490031E-06
4.86854917234307E-08
3.30049261083761E-07
3.6790371113339E-06
-3.40362595419845E-06
1.65439672801638E-06
1.15084915084916E-06
-1.11045943304009E-06
2.56845238095238E-06
1.1047812817905E-06
-1.2884043607532E-06
2.14409221902013E-06
1.10800000000001E-06
-1.42217700915556E-06
1.71757925072045E-06
2.30079681274917E-07
6.28024193548412E-07
-2.42220019821613E-06
1.01059730250482E-06
-4.80980980980981E-06
6.18172790466735E-06
-4.17417417417369E-07
2.15400202634238E-06
-1.21121495327107E-06
1.8435870698645E-06
-1.39597989949756E-06
-1.03988326848248E-06
1.05917159763319E-06
5.05151515151507E-06
3.64624505928835E-07
-1.92912621359219E-06
-1.64568527918783E-06
1.89009900990103E-06
1.74059787849568E-06
-1.37810945273634E-06
2.61923454367027E-06
-2.23210633946836E-06
4.66066066066067E-06
-3.70881226053637E-06
4.4974721941355E-06
-5.55168986083499E-06
3.32778864970646E-06
1.46122860020137E-06
-4.25468904244769E-07
-7.74647887324592E-08
1.00672430355429E-06
-1.0730223123732E-06
-7.05941591137961E-07
5.4976122254059E-06
1.99380165289236E-07
-1.08149568552253E-06
3.02254098360631E-07
-2.32723772858524E-06
1.99088145896658E-06
2.54196157735088E-06
-2.11596958174902E-06
4.99188640973624E-06
-4.42235410484672E-06
2.69083585095668E-06
1.34965034965031E-06
-2.31106870229009E-06
5.67141403865724E-06
-2.37643678160919E-06
2.48205128205131E-06
-7.21827411167547E-07
-2.37238095238091E-06
3.32996972754563E-08
4.67236180904518E-06
-1.24271844660215E-07
2.84860557768961E-07
-1.23046092184368E-06
6.5838383838383E-06
-3.93142857142852E-06
4.40936863543734E-07
4.30198019801988E-06
-2.05014749262537E-06
-1.31786074672052E-06
-9.54198473276795E-09
-1.96078431373174E-08
2.66030150753774E-06
3.06310679611652E-06
-2.5163204747774E-06
-1.20795107033647E-06
-4.88281249999641E-08
-4.88714425907742E-07
2.14343029087258E-06
5.01293532338311E-06
-2.02926829268272E-07
2.88253012048195E-06
-3.13152610441777E-06
2.45658536585362E-06
-0.000002746
3.09073170731708E-06
-2.48736097067756E-07
1.72216844143275E-06
3.47293156281897E-07
-1.44578313252937E-07
1.49951969260326E-06
6.88557213930318E-07
4.36563436563444E-07
2.0337972166998E-06
-1.90707070707067E-06
7.37704918032763E-07
6.66137040714982E-06
-6.69323915237143E-06
3.92445328031804E-06
-1.20212765957446E-06
6.557126869468E-06
-2.29800000000006E-06
-4.05772005771995E-06
1.40311577232459E-06
4.09836065573763E-07
3.80096618357484E-06
1.14120115918856E-06
3.58178887993558E-06
-2.1282154340836E-06
2.04586544866303E-06
-2.41131157510644E-06
-1.47545889864323E-06
4.81222027631837E-06
-5.90732802612784E-06
5.12076353720295E-06
4.96981094724344E-06
-3.62781186094067E-06
-1.16144814090018E-06
1.73613881132826E-06
4.65264376688534E-06
1.02843315184514E-06
1.22005684125048E-06
3.113446195758E-07
4.08929276965681E-07
-1.35455435847212E-06
-2.04760451632592E-06
3.98616125150421E-06
2.68397423384747E-07
4.52778051909609E-06
-2.81275385865151E-07
3.84206456601584E-06
-1.0881627620222E-05
4.38823870780545E-06
7.20812182741116E-06
-1.69299350712276E-06
-9.91466883380761E-07
-2.78018763240188E-06
4.26835196888673E-06
-2.27492835260404E-06
-9.03369874137151E-08
5.39353687549559E-06
4.92462794047052E-06
-1.07306168072352E-06
-5.33131923464253E-06
4.60873739798363E-06
7.24994927977282E-06
-2.1041456016178E-06
2.54765861765568E-06
-6.12950340798443E-06
-4.71373659720827E-07
3.93408134642356E-06
9.79940493329504E-07
-2.70346779900919E-06
1.46320262700404E-06
6.38491816863476E-06
4.81346589231225E-07
1.11371172225475E-06
1.0115710723192E-05
-8.01662106009917E-07
-9.57999420681663E-06
4.16350568975844E-06
3.220356131121E-06
-8.1173055750175E-07
1.93858147936869E-06
1.53354956415978E-06
-7.08419906995152E-07
2.5846558172445E-06
-4.43929838391803E-06
9.14369215781778E-06
-7.92258844874525E-07
-3.48156290596582E-06
5.04120879120881E-06
6.98390621895493E-06
-1.6930158094857E-06
2.73371383585907E-06
-4.8771547453933E-06
-7.4551682450125E-08
5.92751169969133E-06
-2.51749611197492E-07
1.36913843962973E-06
-6.50359153562424E-07
1.9928293994622E-06
3.25074331020816E-07
1.98248968501561E-06
-6.7373926773907E-06
8.65747172057949E-06
5.26161081716658E-07
1.70187205926377E-08
6.395302148163E-06
-1.46270745850828E-06
9.43454121798496E-06
2.32682747740149E-06
-1.95300641557547E-06
2.22241768551913E-06
-6.2357014151803E-06
-4.32215897111543E-07
4.308782336464E-06
3.12933910844924E-06
7.67407867791477E-06
-1.51036380764498E-06
-3.4811679424549E-06
-5.22604811409573E-06
9.31416533374947E-06
-2.70109176162049E-06
7.86136330883413E-06
-3.9134321336156E-06
8.1482241839458E-06
5.41626716171279E-06
1.96432413218976E-07
-5.0057914085713E-06
-3.31707317073189E-07
7.71183816699353E-06
3.94492666866208E-06
4.42408887156497E-06
-9.10452201507337E-06
4.72591696896413E-06
-2.58441429844507E-07
7.34198205228246E-06
-4.85038414880712E-06
1.19459405545581E-05
-1.31690345027544E-05
1.52657004830918E-05
1.16025446834291E-06
4.66621253405997E-06
-3.06796696188679E-06
1.04563705807463E-05
-7.69890329012957E-06
3.47649507564221E-06
1.3982352370794E-06
8.09320349761527E-06
-1.02990691225975E-07
2.05519910377838E-06
-2.33063549160685E-07
1.81288819875777E-06
-9.90216424547874E-07
2.61979219207099E-06
2.20470127326153E-06
9.01433691756275E-06
-1.84192507091852E-06
1.7907234128182E-05
-6.90766287382938E-06
3.27409907673978E-06
4.3233659191106E-06
-1.24177714806194E-06
8.79830062714948E-06
-3.58676893576223E-06
4.74237219640331E-06
7.3813619346352E-06
1.46522322283962E-05
-6.53325247624828E-06
1.91629955947137E-06
6.89548050906908E-06
5.01544401544401E-06
5.55837049047423E-06
-2.91202837158901E-06
6.68471839306809E-06
3.05777688924434E-06
1.32243415077201E-05
-4.05580664177639E-06
7.2704861453506E-06
8.02602602602602E-06
1.28051922314705E-05
-1.43908903504467E-06
8.27138815725299E-06
8.70407956159931E-06
2.1745547574535E-06
7.00804234958771E-06
2.53664019898594E-05
7.67463291139241E-06
-5.42185282789379E-06
1.22032210834553E-05
1.04066455696203E-05
1.1764996970309E-05
1.15520750988142E-05
1.53312524010756E-05
3.44621840139189E-06
2.83801852597664E-06
1.87759303549221E-05
1.66456301015329E-05
2.84634957917402E-06
1.3819287038945E-05
1.6592618950793E-05
1.6592618950793E-05
dMdT Data
0
0
0
0
0
0
0
0
0
0
0
0
0
0
0
0
0
0
0
0
0
0
0
0
0
0
0
0
0
0
0
0
0
0
0
0
0
0
0
0
0
0
0
0
0
0
0
0
0
0
0
0
0
0
0
0
0
0
0
0
0
0
0
0
0
0
0
0
0
0
0
0
0
0
0
0
0
0
0
0
0
0
0
0
0
0
0
0
0
0
0
0
0
0
0
0
0
0
0
0
0
0
0
0
0
0
0
0
0
0
0
0
0
0
0
0
0
0
0
0
0
0
0
0
0
0
0
0
0
0
0
0
0
0
0
0
0
0
0
0
0
0
0
0
0
0
0
0
0
0
0
0
0
0
0
0
0
0
0
0
0
0
0
0
0
0
0
0
0
0
0
0
0
0
0
0
0
0
0
0
0
0
0
0
0
0
0
0
0
0
0
0
0
0
0
0
0
0
0
0
0
0
0
0
0
0
0
0
0
0
0
0
0
0
0
0
0
0
0
0
0
0
0
0
0
0
0
0
0
0
0
0
0
0
0
0
0
0
0
0
0
0
0
0
0
0
0
0
0
0
0
0
0
0
0
0
0
0
0
0
0
0
0
0
0
0
0
0
0
0
0
0
0
0
0
0
0
0
0
0
0
0
0
0
0
0
0
0
0
0
0
0
0
 
*********************************************** Results ***************************************
 
TotalArea 0
AreaFirstQuad 0
AreaSecondQuad 0
AreaThirdQuad 0
AreaFourthQuad 0
Coercivity 0
PositiveCoercivity 0
NegativeCoercivity 0
Retentivity 1.02320245063877E-02
PositiveRetentivity 1.73762528571421E-02
NegativeRetentivity -3.08779615563319E-03
Magnetization 0.0026721165
PositiveMagnetization 0.000609423
NegativeMagnetization -0.00473481
Flatness 1.30177763488599
Squareness 3.82918353536893
SStar 0
SFD1 0
SFD2 0
Slope 0
Intercept 0
SlopeAtHc 1.6592618950793E-05
dH1 488.966380507448
dH2 201.9295
InitialSlope 1.04629120879117E-05
FieldAtHalfMs 810.562434981433
FieldAtMs 832.696
MomentMean -3.49520859658703E-03
MomentRMS 1.16915752340129E-03
SFD3 0
dH3 977.932761014896
UserField1 0
UserField2 0
CenterField 0
ExchangeField 0
ExchangeMoment 0
ExRegionOneIntercept 0
ExRegionOneSlope 0
ExRegionTwoIntercept 0
ExRegionTwoSlope 0
NegativeIntercept 0
NegativeSlope 0
AutoCenterOffset 0
PinningField 0
PinningMoment 0
PinRegionOneIntercept 0
PinRegionOneSlope 0
PinRegionTwoIntercept 0
PinRegionTwoSlope 0
PositiveIntercept 0
PositiveSlope 0
TotalOffset 0
BHMax 0
BCoercivity 0
BRetentivity 0
BNegativeCoercivity 0
BPositiveCoercivity 0
BNegativeRetentivity 0
BPositiveRetentivity 0
MomentYMean -6.09640887372014E-03
MomentYRMS 2.22998390423028E-04
YOffCorrection 0
Mrt 0
Ms1 0
Ms2 0
Ms3 0
Hc2 0
Hex2 0
HsatValue 0
HsatIntercept 0
HsatSlope 0
CenterH 0
Span .005344233
SpanAsPercentOfRange -100.83458490566
RMSAsPercentOfRange -22.0595759132318
SpanAsPercentOfMean -152.901689622144
RMSAsPercentOfMean -33.4502931968906
