Start Time:  5/5/2017 12:21:54 PM         Time Completed:  5/5/2017 12:23:30 PM     Elapsed Time:  00:01:36
Sample ID:     FORC_desvirgao3

Experiment:    C:\IDEASVSM\Default UserID\Experiments\FORCexp0363B\FORCexp0363B.exp
Data File:     C:\IDEASVSM\Default UserID\CarlosHernandez\FORC_floopy\FORC_desvirgao3 (ProfileData)\FORC_desvirgao3#725.txt
Plot File:     C:\IDEASVSM\Default UserID\CarlosHernandez\FORC_floopy\FORC_desvirgao3 (ProfileData)\FORC_desvirgao3#725.oc2
VSM Exp File:  C:\IDEASVSM\Default UserID\Experiments\FORCexp0363B\FORCexp0363B.stp
VSM Data File: C:\IDEASVSM\Default UserID\CarlosHernandez\FORC_floopy\FORC_desvirgao3 (ProfileData)\FORC_desvirgao3#725.dat

***DATA***

Field(G)	 Moment(emu)	
-2558.69 	-0.0047886 	
-2552.2 	-0.00487095 	
-2542.87 	-0.00487068 	
-2532.96 	-0.00489393 	
-2522.7 	-0.00485251 	
-2512.29 	-0.00485928 	
-2502.4 	-0.00482698 	
-2492.48 	-0.00485247 	
-2481.99 	-0.00482409 	
-2472.2 	-0.00481538 	
-2461.99 	-0.00482581 	
-2451.97 	-0.00483453 	
-2441.71 	-0.00481935 	
-2431.8 	-0.00481503 	
-2421.85 	-0.00478742 	
-2411.35 	-0.00480667 	
-2401.46 	-0.00479674 	
-2391.29 	-0.00478689 	
-2381.37 	-0.0048118 	
-2371.33 	-0.00479342 	
-2361.01 	-0.00480479 	
-2350.99 	-0.00480323 	
-2341.26 	-0.00480326 	
-2330.7 	-0.00479005 	
-2320.84 	-0.0047827 	
-2310.81 	-0.00475933 	
-2300.76 	-0.00478506 	
-2290.32 	-0.00478874 	
-2280.44 	-0.00479768 	
-2270.49 	-0.00475021 	
-2260.21 	-0.00475874 	
-2250.16 	-0.00475595 	
-2239.93 	-0.00478633 	
-2230.02 	-0.00476161 	
-2220.26 	-0.00479281 	
-2209.75 	-0.00475279 	
-2199.85 	-0.0047754 	
-2189.81 	-0.00474003 	
-2179.58 	-0.00472762 	
-2169.48 	-0.0047674 	
-2159.63 	-0.00475399 	
-2149.6 	-0.00472387 	
-2139.19 	-0.00475391 	
-2129.21 	-0.00469571 	
-2118.92 	-0.00469386 	
-2109.17 	-0.00472582 	
-2099.15 	-0.00471943 	
-2088.81 	-0.00471256 	
-2078.88 	-0.00471339 	
-2068.64 	-0.00471136 	
-2058.79 	-0.00469553 	
-2048.88 	-0.00468959 	
-2038.37 	-0.00467916 	
-2028.47 	-0.00468218 	
-2018.55 	-0.00468893 	
-2008.28 	-0.00470566 	
-1998.08 	-0.00467937 	
-1988.27 	-0.00463942 	
-1977.98 	-0.00466797 	
-1967.88 	-0.00464263 	
-1957.8 	-0.00467082 	
-1947.72 	-0.00468777 	
-1937.85 	-0.00466478 	
-1927.74 	-0.00463229 	
-1917.31 	-0.0046499 	
-1907.53 	-0.00463659 	
-1897.68 	-0.00463718 	
-1887.13 	-0.00462675 	
-1877.26 	-0.0046303 	
-1867.37 	-0.00461911 	
-1857.27 	-0.00462894 	
-1846.91 	-0.00457495 	
-1836.86 	-0.00463964 	
-1826.86 	-0.00462288 	
-1816.95 	-0.00464759 	
-1806.75 	-0.00462524 	
-1796.54 	-0.0046057 	
-1786.52 	-0.00462813 	
-1776.42 	-0.00461991 	
-1766.2 	-0.00461033 	
-1756.22 	-0.00458452 	
-1746.43 	-0.00459834 	
-1736.03 	-0.00458755 	
-1725.86 	-0.00457762 	
-1716.02 	-0.00454424 	
-1706.08 	-0.00456238 	
-1695.41 	-0.00453913 	
-1685.83 	-0.00453276 	
-1675.6 	-0.00454037 	
-1665.57 	-0.00456202 	
-1655.68 	-0.00453344 	
-1645.1 	-0.00452713 	
-1635.27 	-0.00449511 	
-1625.45 	-0.00451907 	
-1615.02 	-0.00454452 	
-1605.14 	-0.00454316 	
-1595.18 	-0.00456397 	
-1584.93 	-0.0045335 	
-1574.86 	-0.00452808 	
-1564.89 	-0.00448952 	
-1554.85 	-0.00447745 	
-1544.43 	-0.00448171 	
-1534.64 	-0.00447271 	
-1524.66 	-0.0044734 	
-1514.4 	-0.00446025 	
-1504.41 	-0.00449178 	
-1493.97 	-0.00448652 	
-1484.37 	-0.00448214 	
-1474.11 	-0.00448439 	
-1463.84 	-0.00444166 	
-1453.97 	-0.00445549 	
-1444.06 	-0.00444275 	
-1433.67 	-0.00444126 	
-1423.69 	-0.00444568 	
-1413.78 	-0.00448556 	
-1403.71 	-0.00445893 	
-1393.3 	-0.00440063 	
-1383.52 	-0.00439157 	
-1373.53 	-0.0043796 	
-1363.22 	-0.00440292 	
-1353.27 	-0.00437238 	
-1342.89 	-0.0044013 	
-1333.02 	-0.00436995 	
-1323.18 	-0.0043516 	
-1312.82 	-0.00437559 	
-1302.78 	-0.00437665 	
-1292.84 	-0.00434546 	
-1282.87 	-0.00440023 	
-1272.44 	-0.004324 	
-1262.53 	-0.00434895 	
-1252.68 	-0.00437204 	
-1242.2 	-0.00433073 	
-1232.23 	-0.00429663 	
-1222.37 	-0.00432536 	
-1212.03 	-0.00430293 	
-1201.98 	-0.00426714 	
-1191.78 	-0.00432415 	
-1181.94 	-0.0043181 	
-1171.94 	-0.00431756 	
-1161.59 	-0.00426879 	
-1151.68 	-0.00431751 	
-1141.7 	-0.00432153 	
-1131.64 	-0.00426859 	
-1121.41 	-0.00423638 	
-1111.38 	-0.00422931 	
-1101.52 	-0.00424453 	
-1091.18 	-0.00425253 	
-1081.18 	-0.00425975 	
-1071.16 	-0.00420676 	
-1061.14 	-0.00421045 	
-1050.66 	-0.00421011 	
-1040.87 	-0.00417292 	
-1030.98 	-0.00419345 	
-1020.48 	-0.00417794 	
-1010.65 	-0.00422194 	
-1000.23 	-0.00417361 	
-990.536 	-0.00413392 	
-980.604 	-0.00417781 	
-970.076 	-0.00419642 	
-960.316 	-0.00418037 	
-950.353 	-0.00418318 	
-940.013 	-0.00416289 	
-929.896 	-0.00415144 	
-920.089 	-0.00413422 	
-909.965 	-0.00413834 	
-899.766 	-0.00408462 	
-889.7 	-0.00410067 	
-879.659 	-0.00404983 	
-869.511 	-0.00406301 	
-859.697 	-0.00407643 	
-849.301 	-0.00410733 	
-839.195 	-0.00410847 	
-829.456 	-0.00402102 	
-819.143 	-0.00397179 	
-809.061 	-0.00400626 	
-799.143 	-0.00405166 	
-789.143 	-0.00403013 	
-778.717 	-0.00400988 	
-768.741 	-0.0039715 	
-758.991 	-0.00399855 	
-748.476 	-0.00396611 	
-738.607 	-0.00398272 	
-728.509 	-0.00396476 	
-718.475 	-0.00393891 	
-708.421 	-0.00392772 	
-698.158 	-0.00390845 	
-688.21 	-0.00396747 	
-678.249 	-0.00393146 	
-668.194 	-0.00393188 	
-657.773 	-0.00388159 	
-647.897 	-0.00390629 	
-637.943 	-0.00388766 	
-627.559 	-0.00383567 	
-617.732 	-0.00388924 	
-607.77 	-0.00388137 	
-597.479 	-0.00384909 	
-587.442 	-0.00383605 	
-577.117 	-0.00382104 	
-567.389 	-0.00385799 	
-557.194 	-0.00385589 	
-547.075 	-0.00381862 	
-536.887 	-0.00382981 	
-527.111 	-0.00373683 	
-517.053 	-0.00377655 	
-506.598 	-0.00378778 	
-496.837 	-0.00377898 	
-486.85 	-0.00373401 	
-476.414 	-0.00379407 	
-466.571 	-0.00366714 	
-456.364 	-0.00376806 	
-446.316 	-0.00375085 	
-436.346 	-0.00373081 	
-426.253 	-0.0036886 	
-416.002 	-0.00364355 	
-406.207 	-0.00360089 	
-396.155 	-0.00354963 	
-385.842 	-0.0036301 	
-375.841 	-0.00366788 	
-366.075 	-0.00363145 	
-355.526 	-0.00360861 	
-345.646 	-0.00360499 	
-335.708 	-0.00359609 	
-325.323 	-0.00353072 	
-315.567 	-0.00357641 	
-305.185 	-0.00357803 	
-295.244 	-0.00358701 	
-285.058 	-0.00350145 	
-275.295 	-0.00341911 	
-265.015 	-0.00348439 	
-254.832 	-0.0035058 	
-244.837 	-0.00345226 	
-234.895 	-0.00347603 	
-224.798 	-0.00354562 	
-214.461 	-0.00340004 	
-204.609 	-0.00336265 	
-194.623 	-0.00343838 	
-184.267 	-0.00341612 	
-174.34 	-0.00342724 	
-164.427 	-0.00345946 	
-154.108 	-0.00333317 	
-144.037 	-0.00334173 	
-134.127 	-0.00323844 	
-124.184 	-0.00321644 	
-113.861 	-0.00330376 	
-102.609 	-0.00319532 	
-90.341 	-0.00327612 	
-80.4139 	-0.00339344 	
-70.2331 	-0.00328855 	
-60.2241 	-0.00331883 	
-50.095 	-0.0031816 	
-40.1786 	-0.00318863 	
-30.0083 	-0.00317881 	
-20.1009 	-0.00312845 	
-9.72997 	-0.00313793 	
 0.524744 	-0.00312639 	
 10.5995 	-0.00320768 	
 20.4003 	-0.00319282 	
 30.4234 	-0.0031656 	
 40.4022 	-0.00312506 	
 50.8255 	-0.00309547 	
 60.6001 	-0.00306192 	
 70.7609 	-0.0030332 	
 80.7276 	-0.00304 	
 91.0597 	-0.00300018 	
 100.867 	-0.00305311 	
 110.933 	-0.00295391 	
 121.26 	-0.00296531 	
 131.389 	-0.00283994 	
 141.307 	-0.00283212 	
 151.284 	-0.00292498 	
 161.784 	-0.00291476 	
 171.61 	-0.0027478 	
 181.619 	-0.00283302 	
 191.899 	-0.00270502 	
 201.724 	-0.00273827 	
 211.687 	-0.00280099 	
 221.893 	-0.00279394 	
 232.212 	-0.00275053 	
 241.965 	-0.00283448 	
 252.016 	-0.00265048 	
 262.302 	-0.00266849 	
 272.318 	-0.00267414 	
 282.257 	-0.00268736 	
 292.585 	-0.00261878 	
 302.47 	-0.00255528 	
 312.738 	-0.00256577 	
 322.619 	-0.00252776 	
 332.909 	-0.00245652 	
 342.796 	-0.00251487 	
 352.761 	-0.00259923 	
 363.23 	-0.00256495 	
 373.075 	-0.00251809 	
 382.981 	-0.00241628 	

	
	
