Version 1.25
******************************************** Units *******************************************
System CGS
TemperatureUnit K
MomentUnit emu
AppliedFieldUnit G
 
******************************************** Setup ********************************************
 
Experiment CustomField
Minor False
Acquisition Continuous
EditedPoint No
MaxField 15000
FieldIncrement 100
Points 293
MinField 0
RampRate 10
AverageTime 0.3
TimeInterval 0
TimeConstant 0.1
TimeConstantIndex 0
Sensitivity -0.0053
SensitivityIndex 5
SensitivityY -400
SensitivityIndexY 0
SaturationField 8000
ExperimentTime 100
Use735Domains True
AutoRangeEnabled False
NumberOfVertices 2
VertexPts
0
292
VertexField
-2923.2247
28.4879
StartAngle 0
EndAngle 0
AngleIncrement 0
StartTemp 0
FinishTemp 0
TempIncrement 0
TempPoints 0
LengthofSetPointsArray 293
SetPointArray
-2923.22473
-2913.11612
-2903.00752
-2892.89891
-2882.79031
-2872.6817
-2862.5731
-2852.46449
-2842.35589
-2832.24728
-2822.13868
-2812.03008
-2801.92147
-2791.81287
-2781.70426
-2771.59566
-2761.48705
-2751.37845
-2741.26984
-2731.16124
-2721.05263
-2710.94403
-2700.83542
-2690.72682
-2680.61821
-2670.50961
-2660.401
-2650.2924
-2640.18379
-2630.07519
-2619.96658
-2609.85798
-2599.74937
-2589.64077
-2579.53216
-2569.42356
-2559.31495
-2549.20635
-2539.09774
-2528.98914
-2518.88053
-2508.77193
-2498.66332
-2488.55472
-2478.44612
-2468.33751
-2458.22891
-2448.1203
-2438.0117
-2427.90309
-2417.79449
-2407.68588
-2397.57728
-2387.46867
-2377.36007
-2367.25146
-2357.14286
-2347.03425
-2336.92565
-2326.81704
-2316.70844
-2306.59983
-2296.49123
-2286.38262
-2276.27402
-2266.16541
-2256.05681
-2245.9482
-2235.8396
-2225.73099
-2215.62239
-2205.51378
-2195.40518
-2185.29657
-2175.18797
-2165.07937
-2154.97076
-2144.86216
-2134.75355
-2124.64495
-2114.53634
-2104.42774
-2094.31913
-2084.21053
-2074.10192
-2063.99332
-2053.88471
-2043.77611
-2033.6675
-2023.5589
-2013.45029
-2003.34169
-1993.23308
-1983.12448
-1973.01587
-1962.90727
-1952.79866
-1942.69006
-1932.58145
-1922.47285
-1912.36424
-1902.25564
-1892.14703
-1882.03843
-1871.92982
-1861.82122
-1851.71261
-1841.60401
-1831.49541
-1821.3868
-1811.2782
-1801.16959
-1791.06099
-1780.95238
-1770.84378
-1760.73517
-1750.62657
-1740.51796
-1730.40936
-1720.30075
-1710.19215
-1700.08354
-1689.97494
-1679.86633
-1669.75773
-1659.64912
-1649.54052
-1639.43191
-1629.32331
-1619.2147
-1609.1061
-1598.99749
-1588.88889
-1578.78028
-1568.67168
-1558.56307
-1548.45447
-1538.34586
-1528.23726
-1518.12865
-1508.02005
-1497.91145
-1487.80284
-1477.69424
-1467.58563
-1457.47703
-1447.36842
-1437.25982
-1427.15121
-1417.04261
-1406.934
-1396.8254
-1386.71679
-1376.60819
-1366.49958
-1356.39098
-1346.28237
-1336.17377
-1326.06516
-1315.95656
-1305.84795
-1295.73935
-1285.63074
-1275.52214
-1265.41353
-1255.30493
-1245.19632
-1235.08772
-1224.97911
-1214.87051
-1204.7619
-1194.6533
-1184.5447
-1174.43609
-1164.32749
-1154.21888
-1144.11028
-1134.00167
-1123.89307
-1113.78446
-1103.67586
-1093.56725
-1083.45865
-1073.35004
-1063.24144
-1053.13283
-1043.02423
-1032.91562
-1022.80702
-1012.69841
-1002.58981
-992.4812
-982.3726
-972.26399
-962.15539
-952.04678
-941.93818
-931.82957
-921.72097
-911.61236
-901.50376
-891.39515
-881.28655
-871.17794
-861.06934
-850.96074
-840.85213
-830.74353
-820.63492
-810.52632
-800.41771
-790.30911
-780.2005
-770.0919
-759.98329
-749.87469
-739.76608
-729.65748
-719.54887
-709.44027
-699.33166
-689.22306
-679.11445
-669.00585
-658.89724
-648.78864
-638.68003
-628.57143
-618.46282
-608.35422
-598.24561
-588.13701
-578.0284
-567.9198
-557.81119
-547.70259
-537.59398
-527.48538
-517.37678
-507.26817
-497.15957
-487.05096
-476.94236
-466.83375
-456.72515
-446.61654
-436.50794
-426.39933
-416.29073
-406.18212
-396.07352
-385.96491
-375.85631
-365.7477
-355.6391
-345.53049
-335.42189
-325.31328
-315.20468
-305.09607
-294.98747
-284.87886
-274.77026
-264.66165
-254.55305
-244.44444
-234.33584
-224.22723
-214.11863
-204.01003
-193.90142
-183.79282
-173.68421
-163.57561
-153.467
-143.3584
-133.24979
-123.14119
-113.03258
-102.92398
-92.81537
-82.70677
-72.59816
-62.48956
-52.38095
-42.27235
-32.16374
-22.05514
-11.94653
-1.83793
8.27068
18.37928
28.48789
FieldDomainFile C:\IDEASVSM\Default UserID\Experiments\FORCexp0399B\fdomain.ini
TempDomainFile C:\IDEASVSM\Default UserID\Experiments\FORCexp0399B\tdomain.ini
NumSelectedResults 0
ResultsSelected 
UserName1 
UserValue1 
UserName2 
UserValue2 
LinearBackgroundCorrection Off
MaxLinearFieldCorrection 
MinLinearFieldCorrection 
AutoLinearCorrection Off
FitOneRegion Off
BackgroundMode Off
BackgroundFilename 
AutoCenter Off
OffsetCorrection 
SmoothDeriv Off
DerivOrder 0
DerivPoints 0
MinExFieldOne 
MaxExFieldOne 
MinExFieldTwo 
MaxExFieldTwo 
MinPinFieldOne 
MaxPinFieldOne 
MinPinFieldTwo 
MaxPinFieldTwo 
HCenterStart 
Mass 
Volume 
Density 
MolarWeight 
NumberOfMoles 
Demagnetization 
SampleArea 
Thickness 
MomentScaling 0
XAxis 0
YAxis 0
SimpleSpinValve False
HsatMax 0
HsatMin 0
FieldAutoRange False
 
*************************************************** Experiment Data ********************************************
 
DataPoints 293
MomentX Data
-0.00497988
-0.00494121
-0.00492272
-0.00497108
-0.00493989
-0.00494212
-0.0049968
-0.00495192
-0.00492204
-0.00491632
-0.00493133
-0.00489843
-0.00489581
-0.00492416
-0.00489146
-0.00488954
-0.00491537
-0.00492457
-0.00485166
-0.0048618
-0.00487724
-0.00490479
-0.00488647
-0.0048535
-0.00489213
-0.00488405
-0.00490565
-0.00489041
-0.00492261
-0.00492561
-0.00489741
-0.00485264
-0.00487622
-0.00484491
-0.00486651
-0.00485069
-0.00484968
-0.00482848
-0.00484791
-0.00482484
-0.00485669
-0.00484102
-0.00485014
-0.00483384
-0.00480683
-0.00483957
-0.00483381
-0.00484396
-0.00481917
-0.00481917
-0.00479372
-0.00482387
-0.00482435
-0.00481522
-0.0048142
-0.00484113
-0.0047837
-0.00475809
-0.00480352
-0.00482298
-0.00478869
-0.0047826
-0.00480169
-0.00479566
-0.00478951
-0.00474367
-0.00474333
-0.00476511
-0.00478688
-0.00474562
-0.00476817
-0.00478747
-0.00476427
-0.0047771
-0.00473467
-0.00477797
-0.0047602
-0.00476567
-0.00472758
-0.00473877
-0.00472826
-0.00473353
-0.00472979
-0.00471055
-0.0047114
-0.00476028
-0.0047054
-0.00469148
-0.0047001
-0.00469743
-0.00473681
-0.00466134
-0.00465517
-0.00465673
-0.00473001
-0.00469275
-0.00465725
-0.00466634
-0.00466387
-0.00460253
-0.00466078
-0.00464437
-0.00462062
-0.00463804
-0.00461562
-0.00458522
-0.00463842
-0.00463998
-0.00462332
-0.00461728
-0.00460401
-0.00461535
-0.00456062
-0.00462816
-0.00459729
-0.00466235
-0.00458287
-0.00457888
-0.00459315
-0.00457675
-0.00458681
-0.00453705
-0.00457105
-0.00454276
-0.00458079
-0.00459236
-0.00456862
-0.00454514
-0.00451749
-0.00451235
-0.00453488
-0.00451141
-0.00450365
-0.00449605
-0.00450798
-0.00449674
-0.00447115
-0.00451255
-0.00447984
-0.00447131
-0.00453451
-0.00448064
-0.00442763
-0.0044433
-0.00445945
-0.00445321
-0.00444164
-0.0044491
-0.00441857
-0.0044418
-0.00443701
-0.00438869
-0.00438131
-0.00441967
-0.00437939
-0.00442177
-0.00437397
-0.00439495
-0.00434928
-0.0043608
-0.00439049
-0.0044241
-0.00435947
-0.00431888
-0.00434678
-0.00435672
-0.00429665
-0.0042567
-0.00438169
-0.00441597
-0.00438163
-0.00431163
-0.00431036
-0.00432039
-0.00433018
-0.00429873
-0.00427817
-0.00426829
-0.00433767
-0.00428399
-0.00429765
-0.00424844
-0.00427305
-0.00421631
-0.00423604
-0.00426636
-0.00422399
-0.00422373
-0.00420691
-0.0041937
-0.0041991
-0.00420086
-0.0041759
-0.00416796
-0.00419374
-0.00414322
-0.00409528
-0.00415797
-0.00411109
-0.00413633
-0.00407992
-0.00409115
-0.00414529
-0.00408708
-0.00407098
-0.00410415
-0.0040906
-0.00404953
-0.00412623
-0.00403789
-0.00403171
-0.00402736
-0.00403984
-0.00405284
-0.00405977
-0.00403391
-0.00398977
-0.00399968
-0.00403462
-0.00394043
-0.003913
-0.00394534
-0.00396504
-0.0039203
-0.00392725
-0.00398926
-0.00389429
-0.00393478
-0.00388392
-0.00392506
-0.00390261
-0.00385593
-0.00387102
-0.00381084
-0.00381934
-0.00384234
-0.00377993
-0.00371753
-0.00373494
-0.00382347
-0.00373404
-0.00369184
-0.00374507
-0.00370807
-0.00374326
-0.00370518
-0.0037332
-0.00364447
-0.00362789
-0.00368196
-0.00372181
-0.00361446
-0.00365734
-0.00367802
-0.00357276
-0.00360866
-0.00350205
-0.00355455
-0.00355416
-0.00355499
-0.0036109
-0.00357606
-0.00350193
-0.00356227
-0.0035827
-0.00350865
-0.00344302
-0.00345662
-0.00349344
-0.00340993
-0.00345158
-0.00347837
-0.00344545
-0.0034138
-0.00333508
-0.00337997
-0.00343363
-0.00340239
-0.003482
-0.00332864
-0.00326572
-0.00325621
-0.00317661
-0.00319802
-0.00329539
-0.00320549
-0.00318716
-0.00324991
-0.00325686
-0.00318047
-0.0032233
-0.00313821
-0.00316027
MomentY Data
-0.00594457
-0.0055631
-0.00607173
-0.00583331
-0.00567436
-0.00600815
-0.00591278
-0.00589689
-0.00576973
-0.00581741
-0.0061353
-0.00616709
-0.00600815
-0.00602404
-0.00616709
-0.00610352
-0.00607173
-0.0061353
-0.00557899
-0.00588099
-0.00573794
-0.00588099
-0.00605583
-0.00592868
-0.00580152
-0.00623067
-0.00616709
-0.0061512
-0.00591278
-0.00557899
-0.00545184
-0.00562668
-0.00588099
-0.00594457
-0.00603994
-0.00599225
-0.00619888
-0.00603994
-0.00591278
-0.00583331
-0.00583331
-0.00635783
-0.00597636
-0.00607173
-0.00607173
-0.00583331
-0.00600815
-0.0055631
-0.00597636
-0.0058492
-0.00572205
-0.0058492
-0.00599225
-0.0061353
-0.00578562
-0.00610352
-0.00573794
-0.0061353
-0.00603994
-0.00588099
-0.00572205
-0.00591278
-0.00562668
-0.00603994
-0.00653267
-0.00596046
-0.00602404
-0.00596046
-0.0064373
-0.00619888
-0.0061353
-0.00567436
-0.00592868
-0.00597636
-0.00588099
-0.00610352
-0.00597636
-0.00588099
-0.00599225
-0.00600815
-0.00583331
-0.00611941
-0.0058651
-0.00567436
-0.00608762
-0.00616709
-0.00600815
-0.00600815
-0.00581741
-0.00610352
-0.00594457
-0.00610352
-0.00578562
-0.00588099
-0.00588099
-0.00589689
-0.00583331
-0.00572205
-0.00588099
-0.00600815
-0.00592868
-0.00572205
-0.00592868
-0.00616709
-0.00592868
-0.00600815
-0.00576973
-0.00607173
-0.00597636
-0.00616709
-0.00573794
-0.00607173
-0.00623067
-0.00610352
-0.00626246
-0.00581741
-0.00578562
-0.00616709
-0.00600815
-0.00608762
-0.00623067
-0.00576973
-0.00576973
-0.00626246
-0.00599225
-0.00603994
-0.00589689
-0.00607173
-0.00588099
-0.00592868
-0.00572205
-0.00581741
-0.0058651
-0.0061353
-0.0061353
-0.00629425
-0.00626246
-0.00602404
-0.00588099
-0.00607173
-0.00600815
-0.00607173
-0.00629425
-0.00588099
-0.00588099
-0.00619888
-0.00616709
-0.00603994
-0.0058651
-0.00619888
-0.00592868
-0.0061353
-0.00599225
-0.00576973
-0.0058492
-0.00570615
-0.00616709
-0.00603994
-0.0058651
-0.00629425
-0.00592868
-0.00581741
-0.00626246
-0.00619888
-0.00597636
-0.00603994
-0.00592868
-0.00597636
-0.00572205
-0.00607173
-0.0055631
-0.00581741
-0.00632604
-0.00642141
-0.00626246
-0.00629425
-0.00607173
-0.00616709
-0.00594457
-0.00607173
-0.00597636
-0.00610352
-0.00619888
-0.00607173
-0.00610352
-0.00592868
-0.00619888
-0.00600815
-0.0061353
-0.00627836
-0.00616709
-0.00610352
-0.00607173
-0.00599225
-0.00648499
-0.00619888
-0.00581741
-0.0061353
-0.00623067
-0.0061353
-0.00638962
-0.00623067
-0.0061353
-0.0061353
-0.00591278
-0.0061353
-0.00602404
-0.00610352
-0.00576973
-0.00600815
-0.00594457
-0.00616709
-0.00603994
-0.00597636
-0.00610352
-0.00588099
-0.00581741
-0.00610352
-0.00592868
-0.00567436
-0.00567436
-0.00607173
-0.00576973
-0.00576973
-0.0064532
-0.00626246
-0.00629425
-0.00600815
-0.0061353
-0.00588099
-0.0061353
-0.00616709
-0.00619888
-0.00635783
-0.00594457
-0.0061353
-0.00600815
-0.00591278
-0.00600815
-0.00619888
-0.00597636
-0.00592868
-0.00623067
-0.00638962
-0.00638962
-0.0061353
-0.00619888
-0.00588099
-0.00616709
-0.00616709
-0.00632604
-0.00616709
-0.00607173
-0.00616709
-0.00596046
-0.00635783
-0.00602404
-0.00594457
-0.00619888
-0.00629425
-0.00596046
-0.00592868
-0.00635783
-0.00610352
-0.00623067
-0.00616709
-0.0061353
-0.00619888
-0.00589689
-0.00567436
-0.00616709
-0.00616709
-0.00597636
-0.00642141
-0.0061353
-0.00632604
-0.00603994
-0.00596046
-0.00600815
-0.00592868
-0.00592868
-0.00597636
-0.00638962
-0.00594457
-0.00600815
-0.00602404
-0.00610352
-0.00597636
-0.00616709
-0.00623067
-0.00583331
-0.00611941
-0.00616709
Field Data
-2921.37
-2913.18
-2903.39
-2893.2
-2883.29
-2872.78
-2862.87
-2852.88
-2842.48
-2832.52
-2822.14
-2812.35
-2802.46
-2792
-2782.02
-2772.13
-2761.9
-2751.69
-2741.84
-2731.94
-2721.24
-2711.51
-2701.61
-2690.99
-2681.15
-2671.31
-2661.06
-2650.92
-2640.91
-2630.99
-2620.64
-2610.52
-2600.85
-2590.41
-2580.43
-2570.46
-2560.13
-2550.21
-2539.86
-2530.13
-2520.06
-2509.61
-2499.76
-2489.89
-2479.74
-2469.37
-2459.54
-2449.52
-2439.2
-2429.25
-2419.28
-2409.21
-2398.86
-2388.77
-2378.67
-2368.96
-2358.81
-2348.34
-2338.51
-2328.7
-2318.17
-2308.35
-2298.18
-2288.17
-2278.26
-2267.59
-2257.97
-2247.49
-2237.75
-2227.89
-2217.35
-2207.51
-2197.62
-2187.26
-2177.15
-2167.07
-2157.35
-2146.77
-2137.07
-2126.66
-2116.85
-2106.89
-2096.38
-2086.48
-2076.7
-2066.48
-2056.2
-2046.41
-2035.96
-2026.34
-2015.99
-2006.04
-1995.66
-1986
-1975.72
-1965.48
-1955.48
-1945.57
-1935.68
-1925.09
-1915.26
-1905.26
-1895.01
-1885
-1874.81
-1864.9
-1854.72
-1844.73
-1834.56
-1824.7
-1814.56
-1804.35
-1794.38
-1784.26
-1774.38
-1764.21
-1753.78
-1743.81
-1733.94
-1723.63
-1713.62
-1703.48
-1693.48
-1683.39
-1673.63
-1663.46
-1653.1
-1643.22
-1633.33
-1622.91
-1612.96
-1602.89
-1592.9
-1582.5
-1572.47
-1562.41
-1552.57
-1542.56
-1532.11
-1522.28
-1512.49
-1502.05
-1491.93
-1482.14
-1471.99
-1461.6
-1451.76
-1441.7
-1431.58
-1421.52
-1411.27
-1401.2
-1391.45
-1380.99
-1371.12
-1361.1
-1350.91
-1340.91
-1330.93
-1320.85
-1310.67
-1300.62
-1290.66
-1280.22
-1270.49
-1260.07
-1250.19
-1240.33
-1229.9
-1219.95
-1210.09
-1199.94
-1189.64
-1179.74
-1169.68
-1159.42
-1149.42
-1139.48
-1129.47
-1118.98
-1109.02
-1098.97
-1089.06
-1079.1
-1068.61
-1058.77
-1048.93
-1038.41
-1028.56
-1018.57
-1008.29
-998.345
-988.372
-977.981
-968.108
-958.128
-947.73
-937.819
-927.939
-917.582
-907.647
-897.616
-887.492
-877.441
-867.547
-857.423
-847.052
-837.241
-827.124
-816.777
-806.832
-796.712
-784.569
-773.37
-763.085
-751.052
-739.819
-729.508
-719.677
-709.616
-699.287
-689.312
-679.45
-669.166
-659.109
-648.921
-639.069
-628.785
-618.868
-608.859
-598.568
-588.558
-578.71
-568.378
-558.351
-548.321
-538.377
-528.086
-518.125
-507.837
-497.922
-487.996
-477.512
-467.731
-457.802
-447.411
-437.424
-427.581
-417.412
-407.034
-397.315
-387.026
-376.988
-367.013
-356.635
-346.844
-336.806
-326.614
-316.555
-306.49
-296.38
-286.325
-276.28
-266.372
-255.845
-246.084
-236.145
-225.993
-215.676
-205.495
-195.718
-185.698
-175.511
-165.296
-155.407
-145.425
-134.982
-125.18
-115.094
-104.916
-94.975
-84.9381
-74.8772
-64.652
-54.3821
-44.5241
-34.7245
-24.7099
-13.9695
-4.12984
5.86153
16.0625
25.3552
Time Data
0
0.3
0.6
0.9
1.2
1.5
1.8
2.1
2.4
2.7
3
3.3
3.6
3.9
4.2
4.5
4.8
5.1
5.4
5.7
6
6.3
6.6
6.9
7.2
7.5
7.8
8.1
8.4
8.7
9
9.3
9.6
9.9
10.2
10.5
10.8
11.1
11.4
11.7
12
12.3
12.6
12.9
13.2
13.5
13.8
14.1
14.4
14.7
15
15.3
15.6
15.9
16.2
16.5
16.8
17.1
17.4
17.7
18
18.3
18.6
18.9
19.2
19.5
19.8
20.1
20.4
20.7
21
21.3
21.6
21.9
22.2
22.5
22.8
23.1
23.4
23.7
24
24.3
24.6
24.9
25.2
25.5
25.8
26.1
26.4
26.7
27
27.3
27.6
27.9
28.2
28.5
28.8
29.1
29.4
29.7
30.0000000000001
30.3000000000001
30.6000000000001
30.9000000000001
31.2000000000001
31.5000000000001
31.8000000000001
32.1000000000001
32.4
32.7
33
33.3
33.6
33.9
34.2
34.5
34.8
35.1
35.4
35.7
36
36.3
36.6
36.9
37.2
37.5
37.8
38.1
38.4
38.7
39
39.3
39.6
39.9
40.2
40.5
40.8
41.1
41.4
41.7
42
42.3
42.6
42.8999999999999
43.1999999999999
43.4999999999999
43.7999999999999
44.0999999999999
44.3999999999999
44.6999999999999
44.9999999999999
45.2999999999999
45.5999999999999
45.8999999999999
46.1999999999999
46.4999999999999
46.7999999999999
47.0999999999999
47.3999999999999
47.6999999999999
47.9999999999999
48.2999999999999
48.5999999999999
48.8999999999999
49.1999999999999
49.4999999999999
49.7999999999999
50.0999999999999
50.3999999999999
50.6999999999999
50.9999999999999
51.2999999999999
51.5999999999999
51.8999999999999
52.1999999999999
52.4999999999999
52.7999999999999
53.0999999999999
53.3999999999998
53.6999999999998
53.9999999999998
54.2999999999998
54.5999999999998
54.8999999999998
55.1999999999998
55.4999999999998
55.7999999999998
56.0999999999998
56.3999999999998
56.6999999999998
56.9999999999998
57.2999999999998
57.5999999999998
57.8999999999998
58.1999999999998
58.4999999999998
58.7999999999998
59.0999999999998
59.3999999999998
59.6999999999998
59.9999999999998
60.2999999999998
60.5999999999998
60.8999999999998
61.1999999999998
61.4999999999998
61.7999999999998
62.0999999999998
62.3999999999998
62.6999999999998
62.9999999999998
63.2999999999998
63.5999999999998
63.8999999999998
64.1999999999997
64.4999999999997
64.7999999999997
65.0999999999997
65.3999999999997
65.6999999999997
65.9999999999997
66.2999999999997
66.5999999999997
66.8999999999997
67.1999999999997
67.4999999999997
67.7999999999997
68.0999999999997
68.3999999999997
68.6999999999997
68.9999999999997
69.2999999999997
69.5999999999997
69.8999999999997
70.1999999999997
70.4999999999997
70.7999999999997
71.0999999999997
71.3999999999997
71.6999999999997
71.9999999999997
72.2999999999997
72.5999999999997
72.8999999999997
73.1999999999997
73.4999999999997
73.7999999999997
74.0999999999997
74.3999999999997
74.6999999999996
74.9999999999996
75.2999999999996
75.5999999999996
75.8999999999996
76.1999999999996
76.4999999999996
76.7999999999996
77.0999999999996
77.3999999999996
77.6999999999996
77.9999999999996
78.2999999999996
78.5999999999996
78.8999999999996
79.1999999999996
79.4999999999996
79.7999999999996
80.0999999999996
80.3999999999996
80.6999999999996
80.9999999999996
81.2999999999996
81.5999999999996
81.8999999999996
82.1999999999996
82.4999999999996
82.7999999999996
83.0999999999996
83.3999999999996
83.6999999999996
83.9999999999996
84.2999999999996
84.5999999999996
84.8999999999996
85.1999999999995
85.4999999999995
85.7999999999995
86.0999999999995
86.3999999999995
86.6999999999995
86.9999999999995
87.2999999999995
87.5999999999995
Temperature Data
0
0
0
0
0
0
0
0
0
0
0
0
0
0
0
0
0
0
0
0
0
0
0
0
0
0
0
0
0
0
0
0
0
0
0
0
0
0
0
0
0
0
0
0
0
0
0
0
0
0
0
0
0
0
0
0
0
0
0
0
0
0
0
0
0
0
0
0
0
0
0
0
0
0
0
0
0
0
0
0
0
0
0
0
0
0
0
0
0
0
0
0
0
0
0
0
0
0
0
0
0
0
0
0
0
0
0
0
0
0
0
0
0
0
0
0
0
0
0
0
0
0
0
0
0
0
0
0
0
0
0
0
0
0
0
0
0
0
0
0
0
0
0
0
0
0
0
0
0
0
0
0
0
0
0
0
0
0
0
0
0
0
0
0
0
0
0
0
0
0
0
0
0
0
0
0
0
0
0
0
0
0
0
0
0
0
0
0
0
0
0
0
0
0
0
0
0
0
0
0
0
0
0
0
0
0
0
0
0
0
0
0
0
0
0
0
0
0
0
0
0
0
0
0
0
0
0
0
0
0
0
0
0
0
0
0
0
0
0
0
0
0
0
0
0
0
0
0
0
0
0
0
0
0
0
0
0
0
0
0
0
0
0
0
0
0
0
0
0
0
0
0
0
0
0
0
0
0
0
0
0
0
0
0
0
0
0
0
0
0
0
0
0
Angle Data
0
0
0
0
0
0
0
0
0
0
0
0
0
0
0
0
0
0
0
0
0
0
0
0
0
0
0
0
0
0
0
0
0
0
0
0
0
0
0
0
0
0
0
0
0
0
0
0
0
0
0
0
0
0
0
0
0
0
0
0
0
0
0
0
0
0
0
0
0
0
0
0
0
0
0
0
0
0
0
0
0
0
0
0
0
0
0
0
0
0
0
0
0
0
0
0
0
0
0
0
0
0
0
0
0
0
0
0
0
0
0
0
0
0
0
0
0
0
0
0
0
0
0
0
0
0
0
0
0
0
0
0
0
0
0
0
0
0
0
0
0
0
0
0
0
0
0
0
0
0
0
0
0
0
0
0
0
0
0
0
0
0
0
0
0
0
0
0
0
0
0
0
0
0
0
0
0
0
0
0
0
0
0
0
0
0
0
0
0
0
0
0
0
0
0
0
0
0
0
0
0
0
0
0
0
0
0
0
0
0
0
0
0
0
0
0
0
0
0
0
0
0
0
0
0
0
0
0
0
0
0
0
0
0
0
0
0
0
0
0
0
0
0
0
0
0
0
0
0
0
0
0
0
0
0
0
0
0
0
0
0
0
0
0
0
0
0
0
0
0
0
0
0
0
0
0
0
0
0
0
0
0
0
0
0
0
0
0
0
0
0
0
0
Bx Data
0
0
0
0
0
0
0
0
0
0
0
0
0
0
0
0
0
0
0
0
0
0
0
0
0
0
0
0
0
0
0
0
0
0
0
0
0
0
0
0
0
0
0
0
0
0
0
0
0
0
0
0
0
0
0
0
0
0
0
0
0
0
0
0
0
0
0
0
0
0
0
0
0
0
0
0
0
0
0
0
0
0
0
0
0
0
0
0
0
0
0
0
0
0
0
0
0
0
0
0
0
0
0
0
0
0
0
0
0
0
0
0
0
0
0
0
0
0
0
0
0
0
0
0
0
0
0
0
0
0
0
0
0
0
0
0
0
0
0
0
0
0
0
0
0
0
0
0
0
0
0
0
0
0
0
0
0
0
0
0
0
0
0
0
0
0
0
0
0
0
0
0
0
0
0
0
0
0
0
0
0
0
0
0
0
0
0
0
0
0
0
0
0
0
0
0
0
0
0
0
0
0
0
0
0
0
0
0
0
0
0
0
0
0
0
0
0
0
0
0
0
0
0
0
0
0
0
0
0
0
0
0
0
0
0
0
0
0
0
0
0
0
0
0
0
0
0
0
0
0
0
0
0
0
0
0
0
0
0
0
0
0
0
0
0
0
0
0
0
0
0
0
0
0
0
0
0
0
0
0
0
0
0
0
0
0
0
0
0
0
0
0
0
Hint Data
0
0
0
0
0
0
0
0
0
0
0
0
0
0
0
0
0
0
0
0
0
0
0
0
0
0
0
0
0
0
0
0
0
0
0
0
0
0
0
0
0
0
0
0
0
0
0
0
0
0
0
0
0
0
0
0
0
0
0
0
0
0
0
0
0
0
0
0
0
0
0
0
0
0
0
0
0
0
0
0
0
0
0
0
0
0
0
0
0
0
0
0
0
0
0
0
0
0
0
0
0
0
0
0
0
0
0
0
0
0
0
0
0
0
0
0
0
0
0
0
0
0
0
0
0
0
0
0
0
0
0
0
0
0
0
0
0
0
0
0
0
0
0
0
0
0
0
0
0
0
0
0
0
0
0
0
0
0
0
0
0
0
0
0
0
0
0
0
0
0
0
0
0
0
0
0
0
0
0
0
0
0
0
0
0
0
0
0
0
0
0
0
0
0
0
0
0
0
0
0
0
0
0
0
0
0
0
0
0
0
0
0
0
0
0
0
0
0
0
0
0
0
0
0
0
0
0
0
0
0
0
0
0
0
0
0
0
0
0
0
0
0
0
0
0
0
0
0
0
0
0
0
0
0
0
0
0
0
0
0
0
0
0
0
0
0
0
0
0
0
0
0
0
0
0
0
0
0
0
0
0
0
0
0
0
0
0
0
0
0
0
0
0
Torque Data
17.3662884609
16.206311658
17.6286001647
16.876932492
16.3608254444
17.260093157
16.9275204786
16.8231195432
16.4003421304
16.4779301732
17.314675542
17.3440155615
16.837600049
16.81911968
17.1569677218
16.9197508976
16.769511087
16.882443657
15.2966979416
16.0665118206
15.6143118456
15.9463631949
16.3604908863
15.9540185932
15.554745348
16.6440510777
16.4109965154
16.306339104
15.6151198298
14.6782669001
14.2873099776
14.6885606736
15.2955728415
15.3988735737
15.5856423742
15.402838935
15.8699386544
15.4031153874
15.0176334108
14.7590326303
14.7002911986
15.9556737463
14.9394656736
15.1179398097
15.0563117502
14.4046007147
14.777285251
13.626924712
14.577537312
14.2091691
13.843241124
14.091951132
14.374568835
14.655820581
13.7620807254
14.4589947392
13.5347102514
14.407770402
14.1244600894
13.695061413
13.2646846485
13.648765713
12.9311234424
13.8204095098
14.8831207542
13.5158794914
13.6021015988
13.3960742454
14.405068075
13.8104227632
13.604107455
12.5262064436
13.0289857416
13.0718531736
12.8037973785
13.2267550864
12.893100246
12.6251329023
12.8058577075
12.777292279
12.3482422735
12.8929237349
12.295478338
11.8394386528
12.642160454
12.7441681432
12.35395803
12.2951382415
11.8440140636
12.3678067168
11.9841936743
12.2439052608
11.5461304092
11.67964614
11.6191895628
11.5902193572
11.4069210388
11.1326488185
11.3837147232
11.5662294835
11.3549636568
10.901992983
11.2349078868
11.62496465
11.1151485508
11.204598935
10.7012336256
11.2007024829
10.9639910016
11.253089123
10.4118364064
10.9555260255
11.1801896346
10.8902665952
11.1119837748
10.2631328961
10.1467046436
10.7542332129
10.417771611
10.4928044606
10.6770007254
9.8286196604
9.7709223604
10.5421625394
10.0288093675
10.0471985924
9.748148859
9.9771881706
9.6055973967
9.6217140588
9.229437768
9.3246683149
9.34251779
9.70911225
9.647575191
9.8341991425
9.7229075222
9.2924431424
9.0103235889
9.2428731444
9.0872667935
9.1200420465
9.3905804025
8.7164505186
8.6567584701
9.060283008
8.9531345784
8.707781498
8.396359858
8.8118318976
8.3669682236
8.59678236
8.3379162625
7.9679394327
8.019955104
7.766640765
8.3311835519
8.0990159454
7.806037543
8.3137601125
7.7705430156
7.5662397942
8.0827066236
7.9359301536
7.5929056164
7.6107471958
7.4119764492
7.4126585988
7.037549295
7.4072070135
6.731851679
6.9805429554
7.5257102256
7.5755942334
7.3250742128
7.297679335
6.9789678966
7.0272757132
6.7142134779
6.7941444354
6.6279027672
6.7075853744
6.7509522528
6.552003843
6.5222825072
6.2771085236
6.5021911984
6.2389230415
6.310524168
6.3949491452
6.2182151761
6.0934186744
6.00112792356
5.86030664725
6.27817069892
5.93932049664
5.5133339793
5.7538009107
5.78168168913
5.6296408446
5.79951942414
5.59274908272
5.4450296676
5.3833637673
5.12961455066
5.2605473319
5.10267513008
5.11011718832
4.77228215652
4.90731873255
4.79626930224
4.91339460808
4.73874968586
4.6219375332
4.6575045592
4.41692930148
4.30383044879
4.45256666816
4.26673463636
4.02661664576
3.96800618132
4.18531634976
3.9202430485
3.86090714518
4.2533621988
4.06384180566
4.02246005325
3.77783459775
3.7969408404
3.58069369041
3.6723942504
3.62969015622
3.5873538448
3.61365069974
3.31915660407
3.3641138313
3.23464977255
3.12245633908
3.11297271875
3.14802062256
2.97576112392
2.89317212528
2.97521969304
2.98862335222
2.92518081524
2.7450007083
2.71153888512
2.51459958519
2.57421737108
2.51021531106
2.5134305826
2.38682417434
2.28896934924
2.26340220217
2.1257086521
2.20517518852
2.02893281624
1.94157978598
1.9622864584
1.9291246825
1.7665611348
1.697529301
1.7565412724
1.62580682944
1.59408576615
1.51762217556
1.4488204185
1.40090348784
1.27181764764
1.1660526082
1.20701052062
1.14521627882
1.04891691996
1.06143338736
0.9534685671
0.919964367
0.81528318108
0.7461303828
0.6915020161
0.62201339088
0.563076383
0.507620663316
0.478436854664
0.38432833964
0.326735814115
0.268214959364
0.21194168024
0.147675257964
0.086151163755
0.0257316701928
-0.0341921215643
-0.098293023125
-0.156367800368
dMdH Data
4.72161172161171E-06
1.88866189989781E-06
-4.74582924435718E-06
3.14732593340069E-06
-2.12178877259818E-07
-5.51765893037315E-06
4.49249249249257E-06
2.87307692307693E-06
5.74297188755004E-07
-1.44605009633912E-06
3.36057201225748E-06
2.64914054600615E-07
-2.71032504780121E-06
3.27655310621243E-06
1.94135490394327E-07
-2.52492668621693E-06
-9.01077375122426E-07
7.40203045685284E-06
-1.02424242424246E-06
-1.44299065420551E-06
-2.83144912641332E-06
1.850505050505E-06
3.10451977401122E-06
-3.92581300813016E-06
8.21138211382073E-07
-2.10731707317074E-06
1.50295857988165E-06
-3.21678321678311E-06
-3.02419354838748E-07
2.72463768115952E-06
4.42391304347826E-06
-2.43846949327812E-06
2.99904214559382E-06
-2.16432865731463E-06
1.58676028084253E-06
9.77734753146254E-08
2.13709677419361E-06
-1.87729468599044E-06
2.3710174717369E-06
-3.16285998013897E-06
1.49952153110056E-06
-9.25888324873154E-07
1.65146909827759E-06
2.66108374384235E-06
-3.15718418514949E-06
5.85961342828043E-07
-1.01297405189617E-06
2.40213178294564E-06
0
2.55265797392188E-06
-2.99404170804369E-06
-4.63768115941793E-08
9.04856293359705E-07
1.00990099009903E-07
-2.77342945417091E-06
5.65812807881766E-06
2.44603629417385E-06
-4.6215666327569E-06
-1.98369011213038E-06
3.25641025641035E-06
6.2016293279024E-07
-1.8770894788594E-06
6.02397602397592E-07
6.2058526740666E-07
4.29615745079661E-06
3.53430353430947E-08
-2.07824427480923E-06
-2.23511293634501E-06
4.18458417849898E-06
-2.13946869070214E-06
-1.96138211382119E-06
2.34580384226485E-06
-1.23841698841704E-06
4.19683481701285E-06
-4.295634920635E-06
1.8281893004115E-06
-5.17013232514144E-07
3.92680412371134E-06
-1.07492795389041E-06
1.07135575942916E-06
-5.29116465863445E-07
3.55851569933355E-07
1.94343434343435E-06
-8.6912065439687E-08
-4.78277886497077E-06
5.33852140077813E-06
1.42185903983667E-06
-8.24880382775114E-07
2.77546777546749E-07
-3.80483091787446E-06
7.58492462311557E-06
5.94412331406537E-07
-1.61490683229841E-07
-7.12840466926066E-06
3.63867187499999E-06
3.54999999999999E-06
-9.17255297679084E-07
2.4974721941356E-07
5.79225684608113E-06
-5.92573753814858E-06
1.64099999999997E-06
2.31707317073174E-06
-1.7402597402598E-06
2.20019627085381E-06
3.06760847628661E-06
-5.22593320235751E-06
-1.56156156156184E-07
1.63815142576203E-06
6.12576064908785E-07
1.30867850098611E-06
-1.11067580803128E-06
5.48946840521578E-06
-6.67391304347823E-06
3.12449392712551E-06
-6.39724680432636E-06
7.62032598274203E-06
4.00200601805474E-07
-1.4457953394124E-06
1.59068865179436E-06
-1.00499500499499E-06
4.90729783037484E-06
-3.40000000000002E-06
2.80376610505456E-06
-3.89651639344268E-06
-1.13765978367746E-06
2.2915057915058E-06
2.37651821862353E-06
2.79575328614757E-06
4.93282149712083E-07
-2.26432160804017E-06
2.33068520357493E-06
7.76776776776851E-07
7.30769230769221E-07
-1.18943170488537E-06
1.11729622266403E-06
2.6006097560975E-06
-4.1358641358641E-06
3.13014354066985E-06
8.67751780264467E-07
-6.45556690500516E-06
5.15996168582374E-06
5.23814229249018E-06
-1.60061287027577E-06
-1.59113300492613E-06
6.00577478344579E-07
1.17581300813007E-06
-7.41550695825047E-07
3.01679841897229E-06
-2.30914512922466E-06
4.67317073170749E-07
4.79841112214503E-06
7.5692307692303E-07
-3.6673040152963E-06
4.08105369807486E-06
-4.22954091816366E-06
4.69087340529945E-06
-2.09800000000003E-06
4.57615230460924E-06
-1.14285714285714E-06
-2.91650294695492E-06
-3.3442786069651E-06
6.48895582329334E-06
3.88793103448275E-06
-2.86742034943473E-06
-9.53934740882906E-07
6.07995951417009E-06
4.05172413793094E-06
-1.19837008628956E-05
-3.44522613065328E-06
3.4827586206896E-06
6.896551724138E-06
1.23300970873813E-07
-1.01313131313133E-06
-9.73161033797219E-07
3.06530214424957E-06
2.05599999999993E-06
9.93963782696202E-07
-6.93106893106893E-06
5.11725452812205E-06
-1.37148594377514E-06
4.89651741293535E-06
-2.4833501513622E-06
5.69678714859431E-06
-1.88083889418493E-06
-3.08130081300819E-06
4.30589430894312E-06
2.47148288973566E-08
1.70761421319793E-06
1.32232232232238E-06
-5.25291828793772E-07
-1.76973353443938E-07
2.50275744510177E-06
7.64122798575663E-07
-2.61116175427929E-06
5.06212424849696E-06
4.61050201961921E-06
-6.32529512662701E-06
4.74493927125506E-06
-2.43699913102244E-06
5.67790639154505E-06
-1.1195294586781E-06
-5.34768866060847E-06
5.79146353596665E-06
1.62724883767938E-06
-3.27637297510864E-06
1.30652781795393E-06
4.18611762307611E-06
-7.58129880399329E-06
8.53774040784771E-06
6.21417797888356E-07
4.2984189723322E-07
-1.02775261467516E-06
-1.16081793017234E-06
-6.73796791443814E-07
2.14909000249314E-06
3.92949345677909E-06
-9.61109494714402E-07
-3.55406367612651E-06
9.36189245601826E-06
2.65562978023045E-06
-3.24210526315794E-06
-1.99756641654838E-06
4.35044729677174E-06
-6.91060952570384E-07
-6.0865724381625E-06
9.63966707267549E-06
-3.93718397510695E-06
5.12856710698802E-06
-4.11030072934361E-06
2.18151783111458E-06
4.66333666333666E-06
-1.53229082047118E-06
5.82462253193965E-06
-8.47711179814523E-07
-2.29312063808575E-06
6.2761464199517E-06
6.06355067534741E-06
-1.74781648428871E-06
-8.60517107309484E-06
9.01966717095311E-06
4.25146080999394E-06
-5.07726058756201E-06
3.78284428994991E-06
-3.54416356128514E-06
3.6647098450582E-06
-2.80564734154397E-06
9.01452809102919E-06
1.63044547153112E-06
-5.21005974176145E-06
-4.10021607161228E-06
1.04334726406842E-05
-4.27176728431957E-06
-2.07318295739351E-06
1.01426093659665E-05
-3.66663262179555E-06
1.06206415620641E-05
-5.1510989010989E-06
3.87712496272281E-08
-8.24639841033557E-08
-5.53016815034616E-06
3.46494281452013E-06
7.37979094076653E-06
-6.09002825999198E-06
-1.94072385294952E-06
7.58631287777892E-06
6.60328000804907E-06
-1.33963750985026E-06
-3.5688669186779E-06
8.20253413220708E-06
-4.25999795438276E-06
-2.67365269461079E-06
3.23156964759007E-06
3.0983847283407E-06
7.96035999595512E-06
-4.49709477058707E-06
-5.13837020013406E-06
3.18710467251582E-06
-7.89311917509417E-06
1.50677932796227E-05
6.32934312443413E-06
9.47503711305318E-07
7.91181703426134E-06
-2.09384657512815E-06
-9.48110497667941E-06
9.11949685534591E-06
1.87048450957182E-06
-6.26585185628981E-06
-6.47089493873592E-07
7.76347963242632E-06
-4.28669942160086E-06
8.34136361542092E-06
-2.37390639964708E-06
-2.37390639964708E-06
dMdT Data
0
0
0
0
0
0
0
0
0
0
0
0
0
0
0
0
0
0
0
0
0
0
0
0
0
0
0
0
0
0
0
0
0
0
0
0
0
0
0
0
0
0
0
0
0
0
0
0
0
0
0
0
0
0
0
0
0
0
0
0
0
0
0
0
0
0
0
0
0
0
0
0
0
0
0
0
0
0
0
0
0
0
0
0
0
0
0
0
0
0
0
0
0
0
0
0
0
0
0
0
0
0
0
0
0
0
0
0
0
0
0
0
0
0
0
0
0
0
0
0
0
0
0
0
0
0
0
0
0
0
0
0
0
0
0
0
0
0
0
0
0
0
0
0
0
0
0
0
0
0
0
0
0
0
0
0
0
0
0
0
0
0
0
0
0
0
0
0
0
0
0
0
0
0
0
0
0
0
0
0
0
0
0
0
0
0
0
0
0
0
0
0
0
0
0
0
0
0
0
0
0
0
0
0
0
0
0
0
0
0
0
0
0
0
0
0
0
0
0
0
0
0
0
0
0
0
0
0
0
0
0
0
0
0
0
0
0
0
0
0
0
0
0
0
0
0
0
0
0
0
0
0
0
0
0
0
0
0
0
0
0
0
0
0
0
0
0
0
0
0
0
0
0
0
0
0
0
0
0
0
0
0
0
0
0
0
0
0
0
0
0
0
0
 
*********************************************** Results ***************************************
 
TotalArea 0
AreaFirstQuad 0
AreaSecondQuad 0
AreaThirdQuad 0
AreaFourthQuad 0
Coercivity 0
PositiveCoercivity 0
NegativeCoercivity 0
Retentivity 6.00593410895206E-03
PositiveRetentivity 8.81369483516481E-03
NegativeRetentivity -3.1981733827393E-03
Magnetization 0.0049968
PositiveMagnetization -0.00313821
NegativeMagnetization -0.0049968
Flatness 1.53250224273562
Squareness 1.20195607367757
SStar 0
SFD1 0
SFD2 0
Slope 0
Intercept 0
SlopeAtHc -2.37390639964708E-06
dH1 636.004659326577
dH2 134.97
InitialSlope 4.72161172161171E-06
FieldAtHalfMs 25.3552
FieldAtMs 16.0625
MomentMean -4.32149873720137E-03
MomentRMS 5.02929412920873E-04
SFD3 0
dH3 1272.00931865315
UserField1 0
UserField2 0
CenterField 0
ExchangeField 0
ExchangeMoment 0
ExRegionOneIntercept 0
ExRegionOneSlope 0
ExRegionTwoIntercept 0
ExRegionTwoSlope 0
NegativeIntercept 0
NegativeSlope 0
AutoCenterOffset 0
PinningField 0
PinningMoment 0
PinRegionOneIntercept 0
PinRegionOneSlope 0
PinRegionTwoIntercept 0
PinRegionTwoSlope 0
PositiveIntercept 0
PositiveSlope 0
TotalOffset 0
BHMax 0
BCoercivity 0
BRetentivity 0
BNegativeCoercivity 0
BPositiveCoercivity 0
BNegativeRetentivity 0
BPositiveRetentivity 0
MomentYMean -6.01943153583617E-03
MomentYRMS 1.88586742503219E-04
YOffCorrection 0
Mrt 0
Ms1 0
Ms2 0
Ms3 0
Hc2 0
Hex2 0
HsatValue 0
HsatIntercept 0
HsatSlope 0
CenterH 0
Span .00185859
SpanAsPercentOfRange -35.0677358490566
RMSAsPercentOfRange -9.48923420605421
SpanAsPercentOfMean -43.0079959066154
RMSAsPercentOfMean -11.6378470411535
