Version 1.25
******************************************** Units *******************************************
System CGS
TemperatureUnit K
MomentUnit emu
AppliedFieldUnit G
 
******************************************** Setup ********************************************
 
Experiment CustomField
Minor False
Acquisition Continuous
EditedPoint No
MaxField 15000
FieldIncrement 100
Points 59
MinField 0
RampRate 10
AverageTime 0.3
TimeInterval 0
TimeConstant 0.1
TimeConstantIndex 0
Sensitivity -0.0053
SensitivityIndex 5
SensitivityY -400
SensitivityIndexY 0
SaturationField 8000
ExperimentTime 100
Use735Domains True
AutoRangeEnabled False
NumberOfVertices 2
VertexPts
0
58
VertexField
806.8505
1393.1495
StartAngle 0
EndAngle 0
AngleIncrement 0
StartTemp 0
FinishTemp 0
TempIncrement 0
TempPoints 0
LengthofSetPointsArray 59
SetPointArray
806.85046
816.95906
827.06767
837.17627
847.28488
857.39348
867.50209
877.61069
887.7193
897.8279
907.93651
918.04511
928.15372
938.26232
948.37093
958.47953
968.58814
978.69674
988.80535
998.91395
1009.02256
1019.13116
1029.23977
1039.34837
1049.45698
1059.56558
1069.67419
1079.78279
1089.8914
1100
1110.1086
1120.21721
1130.32581
1140.43442
1150.54302
1160.65163
1170.76023
1180.86884
1190.97744
1201.08605
1211.19465
1221.30326
1231.41186
1241.52047
1251.62907
1261.73768
1271.84628
1281.95489
1292.06349
1302.1721
1312.2807
1322.38931
1332.49791
1342.60652
1352.71512
1362.82373
1372.93233
1383.04094
1393.14954
FieldDomainFile C:\IDEASVSM\Default UserID\Experiments\FORCexp0030B\fdomain.ini
TempDomainFile C:\IDEASVSM\Default UserID\Experiments\FORCexp0030B\tdomain.ini
NumSelectedResults 0
ResultsSelected 
UserName1 
UserValue1 
UserName2 
UserValue2 
LinearBackgroundCorrection Off
MaxLinearFieldCorrection 
MinLinearFieldCorrection 
AutoLinearCorrection Off
FitOneRegion Off
BackgroundMode Off
BackgroundFilename 
AutoCenter Off
OffsetCorrection 
SmoothDeriv Off
DerivOrder 0
DerivPoints 0
MinExFieldOne 
MaxExFieldOne 
MinExFieldTwo 
MaxExFieldTwo 
MinPinFieldOne 
MaxPinFieldOne 
MinPinFieldTwo 
MaxPinFieldTwo 
HCenterStart 
Mass 
Volume 
Density 
MolarWeight 
NumberOfMoles 
Demagnetization 
SampleArea 
Thickness 
MomentScaling 0
XAxis 0
YAxis 0
SimpleSpinValve False
HsatMax 0
HsatMin 0
FieldAutoRange False
 
*************************************************** Experiment Data ********************************************
 
DataPoints 59
MomentX Data
0.00402927
0.00404333
0.00407186
0.00403635
0.00407257
0.004106
0.00406145
0.0040876
0.00407727
0.00410637
0.00409314
0.00412093
0.00411642
0.0041297
0.00413585
0.00415416
0.00412482
0.00419598
0.00418002
0.00416052
0.00415854
0.00417995
0.00419852
0.00422051
0.00421905
0.00423558
0.00422078
0.00422618
0.00423782
0.0042443
0.00424532
0.00422248
0.00426707
0.00426991
0.00429291
0.00427914
0.00429612
0.00432144
0.00429099
0.00427905
0.00432901
0.00432575
0.00431481
0.00434707
0.00430574
0.00434273
0.00431924
0.00432946
0.00432011
0.0043704
0.00435737
0.00438673
0.00437386
0.0043886
0.00438036
0.00437272
0.00440463
0.00441758
0.00440742
MomentY Data
-0.00729561
-0.0070413
-0.00740687
-0.00720024
-0.00710487
-0.00726382
-0.0070413
-0.00694593
-0.00664393
-0.00710487
-0.00697772
-0.00720024
-0.0073115
-0.0070413
-0.00697772
-0.00693003
-0.0073274
-0.00699361
-0.0076135
-0.00693003
-0.0067393
-0.0070413
-0.00718435
-0.0073115
-0.00694593
-0.00699361
-0.00699361
-0.00705719
-0.00683467
-0.0070413
-0.00715256
-0.00720024
-0.00699361
-0.00697772
-0.00713666
-0.00724792
-0.00710487
-0.0073115
-0.0073115
-0.00726382
-0.00680288
-0.00713666
-0.00708898
-0.00729561
-0.00716845
-0.00696182
-0.00642141
-0.00670751
-0.00710487
-0.00680288
-0.00724792
-0.00724792
-0.00713666
-0.00720024
-0.00713666
-0.00705719
-0.00720024
-0.00720024
-0.00735919
Field Data
808.005
815.357
824.778
834.61
844.507
855.016
864.651
874.8
884.676
894.488
904.827
914.548
924.326
934.484
944.501
954.255
964.153
974.443
984.354
993.954
1004.23
1014.2
1024.15
1034.04
1043.78
1054.06
1063.76
1073.69
1083.87
1093.69
1103.41
1113.41
1123.6
1133.39
1143.12
1153.34
1163.33
1173
1183.02
1193.27
1203.09
1213.05
1222.81
1232.77
1243.03
1252.82
1262.52
1272.83
1282.59
1292.37
1302.56
1312.46
1322.54
1332.32
1342.06
1352.02
1362.18
1372.07
1381.86
Time Data
0
0.3
0.6
0.9
1.2
1.5
1.8
2.1
2.4
2.7
3
3.3
3.6
3.9
4.2
4.5
4.8
5.1
5.4
5.7
6
6.3
6.6
6.9
7.2
7.5
7.8
8.1
8.4
8.7
9
9.3
9.6
9.9
10.2
10.5
10.8
11.1
11.4
11.7
12
12.3
12.6
12.9
13.2
13.5
13.8
14.1
14.4
14.7
15
15.3
15.6
15.9
16.2
16.5
16.8
17.1
17.4
Temperature Data
0
0
0
0
0
0
0
0
0
0
0
0
0
0
0
0
0
0
0
0
0
0
0
0
0
0
0
0
0
0
0
0
0
0
0
0
0
0
0
0
0
0
0
0
0
0
0
0
0
0
0
0
0
0
0
0
0
0
0
Angle Data
0
0
0
0
0
0
0
0
0
0
0
0
0
0
0
0
0
0
0
0
0
0
0
0
0
0
0
0
0
0
0
0
0
0
0
0
0
0
0
0
0
0
0
0
0
0
0
0
0
0
0
0
0
0
0
0
0
0
0
Bx Data
0
0
0
0
0
0
0
0
0
0
0
0
0
0
0
0
0
0
0
0
0
0
0
0
0
0
0
0
0
0
0
0
0
0
0
0
0
0
0
0
0
0
0
0
0
0
0
0
0
0
0
0
0
0
0
0
0
0
0
Hint Data
0
0
0
0
0
0
0
0
0
0
0
0
0
0
0
0
0
0
0
0
0
0
0
0
0
0
0
0
0
0
0
0
0
0
0
0
0
0
0
0
0
0
0
0
0
0
0
0
0
0
0
0
0
0
0
0
0
0
0
Torque Data
-5.89488935805
-5.7411732441
-6.10902342486
-6.0093923064
-6.00011244909
-6.21068232112
-6.0882670863
-6.076299564
-5.87772541668
-6.35522095656
-6.31362945444
-6.58496509152
-6.758209549
-6.5799821892
-6.59046351772
-6.61301577765
-7.0647346922
-6.81487430923
-7.494379179
-6.88813103862
-6.767807239
-7.14128646
-7.3578520525
-7.56038346
-7.2500228154
-7.3716845566
-7.4395225736
-7.5772343311
-7.4078937729
-7.700999397
-7.8922062296
-8.0168192184
-7.858020196
-7.9084780708
-8.1580587792
-8.3593160528
-8.2653084171
-8.5763895
-8.64965073
-8.6676984914
-8.1844768992
-8.657125413
-8.6684756338
-8.9938091397
-8.9105984035
-8.7219073324
-8.1071585532
-8.5375199533
-9.1126352133
-8.7918380256
-9.4408506752
-9.5126050832
-9.4385183164
-9.5930237568
-9.5778259196
-9.5414620238
-9.8080229232
-9.8792332968
-10.1693702934
dMdH Data
1.91240478781293E-06
3.02834094045213E-06
-3.61167615947924E-06
3.65969485702741E-06
3.18108288133981E-06
-4.62376751427089E-06
2.57660853286038E-06
-1.04597002835157E-06
2.96575621687727E-06
-1.27962085308053E-06
2.85875938689433E-06
-4.61239517283708E-07
1.30734396534751E-06
6.13956274333627E-07
1.87717859339754E-06
-2.96423519903002E-06
6.91545189504374E-06
-1.61033195439416E-06
-2.03124999999997E-06
-1.92681977423158E-07
2.14744232698097E-06
1.86633165829144E-06
2.22345803842272E-06
-1.49897330595483E-07
1.60797665369649E-06
-1.52577319587625E-06
5.43806646525679E-07
1.14341846758346E-06
6.59877800407377E-07
1.04938271604939E-07
-2.28400000000005E-06
4.37585868498541E-06
2.90091930541324E-07
2.36382322713259E-06
-1.3473581213307E-06
1.69969969969968E-06
2.61840744570841E-06
-3.03892215568867E-06
-1.16487804878042E-06
5.08757637474544E-06
-3.27309236947849E-07
-1.12090163934427E-06
3.23895582329317E-06
-4.02826510721248E-06
3.77834525025544E-06
-2.42164948453609E-06
9.91270611057233E-07
-9.57991803278688E-07
5.14212678936604E-06
-1.27870461236504E-06
2.96565656565654E-06
-1.27678571428571E-06
1.50715746421269E-06
-8.4599589322387E-07
-7.6706827309234E-07
3.140748031496E-06
1.30940343781602E-06
-1.03779366700719E-06
-1.03779366700719E-06
dMdT Data
0
0
0
0
0
0
0
0
0
0
0
0
0
0
0
0
0
0
0
0
0
0
0
0
0
0
0
0
0
0
0
0
0
0
0
0
0
0
0
0
0
0
0
0
0
0
0
0
0
0
0
0
0
0
0
0
0
0
0
 
*********************************************** Results ***************************************
 
TotalArea 0
AreaFirstQuad 0
AreaSecondQuad 0
AreaThirdQuad 0
AreaFourthQuad 0
Coercivity 0
PositiveCoercivity 0
NegativeCoercivity 0
Retentivity 2.48403736942321E-03
PositiveRetentivity 2.48403736942321E-03
NegativeRetentivity 0
Magnetization 0.00441758
PositiveMagnetization 0.00441758
NegativeMagnetization 0.00402927
Flatness -0.774296978882969
Squareness 0.562307274440578
SStar 0
SFD1 0
SFD2 0
Slope 0
Intercept 0
SlopeAtHc -1.03779366700719E-06
dH1 649.453866998526
dH2 79.3135
InitialSlope 1.91240478781293E-06
FieldAtHalfMs 1381.86
FieldAtMs 1372.07
MomentMean 4.23394677966102E-03
MomentRMS 1.11448825421027E-04
SFD3 0
dH3 1298.90773399705
UserField1 0
UserField2 0
CenterField 0
ExchangeField 0
ExchangeMoment 0
ExRegionOneIntercept 0
ExRegionOneSlope 0
ExRegionTwoIntercept 0
ExRegionTwoSlope 0
NegativeIntercept 0
NegativeSlope 0
AutoCenterOffset 0
PinningField 0
PinningMoment 0
PinRegionOneIntercept 0
PinRegionOneSlope 0
PinRegionTwoIntercept 0
PinRegionTwoSlope 0
PositiveIntercept 0
PositiveSlope 0
TotalOffset 0
BHMax 0
BCoercivity 0
BRetentivity 0
BNegativeCoercivity 0
BPositiveCoercivity 0
BNegativeRetentivity 0
BPositiveRetentivity 0
MomentYMean -7.09275050847458E-03
MomentYRMS 2.01880269393586E-04
YOffCorrection 0
Mrt 0
Ms1 0
Ms2 0
Ms3 0
Hc2 0
Hex2 0
HsatValue 0
HsatIntercept 0
HsatSlope 0
CenterH 0
Span .00038831
SpanAsPercentOfRange -7.32660377358491
RMSAsPercentOfRange -2.10280802681182
SpanAsPercentOfMean 9.17134815830372
RMSAsPercentOfMean 2.63226798117546
