Version 1.25
******************************************** Units *******************************************
System CGS
TemperatureUnit K
MomentUnit emu
AppliedFieldUnit G
 
******************************************** Setup ********************************************
 
Experiment CustomField
Minor False
Acquisition Continuous
EditedPoint No
MaxField 15000
FieldIncrement 100
Points 293
MinField 0
RampRate 10
AverageTime 0.3
TimeInterval 0
TimeConstant 0.1
TimeConstantIndex 0
Sensitivity -0.0053
SensitivityIndex 5
SensitivityY -400
SensitivityIndexY 0
SaturationField 8000
ExperimentTime 100
Use735Domains True
AutoRangeEnabled False
NumberOfVertices 2
VertexPts
0
292
VertexField
-1467.5856
1484.127
StartAngle 0
EndAngle 0
AngleIncrement 0
StartTemp 0
FinishTemp 0
TempIncrement 0
TempPoints 0
LengthofSetPointsArray 293
SetPointArray
-1467.58563
-1457.47703
-1447.36842
-1437.25982
-1427.15121
-1417.04261
-1406.934
-1396.8254
-1386.71679
-1376.60819
-1366.49958
-1356.39098
-1346.28237
-1336.17377
-1326.06516
-1315.95656
-1305.84795
-1295.73935
-1285.63074
-1275.52214
-1265.41353
-1255.30493
-1245.19632
-1235.08772
-1224.97911
-1214.87051
-1204.7619
-1194.6533
-1184.5447
-1174.43609
-1164.32749
-1154.21888
-1144.11028
-1134.00167
-1123.89307
-1113.78446
-1103.67586
-1093.56725
-1083.45865
-1073.35004
-1063.24144
-1053.13283
-1043.02423
-1032.91562
-1022.80702
-1012.69841
-1002.58981
-992.4812
-982.3726
-972.26399
-962.15539
-952.04678
-941.93818
-931.82957
-921.72097
-911.61236
-901.50376
-891.39515
-881.28655
-871.17794
-861.06934
-850.96074
-840.85213
-830.74353
-820.63492
-810.52632
-800.41771
-790.30911
-780.2005
-770.0919
-759.98329
-749.87469
-739.76608
-729.65748
-719.54887
-709.44027
-699.33166
-689.22306
-679.11445
-669.00585
-658.89724
-648.78864
-638.68003
-628.57143
-618.46282
-608.35422
-598.24561
-588.13701
-578.0284
-567.9198
-557.81119
-547.70259
-537.59398
-527.48538
-517.37678
-507.26817
-497.15957
-487.05096
-476.94236
-466.83375
-456.72515
-446.61654
-436.50794
-426.39933
-416.29073
-406.18212
-396.07352
-385.96491
-375.85631
-365.7477
-355.6391
-345.53049
-335.42189
-325.31328
-315.20468
-305.09607
-294.98747
-284.87886
-274.77026
-264.66165
-254.55305
-244.44444
-234.33584
-224.22723
-214.11863
-204.01003
-193.90142
-183.79282
-173.68421
-163.57561
-153.467
-143.3584
-133.24979
-123.14119
-113.03258
-102.92398
-92.81537
-82.70677
-72.59816
-62.48956
-52.38095
-42.27235
-32.16374
-22.05514
-11.94653
-1.83793
8.27068
18.37928
28.48789
38.59649
48.7051
58.8137
68.92231
79.03091
89.13952
99.24812
109.35673
119.46533
129.57393
139.68254
149.79114
159.89975
170.00835
180.11696
190.22556
200.33417
210.44277
220.55138
230.65998
240.76859
250.87719
260.9858
271.0944
281.20301
291.31161
301.42022
311.52882
321.63743
331.74603
341.85464
351.96324
362.07185
372.18045
382.28906
392.39766
402.50627
412.61487
422.72348
432.83208
442.94069
453.04929
463.15789
473.2665
483.3751
493.48371
503.59231
513.70092
523.80952
533.91813
544.02673
554.13534
564.24394
574.35255
584.46115
594.56976
604.67836
614.78697
624.89557
635.00418
645.11278
655.22139
665.32999
675.4386
685.5472
695.65581
705.76441
715.87302
725.98162
736.09023
746.19883
756.30744
766.41604
776.52464
786.63325
796.74185
806.85046
816.95906
827.06767
837.17627
847.28488
857.39348
867.50209
877.61069
887.7193
897.8279
907.93651
918.04511
928.15372
938.26232
948.37093
958.47953
968.58814
978.69674
988.80535
998.91395
1009.02256
1019.13116
1029.23977
1039.34837
1049.45698
1059.56558
1069.67419
1079.78279
1089.8914
1100
1110.1086
1120.21721
1130.32581
1140.43442
1150.54302
1160.65163
1170.76023
1180.86884
1190.97744
1201.08605
1211.19465
1221.30326
1231.41186
1241.52047
1251.62907
1261.73768
1271.84628
1281.95489
1292.06349
1302.1721
1312.2807
1322.38931
1332.49791
1342.60652
1352.71512
1362.82373
1372.93233
1383.04094
1393.14954
1403.25815
1413.36675
1423.47536
1433.58396
1443.69256
1453.80117
1463.90977
1474.01838
1484.12698
FieldDomainFile C:\IDEASVSM\Default UserID\Experiments\FORCexp0255B\fdomain.ini
TempDomainFile C:\IDEASVSM\Default UserID\Experiments\FORCexp0255B\tdomain.ini
NumSelectedResults 0
ResultsSelected 
UserName1 
UserValue1 
UserName2 
UserValue2 
LinearBackgroundCorrection Off
MaxLinearFieldCorrection 
MinLinearFieldCorrection 
AutoLinearCorrection Off
FitOneRegion Off
BackgroundMode Off
BackgroundFilename 
AutoCenter Off
OffsetCorrection 
SmoothDeriv Off
DerivOrder 0
DerivPoints 0
MinExFieldOne 
MaxExFieldOne 
MinExFieldTwo 
MaxExFieldTwo 
MinPinFieldOne 
MaxPinFieldOne 
MinPinFieldTwo 
MaxPinFieldTwo 
HCenterStart 
Mass 
Volume 
Density 
MolarWeight 
NumberOfMoles 
Demagnetization 
SampleArea 
Thickness 
MomentScaling 0
XAxis 0
YAxis 0
SimpleSpinValve False
HsatMax 0
HsatMin 0
FieldAutoRange False
 
*************************************************** Experiment Data ********************************************
 
DataPoints 293
MomentX Data
-0.00417147
-0.00420301
-0.00412733
-0.00415125
-0.00414449
-0.004165
-0.00411664
-0.00413788
-0.00410924
-0.00408886
-0.00406861
-0.00407621
-0.00411285
-0.00410941
-0.0040987
-0.00407684
-0.00407643
-0.00406499
-0.00407167
-0.0040522
-0.00405063
-0.00406739
-0.00406929
-0.00405488
-0.00407919
-0.00400372
-0.00396044
-0.0040119
-0.00402565
-0.00397315
-0.00396361
-0.00397101
-0.00395801
-0.00397678
-0.003954
-0.00394612
-0.00396118
-0.00393396
-0.00392771
-0.00391418
-0.00392864
-0.00391295
-0.00388349
-0.00387496
-0.00388043
-0.00388437
-0.00385977
-0.00388082
-0.00385583
-0.00387968
-0.00383723
-0.00383606
-0.00381452
-0.00381088
-0.0038214
-0.00380537
-0.00379557
-0.00374891
-0.00377436
-0.00375333
-0.00376493
-0.00375103
-0.00372768
-0.00372655
-0.00373044
-0.00367632
-0.00370044
-0.00369744
-0.00365848
-0.00370646
-0.00366798
-0.0036743
-0.00366924
-0.0036475
-0.00364621
-0.00362155
-0.00361209
-0.00364242
-0.00362134
-0.00359368
-0.00354284
-0.00355474
-0.00355747
-0.0035617
-0.00353645
-0.00351305
-0.00350369
-0.00355352
-0.0034827
-0.00348661
-0.00348504
-0.00347096
-0.00344288
-0.00346483
-0.00346202
-0.00345088
-0.00345749
-0.00343288
-0.00344963
-0.00339487
-0.00340237
-0.00341538
-0.00335539
-0.00335512
-0.00335316
-0.00330679
-0.00332343
-0.00329577
-0.00322255
-0.00325953
-0.00322924
-0.00324689
-0.00328299
-0.00320543
-0.00322731
-0.00324272
-0.00322579
-0.00317877
-0.00317887
-0.0031416
-0.00312068
-0.00311589
-0.00314795
-0.00311088
-0.00314435
-0.00308757
-0.00310704
-0.00311585
-0.00307044
-0.00297953
-0.00301563
-0.00297689
-0.00299085
-0.00302313
-0.00298914
-0.0029717
-0.00292227
-0.00295232
-0.00289971
-0.00289027
-0.00290556
-0.00293135
-0.00284512
-0.00286427
-0.00281653
-0.00279416
-0.0028014
-0.00278011
-0.00280926
-0.00281341
-0.00268924
-0.0026915
-0.00272341
-0.00266489
-0.00266363
-0.00263821
-0.00264828
-0.00263281
-0.00263989
-0.00253926
-0.00255809
-0.00253991
-0.00250002
-0.00248671
-0.00250977
-0.00249333
-0.00239522
-0.00238008
-0.0023854
-0.00241458
-0.00242649
-0.00239522
-0.00232145
-0.00237086
-0.0022996
-0.00222129
-0.002215
-0.00224492
-0.00222971
-0.00212606
-0.00215805
-0.00217508
-0.00218366
-0.00207595
-0.00207053
-0.00201194
-0.00202256
-0.00189227
-0.00189943
-0.00191795
-0.00187194
-0.00182254
-0.00179718
-0.0016839
-0.00172485
-0.00170664
-0.00164103
-0.00160695
-0.00155455
-0.00156388
-0.00150035
-0.00138444
-0.00138317
-0.00130533
-0.00129552
-0.00125253
-0.00110469
-0.00105029
-0.00106209
-0.000975039
-0.000860948
-0.000886486
-0.000783527
-0.000805339
-0.000632741
-0.000508653
-0.000450493
-0.000410737
-0.000200554
-0.000231822
-0.000116415
0.0000254942
0.000128903
0.000217776
0.000389801
0.000479202
0.000574432
0.000704481
0.000853553
0.000945642
0.00106142
0.00106035
0.00121257
0.00134628
0.00141453
0.00161788
0.00169007
0.00180731
0.00190553
0.0019563
0.00206174
0.00217757
0.00224285
0.0023399
0.00239767
0.00254101
0.00264559
0.00264963
0.00266667
0.00277448
0.0028126
0.00299183
0.00298397
0.00308208
0.00310518
0.00320836
0.00333521
0.00334182
0.00335234
0.00352056
0.00354009
0.00358309
0.00359028
0.00360115
0.00363114
0.00367969
0.00370056
0.00370069
0.00378686
0.00384922
0.00388655
0.00394923
0.00395047
0.00395971
0.00400654
0.00399276
0.00405079
0.00408657
0.00418565
0.00406807
0.00409911
0.004139
0.00422127
0.00422721
0.00421702
0.00422504
0.00428963
0.00431047
0.00429308
0.00427388
0.00431317
0.0043701
0.00430657
MomentY Data
-0.00610352
-0.0061353
-0.0058492
-0.0061353
-0.00619888
-0.00557899
-0.0055631
-0.00542005
-0.00597636
-0.00572205
-0.00578562
-0.00592868
-0.00599225
-0.00597636
-0.00572205
-0.00591278
-0.00529289
-0.00581741
-0.0061353
-0.00573794
-0.00607173
-0.00578562
-0.00594457
-0.00589689
-0.00578562
-0.00623067
-0.00591278
-0.00642141
-0.00616709
-0.00572205
-0.00599225
-0.00594457
-0.00562668
-0.00588099
-0.00583331
-0.00572205
-0.00597636
-0.00557899
-0.00557899
-0.00576973
-0.0061353
-0.00572205
-0.00597636
-0.00589689
-0.00537237
-0.00578562
-0.00597636
-0.00594457
-0.00565847
-0.00575384
-0.00567436
-0.00600815
-0.00562668
-0.00581741
-0.0061353
-0.00578562
-0.00578562
-0.00603994
-0.00592868
-0.0061353
-0.00588099
-0.00594457
-0.00603994
-0.00610352
-0.00607173
-0.00567436
-0.00591278
-0.00572205
-0.00602404
-0.00569026
-0.00588099
-0.0055631
-0.00576973
-0.00600815
-0.00597636
-0.00594457
-0.00578562
-0.00567436
-0.00596046
-0.00540415
-0.00594457
-0.00621478
-0.00591278
-0.00588099
-0.00573794
-0.00603994
-0.00619888
-0.0061353
-0.00583331
-0.00600815
-0.00596046
-0.00567436
-0.00599225
-0.00607173
-0.00565847
-0.00616709
-0.00607173
-0.00616709
-0.0061353
-0.00588099
-0.00581741
-0.0058492
-0.00588099
-0.00602404
-0.00623067
-0.00616709
-0.0061353
-0.00619888
-0.00623067
-0.00602404
-0.00592868
-0.00619888
-0.0058651
-0.00623067
-0.00576973
-0.00588099
-0.0061353
-0.00607173
-0.0058492
-0.00621478
-0.00619888
-0.00594457
-0.00603994
-0.00603994
-0.00616709
-0.00608762
-0.00583331
-0.00591278
-0.00581741
-0.00581741
-0.0061512
-0.00581741
-0.00572205
-0.00540415
-0.00623067
-0.00588099
-0.00569026
-0.00569026
-0.00597636
-0.00583331
-0.00583331
-0.00578562
-0.00592868
-0.00603994
-0.00591278
-0.00588099
-0.00623067
-0.00603994
-0.00588099
-0.00623067
-0.00588099
-0.00581741
-0.0055631
-0.00562668
-0.00626246
-0.00591278
-0.00576973
-0.00567436
-0.00599225
-0.00592868
-0.00572205
-0.00596046
-0.00605583
-0.00623067
-0.00597636
-0.00619888
-0.00603994
-0.0061353
-0.00626246
-0.00618299
-0.00576973
-0.00565847
-0.0061353
-0.00597636
-0.00603994
-0.00638962
-0.00607173
-0.00607173
-0.00616709
-0.0061353
-0.00626246
-0.00602404
-0.00602404
-0.00607173
-0.00623067
-0.00603994
-0.00635783
-0.00597636
-0.00597636
-0.00597636
-0.00576973
-0.00572205
-0.00616709
-0.00623067
-0.00632604
-0.00572205
-0.00635783
-0.00591278
-0.00602404
-0.00626246
-0.0067393
-0.0061353
-0.00588099
-0.00616709
-0.00626246
-0.00623067
-0.00632604
-0.00603994
-0.00603994
-0.00610352
-0.00626246
-0.00623067
-0.00599225
-0.00635783
-0.00664393
-0.00654856
-0.00638962
-0.00632604
-0.00642141
-0.00616709
-0.0061353
-0.00626246
-0.00632604
-0.00626246
-0.00677109
-0.00651677
-0.00603994
-0.00651677
-0.00658035
-0.00626246
-0.00648499
-0.0067393
-0.00629425
-0.00648499
-0.00632604
-0.0067393
-0.00680288
-0.00680288
-0.00654856
-0.00635783
-0.0067393
-0.00670751
-0.00623067
-0.00651677
-0.00654856
-0.00680288
-0.00651677
-0.0067393
-0.00667572
-0.00658035
-0.0070413
-0.0067393
-0.00667572
-0.00658035
-0.00635783
-0.00638962
-0.00661214
-0.00667572
-0.0064532
-0.00664393
-0.00664393
-0.00677109
-0.0067393
-0.00696182
-0.00683467
-0.00670751
-0.0067393
-0.00642141
-0.00642141
-0.00642141
-0.00678698
-0.0070254
-0.00664393
-0.00664393
-0.00642141
-0.00667572
-0.0067393
-0.00686646
-0.00670751
-0.00680288
-0.00651677
-0.00635783
-0.00705719
-0.00683467
-0.00664393
-0.00683467
-0.00696182
-0.00696182
-0.00705719
-0.00693003
-0.00680288
-0.00691414
-0.00691414
Field Data
-1466.84
-1460.55
-1451.18
-1440.79
-1430.61
-1420.62
-1410.56
-1400.19
-1390.23
-1380.35
-1369.78
-1360.07
-1349.63
-1339.92
-1329.8
-1319.42
-1309.56
-1299.68
-1289.27
-1279.14
-1269.29
-1259.29
-1248.86
-1238.98
-1229
-1218.74
-1208.67
-1198.31
-1188.47
-1178.59
-1168.33
-1158.22
-1148.26
-1138.27
-1127.99
-1117.93
-1108.16
-1097.52
-1087.69
-1077.77
-1067.26
-1057.51
-1047.4
-1037.46
-1026.9
-1016.12
-1003.9
-993.424
-983.561
-973.654
-963.317
-953.252
-943.104
-933.307
-922.963
-912.953
-903.196
-892.667
-882.65
-872.763
-862.464
-852.468
-842.595
-832.437
-822.038
-812.065
-802.017
-792.096
-782.055
-771.663
-761.783
-751.962
-741.461
-731.541
-721.703
-711.395
-701.251
-691.383
-681.366
-670.921
-660.966
-650.895
-640.879
-630.911
-620.571
-610.637
-600.721
-590.419
-580.417
-570.469
-560.374
-549.877
-540.094
-530.177
-519.821
-509.853
-499.933
-489.609
-479.691
-469.354
-459.522
-449.435
-439.404
-429.314
-419.21
-409.193
-399.154
-388.958
-378.817
-368.424
-358.725
-348.777
-338.375
-328.495
-318.649
-308.22
-298.134
-288.24
-278.014
-268.073
-257.955
-247.868
-237.581
-227.79
-217.805
-207.482
-197.486
-187.614
-177.434
-167.051
-157.069
-147.183
-136.906
-127.007
-116.848
-106.715
-96.6604
-86.7882
-76.7411
-66.2103
-56.3111
-46.4291
-36.3309
-26.3051
-15.9847
-6.03196
3.84126
14.1488
24.2474
34.6946
44.2856
54.2336
64.777
74.6597
84.4926
94.6788
104.815
114.772
124.846
135.175
145.06
155.433
165.246
175.353
185.637
195.561
205.366
215.667
225.882
235.667
245.802
256.211
266.144
275.943
286.317
296.17
306.584
316.492
326.345
336.714
346.509
356.845
366.832
376.627
387.114
397.084
407.003
417.042
427.333
437.339
447.467
457.358
467.495
477.829
487.784
497.584
508.107
517.972
527.787
537.919
548.279
558.387
568.339
578.336
588.26
598.754
608.701
618.53
628.964
638.801
648.758
658.856
669.188
679.104
689.077
699.43
709.238
719.288
729.713
739.533
749.852
759.708
769.693
780.086
789.998
799.856
810.199
820.279
830.149
840.279
850.195
860.751
870.442
880.766
890.665
900.6
910.825
920.964
930.859
940.969
951.257
961.475
971.149
981.521
991.205
1001.86
1011.59
1021.53
1031.87
1041.85
1051.81
1062.06
1072.09
1082.02
1092.06
1102.56
1112.5
1122.54
1132.39
1142.5
1152.94
1162.66
1172.56
1183.04
1193.03
1202.9
1213.05
1223.24
1233.23
1243.2
1253.56
1263.36
1273.85
1283.7
1293.56
1303.99
1313.84
1323.8
1333.85
1344.31
1353.95
1364.13
1374.38
1384.41
1394.56
1404.46
1414.59
1424.83
1434.68
1444.72
1454.99
1465.04
1475
Time Data
0
0.3
0.6
0.9
1.2
1.5
1.8
2.1
2.4
2.7
3
3.3
3.6
3.9
4.2
4.5
4.8
5.1
5.4
5.7
6
6.3
6.6
6.9
7.2
7.5
7.8
8.1
8.4
8.7
9
9.3
9.6
9.9
10.2
10.5
10.8
11.1
11.4
11.7
12
12.3
12.6
12.9
13.2
13.5
13.8
14.1
14.4
14.7
15
15.3
15.6
15.9
16.2
16.5
16.8
17.1
17.4
17.7
18
18.3
18.6
18.9
19.2
19.5
19.8
20.1
20.4
20.7
21
21.3
21.6
21.9
22.2
22.5
22.8
23.1
23.4
23.7
24
24.3
24.6
24.9
25.2
25.5
25.8
26.1
26.4
26.7
27
27.3
27.6
27.9
28.2
28.5
28.8
29.1
29.4
29.7
30.0000000000001
30.3000000000001
30.6000000000001
30.9000000000001
31.2000000000001
31.5000000000001
31.8000000000001
32.1000000000001
32.4
32.7
33
33.3
33.6
33.9
34.2
34.5
34.8
35.1
35.4
35.7
36
36.3
36.6
36.9
37.2
37.5
37.8
38.1
38.4
38.7
39
39.3
39.6
39.9
40.2
40.5
40.8
41.1
41.4
41.7
42
42.3
42.6
42.8999999999999
43.1999999999999
43.4999999999999
43.7999999999999
44.0999999999999
44.3999999999999
44.6999999999999
44.9999999999999
45.2999999999999
45.5999999999999
45.8999999999999
46.1999999999999
46.4999999999999
46.7999999999999
47.0999999999999
47.3999999999999
47.6999999999999
47.9999999999999
48.2999999999999
48.5999999999999
48.8999999999999
49.1999999999999
49.4999999999999
49.7999999999999
50.0999999999999
50.3999999999999
50.6999999999999
50.9999999999999
51.2999999999999
51.5999999999999
51.8999999999999
52.1999999999999
52.4999999999999
52.7999999999999
53.0999999999999
53.3999999999998
53.6999999999998
53.9999999999998
54.2999999999998
54.5999999999998
54.8999999999998
55.1999999999998
55.4999999999998
55.7999999999998
56.0999999999998
56.3999999999998
56.6999999999998
56.9999999999998
57.2999999999998
57.5999999999998
57.8999999999998
58.1999999999998
58.4999999999998
58.7999999999998
59.0999999999998
59.3999999999998
59.6999999999998
59.9999999999998
60.2999999999998
60.5999999999998
60.8999999999998
61.1999999999998
61.4999999999998
61.7999999999998
62.0999999999998
62.3999999999998
62.6999999999998
62.9999999999998
63.2999999999998
63.5999999999998
63.8999999999998
64.1999999999997
64.4999999999997
64.7999999999997
65.0999999999997
65.3999999999997
65.6999999999997
65.9999999999997
66.2999999999997
66.5999999999997
66.8999999999997
67.1999999999997
67.4999999999997
67.7999999999997
68.0999999999997
68.3999999999997
68.6999999999997
68.9999999999997
69.2999999999997
69.5999999999997
69.8999999999997
70.1999999999997
70.4999999999997
70.7999999999997
71.0999999999997
71.3999999999997
71.6999999999997
71.9999999999997
72.2999999999997
72.5999999999997
72.8999999999997
73.1999999999997
73.4999999999997
73.7999999999997
74.0999999999997
74.3999999999997
74.6999999999996
74.9999999999996
75.2999999999996
75.5999999999996
75.8999999999996
76.1999999999996
76.4999999999996
76.7999999999996
77.0999999999996
77.3999999999996
77.6999999999996
77.9999999999996
78.2999999999996
78.5999999999996
78.8999999999996
79.1999999999996
79.4999999999996
79.7999999999996
80.0999999999996
80.3999999999996
80.6999999999996
80.9999999999996
81.2999999999996
81.5999999999996
81.8999999999996
82.1999999999996
82.4999999999996
82.7999999999996
83.0999999999996
83.3999999999996
83.6999999999996
83.9999999999996
84.2999999999996
84.5999999999996
84.8999999999996
85.1999999999995
85.4999999999995
85.7999999999995
86.0999999999995
86.3999999999995
86.6999999999995
86.9999999999995
87.2999999999995
87.5999999999995
Temperature Data
0
0
0
0
0
0
0
0
0
0
0
0
0
0
0
0
0
0
0
0
0
0
0
0
0
0
0
0
0
0
0
0
0
0
0
0
0
0
0
0
0
0
0
0
0
0
0
0
0
0
0
0
0
0
0
0
0
0
0
0
0
0
0
0
0
0
0
0
0
0
0
0
0
0
0
0
0
0
0
0
0
0
0
0
0
0
0
0
0
0
0
0
0
0
0
0
0
0
0
0
0
0
0
0
0
0
0
0
0
0
0
0
0
0
0
0
0
0
0
0
0
0
0
0
0
0
0
0
0
0
0
0
0
0
0
0
0
0
0
0
0
0
0
0
0
0
0
0
0
0
0
0
0
0
0
0
0
0
0
0
0
0
0
0
0
0
0
0
0
0
0
0
0
0
0
0
0
0
0
0
0
0
0
0
0
0
0
0
0
0
0
0
0
0
0
0
0
0
0
0
0
0
0
0
0
0
0
0
0
0
0
0
0
0
0
0
0
0
0
0
0
0
0
0
0
0
0
0
0
0
0
0
0
0
0
0
0
0
0
0
0
0
0
0
0
0
0
0
0
0
0
0
0
0
0
0
0
0
0
0
0
0
0
0
0
0
0
0
0
0
0
0
0
0
0
0
0
0
0
0
0
0
0
0
0
0
0
0
0
0
0
0
0
Angle Data
0
0
0
0
0
0
0
0
0
0
0
0
0
0
0
0
0
0
0
0
0
0
0
0
0
0
0
0
0
0
0
0
0
0
0
0
0
0
0
0
0
0
0
0
0
0
0
0
0
0
0
0
0
0
0
0
0
0
0
0
0
0
0
0
0
0
0
0
0
0
0
0
0
0
0
0
0
0
0
0
0
0
0
0
0
0
0
0
0
0
0
0
0
0
0
0
0
0
0
0
0
0
0
0
0
0
0
0
0
0
0
0
0
0
0
0
0
0
0
0
0
0
0
0
0
0
0
0
0
0
0
0
0
0
0
0
0
0
0
0
0
0
0
0
0
0
0
0
0
0
0
0
0
0
0
0
0
0
0
0
0
0
0
0
0
0
0
0
0
0
0
0
0
0
0
0
0
0
0
0
0
0
0
0
0
0
0
0
0
0
0
0
0
0
0
0
0
0
0
0
0
0
0
0
0
0
0
0
0
0
0
0
0
0
0
0
0
0
0
0
0
0
0
0
0
0
0
0
0
0
0
0
0
0
0
0
0
0
0
0
0
0
0
0
0
0
0
0
0
0
0
0
0
0
0
0
0
0
0
0
0
0
0
0
0
0
0
0
0
0
0
0
0
0
0
0
0
0
0
0
0
0
0
0
0
0
0
0
0
0
0
0
0
Bx Data
0
0
0
0
0
0
0
0
0
0
0
0
0
0
0
0
0
0
0
0
0
0
0
0
0
0
0
0
0
0
0
0
0
0
0
0
0
0
0
0
0
0
0
0
0
0
0
0
0
0
0
0
0
0
0
0
0
0
0
0
0
0
0
0
0
0
0
0
0
0
0
0
0
0
0
0
0
0
0
0
0
0
0
0
0
0
0
0
0
0
0
0
0
0
0
0
0
0
0
0
0
0
0
0
0
0
0
0
0
0
0
0
0
0
0
0
0
0
0
0
0
0
0
0
0
0
0
0
0
0
0
0
0
0
0
0
0
0
0
0
0
0
0
0
0
0
0
0
0
0
0
0
0
0
0
0
0
0
0
0
0
0
0
0
0
0
0
0
0
0
0
0
0
0
0
0
0
0
0
0
0
0
0
0
0
0
0
0
0
0
0
0
0
0
0
0
0
0
0
0
0
0
0
0
0
0
0
0
0
0
0
0
0
0
0
0
0
0
0
0
0
0
0
0
0
0
0
0
0
0
0
0
0
0
0
0
0
0
0
0
0
0
0
0
0
0
0
0
0
0
0
0
0
0
0
0
0
0
0
0
0
0
0
0
0
0
0
0
0
0
0
0
0
0
0
0
0
0
0
0
0
0
0
0
0
0
0
0
0
0
0
0
0
Hint Data
0
0
0
0
0
0
0
0
0
0
0
0
0
0
0
0
0
0
0
0
0
0
0
0
0
0
0
0
0
0
0
0
0
0
0
0
0
0
0
0
0
0
0
0
0
0
0
0
0
0
0
0
0
0
0
0
0
0
0
0
0
0
0
0
0
0
0
0
0
0
0
0
0
0
0
0
0
0
0
0
0
0
0
0
0
0
0
0
0
0
0
0
0
0
0
0
0
0
0
0
0
0
0
0
0
0
0
0
0
0
0
0
0
0
0
0
0
0
0
0
0
0
0
0
0
0
0
0
0
0
0
0
0
0
0
0
0
0
0
0
0
0
0
0
0
0
0
0
0
0
0
0
0
0
0
0
0
0
0
0
0
0
0
0
0
0
0
0
0
0
0
0
0
0
0
0
0
0
0
0
0
0
0
0
0
0
0
0
0
0
0
0
0
0
0
0
0
0
0
0
0
0
0
0
0
0
0
0
0
0
0
0
0
0
0
0
0
0
0
0
0
0
0
0
0
0
0
0
0
0
0
0
0
0
0
0
0
0
0
0
0
0
0
0
0
0
0
0
0
0
0
0
0
0
0
0
0
0
0
0
0
0
0
0
0
0
0
0
0
0
0
0
0
0
0
0
0
0
0
0
0
0
0
0
0
0
0
0
0
0
0
0
0
Torque Data
8.9528872768
8.960912415
8.488242056
8.839678887
8.8681797168
7.9256247738
7.847086336
7.5890998095
8.3085149628
7.8984317175
7.9250265636
8.0634198076
8.0873203675
8.0078442912
7.60918209
7.8014401876
6.9313570284
7.5607714288
7.910058231
7.3396285716
7.7067861717
7.2857734098
7.4239356902
7.3061287722
7.11052698
7.5935667558
7.1465998026
7.6948398171
7.3294014523
6.7439509095
7.0009254425
6.8851198654
6.4608915768
6.6941544873
6.5799153469
6.3968513565
6.6227630976
6.1230531048
6.0682116331
6.2184419021
6.547960278
6.0511250955
6.259639464
6.1177874994
5.516886753
5.8788841944
5.999667804
5.90547850768
5.56545041167
5.60224933136
5.46620745212
5.7272810038
5.30654441472
5.42942947487
5.6626548939
5.28199913586
5.22554884152
5.39165511998
5.232949402
5.3546628339
5.07214215936
5.06755569876
5.0892232443
5.08079587824
4.99119278574
4.6079491534
4.74215007726
4.5324129168
4.7111306022
4.39096310238
4.48003820517
4.1832398022
4.27802977553
4.39520805915
4.31315694108
4.22893737515
4.05717181062
3.92315603988
4.06125478836
3.62575772215
3.92915865462
4.0451692281
3.78937653362
3.71038128189
3.56079916374
3.68821084178
3.72379739248
3.6223976907
3.38575229027
3.42746332235
3.34008681204
3.12020005372
3.2363782715
3.21909159621
2.94139153387
3.14430933777
3.03545819409
3.01946276781
2.9430481923
2.76026618046
2.67322787802
2.628835202
2.58413052996
2.58620470856
2.6119591707
2.52353005837
2.4489295362
2.41110396704
2.36028371739
2.21940091296
2.126765733
2.16202676976
1.9846032125
2.04674394165
1.83851869477
1.8126387378
1.8291415302
1.7501154552
1.6261594888
1.66601471894
1.5990320904
1.47346867676
1.43497498514
1.3758379326
1.34322303745
1.26307157284
1.15199705866
1.10932030692
1.03220632594
0.97180415791
0.9661628328
0.85622385603
0.7833829773
0.68636487905
0.72804132816
0.62758984785
0.550022807704
0.493847422932
0.458632440396
0.386225205093
0.328480102741
0.268621129542
0.215394280212
0.158881225694
0.094514014466
0.0354738964404
-0.0239336234442
-0.085457903072
-0.142598716926
-0.216170603382
-0.260443170744
-0.315499086976
-0.3603609287
-0.420086240796
-0.529131527796
-0.559814915064
-0.60475424995
-0.65125764592
-0.7481084435
-0.801409319
-0.830040573
-0.92645217918
-1.00070168418
-1.09256667651
-1.10943354132
-1.21225917168
-1.24039831804
-1.3231817451
-1.41457698972
-1.45712670433
-1.41821117346
-1.44976225717
-1.6328732832
-1.64913470748
-1.72933750098
-1.8924137554
-1.86149527032
-1.92165397116
-2.01259898605
-2.0658414042
-2.16999875214
-2.1496485538
-2.20981064128
-2.28677745471
-2.41197958638
-2.39836353496
-2.58765588349
-2.49239312712
-2.55389584788
-2.61369530604
-2.58176377391
-2.6170253439
-2.88308373955
-2.97719481543
-3.08574109536
-2.8472005272
-3.23045792781
-3.06265448216
-3.17940999948
-3.36869622074
-3.6950166647
-3.4258717611
-3.34239597561
-3.56665016224
-3.6839547196
-3.73063858518
-3.85066687404
-3.7358840882
-3.79890482216
-3.89893467952
-4.06282102468
-4.10511431352
-4.009941793
-4.31762778432
-4.57817935261
-4.5802593208
-4.53176130956
-4.55024465952
-4.68578635533
-4.56076656897
-4.6005669756
-4.75764096168
-4.86910870572
-4.88525737156
-5.34914755782
-5.21247758512
-4.89355334806
-5.34556957883
-5.46267097215
-5.26221362634
-5.51350607305
-5.8008592143
-5.4787795585
-5.71175870234
-5.6343824166
-6.06941358
-6.196233176
-6.26520757632
-6.09578601304
-5.98252093727
-6.4108063001
-6.44910317725
-6.05090893983
-6.39634660717
-6.4909654148
-6.8155333568
-6.5922993643
-6.884397129
-6.8884751964
-6.8557376475
-7.406109753
-7.157540958
-7.1569726548
-7.120070307
-6.9431318298
-7.0449394272
-7.35600575
-7.4937627288
-7.307539148
-7.590690025
-7.6600526542
-7.8724754994
-7.902233608
-8.2361115328
-8.1539663501
-8.068463779
-8.175107865
-7.8549255684
-7.9190754543
-7.983096912
-8.5078866488
-8.875609344
-8.4633702305
-8.528812941
-8.3064791196
-8.7050721228
-8.854361912
-9.089819748
-8.9468122135
-9.1451796128
-8.8233807415
-8.6729066379
-9.6992607922
-9.4619854947
-9.2653590208
-9.5990206282
-9.8481209538
-9.9194099906
-10.1248093492
-10.0119529416
-9.8981223712
-10.1294916656
-10.1983565
dMdH Data
-5.01430842607317E-06
8.07684098185707E-06
-2.30221366698748E-06
6.6404715127707E-07
-2.0530530530531E-06
4.80715705765409E-06
-2.04821600771455E-06
2.87550200803211E-06
2.06275303643726E-06
1.91579943235568E-06
-7.82698249227594E-07
-3.50957854406137E-06
3.54273944387268E-07
1.05830039525688E-06
2.10597302504822E-06
4.15821501014363E-08
1.15789473684209E-06
-6.4169068203652E-07
1.92201382033572E-06
1.59390862944094E-07
-1.67599999999993E-06
-1.82166826462127E-07
1.45850202429146E-06
-2.43587174348693E-06
7.35575048732946E-06
4.29791459781529E-06
-4.96718146718138E-06
-1.39735772357732E-06
5.31376518218622E-06
9.29824561403483E-07
-7.31948565776409E-07
1.30522088353413E-06
-1.87887887887892E-06
2.215953307393E-06
7.83300198807165E-07
-1.54145342886386E-06
2.55827067669167E-06
6.35808748728405E-07
1.3639112903226E-06
-1.37583254043768E-06
1.60923076923073E-06
2.91394658753715E-06
8.58148893360121E-07
-5.1799242424239E-07
-3.65491651205936E-07
2.013093289689E-06
-2.00935471554027E-06
2.53371185237758E-06
-2.40738871504993E-06
4.10660733288187E-06
1.16244411326377E-07
2.12258573117858E-06
3.71542308870068E-07
-1.01701469450889E-06
1.60139860139858E-06
1.004407092344E-06
4.43156994966284E-06
-2.54068084256764E-06
2.12703550116316E-06
-1.12632294397515E-06
1.39055622248901E-06
2.36503595664943E-06
1.11242370545405E-07
-3.74074430233665E-07
5.42665196029281E-06
-2.4004777070064E-06
3.02388872089502E-07
3.88009162434021E-06
-4.61701308699002E-06
3.89473684210527E-06
-6.43518989919578E-07
4.81858870583784E-07
2.19153225806449E-06
1.31124212238274E-07
2.39231664726428E-06
9.32570977917957E-07
-3.07357113903527E-06
2.10442248178098E-06
2.64815701292483E-06
5.1069814163737E-06
-1.18161056498858E-06
-2.72563897763606E-07
-4.24357945425361E-07
2.44197292069635E-06
2.35554660761019E-06
9.43929003630538E-07
-4.8369248689575E-06
7.0805838832234E-06
-3.93043827905084E-07
1.55522535908844E-07
1.34133561970087E-06
2.87028518859246E-06
-2.21337097912672E-06
2.71340285824623E-07
1.11757624398076E-06
-6.6633064516131E-07
2.38376598217745E-06
-1.68884855817703E-06
5.29747508948439E-06
-7.62815296989436E-07
-1.2897789233667E-06
5.98046057222607E-06
2.675916749258E-08
1.93982581155984E-07
4.62913047818708E-06
-1.65753561111665E-06
2.71282856021971E-06
7.22019524701706E-06
-3.55816414894642E-06
3.12300237137852E-06
-1.77422597507037E-06
-3.47048644491443E-06
7.8502024291498E-06
-2.22222222222224E-06
-1.47761050915716E-06
1.67856434661908E-06
4.75237517687488E-06
-9.77899471932719E-09
3.74911980686045E-06
2.06760229294329E-06
4.74868642807549E-07
-3.11655487508506E-06
3.78613011949752E-06
-3.35202804206313E-06
5.50033904872616E-06
-1.94777911164467E-06
-8.92423014586683E-07
4.46070726915521E-06
8.75565828758543E-06
-3.61650971749147E-06
3.9186728707263E-06
-1.3583730660699E-06
-3.26093544802505E-06
3.34580175214098E-06
1.72110924701471E-06
4.91615777852923E-06
-3.04390105548918E-06
5.23633685342041E-06
8.96418125878365E-07
-1.5445692581219E-06
-2.60979558793766E-06
8.53914559030323E-06
-1.91007201420335E-06
4.62578969807373E-06
2.24762226281404E-06
-7.33296736019246E-07
2.06547828094771E-06
-2.88653872814053E-06
-3.97235622942039E-07
1.29465123553332E-05
-2.27181342983517E-07
-3.02653792894133E-06
5.92145871067622E-06
1.28141240122435E-07
2.49553317233119E-06
-9.93468952861981E-07
1.55368082755846E-06
-7.02799285288865E-07
9.74247264982088E-06
-1.90490642387452E-06
1.75262701243614E-06
4.06501579537347E-06
1.31690907291975E-06
-2.24231816413848E-06
1.65659008464328E-06
1.00061193268741E-05
1.4697602174546E-06
-5.20802741067064E-07
-2.98211548288194E-06
-1.17513566847558E-06
3.00413104044575E-06
7.4267592872244E-06
-5.04235126033267E-06
6.86909581646419E-06
7.94783314726481E-06
6.03994622623387E-07
-3.01978199434801E-06
1.54369227646401E-06
9.99614234738167E-06
-3.26595201633486E-06
-1.64763931888544E-06
-8.59116851907505E-07
1.0996426748341E-05
5.16830361399821E-07
5.87662988966902E-06
-1.07067244681926E-06
1.29783843012253E-05
-6.95753571081522E-07
-1.85088946632023E-06
4.54285150078989E-06
4.99443938934384E-06
2.50172634901846E-06
1.09618734275208E-05
-4.11351079859369E-06
1.85816326530613E-06
6.23491399790933E-06
3.45463760770401E-06
5.3387671930718E-06
-9.2084484800631E-07
6.13223938223938E-06
1.14671547289276E-05
1.27612540192929E-07
7.78633590077027E-06
9.88512696493337E-07
4.09662664379646E-06
1.4862772695285E-05
5.53464238477976E-06
-1.13091815219474E-06
8.84934431229033E-06
1.14583709952797E-05
-2.52901564666271E-06
9.96506000774294E-06
-2.19967728922951E-06
1.73065276245865E-05
1.19857046266783E-05
5.9298531810766E-06
3.95582089552241E-06
2.0161438848921E-05
-3.18411405295314E-06
1.11839325516039E-05
1.43982548701299E-05
1.03564146219329E-05
8.5512364091215E-06
1.73552259887005E-05
9.0688780685738E-06
9.20719327081121E-06
1.29016865079364E-05
1.51035460992908E-05
9.09072063178678E-06
1.16758773699072E-05
-1.01364153088285E-07
1.57073573418635E-05
1.29513754358776E-05
6.89463582180018E-06
2.0468042274786E-05
7.06014669926649E-06
1.15632705395009E-05
9.92622536634666E-06
5.02176063303658E-06
1.02488335925351E-05
1.13358778625954E-05
6.74798428778166E-06
9.35692248360976E-06
5.9655101197852E-06
1.3452839042703E-05
1.07482014388489E-05
4.06438631790733E-07
1.64796905222437E-06
1.08026052104209E-05
3.82730923694778E-06
1.74858536585366E-05
-7.83649052841494E-07
9.88016112789522E-06
2.300796812749E-06
9.82666666666667E-06
1.27615694164989E-05
6.58366533864565E-07
1.06802030456851E-06
1.66389713155293E-05
1.87068965517243E-06
4.4238683127572E-06
7.26262626262616E-07
1.03721374045802E-06
3.00200200200201E-06
4.91894630192493E-06
2.05615763546802E-06
1.27576054955932E-08
8.62562562562562E-06
6.25476429287862E-06
3.60328185328188E-06
6.39591836734695E-06
1.18207816968584E-07
9.38071065989811E-07
4.7494929006086E-06
-1.3211888782359E-06
5.89137055837575E-06
3.59236947791163E-06
9.8587064676617E-06
-1.12409177820267E-05
3.21991701244814E-06
3.91846758349702E-06
8.02634146341461E-06
5.9222333001E-07
-1.00394088669954E-06
8.1010101010101E-07
6.37611056268515E-06
2.03515625000002E-06
-1.76548223350251E-06
-1.91235059760962E-06
3.82570593963E-06
5.66467661691547E-06
-6.37851405622488E-06
-6.37851405622488E-06
dMdT Data
0
0
0
0
0
0
0
0
0
0
0
0
0
0
0
0
0
0
0
0
0
0
0
0
0
0
0
0
0
0
0
0
0
0
0
0
0
0
0
0
0
0
0
0
0
0
0
0
0
0
0
0
0
0
0
0
0
0
0
0
0
0
0
0
0
0
0
0
0
0
0
0
0
0
0
0
0
0
0
0
0
0
0
0
0
0
0
0
0
0
0
0
0
0
0
0
0
0
0
0
0
0
0
0
0
0
0
0
0
0
0
0
0
0
0
0
0
0
0
0
0
0
0
0
0
0
0
0
0
0
0
0
0
0
0
0
0
0
0
0
0
0
0
0
0
0
0
0
0
0
0
0
0
0
0
0
0
0
0
0
0
0
0
0
0
0
0
0
0
0
0
0
0
0
0
0
0
0
0
0
0
0
0
0
0
0
0
0
0
0
0
0
0
0
0
0
0
0
0
0
0
0
0
0
0
0
0
0
0
0
0
0
0
0
0
0
0
0
0
0
0
0
0
0
0
0
0
0
0
0
0
0
0
0
0
0
0
0
0
0
0
0
0
0
0
0
0
0
0
0
0
0
0
0
0
0
0
0
0
0
0
0
0
0
0
0
0
0
0
0
0
0
0
0
0
0
0
0
0
0
0
0
0
0
0
0
0
0
0
0
0
0
0
 
*********************************************** Results ***************************************
 
TotalArea 0
AreaFirstQuad 0
AreaSecondQuad 0
AreaThirdQuad 0
AreaFourthQuad 0
Coercivity 0
PositiveCoercivity 0
NegativeCoercivity 0
Retentivity 4.36403747756068E-03
PositiveRetentivity -1.15266581717012E-02
NegativeRetentivity -2.7985832165798E-03
Magnetization 0.004286555
PositiveMagnetization 0.0043701
NegativeMagnetization -0.00420301
Flatness 1.64128303915119
Squareness 1.01807569891456
SStar 0
SFD1 0
SFD2 0
Slope 0
Intercept 0
SlopeAtHc -6.37851405622488E-06
dH1 -435.158461221568
dH2 214.8288
InitialSlope -5.01430842607317E-06
FieldAtHalfMs 962.583479166667
FieldAtMs 1465.04
MomentMean -1.56507429965871E-03
MomentRMS 2.75707984608436E-03
SFD3 0
dH3 -870.316922443136
UserField1 0
UserField2 0
CenterField 0
ExchangeField 0
ExchangeMoment 0
ExRegionOneIntercept 0
ExRegionOneSlope 0
ExRegionTwoIntercept 0
ExRegionTwoSlope 0
NegativeIntercept 0
NegativeSlope 0
AutoCenterOffset 0
PinningField 0
PinningMoment 0
PinRegionOneIntercept 0
PinRegionOneSlope 0
PinRegionTwoIntercept 0
PinRegionTwoSlope 0
PositiveIntercept 0
PositiveSlope 0
TotalOffset 0
BHMax 0
BCoercivity 0
BRetentivity 0
BNegativeCoercivity 0
BPositiveCoercivity 0
BNegativeRetentivity 0
BPositiveRetentivity 0
MomentYMean -6.13644368600682E-03
MomentYRMS 3.67470267473135E-04
YOffCorrection 0
Mrt 0
Ms1 0
Ms2 0
Ms3 0
Hc2 0
Hex2 0
HsatValue 0
HsatIntercept 0
HsatSlope 0
CenterH 0
Span .00857311
SpanAsPercentOfRange -161.75679245283
RMSAsPercentOfRange -52.020374454422
SpanAsPercentOfMean -547.776549769524
RMSAsPercentOfMean -176.162872694645
