Version 1.25
******************************************** Units *******************************************
System CGS
TemperatureUnit K
MomentUnit emu
AppliedFieldUnit G
 
******************************************** Setup ********************************************
 
Experiment CustomField
Minor False
Acquisition Continuous
EditedPoint No
MaxField 15000
FieldIncrement 100
Points 133
MinField 0
RampRate 10
AverageTime 0.3
TimeInterval 0
TimeConstant 0.1
TimeConstantIndex 0
Sensitivity -0.0053
SensitivityIndex 5
SensitivityY -400
SensitivityIndexY 0
SaturationField 8000
ExperimentTime 100
Use735Domains True
AutoRangeEnabled False
NumberOfVertices 2
VertexPts
0
132
VertexField
432.8321
1767.1679
StartAngle 0
EndAngle 0
AngleIncrement 0
StartTemp 0
FinishTemp 0
TempIncrement 0
TempPoints 0
LengthofSetPointsArray 133
SetPointArray
432.83208
442.94069
453.04929
463.15789
473.2665
483.3751
493.48371
503.59231
513.70092
523.80952
533.91813
544.02673
554.13534
564.24394
574.35255
584.46115
594.56976
604.67836
614.78697
624.89557
635.00418
645.11278
655.22139
665.32999
675.4386
685.5472
695.65581
705.76441
715.87302
725.98162
736.09023
746.19883
756.30744
766.41604
776.52464
786.63325
796.74185
806.85046
816.95906
827.06767
837.17627
847.28488
857.39348
867.50209
877.61069
887.7193
897.8279
907.93651
918.04511
928.15372
938.26232
948.37093
958.47953
968.58814
978.69674
988.80535
998.91395
1009.02256
1019.13116
1029.23977
1039.34837
1049.45698
1059.56558
1069.67419
1079.78279
1089.8914
1100
1110.1086
1120.21721
1130.32581
1140.43442
1150.54302
1160.65163
1170.76023
1180.86884
1190.97744
1201.08605
1211.19465
1221.30326
1231.41186
1241.52047
1251.62907
1261.73768
1271.84628
1281.95489
1292.06349
1302.1721
1312.2807
1322.38931
1332.49791
1342.60652
1352.71512
1362.82373
1372.93233
1383.04094
1393.14954
1403.25815
1413.36675
1423.47536
1433.58396
1443.69256
1453.80117
1463.90977
1474.01838
1484.12698
1494.23559
1504.34419
1514.4528
1524.5614
1534.67001
1544.77861
1554.88722
1564.99582
1575.10443
1585.21303
1595.32164
1605.43024
1615.53885
1625.64745
1635.75606
1645.86466
1655.97327
1666.08187
1676.19048
1686.29908
1696.40769
1706.51629
1716.6249
1726.7335
1736.84211
1746.95071
1757.05931
1767.16792
FieldDomainFile C:\IDEASVSM\Default UserID\Experiments\FORCexp0067B\fdomain.ini
TempDomainFile C:\IDEASVSM\Default UserID\Experiments\FORCexp0067B\tdomain.ini
NumSelectedResults 0
ResultsSelected 
UserName1 
UserValue1 
UserName2 
UserValue2 
LinearBackgroundCorrection Off
MaxLinearFieldCorrection 
MinLinearFieldCorrection 
AutoLinearCorrection Off
FitOneRegion Off
BackgroundMode Off
BackgroundFilename 
AutoCenter Off
OffsetCorrection 
SmoothDeriv Off
DerivOrder 0
DerivPoints 0
MinExFieldOne 
MaxExFieldOne 
MinExFieldTwo 
MaxExFieldTwo 
MinPinFieldOne 
MaxPinFieldOne 
MinPinFieldTwo 
MaxPinFieldTwo 
HCenterStart 
Mass 
Volume 
Density 
MolarWeight 
NumberOfMoles 
Demagnetization 
SampleArea 
Thickness 
MomentScaling 0
XAxis 0
YAxis 0
SimpleSpinValve False
HsatMax 0
HsatMin 0
FieldAutoRange False
 
*************************************************** Experiment Data ********************************************
 
DataPoints 133
MomentX Data
0.00371468
0.00371552
0.00372663
0.00371392
0.00370657
0.0037837
0.00376498
0.00378037
0.00376241
0.00378704
0.00380773
0.00381143
0.00380964
0.00377922
0.00383808
0.00385267
0.00384788
0.00384109
0.00387142
0.00382563
0.00388708
0.00388846
0.00389694
0.00391379
0.00395897
0.00390749
0.00393496
0.00395393
0.00396381
0.00396974
0.00401689
0.00401062
0.00398161
0.00397733
0.00398747
0.00401986
0.00399236
0.00402694
0.00403944
0.00404363
0.00404003
0.00407919
0.00404961
0.00408268
0.00409998
0.0041009
0.00409738
0.00409494
0.00411328
0.00414248
0.00415855
0.00414414
0.00415091
0.0041459
0.00414762
0.00412973
0.00413204
0.00415963
0.00416185
0.0041736
0.0042259
0.00418147
0.00418877
0.00424152
0.00423167
0.00420229
0.00423693
0.00425001
0.00421445
0.00423568
0.00427848
0.00425541
0.00428439
0.00426561
0.00429123
0.00433096
0.00427529
0.00428637
0.00429758
0.00435508
0.0043186
0.00433422
0.00430366
0.00432966
0.00432434
0.0043523
0.00430995
0.00437575
0.00437282
0.00441372
0.0043937
0.00442958
0.00444482
0.00439609
0.00442239
0.00439969
0.00438708
0.00437781
0.00442067
0.00444096
0.00444846
0.00444249
0.00446657
0.00444364
0.00445334
0.0044808
0.00447787
0.00447032
0.00447434
0.00446884
0.00447565
0.00444853
0.00447905
0.00450605
0.00449534
0.00449745
0.00445484
0.00450312
0.00452229
0.00456602
0.00455424
0.00456751
0.00454532
0.00457622
0.00462171
0.00460193
0.00455078
0.00451879
0.00459762
0.0045717
0.00459645
0.00455083
0.00456475
MomentY Data
-0.00699361
-0.00693003
-0.00735919
-0.00724792
-0.00734329
-0.00715256
-0.00686646
-0.00721614
-0.00699361
-0.00689824
-0.00685056
-0.00686646
-0.00697772
-0.0073274
-0.00735919
-0.00742277
-0.00688235
-0.00710487
-0.00720024
-0.00705719
-0.00715256
-0.00713666
-0.00710487
-0.00735919
-0.00710487
-0.00724792
-0.00713666
-0.00735919
-0.00724792
-0.00710487
-0.00699361
-0.00718435
-0.00756582
-0.00720024
-0.00718435
-0.00756582
-0.00724792
-0.00720024
-0.00699361
-0.00705719
-0.00689824
-0.0070413
-0.0070413
-0.00726382
-0.00710487
-0.00705719
-0.00700951
-0.00754992
-0.00693003
-0.0070254
-0.00710487
-0.00715256
-0.00724792
-0.00693003
-0.0070413
-0.00716845
-0.00716845
-0.00710487
-0.00718435
-0.00705719
-0.0073115
-0.00694593
-0.0073115
-0.00720024
-0.00680288
-0.00705719
-0.00689824
-0.00694593
-0.00705719
-0.00693003
-0.00683467
-0.00747045
-0.00751813
-0.00724792
-0.00691414
-0.00713666
-0.00708898
-0.00708898
-0.00721614
-0.00721614
-0.00699361
-0.00724792
-0.0073115
-0.00721614
-0.00751813
-0.0076135
-0.00705719
-0.00710487
-0.0070254
-0.00726382
-0.00683467
-0.00715256
-0.00715256
-0.00694593
-0.00693003
-0.00710487
-0.00708898
-0.00699361
-0.0073115
-0.0073115
-0.00710487
-0.00735919
-0.00740687
-0.00735919
-0.00697772
-0.00710487
-0.00742277
-0.00724792
-0.00712077
-0.00708898
-0.00724792
-0.00720024
-0.00751813
-0.0073115
-0.0073115
-0.0070413
-0.00693003
-0.00720024
-0.00699361
-0.00740687
-0.00750224
-0.00724792
-0.00750224
-0.00735919
-0.00667572
-0.00688235
-0.00734329
-0.00705719
-0.00696182
-0.00683467
-0.00708898
-0.00715256
-0.00713666
Field Data
433.016
438.315
447.76
457.827
467.768
477.977
488.046
497.924
508.137
518.179
528.224
538.288
548.317
558.487
568.533
578.301
588.416
598.648
608.586
618.795
628.869
638.789
648.703
659.013
668.94
678.914
688.802
699.267
709.061
718.977
729.303
739.247
749.065
759.319
769.345
779.343
789.231
799.631
809.719
819.559
829.405
839.52
849.736
859.641
869.628
879.731
889.941
899.753
909.787
920.089
929.914
939.905
950.139
960.089
970.245
980.145
989.888
1000.34
1010.36
1020.2
1030.16
1040.64
1050.41
1060.24
1070.59
1080.58
1090.45
1100.7
1110.66
1120.94
1130.9
1140.77
1150.82
1160.87
1170.85
1180.84
1191.17
1200.87
1210.82
1221.23
1231.09
1240.99
1251.18
1261.26
1271.48
1281.32
1291.21
1301.43
1311.41
1321.35
1331.27
1341.72
1351.56
1361.5
1371.58
1381.57
1391.81
1401.87
1411.79
1421.74
1431.67
1442.04
1451.85
1461.75
1471.97
1482.06
1491.86
1501.94
1512.2
1521.97
1532
1542.35
1552.17
1562.51
1572.25
1582.14
1592.48
1602.36
1612.26
1622.55
1632.58
1642.52
1652.34
1662.81
1672.52
1682.41
1692.86
1702.65
1712.72
1722.69
1732.61
1742.96
1752.97
Time Data
0
0.3
0.6
0.9
1.2
1.5
1.8
2.1
2.4
2.7
3
3.3
3.6
3.9
4.2
4.5
4.8
5.1
5.4
5.7
6
6.3
6.6
6.9
7.2
7.5
7.8
8.1
8.4
8.7
9
9.3
9.6
9.9
10.2
10.5
10.8
11.1
11.4
11.7
12
12.3
12.6
12.9
13.2
13.5
13.8
14.1
14.4
14.7
15
15.3
15.6
15.9
16.2
16.5
16.8
17.1
17.4
17.7
18
18.3
18.6
18.9
19.2
19.5
19.8
20.1
20.4
20.7
21
21.3
21.6
21.9
22.2
22.5
22.8
23.1
23.4
23.7
24
24.3
24.6
24.9
25.2
25.5
25.8
26.1
26.4
26.7
27
27.3
27.6
27.9
28.2
28.5
28.8
29.1
29.4
29.7
30.0000000000001
30.3000000000001
30.6000000000001
30.9000000000001
31.2000000000001
31.5000000000001
31.8000000000001
32.1000000000001
32.4
32.7
33
33.3
33.6
33.9
34.2
34.5
34.8
35.1
35.4
35.7
36
36.3
36.6
36.9
37.2
37.5
37.8
38.1
38.4
38.7
39
39.3
39.6
Temperature Data
0
0
0
0
0
0
0
0
0
0
0
0
0
0
0
0
0
0
0
0
0
0
0
0
0
0
0
0
0
0
0
0
0
0
0
0
0
0
0
0
0
0
0
0
0
0
0
0
0
0
0
0
0
0
0
0
0
0
0
0
0
0
0
0
0
0
0
0
0
0
0
0
0
0
0
0
0
0
0
0
0
0
0
0
0
0
0
0
0
0
0
0
0
0
0
0
0
0
0
0
0
0
0
0
0
0
0
0
0
0
0
0
0
0
0
0
0
0
0
0
0
0
0
0
0
0
0
0
0
0
0
0
0
Angle Data
0
0
0
0
0
0
0
0
0
0
0
0
0
0
0
0
0
0
0
0
0
0
0
0
0
0
0
0
0
0
0
0
0
0
0
0
0
0
0
0
0
0
0
0
0
0
0
0
0
0
0
0
0
0
0
0
0
0
0
0
0
0
0
0
0
0
0
0
0
0
0
0
0
0
0
0
0
0
0
0
0
0
0
0
0
0
0
0
0
0
0
0
0
0
0
0
0
0
0
0
0
0
0
0
0
0
0
0
0
0
0
0
0
0
0
0
0
0
0
0
0
0
0
0
0
0
0
0
0
0
0
0
0
Bx Data
0
0
0
0
0
0
0
0
0
0
0
0
0
0
0
0
0
0
0
0
0
0
0
0
0
0
0
0
0
0
0
0
0
0
0
0
0
0
0
0
0
0
0
0
0
0
0
0
0
0
0
0
0
0
0
0
0
0
0
0
0
0
0
0
0
0
0
0
0
0
0
0
0
0
0
0
0
0
0
0
0
0
0
0
0
0
0
0
0
0
0
0
0
0
0
0
0
0
0
0
0
0
0
0
0
0
0
0
0
0
0
0
0
0
0
0
0
0
0
0
0
0
0
0
0
0
0
0
0
0
0
0
0
Hint Data
0
0
0
0
0
0
0
0
0
0
0
0
0
0
0
0
0
0
0
0
0
0
0
0
0
0
0
0
0
0
0
0
0
0
0
0
0
0
0
0
0
0
0
0
0
0
0
0
0
0
0
0
0
0
0
0
0
0
0
0
0
0
0
0
0
0
0
0
0
0
0
0
0
0
0
0
0
0
0
0
0
0
0
0
0
0
0
0
0
0
0
0
0
0
0
0
0
0
0
0
0
0
0
0
0
0
0
0
0
0
0
0
0
0
0
0
0
0
0
0
0
0
0
0
0
0
0
0
0
0
0
0
0
Torque Data
-3.02834502776
-3.03753609945
-3.2951509144
-3.31829346984
-3.43495607672
-3.41875917112
-3.35114833716
-3.59308929336
-3.55371200457
-3.57452310496
-3.61863020544
-3.69613302048
-3.82600249724
-4.0922576438
-4.18394236827
-4.29259531377
-4.0496848576
-4.25331621576
-4.38196526064
-4.36695388605
-4.49802325464
-4.55881990474
-4.60895048361
-4.84980187947
-4.7527317378
-4.92071435888
-4.91574568132
-5.14603871373
-5.13921740312
-5.10823811799
-5.10046075383
-5.31100918445
-5.6672909583
-5.46727903656
-5.52724375075
-5.89636885626
-5.72028314952
-5.75753511144
-5.66285889559
-5.78378357921
-5.7214347472
-5.911312176
-5.9832460968
-6.24427748862
-6.17859388836
-6.20842881589
-6.23805033891
-6.79306316976
-6.30485120361
-6.4639932606
-6.60691808118
-6.7227269068
-6.88653146088
-6.65344557267
-6.8317861185
-7.02612042525
-7.0959626336
-7.1072856558
-7.258779866
-7.199745238
-7.53201484
-7.2282125952
-7.680072715
-7.6339824576
-7.2830952992
-7.6258583702
-7.522185808
-7.645385151
-7.8381386454
-7.7681478282
-7.729328303
-8.5220652465
-8.6520143666
-8.4138928904
-8.095420819
-8.4272535944
-8.4441803066
-8.5129434126
-8.7374466348
-8.8125666522
-8.6097633349
-8.9945962408
-9.14800257
-9.1014287364
-9.5591519324
-9.75532982
-9.1123142999
-9.2464909641
-9.213179814
-9.598048557
-9.0987911309
-9.5967328032
-9.6671139936
-9.456883695
-9.5050905474
-9.8158752459
-9.8665132538
-9.8041320507
-10.322302585
-10.39505201
-10.1718292329
-10.6122463476
-10.7536642095
-10.7572959825
-10.2709945084
-10.5298436322
-11.0737336522
-10.8859409648
-10.768028394
-10.7892148906
-11.10381344
-11.105290164
-11.6694158421
-11.424291865
-11.495505875
-11.140322382
-11.0359341744
-11.5373765664
-11.2755176586
-12.0180169185
-12.2480069792
-11.9048535584
-12.3962512416
-12.2369347239
-11.1652752144
-11.5789344635
-12.4311619094
-12.0159245535
-11.9236483504
-11.7740176623
-12.2824376378
-12.4666259776
-12.5103508802
dMdH Data
1.58520475561386E-07
1.17628374801482E-06
-1.26254097546439E-06
-7.3936223719945E-07
7.55509844255068E-06
-1.85917171516538E-06
1.55800769386517E-06
-1.75854303338882E-06
2.4526986656045E-06
2.05973120955696E-06
3.67647058823545E-07
-1.78482401037014E-07
-2.99115044247791E-06
5.85904837746364E-06
1.49365274365275E-06
-4.7355412753334E-07
-6.63604378420644E-07
3.05192191587844E-06
-4.48525810559313E-06
6.09986102838985E-06
1.39112903225811E-07
8.55356062134395E-07
1.63433559650825E-06
4.55122393472344E-06
-5.16141969119719E-06
2.77811488673146E-06
1.81270903010026E-06
1.00878088625692E-06
5.98023396530898E-07
4.56614371489445E-06
-6.30530973451336E-07
-2.95477694031371E-06
-4.17398088550787E-07
1.01137043686411E-06
3.23964792958596E-06
-2.78114886731388E-06
3.32499999999994E-06
1.23909595559083E-06
4.25813008130112E-07
-3.65630712979921E-07
3.87147800296588E-06
-2.89545810493339E-06
3.33871781928316E-06
1.7322519275057E-06
9.10620607740881E-08
-3.44760039177267E-07
-2.48675091724445E-07
1.82778552920076E-06
2.83440108716746E-06
1.63562340966922E-06
-1.44229806826138E-06
6.61520422122305E-07
-5.0351758793967E-07
1.69358014966542E-07
-1.80707070707076E-06
2.37093297752247E-07
2.63968618446231E-06
2.21556886227528E-07
1.19410569105696E-06
5.25100401606423E-06
-4.23950381679395E-06
7.47185261003073E-07
5.36622583926766E-06
-9.51690821256094E-07
-2.94094094094092E-06
3.50962512664635E-06
1.27609756097565E-06
-3.57028112449802E-06
2.06517509727632E-06
4.29718875502006E-06
-2.33738601823711E-06
2.88358208955222E-06
-1.86865671641787E-06
2.56713426853703E-06
3.97697697697697E-06
-5.3891577928363E-06
1.14226804123715E-06
1.12663316582907E-06
5.52353506243994E-06
-3.69979716024346E-06
1.57777777777777E-06
-2.99901864573107E-06
2.5793650793651E-06
-5.20547945205442E-07
2.84146341463413E-06
-4.28210313447923E-06
6.43835616438358E-06
-2.93587174348691E-07
4.1146881287727E-06
-2.0181451612903E-06
3.43349282296644E-06
1.54878048780495E-06
-4.90241448692153E-06
2.609126984127E-06
-2.27227227227223E-06
-1.23144531250005E-06
-9.21471172962191E-07
4.32056451612896E-06
2.03919597989949E-06
7.55287009063408E-07
-5.75699132111794E-07
2.45463812436283E-06
-2.31616161616159E-06
9.49119373776955E-07
2.72150644202182E-06
-2.98979591836731E-07
-7.49007936507951E-07
3.91812865497117E-07
-5.62947799385907E-07
6.7896311066803E-07
-2.62028985507251E-06
3.10794297352337E-06
2.61121856866541E-06
-1.09958932238199E-06
2.13346814964657E-07
-4.12088974854938E-06
4.88663967611346E-06
1.9363636363636E-06
4.24975704567539E-06
-1.17447657028908E-06
1.33501006036218E-06
-2.25967413441957E-06
2.95128939828075E-06
4.68486096807418E-06
-2.00000000000003E-06
-4.89473684210533E-06
-3.26762002042894E-06
7.82820258192659E-06
-2.59979939819462E-06
2.49495967741944E-06
-4.40772946859903E-06
1.39060939060945E-06
1.39060939060945E-06
dMdT Data
0
0
0
0
0
0
0
0
0
0
0
0
0
0
0
0
0
0
0
0
0
0
0
0
0
0
0
0
0
0
0
0
0
0
0
0
0
0
0
0
0
0
0
0
0
0
0
0
0
0
0
0
0
0
0
0
0
0
0
0
0
0
0
0
0
0
0
0
0
0
0
0
0
0
0
0
0
0
0
0
0
0
0
0
0
0
0
0
0
0
0
0
0
0
0
0
0
0
0
0
0
0
0
0
0
0
0
0
0
0
0
0
0
0
0
0
0
0
0
0
0
0
0
0
0
0
0
0
0
0
0
0
0
 
*********************************************** Results ***************************************
 
TotalArea 0
AreaFirstQuad 0
AreaSecondQuad 0
AreaThirdQuad 0
AreaFourthQuad 0
Coercivity 0
PositiveCoercivity 0
NegativeCoercivity 0
Retentivity 3.64603809775431E-03
PositiveRetentivity 3.64603809775431E-03
NegativeRetentivity 0
Magnetization 0.00462171
PositiveMagnetization 0.00462171
NegativeMagnetization 0.00370657
Flatness -0.251975398395192
Squareness 0.78889374230627
SStar 0
SFD1 0
SFD2 0
Slope 0
Intercept 0
SlopeAtHc 1.39060939060945E-06
dH1 11500.2118333363
dH2 55.001
InitialSlope 1.58520475561386E-07
FieldAtHalfMs 1752.97
FieldAtMs 1672.52
MomentMean 4.2044069924812E-03
MomentRMS 2.59227167969743E-04
SFD3 0
dH3 23000.4236666727
UserField1 0
UserField2 0
CenterField 0
ExchangeField 0
ExchangeMoment 0
ExRegionOneIntercept 0
ExRegionOneSlope 0
ExRegionTwoIntercept 0
ExRegionTwoSlope 0
NegativeIntercept 0
NegativeSlope 0
AutoCenterOffset 0
PinningField 0
PinningMoment 0
PinRegionOneIntercept 0
PinRegionOneSlope 0
PinRegionTwoIntercept 0
PinRegionTwoSlope 0
PositiveIntercept 0
PositiveSlope 0
TotalOffset 0
BHMax 0
BCoercivity 0
BRetentivity 0
BNegativeCoercivity 0
BPositiveCoercivity 0
BNegativeRetentivity 0
BPositiveRetentivity 0
MomentYMean -7.14849383458647E-03
MomentYRMS 1.88419452924818E-04
YOffCorrection 0
Mrt 0
Ms1 0
Ms2 0
Ms3 0
Hc2 0
Hex2 0
HsatValue 0
HsatIntercept 0
HsatSlope 0
CenterH 0
Span .00091514
SpanAsPercentOfRange -17.2667924528302
RMSAsPercentOfRange -4.89107864093856
SpanAsPercentOfMean 21.7662086861847
RMSAsPercentOfMean 6.16560595663843
