Version 1.25
******************************************** Units *******************************************
System CGS
TemperatureUnit K
MomentUnit emu
AppliedFieldUnit G
 
******************************************** Setup ********************************************
 
Experiment CustomField
Minor False
Acquisition Continuous
EditedPoint No
MaxField 15000
FieldIncrement 100
Points 91
MinField 0
RampRate 10
AverageTime 0.3
TimeInterval 0
TimeConstant 0.1
TimeConstantIndex 0
Sensitivity -0.0053
SensitivityIndex 5
SensitivityY -400
SensitivityIndexY 0
SaturationField 8000
ExperimentTime 100
Use735Domains True
AutoRangeEnabled False
NumberOfVertices 2
VertexPts
0
90
VertexField
645.1128
1554.8872
StartAngle 0
EndAngle 0
AngleIncrement 0
StartTemp 0
FinishTemp 0
TempIncrement 0
TempPoints 0
LengthofSetPointsArray 91
SetPointArray
645.11278
655.22139
665.32999
675.4386
685.5472
695.65581
705.76441
715.87302
725.98162
736.09023
746.19883
756.30744
766.41604
776.52464
786.63325
796.74185
806.85046
816.95906
827.06767
837.17627
847.28488
857.39348
867.50209
877.61069
887.7193
897.8279
907.93651
918.04511
928.15372
938.26232
948.37093
958.47953
968.58814
978.69674
988.80535
998.91395
1009.02256
1019.13116
1029.23977
1039.34837
1049.45698
1059.56558
1069.67419
1079.78279
1089.8914
1100
1110.1086
1120.21721
1130.32581
1140.43442
1150.54302
1160.65163
1170.76023
1180.86884
1190.97744
1201.08605
1211.19465
1221.30326
1231.41186
1241.52047
1251.62907
1261.73768
1271.84628
1281.95489
1292.06349
1302.1721
1312.2807
1322.38931
1332.49791
1342.60652
1352.71512
1362.82373
1372.93233
1383.04094
1393.14954
1403.25815
1413.36675
1423.47536
1433.58396
1443.69256
1453.80117
1463.90977
1474.01838
1484.12698
1494.23559
1504.34419
1514.4528
1524.5614
1534.67001
1544.77861
1554.88722
FieldDomainFile C:\IDEASVSM\Default UserID\Experiments\FORCexp0046B\fdomain.ini
TempDomainFile C:\IDEASVSM\Default UserID\Experiments\FORCexp0046B\tdomain.ini
NumSelectedResults 0
ResultsSelected 
UserName1 
UserValue1 
UserName2 
UserValue2 
LinearBackgroundCorrection Off
MaxLinearFieldCorrection 
MinLinearFieldCorrection 
AutoLinearCorrection Off
FitOneRegion Off
BackgroundMode Off
BackgroundFilename 
AutoCenter Off
OffsetCorrection 
SmoothDeriv Off
DerivOrder 0
DerivPoints 0
MinExFieldOne 
MaxExFieldOne 
MinExFieldTwo 
MaxExFieldTwo 
MinPinFieldOne 
MaxPinFieldOne 
MinPinFieldTwo 
MaxPinFieldTwo 
HCenterStart 
Mass 
Volume 
Density 
MolarWeight 
NumberOfMoles 
Demagnetization 
SampleArea 
Thickness 
MomentScaling 0
XAxis 0
YAxis 0
SimpleSpinValve False
HsatMax 0
HsatMin 0
FieldAutoRange False
 
*************************************************** Experiment Data ********************************************
 
DataPoints 91
MomentX Data
0.00391532
0.00392447
0.00392751
0.00391252
0.00393752
0.00393964
0.00399093
0.0039554
0.00396024
0.00396087
0.00398305
0.00400593
0.0040497
0.00402944
0.0040307
0.00400366
0.00402972
0.00403527
0.00408565
0.00404837
0.00406496
0.00403276
0.00410189
0.00413075
0.00408678
0.00411396
0.00409581
0.00412128
0.00411387
0.00414803
0.00414863
0.00414772
0.00417448
0.00418811
0.00415011
0.00417332
0.00419607
0.00418289
0.00416969
0.00424031
0.00418503
0.00422292
0.00422518
0.0041994
0.00420871
0.00422071
0.00424628
0.00424971
0.00425745
0.004256
0.0042357
0.00426074
0.0042554
0.00423294
0.00428245
0.0042691
0.00429074
0.00431983
0.00433959
0.00431333
0.00434204
0.00430406
0.00434161
0.00436472
0.00435911
0.00436473
0.00438933
0.00435069
0.00438335
0.00439627
0.00440955
0.00437207
0.00440121
0.00438397
0.0044176
0.00443094
0.00444007
0.00444455
0.00442383
0.00443572
0.00442846
0.0044619
0.00442472
0.00449107
0.00442644
0.00446161
0.00447909
0.00448556
0.00446978
0.00450911
0.00450572
MomentY Data
-0.0067393
-0.00740687
-0.0067393
-0.00715256
-0.00735919
-0.00693003
-0.00664393
-0.0070413
-0.00699361
-0.00697772
-0.0067393
-0.00689824
-0.00724792
-0.00683467
-0.00735919
-0.00677109
-0.00696182
-0.00705719
-0.00696182
-0.00683467
-0.00670751
-0.00696182
-0.0070413
-0.00737508
-0.00720024
-0.00681877
-0.00724792
-0.00700951
-0.0073115
-0.00699361
-0.00720024
-0.00689824
-0.00694593
-0.00689824
-0.00745455
-0.00689824
-0.00747045
-0.00713666
-0.00720024
-0.00708898
-0.00699361
-0.00721614
-0.0070413
-0.00699361
-0.00693003
-0.00708898
-0.0073115
-0.00724792
-0.00745455
-0.00708898
-0.00699361
-0.00713666
-0.00693003
-0.00720024
-0.00729561
-0.00705719
-0.00727971
-0.00720024
-0.00735919
-0.00699361
-0.00700951
-0.00734329
-0.00710487
-0.00715256
-0.00693003
-0.00667572
-0.00708898
-0.00720024
-0.00724792
-0.0070413
-0.00683467
-0.00747045
-0.00699361
-0.00726382
-0.00696182
-0.00667572
-0.00720024
-0.0070413
-0.00726382
-0.00740687
-0.0070254
-0.00724792
-0.00664393
-0.00693003
-0.00708898
-0.00724792
-0.00699361
-0.00720024
-0.00667572
-0.00726382
-0.00705719
Field Data
645.849
652.164
661.507
671.902
681.694
691.696
701.946
711.931
721.861
731.775
742.286
751.862
761.835
772.07
782.07
792.097
802.032
812.046
822.063
832.109
841.963
851.92
862.226
872.039
881.972
892.183
902.065
911.972
922.299
932.142
941.934
952.022
962.212
972.169
982.229
992.154
1002.01
1012.27
1022.21
1031.99
1042.27
1052.24
1062.01
1071.99
1082.44
1092.2
1102.21
1112.36
1122.13
1132.39
1142.22
1152.1
1162.25
1172.2
1182.09
1192.27
1202.26
1212.17
1222.04
1232.52
1242.11
1252.14
1262.33
1272.13
1282.36
1292.28
1301.99
1312.39
1322.22
1332
1342.12
1352.37
1362.11
1372.08
1382.37
1392.27
1402.31
1412.36
1422.13
1432.52
1442.31
1452.03
1462.46
1472.29
1482.1
1492.09
1502.3
1512.3
1522.11
1532.41
1542.24
Time Data
0
0.3
0.6
0.9
1.2
1.5
1.8
2.1
2.4
2.7
3
3.3
3.6
3.9
4.2
4.5
4.8
5.1
5.4
5.7
6
6.3
6.6
6.9
7.2
7.5
7.8
8.1
8.4
8.7
9
9.3
9.6
9.9
10.2
10.5
10.8
11.1
11.4
11.7
12
12.3
12.6
12.9
13.2
13.5
13.8
14.1
14.4
14.7
15
15.3
15.6
15.9
16.2
16.5
16.8
17.1
17.4
17.7
18
18.3
18.6
18.9
19.2
19.5
19.8
20.1
20.4
20.7
21
21.3
21.6
21.9
22.2
22.5
22.8
23.1
23.4
23.7
24
24.3
24.6
24.9
25.2
25.5
25.8
26.1
26.4
26.7
27
Temperature Data
0
0
0
0
0
0
0
0
0
0
0
0
0
0
0
0
0
0
0
0
0
0
0
0
0
0
0
0
0
0
0
0
0
0
0
0
0
0
0
0
0
0
0
0
0
0
0
0
0
0
0
0
0
0
0
0
0
0
0
0
0
0
0
0
0
0
0
0
0
0
0
0
0
0
0
0
0
0
0
0
0
0
0
0
0
0
0
0
0
0
0
Angle Data
0
0
0
0
0
0
0
0
0
0
0
0
0
0
0
0
0
0
0
0
0
0
0
0
0
0
0
0
0
0
0
0
0
0
0
0
0
0
0
0
0
0
0
0
0
0
0
0
0
0
0
0
0
0
0
0
0
0
0
0
0
0
0
0
0
0
0
0
0
0
0
0
0
0
0
0
0
0
0
0
0
0
0
0
0
0
0
0
0
0
0
Bx Data
0
0
0
0
0
0
0
0
0
0
0
0
0
0
0
0
0
0
0
0
0
0
0
0
0
0
0
0
0
0
0
0
0
0
0
0
0
0
0
0
0
0
0
0
0
0
0
0
0
0
0
0
0
0
0
0
0
0
0
0
0
0
0
0
0
0
0
0
0
0
0
0
0
0
0
0
0
0
0
0
0
0
0
0
0
0
0
0
0
0
0
Hint Data
0
0
0
0
0
0
0
0
0
0
0
0
0
0
0
0
0
0
0
0
0
0
0
0
0
0
0
0
0
0
0
0
0
0
0
0
0
0
0
0
0
0
0
0
0
0
0
0
0
0
0
0
0
0
0
0
0
0
0
0
0
0
0
0
0
0
0
0
0
0
0
0
0
0
0
0
0
0
0
0
0
0
0
0
0
0
0
0
0
0
0
Torque Data
-4.3525701657
-4.83049396668
-4.4580941251
-4.80581936912
-5.01671566786
-4.79347403088
-4.66368008778
-5.0129197503
-5.04841430821
-5.106121053
-5.0024880398
-5.18652452288
-5.5217191332
-5.2768436669
-5.7554017233
-5.36336007573
-5.58360241824
-5.73076291074
-5.72305463466
-5.68719041903
-5.64747524213
-5.9309136944
-6.0711919338
-6.43135738812
-6.35041007328
-6.08359067491
-6.5380949548
-6.39247685372
-6.7433891385
-6.51903761262
-6.78215086416
-6.56727624128
-6.68345719716
-6.70625508256
-7.32207519195
-6.84411640896
-7.4854656045
-7.2242268182
-7.3601573304
-7.3157564702
-7.2892298947
-7.5931111536
-7.477931013
-7.4970799839
-7.5013416732
-7.742583956
-8.058808415
-8.0622962912
-8.3649741915
-8.0274900622
-7.9882412142
-8.222145986
-8.0544273675
-8.440121328
-8.6240676249
-8.4140759213
-8.7521041446
-8.7279149208
-8.9932245476
-8.6197641972
-8.7065824661
-9.1948271406
-8.9686905471
-9.0989861528
-8.8867932708
-8.6268994416
-9.2297810702
-9.4495229736
-9.5833447824
-9.3790116
-9.1729473004
-10.1028124665
-9.5260661171
-9.9665421456
-9.6238111134
-9.2944046844
-10.0969685544
-9.944850468
-10.3300963366
-10.6104894124
-10.132804674
-10.5241972776
-9.7164818678
-10.2030138687
-10.506577258
-10.8145489528
-10.506500303
-10.888922952
-10.1611801692
-11.1311504062
-10.8838807056
dMdH Data
1.44893111638961E-06
3.25377287809073E-07
-1.44203944203946E-06
2.5531045751634E-06
2.11957608478345E-07
5.00390243902437E-06
-3.55833750625936E-06
4.87411883182266E-07
6.35464998991052E-08
2.11017029778329E-06
2.38930659983294E-06
4.38884989471564E-06
-1.97948216902787E-06
1.26000000000032E-07
-2.69671885908049E-06
2.623049823855E-06
5.54224086279208E-07
5.02944993511035E-06
-3.7109297232729E-06
1.68358027197082E-06
-3.2339057949182E-06
6.70774306229384E-06
2.94099663711398E-06
-4.42665861270512E-06
2.66183527568308E-06
-1.83667273831205E-06
2.570909457959E-06
-7.17536554662473E-07
3.47048664025185E-06
6.12745098040011E-08
-9.02061855670757E-08
2.62610402355258E-06
1.36888621070601E-06
-3.77733598409539E-06
2.33853904282118E-06
2.30823863636357E-06
-1.28460038986353E-06
-1.32796780684101E-06
7.22085889570549E-06
-5.37743190661476E-06
3.80040120361078E-06
2.3132036847497E-07
-2.58316633266537E-06
8.90909090909108E-07
1.2295081967213E-06
2.55444555444555E-06
3.37931034482807E-07
7.92221084953924E-07
-1.41325536062384E-07
-2.0651068158698E-06
2.53441295546558E-06
-5.26108374384184E-07
-2.25728643216081E-06
5.00606673407489E-06
-1.31139489194503E-06
2.16616616616624E-06
2.93541876892024E-06
2.00202634245187E-06
-2.50572519083971E-06
2.99374348279464E-06
-3.78664007976064E-06
3.68498527968602E-06
2.35816326530606E-06
-5.4838709677417E-07
5.6653225806447E-07
2.5334706488157E-06
-3.71538461538462E-06
3.32248219735509E-06
1.32106339468299E-06
1.3122529644269E-06
-3.65658536585369E-06
2.99178644763864E-06
-1.72918756268806E-06
3.26822157434401E-06
1.34747474747479E-06
9.09362549800756E-07
4.45771144278637E-07
-2.12077789150457E-06
1.1443695861405E-06
-7.41573033707805E-07
3.44032921810699E-06
-3.56471716203261E-06
6.74974567650053E-06
-6.58817533129459E-06
3.52052052052053E-06
1.71204701273255E-06
6.47000000000061E-07
-1.60856269113159E-06
3.81844660194174E-06
-3.44862665310259E-07
-3.44862665310259E-07
dMdT Data
0
0
0
0
0
0
0
0
0
0
0
0
0
0
0
0
0
0
0
0
0
0
0
0
0
0
0
0
0
0
0
0
0
0
0
0
0
0
0
0
0
0
0
0
0
0
0
0
0
0
0
0
0
0
0
0
0
0
0
0
0
0
0
0
0
0
0
0
0
0
0
0
0
0
0
0
0
0
0
0
0
0
0
0
0
0
0
0
0
0
0
 
*********************************************** Results ***************************************
 
TotalArea 0
AreaFirstQuad 0
AreaSecondQuad 0
AreaThirdQuad 0
AreaFourthQuad 0
Coercivity 0
PositiveCoercivity 0
NegativeCoercivity 0
Retentivity 2.97952928741089E-03
PositiveRetentivity 2.97952928741089E-03
NegativeRetentivity 0
Magnetization 0.00450911
PositiveMagnetization 0.00450911
NegativeMagnetization 0.00391252
Flatness -0.512225444145684
Squareness 0.660779907212484
SStar 0
SFD1 0
SFD2 0
Slope 0
Intercept 0
SlopeAtHc -3.44862665310259E-07
dH1 1028.18182786879
dH2 38.1249999999999
InitialSlope 1.44893111638961E-06
FieldAtHalfMs 1542.24
FieldAtMs 1532.41
MomentMean 4.22502659340659E-03
MomentRMS 1.71473364852451E-04
SFD3 0
dH3 2056.36365573759
UserField1 0
UserField2 0
CenterField 0
ExchangeField 0
ExchangeMoment 0
ExRegionOneIntercept 0
ExRegionOneSlope 0
ExRegionTwoIntercept 0
ExRegionTwoSlope 0
NegativeIntercept 0
NegativeSlope 0
AutoCenterOffset 0
PinningField 0
PinningMoment 0
PinRegionOneIntercept 0
PinRegionOneSlope 0
PinRegionTwoIntercept 0
PinRegionTwoSlope 0
PositiveIntercept 0
PositiveSlope 0
TotalOffset 0
BHMax 0
BCoercivity 0
BRetentivity 0
BNegativeCoercivity 0
BPositiveCoercivity 0
BNegativeRetentivity 0
BPositiveRetentivity 0
MomentYMean -0.00707256
MomentYRMS 2.08514955509458E-04
YOffCorrection 0
Mrt 0
Ms1 0
Ms2 0
Ms3 0
Hc2 0
Hex2 0
HsatValue 0
HsatIntercept 0
HsatSlope 0
CenterH 0
Span .00059659
SpanAsPercentOfRange -11.2564150943396
RMSAsPercentOfRange -3.23534650665002
SpanAsPercentOfMean 14.1203844948814
RMSAsPercentOfMean 4.05851563443519
