Version 1.25
******************************************** Units *******************************************
System CGS
TemperatureUnit K
MomentUnit emu
AppliedFieldUnit G
 
******************************************** Setup ********************************************
 
Experiment CustomField
Minor False
Acquisition Continuous
EditedPoint No
MaxField 15000
FieldIncrement 100
Points 293
MinField 0
RampRate 10
AverageTime 0.3
TimeInterval 0
TimeConstant 0.1
TimeConstantIndex 0
Sensitivity -0.0053
SensitivityIndex 5
SensitivityY -400
SensitivityIndexY 0
SaturationField 8000
ExperimentTime 100
Use735Domains True
AutoRangeEnabled False
NumberOfVertices 2
VertexPts
0
292
VertexField
-729.6575
2222.0551
StartAngle 0
EndAngle 0
AngleIncrement 0
StartTemp 0
FinishTemp 0
TempIncrement 0
TempPoints 0
LengthofSetPointsArray 293
SetPointArray
-729.65748
-719.54887
-709.44027
-699.33166
-689.22306
-679.11445
-669.00585
-658.89724
-648.78864
-638.68003
-628.57143
-618.46282
-608.35422
-598.24561
-588.13701
-578.0284
-567.9198
-557.81119
-547.70259
-537.59398
-527.48538
-517.37678
-507.26817
-497.15957
-487.05096
-476.94236
-466.83375
-456.72515
-446.61654
-436.50794
-426.39933
-416.29073
-406.18212
-396.07352
-385.96491
-375.85631
-365.7477
-355.6391
-345.53049
-335.42189
-325.31328
-315.20468
-305.09607
-294.98747
-284.87886
-274.77026
-264.66165
-254.55305
-244.44444
-234.33584
-224.22723
-214.11863
-204.01003
-193.90142
-183.79282
-173.68421
-163.57561
-153.467
-143.3584
-133.24979
-123.14119
-113.03258
-102.92398
-92.81537
-82.70677
-72.59816
-62.48956
-52.38095
-42.27235
-32.16374
-22.05514
-11.94653
-1.83793
8.27068
18.37928
28.48789
38.59649
48.7051
58.8137
68.92231
79.03091
89.13952
99.24812
109.35673
119.46533
129.57393
139.68254
149.79114
159.89975
170.00835
180.11696
190.22556
200.33417
210.44277
220.55138
230.65998
240.76859
250.87719
260.9858
271.0944
281.20301
291.31161
301.42022
311.52882
321.63743
331.74603
341.85464
351.96324
362.07185
372.18045
382.28906
392.39766
402.50627
412.61487
422.72348
432.83208
442.94069
453.04929
463.15789
473.2665
483.3751
493.48371
503.59231
513.70092
523.80952
533.91813
544.02673
554.13534
564.24394
574.35255
584.46115
594.56976
604.67836
614.78697
624.89557
635.00418
645.11278
655.22139
665.32999
675.4386
685.5472
695.65581
705.76441
715.87302
725.98162
736.09023
746.19883
756.30744
766.41604
776.52464
786.63325
796.74185
806.85046
816.95906
827.06767
837.17627
847.28488
857.39348
867.50209
877.61069
887.7193
897.8279
907.93651
918.04511
928.15372
938.26232
948.37093
958.47953
968.58814
978.69674
988.80535
998.91395
1009.02256
1019.13116
1029.23977
1039.34837
1049.45698
1059.56558
1069.67419
1079.78279
1089.8914
1100
1110.1086
1120.21721
1130.32581
1140.43442
1150.54302
1160.65163
1170.76023
1180.86884
1190.97744
1201.08605
1211.19465
1221.30326
1231.41186
1241.52047
1251.62907
1261.73768
1271.84628
1281.95489
1292.06349
1302.1721
1312.2807
1322.38931
1332.49791
1342.60652
1352.71512
1362.82373
1372.93233
1383.04094
1393.14954
1403.25815
1413.36675
1423.47536
1433.58396
1443.69256
1453.80117
1463.90977
1474.01838
1484.12698
1494.23559
1504.34419
1514.4528
1524.5614
1534.67001
1544.77861
1554.88722
1564.99582
1575.10443
1585.21303
1595.32164
1605.43024
1615.53885
1625.64745
1635.75606
1645.86466
1655.97327
1666.08187
1676.19048
1686.29908
1696.40769
1706.51629
1716.6249
1726.7335
1736.84211
1746.95071
1757.05931
1767.16792
1777.27652
1787.38513
1797.49373
1807.60234
1817.71094
1827.81955
1837.92815
1848.03676
1858.14536
1868.25397
1878.36257
1888.47118
1898.57978
1908.68839
1918.79699
1928.9056
1939.0142
1949.12281
1959.23141
1969.34002
1979.44862
1989.55723
1999.66583
2009.77444
2019.88304
2029.99165
2040.10025
2050.20886
2060.31746
2070.42607
2080.53467
2090.64327
2100.75188
2110.86048
2120.96909
2131.07769
2141.1863
2151.2949
2161.40351
2171.51211
2181.62072
2191.72932
2201.83793
2211.94653
2222.05514
FieldDomainFile C:\IDEASVSM\Default UserID\Experiments\FORCexp0182B\fdomain.ini
TempDomainFile C:\IDEASVSM\Default UserID\Experiments\FORCexp0182B\tdomain.ini
NumSelectedResults 0
ResultsSelected 
UserName1 
UserValue1 
UserName2 
UserValue2 
LinearBackgroundCorrection Off
MaxLinearFieldCorrection 
MinLinearFieldCorrection 
AutoLinearCorrection Off
FitOneRegion Off
BackgroundMode Off
BackgroundFilename 
AutoCenter Off
OffsetCorrection 
SmoothDeriv Off
DerivOrder 0
DerivPoints 0
MinExFieldOne 
MaxExFieldOne 
MinExFieldTwo 
MaxExFieldTwo 
MinPinFieldOne 
MaxPinFieldOne 
MinPinFieldTwo 
MaxPinFieldTwo 
HCenterStart 
Mass 
Volume 
Density 
MolarWeight 
NumberOfMoles 
Demagnetization 
SampleArea 
Thickness 
MomentScaling 0
XAxis 0
YAxis 0
SimpleSpinValve False
HsatMax 0
HsatMin 0
FieldAutoRange False
 
*************************************************** Experiment Data ********************************************
 
DataPoints 293
MomentX Data
0.000380705
0.000389056
0.00043479
0.000443782
0.000490439
0.000490546
0.000475883
0.00048383
0.000520629
0.000527848
0.000594783
0.00058745
0.00059195
0.000630082
0.000644244
0.00069186
0.0006696
0.000707862
0.000721396
0.000726897
0.000761621
0.000795842
0.000791695
0.000838441
0.000814713
0.000880978
0.000843477
0.000905465
0.000900304
0.000875773
0.000927805
0.000949702
0.000964002
0.000974956
0.000980665
0.00103109
0.00106507
0.00107576
0.00108816
0.00106756
0.00109813
0.00108463
0.00115354
0.00117981
0.00120627
0.00120538
0.00122352
0.00119968
0.00123949
0.0012567
0.00128668
0.00127791
0.00133018
0.00133147
0.00135617
0.00137491
0.00141019
0.00138042
0.00140829
0.00143501
0.00145874
0.00147019
0.00152564
0.00148485
0.0014397
0.00151887
0.00152078
0.00155072
0.00155099
0.00160792
0.00160086
0.00163929
0.00162316
0.00169089
0.00168062
0.0016906
0.00170561
0.00171879
0.00174011
0.00175865
0.00177926
0.0017936
0.00182033
0.00181505
0.00185005
0.00188695
0.00189844
0.00191151
0.0019198
0.00190056
0.00196796
0.0019853
0.00198319
0.00201283
0.00200349
0.00200649
0.00203863
0.00207491
0.00210793
0.00208367
0.00211625
0.00217508
0.00217172
0.00219541
0.00216932
0.00218104
0.00226568
0.00228725
0.00229297
0.002282
0.00233025
0.00235832
0.00239255
0.00239538
0.00243544
0.00242098
0.00246521
0.00247919
0.00252108
0.00254146
0.00257855
0.00258616
0.0026265
0.00263728
0.00265002
0.00271428
0.00275795
0.00274865
0.00279276
0.00277184
0.00281763
0.00285504
0.00289212
0.0029051
0.00299535
0.00301904
0.00303738
0.00306286
0.00303951
0.00312628
0.00312892
0.00319327
0.00324123
0.00324166
0.00327666
0.00336404
0.00331825
0.00344869
0.0033929
0.00341374
0.00349989
0.00354219
0.00352283
0.00354413
0.00356069
0.00358321
0.003629
0.00373836
0.00370848
0.00368755
0.00373672
0.0037507
0.00380835
0.00384092
0.00387824
0.00387815
0.00384729
0.00389301
0.00392918
0.00396553
0.00394862
0.00392375
0.00400509
0.00406887
0.00403127
0.0040368
0.00402096
0.00407753
0.00406833
0.00417779
0.00409881
0.00407391
0.00408547
0.00416074
0.0041163
0.00410261
0.00413237
0.00419331
0.00416355
0.00419241
0.00422293
0.00419367
0.00426383
0.00428605
0.00427454
0.00427776
0.00419261
0.00431034
0.00428611
0.00428763
0.00436959
0.00430996
0.00432831
0.00428485
0.00432652
0.0042982
0.00432762
0.00428834
0.00430687
0.00432776
0.00437867
0.00437475
0.00438172
0.00433997
0.00436536
0.00439547
0.00438029
0.00435662
0.00438745
0.00447095
0.00443865
0.00447021
0.00442414
0.00449603
0.00442936
0.00444269
0.00441065
0.00446893
0.00446581
0.00448238
0.00449233
0.00445977
0.00446115
0.00444471
0.00453104
0.00455014
0.00454522
0.00452282
0.00449033
0.00444832
0.0045276
0.00457831
0.00458752
0.00445528
0.004533
0.0046307
0.00452741
0.00451495
0.00451443
0.00459429
0.00462217
0.00458768
0.00458393
0.00461815
0.00460133
0.00458919
0.00462463
0.00460601
0.00461121
0.00464002
0.00460567
0.00468312
0.00459606
0.00451985
0.00464142
0.00463127
0.00465964
0.00465236
0.00465725
0.00462534
0.00467024
0.00463934
0.0046546
0.00466491
0.00469272
0.00467369
0.00476914
0.00470128
0.00465441
0.00471042
0.00465881
0.00466673
0.00470675
0.00477475
0.00469932
0.00470231
0.00476663
0.0047215
0.00471938
0.00477559
0.00475082
0.00471659
0.00475011
MomentY Data
-0.00677109
-0.00699361
-0.00677109
-0.00670751
-0.00654856
-0.00651677
-0.00686646
-0.00626246
-0.0067393
-0.00651677
-0.00648499
-0.00683467
-0.00667572
-0.00648499
-0.00705719
-0.00665983
-0.00642141
-0.00629425
-0.00670751
-0.00642141
-0.00658035
-0.00642141
-0.00689824
-0.00664393
-0.00654856
-0.00658035
-0.00626246
-0.00667572
-0.00667572
-0.00650088
-0.00670751
-0.00658035
-0.00626246
-0.0070254
-0.00685056
-0.00677109
-0.00664393
-0.00651677
-0.00638962
-0.00651677
-0.00651677
-0.00670751
-0.00696182
-0.00693003
-0.0067234
-0.00670751
-0.00651677
-0.00664393
-0.00669161
-0.00670751
-0.00642141
-0.00715256
-0.00661214
-0.00678698
-0.00677109
-0.00680288
-0.0067393
-0.00667572
-0.00670751
-0.00642141
-0.00670751
-0.00694593
-0.00661214
-0.00705719
-0.00681877
-0.00677109
-0.00686646
-0.00629425
-0.00667572
-0.00689824
-0.00683467
-0.00678698
-0.00705719
-0.00680288
-0.00683467
-0.00710487
-0.00683467
-0.0064532
-0.00678698
-0.0064532
-0.0070413
-0.00658035
-0.00677109
-0.00654856
-0.00677109
-0.00696182
-0.00648499
-0.00661214
-0.00658035
-0.00680288
-0.00693003
-0.0067393
-0.00683467
-0.00661214
-0.00705719
-0.00680288
-0.00678698
-0.00689824
-0.00658035
-0.00685056
-0.00680288
-0.00689824
-0.00658035
-0.00629425
-0.00686646
-0.00699361
-0.00658035
-0.00688235
-0.00689824
-0.00658035
-0.00689824
-0.00705719
-0.00680288
-0.00683467
-0.00683467
-0.00683467
-0.0067393
-0.00696182
-0.0067234
-0.00689824
-0.00720024
-0.00700951
-0.00667572
-0.00642141
-0.00689824
-0.00691414
-0.00705719
-0.00691414
-0.00683467
-0.00683467
-0.00699361
-0.00680288
-0.00694593
-0.00680288
-0.00648499
-0.00729561
-0.0067393
-0.00664393
-0.00680288
-0.00667572
-0.0067393
-0.00726382
-0.00670751
-0.00708898
-0.00689824
-0.0067393
-0.00683467
-0.00700951
-0.00708898
-0.00705719
-0.00683467
-0.00686646
-0.00721614
-0.00696182
-0.0064532
-0.00693003
-0.00688235
-0.00683467
-0.00683467
-0.0070413
-0.0067393
-0.00721614
-0.00740687
-0.00689824
-0.00715256
-0.00710487
-0.00699361
-0.00693003
-0.00678698
-0.00667572
-0.00661214
-0.00669161
-0.00693003
-0.00677109
-0.0070413
-0.00699361
-0.00694593
-0.00683467
-0.00710487
-0.00661214
-0.00677109
-0.00754992
-0.00708898
-0.00694593
-0.00713666
-0.00715256
-0.00696182
-0.0070413
-0.00670751
-0.00677109
-0.00683467
-0.00693003
-0.00715256
-0.0070413
-0.00715256
-0.00699361
-0.0067393
-0.00720024
-0.00677109
-0.00705719
-0.00710487
-0.00686646
-0.00697772
-0.0073115
-0.0070413
-0.00718435
-0.0073115
-0.00735919
-0.00700951
-0.00699361
-0.0070413
-0.00699361
-0.00667572
-0.00735919
-0.00693003
-0.00683467
-0.00686646
-0.00720024
-0.0076135
-0.00705719
-0.00724792
-0.00724792
-0.00747045
-0.00708898
-0.00715256
-0.00696182
-0.00686646
-0.00689824
-0.00729561
-0.00710487
-0.00694593
-0.00724792
-0.00726382
-0.00693003
-0.00689824
-0.00705719
-0.00710487
-0.0073115
-0.0070413
-0.00710487
-0.00734329
-0.00686646
-0.00694593
-0.00740687
-0.00708898
-0.00680288
-0.00696182
-0.00685056
-0.00713666
-0.00715256
-0.00720024
-0.00661214
-0.00678698
-0.00681877
-0.00689824
-0.0070413
-0.00694593
-0.00699361
-0.00683467
-0.00705719
-0.0070413
-0.00720024
-0.00670751
-0.00693003
-0.00708898
-0.00661214
-0.00708898
-0.00686646
-0.00667572
-0.00693003
-0.00700951
-0.00720024
-0.00724792
-0.00694593
-0.00715256
-0.00715256
-0.00700951
-0.0073115
-0.00705719
-0.00686646
-0.00696182
-0.00699361
-0.00735919
-0.00715256
-0.00721614
-0.00689824
-0.00721614
-0.00708898
-0.00699361
-0.00721614
-0.0067393
-0.00740687
-0.00705719
Field Data
-729.329
-724.196
-714.722
-704.819
-694.762
-684.144
-674.245
-664.345
-653.982
-643.911
-633.671
-623.765
-613.803
-603.495
-593.441
-583.5
-573.47
-563.131
-553.156
-543.418
-532.849
-522.822
-512.957
-502.57
-492.616
-482.399
-472.354
-462.535
-452.301
-442.046
-432.204
-422.258
-412.038
-401.869
-391.937
-381.827
-371.585
-361.606
-351.585
-341.248
-331.344
-321.022
-311.179
-301.179
-290.788
-280.884
-271.051
-260.71
-250.589
-240.763
-230.679
-220.245
-210.321
-200.085
-190.13
-180.157
-169.782
-159.979
-150.021
-139.572
-129.837
-119.731
-109.601
-99.3344
-89.4485
-79.4116
-68.9975
-59.1258
-49.2849
-38.9395
-29.0026
-18.6408
-8.84917
1.13574
11.4688
21.2043
31.2213
41.9432
51.7985
61.6744
71.7184
82.0902
92.2661
101.835
112.52
122.166
132.568
142.262
152.379
162.702
172.676
182.477
192.831
203.06
212.873
222.866
233.357
243.157
253.016
263.469
273.415
283.554
293.688
303.531
313.938
323.745
333.647
343.857
354.197
364.023
374.007
384.237
394.274
404.565
414.547
424.65
434.579
444.575
455.01
464.876
474.724
485.205
495.08
505.066
515.276
525.341
535.346
545.288
555.663
565.785
575.905
585.646
595.737
606.034
616.036
625.988
636.265
646.281
656.217
666.26
676.651
686.549
696.489
706.862
716.706
727.202
736.748
747.058
757.146
767.23
776.988
787.16
797.547
807.47
817.537
827.595
837.568
847.782
857.955
868.019
877.971
887.865
898.374
908.139
918.213
928.566
938.434
948.345
958.635
968.705
978.742
989.079
998.755
1009.11
1019.1
1029.13
1039.09
1049.43
1059.36
1069.24
1079.68
1089.62
1099.62
1109.78
1119.87
1129.83
1139.77
1150.14
1160.16
1170.31
1180.16
1190.25
1200.51
1210.5
1220.49
1230.78
1240.71
1250.68
1260.76
1271.12
1281.03
1290.99
1301.33
1311.21
1321.49
1331.42
1341.46
1351.82
1361.71
1371.66
1381.82
1391.96
1401.84
1411.95
1422.21
1432.15
1442.33
1452.38
1462.22
1472.34
1482.75
1492.43
1502.7
1512.62
1522.98
1532.76
1543.03
1553.13
1563.17
1573.28
1583.22
1593.54
1603.59
1613.61
1623.67
1633.58
1643.95
1653.78
1663.69
1674.1
1684.05
1693.69
1704.11
1714.2
1724.29
1734.33
1744.48
1754.61
1764.61
1774.68
1784.57
1795.05
1804.8
1814.76
1825.27
1834.97
1845.07
1855.21
1865.54
1875.38
1885.27
1895.71
1905.31
1915.81
1925.79
1935.67
1946.12
1955.98
1965.97
1976.15
1986.26
1996.22
2006.51
2016.29
2026.43
2036.75
2046.59
2056.68
2066.98
2076.92
2086.74
2097.16
2107.16
2117.01
2127.28
2137.32
2147.57
2157.53
2167.55
2177.76
2187.77
2197.69
2207.71
Time Data
0
0.3
0.6
0.9
1.2
1.5
1.8
2.1
2.4
2.7
3
3.3
3.6
3.9
4.2
4.5
4.8
5.1
5.4
5.7
6
6.3
6.6
6.9
7.2
7.5
7.8
8.1
8.4
8.7
9
9.3
9.6
9.9
10.2
10.5
10.8
11.1
11.4
11.7
12
12.3
12.6
12.9
13.2
13.5
13.8
14.1
14.4
14.7
15
15.3
15.6
15.9
16.2
16.5
16.8
17.1
17.4
17.7
18
18.3
18.6
18.9
19.2
19.5
19.8
20.1
20.4
20.7
21
21.3
21.6
21.9
22.2
22.5
22.8
23.1
23.4
23.7
24
24.3
24.6
24.9
25.2
25.5
25.8
26.1
26.4
26.7
27
27.3
27.6
27.9
28.2
28.5
28.8
29.1
29.4
29.7
30.0000000000001
30.3000000000001
30.6000000000001
30.9000000000001
31.2000000000001
31.5000000000001
31.8000000000001
32.1000000000001
32.4
32.7
33
33.3
33.6
33.9
34.2
34.5
34.8
35.1
35.4
35.7
36
36.3
36.6
36.9
37.2
37.5
37.8
38.1
38.4
38.7
39
39.3
39.6
39.9
40.2
40.5
40.8
41.1
41.4
41.7
42
42.3
42.6
42.8999999999999
43.1999999999999
43.4999999999999
43.7999999999999
44.0999999999999
44.3999999999999
44.6999999999999
44.9999999999999
45.2999999999999
45.5999999999999
45.8999999999999
46.1999999999999
46.4999999999999
46.7999999999999
47.0999999999999
47.3999999999999
47.6999999999999
47.9999999999999
48.2999999999999
48.5999999999999
48.8999999999999
49.1999999999999
49.4999999999999
49.7999999999999
50.0999999999999
50.3999999999999
50.6999999999999
50.9999999999999
51.2999999999999
51.5999999999999
51.8999999999999
52.1999999999999
52.4999999999999
52.7999999999999
53.0999999999999
53.3999999999998
53.6999999999998
53.9999999999998
54.2999999999998
54.5999999999998
54.8999999999998
55.1999999999998
55.4999999999998
55.7999999999998
56.0999999999998
56.3999999999998
56.6999999999998
56.9999999999998
57.2999999999998
57.5999999999998
57.8999999999998
58.1999999999998
58.4999999999998
58.7999999999998
59.0999999999998
59.3999999999998
59.6999999999998
59.9999999999998
60.2999999999998
60.5999999999998
60.8999999999998
61.1999999999998
61.4999999999998
61.7999999999998
62.0999999999998
62.3999999999998
62.6999999999998
62.9999999999998
63.2999999999998
63.5999999999998
63.8999999999998
64.1999999999997
64.4999999999997
64.7999999999997
65.0999999999997
65.3999999999997
65.6999999999997
65.9999999999997
66.2999999999997
66.5999999999997
66.8999999999997
67.1999999999997
67.4999999999997
67.7999999999997
68.0999999999997
68.3999999999997
68.6999999999997
68.9999999999997
69.2999999999997
69.5999999999997
69.8999999999997
70.1999999999997
70.4999999999997
70.7999999999997
71.0999999999997
71.3999999999997
71.6999999999997
71.9999999999997
72.2999999999997
72.5999999999997
72.8999999999997
73.1999999999997
73.4999999999997
73.7999999999997
74.0999999999997
74.3999999999997
74.6999999999996
74.9999999999996
75.2999999999996
75.5999999999996
75.8999999999996
76.1999999999996
76.4999999999996
76.7999999999996
77.0999999999996
77.3999999999996
77.6999999999996
77.9999999999996
78.2999999999996
78.5999999999996
78.8999999999996
79.1999999999996
79.4999999999996
79.7999999999996
80.0999999999996
80.3999999999996
80.6999999999996
80.9999999999996
81.2999999999996
81.5999999999996
81.8999999999996
82.1999999999996
82.4999999999996
82.7999999999996
83.0999999999996
83.3999999999996
83.6999999999996
83.9999999999996
84.2999999999996
84.5999999999996
84.8999999999996
85.1999999999995
85.4999999999995
85.7999999999995
86.0999999999995
86.3999999999995
86.6999999999995
86.9999999999995
87.2999999999995
87.5999999999995
Temperature Data
0
0
0
0
0
0
0
0
0
0
0
0
0
0
0
0
0
0
0
0
0
0
0
0
0
0
0
0
0
0
0
0
0
0
0
0
0
0
0
0
0
0
0
0
0
0
0
0
0
0
0
0
0
0
0
0
0
0
0
0
0
0
0
0
0
0
0
0
0
0
0
0
0
0
0
0
0
0
0
0
0
0
0
0
0
0
0
0
0
0
0
0
0
0
0
0
0
0
0
0
0
0
0
0
0
0
0
0
0
0
0
0
0
0
0
0
0
0
0
0
0
0
0
0
0
0
0
0
0
0
0
0
0
0
0
0
0
0
0
0
0
0
0
0
0
0
0
0
0
0
0
0
0
0
0
0
0
0
0
0
0
0
0
0
0
0
0
0
0
0
0
0
0
0
0
0
0
0
0
0
0
0
0
0
0
0
0
0
0
0
0
0
0
0
0
0
0
0
0
0
0
0
0
0
0
0
0
0
0
0
0
0
0
0
0
0
0
0
0
0
0
0
0
0
0
0
0
0
0
0
0
0
0
0
0
0
0
0
0
0
0
0
0
0
0
0
0
0
0
0
0
0
0
0
0
0
0
0
0
0
0
0
0
0
0
0
0
0
0
0
0
0
0
0
0
0
0
0
0
0
0
0
0
0
0
0
0
0
0
0
0
0
0
Angle Data
0
0
0
0
0
0
0
0
0
0
0
0
0
0
0
0
0
0
0
0
0
0
0
0
0
0
0
0
0
0
0
0
0
0
0
0
0
0
0
0
0
0
0
0
0
0
0
0
0
0
0
0
0
0
0
0
0
0
0
0
0
0
0
0
0
0
0
0
0
0
0
0
0
0
0
0
0
0
0
0
0
0
0
0
0
0
0
0
0
0
0
0
0
0
0
0
0
0
0
0
0
0
0
0
0
0
0
0
0
0
0
0
0
0
0
0
0
0
0
0
0
0
0
0
0
0
0
0
0
0
0
0
0
0
0
0
0
0
0
0
0
0
0
0
0
0
0
0
0
0
0
0
0
0
0
0
0
0
0
0
0
0
0
0
0
0
0
0
0
0
0
0
0
0
0
0
0
0
0
0
0
0
0
0
0
0
0
0
0
0
0
0
0
0
0
0
0
0
0
0
0
0
0
0
0
0
0
0
0
0
0
0
0
0
0
0
0
0
0
0
0
0
0
0
0
0
0
0
0
0
0
0
0
0
0
0
0
0
0
0
0
0
0
0
0
0
0
0
0
0
0
0
0
0
0
0
0
0
0
0
0
0
0
0
0
0
0
0
0
0
0
0
0
0
0
0
0
0
0
0
0
0
0
0
0
0
0
0
0
0
0
0
0
Bx Data
0
0
0
0
0
0
0
0
0
0
0
0
0
0
0
0
0
0
0
0
0
0
0
0
0
0
0
0
0
0
0
0
0
0
0
0
0
0
0
0
0
0
0
0
0
0
0
0
0
0
0
0
0
0
0
0
0
0
0
0
0
0
0
0
0
0
0
0
0
0
0
0
0
0
0
0
0
0
0
0
0
0
0
0
0
0
0
0
0
0
0
0
0
0
0
0
0
0
0
0
0
0
0
0
0
0
0
0
0
0
0
0
0
0
0
0
0
0
0
0
0
0
0
0
0
0
0
0
0
0
0
0
0
0
0
0
0
0
0
0
0
0
0
0
0
0
0
0
0
0
0
0
0
0
0
0
0
0
0
0
0
0
0
0
0
0
0
0
0
0
0
0
0
0
0
0
0
0
0
0
0
0
0
0
0
0
0
0
0
0
0
0
0
0
0
0
0
0
0
0
0
0
0
0
0
0
0
0
0
0
0
0
0
0
0
0
0
0
0
0
0
0
0
0
0
0
0
0
0
0
0
0
0
0
0
0
0
0
0
0
0
0
0
0
0
0
0
0
0
0
0
0
0
0
0
0
0
0
0
0
0
0
0
0
0
0
0
0
0
0
0
0
0
0
0
0
0
0
0
0
0
0
0
0
0
0
0
0
0
0
0
0
0
Hint Data
0
0
0
0
0
0
0
0
0
0
0
0
0
0
0
0
0
0
0
0
0
0
0
0
0
0
0
0
0
0
0
0
0
0
0
0
0
0
0
0
0
0
0
0
0
0
0
0
0
0
0
0
0
0
0
0
0
0
0
0
0
0
0
0
0
0
0
0
0
0
0
0
0
0
0
0
0
0
0
0
0
0
0
0
0
0
0
0
0
0
0
0
0
0
0
0
0
0
0
0
0
0
0
0
0
0
0
0
0
0
0
0
0
0
0
0
0
0
0
0
0
0
0
0
0
0
0
0
0
0
0
0
0
0
0
0
0
0
0
0
0
0
0
0
0
0
0
0
0
0
0
0
0
0
0
0
0
0
0
0
0
0
0
0
0
0
0
0
0
0
0
0
0
0
0
0
0
0
0
0
0
0
0
0
0
0
0
0
0
0
0
0
0
0
0
0
0
0
0
0
0
0
0
0
0
0
0
0
0
0
0
0
0
0
0
0
0
0
0
0
0
0
0
0
0
0
0
0
0
0
0
0
0
0
0
0
0
0
0
0
0
0
0
0
0
0
0
0
0
0
0
0
0
0
0
0
0
0
0
0
0
0
0
0
0
0
0
0
0
0
0
0
0
0
0
0
0
0
0
0
0
0
0
0
0
0
0
0
0
0
0
0
0
Torque Data
4.93835229861
5.06474438756
4.83944698698
4.72758049069
4.54969064272
4.45840909488
4.6296763227
4.1604339887
4.4073808926
4.19621988747
4.10935009829
4.26322793255
4.09757696316
3.91365904005
4.18802589079
3.886010805
3.6824859927
3.54448729675
3.71029940156
3.48950977938
3.50633291715
3.35725441902
3.53850049568
3.3390399001
3.22592543296
3.17435425965
2.95809803084
3.0877541502
3.01943483172
2.87368800048
2.89901265204
2.7786054303
2.58037149348
2.8232904726
2.68498793472
2.58538498143
2.46878472905
2.35650313262
2.2464945477
2.22383472896
2.15929263888
2.15325827522
2.16637218578
2.08717950537
1.9550840392
1.88403223884
1.76637702527
1.7321389903
1.67684385829
1.61492023013
1.48128443739
1.5753155772
1.39067189694
1.3579728933
1.2873873417
1.22558645216
1.1442118326
1.06797500988
1.00626735771
0.89624903652
0.87088297587
0.83164314483
0.72469715614
0.701021734336
0.609928748345
0.537703090644
0.47376857385
0.37215256665
0.329012192628
0.26861401648
0.198223200142
0.126514736784
0.0624502740323
-0.0077263029312
-0.078385463296
-0.150653794941
-0.213387282471
-0.27066785824
-0.35155538353
-0.39799723808
-0.50499076992
-0.54018224757
-0.624742067049
-0.6668726076
-0.7618830468
-0.85049770212
-0.85970215432
-0.94065626068
-1.00270715265
-1.10684218176
-1.19664986028
-1.2297672461
-1.31793625077
-1.3426611484
-1.50228520687
-1.51613065408
-1.58378929186
-1.67735534368
-1.6649338356
-1.80491019264
-1.8600094352
-1.95602354496
-1.9325698308
-1.91049999675
-2.15564271948
-2.26414626945
-2.19551403645
-2.36654422395
-2.44333591328
-2.39539874805
-2.57999004768
-2.71163351403
-2.68219870912
-2.76506826855
-2.83329194449
-2.9023426155
-2.9287582547
-3.0950511265
-3.059214234
-3.20682621824
-3.41812673376
-3.40104929955
-3.3050154576
-3.24323586306
-3.55449751424
-3.63228122174
-3.77803843774
-3.77019757232
-3.79777323621
-3.86695376595
-4.02765496705
-3.98407946048
-4.13794750041
-4.12277657792
-3.99498729964
-4.56696431268
-4.2879807145
-4.29384572433
-4.46416550496
-4.4477652072
-4.5601540843
-4.98696835718
-4.67170693239
-5.01093058076
-4.94400999744
-4.9008324386
-5.03542945316
-5.23651052158
-5.36739285108
-5.4144878837
-5.31045657396
-5.4050026536
-5.75521080858
-5.6214607954
-5.2757297684
-5.73525817785
-5.7644361248
-5.79431020194
-5.86383929985
-6.1119821847
-5.9169099603
-6.4069581411
-6.65413942938
-6.26456077536
-6.56757357528
-6.59734071642
-6.56304140674
-6.57205930035
-6.5062365723
-6.4668033426
-6.47157912788
-6.61853092719
-6.92140211265
-6.8327746299
-7.17578883
-7.1973338593
-7.2174464037
-7.1725077381
-7.5266150832
-7.0699645736
-7.3106104512
-8.2265438304
-7.7951841876
-7.7084541954
-7.9921314342
-8.0811768648
-7.9348735814
-8.098480782
-7.7817848016
-7.9242743379
-8.0660041472
-8.2484682075
-8.5867198056
-8.52349365
-8.7296279544
-8.6075953158
-8.361516903
-9.0051961632
-8.5367194284
-8.9705353528
-9.1015516161
-8.8645311954
-9.0803163676
-9.586911915
-9.305007537
-9.565387277
-9.80808479
-9.9483002258
-9.5449198621
-9.5928550926
-9.729809166
-9.7348253756
-9.3582913248
-10.3908083205
-9.8559579663
-9.7882726405
-9.9037012518
-10.4574845712
-11.13261197
-10.3905831246
-10.74685338
-10.8170132456
-11.225845215
-10.7229329276
-10.8932058288
-10.6707992232
-10.5951537738
-10.7138634912
-11.4042786837
-11.1779498736
-10.9969352946
-11.5498504368
-11.6481891138
-11.1823657083
-11.2004653408
-11.5284844402
-11.6800510365
-12.09161247
-11.714540397
-11.894262867
-12.3664675245
-11.6296546374
-11.8366287723
-12.696856554
-12.2234573242
-11.7984388704
-12.1447557536
-12.0200610816
-12.5934216026
-12.6935051808
-12.8493322968
-11.869121907
-12.249141504
-12.3744310452
-12.5911505248
-12.920574261
-12.8157270651
-12.9746152081
-12.7503502718
-13.2349129822
-13.274751651
-13.6495669704
-12.7798858781
-13.2766207743
-13.6518867942
-12.7989210338
-13.7960057576
-13.4306584308
-13.1242652484
-13.6947787845
-13.9227093326
-14.3732630928
-14.5430239592
-14.0050091997
-14.4941621608
-14.56797658
-14.3455930709
-15.03741582
-14.5870705862
-14.2610881032
-14.5275082668
-14.6667191476
-15.5069908004
-15.1420410456
-15.3507502992
-14.7437463168
-15.4971657798
-15.2946870194
-15.1589993555
-15.7150210464
-14.744038361
-16.2780041303
-15.5802289349
dMdH Data
1.6269238262225E-06
4.82731686721552E-06
9.08007674442085E-07
4.63925623943521E-06
1.00772273497889E-08
-1.48126073340741E-06
8.0272727272727E-07
3.55099874553699E-06
7.16810644424588E-07
6.53662109375006E-06
-7.40258429234802E-07
4.51716522786595E-07
3.69926270857586E-06
1.40859359458922E-06
4.78986017503268E-06
-2.21934197407777E-06
3.70074475287743E-06
1.35679197994988E-06
5.64900390223867E-07
3.28545746995932E-06
3.41288520993316E-06
-4.20375063355288E-07
4.50043323385E-06
-2.38376532047418E-06
6.48575902906921E-06
-3.73330014932802E-06
6.31306650371731E-06
-5.04299394176279E-07
-2.39210141394441E-06
5.28673033936192E-06
2.20158857832294E-06
1.39921722113504E-06
1.07719539777756E-06
5.74808699154238E-07
4.98763600395647E-06
3.31771138449522E-06
1.07124962421085E-06
1.23740145694041E-06
-1.99284124987907E-06
3.08663166397415E-06
-1.30788606859134E-06
7.00091435537944E-06
2.62700000000001E-06
2.54643441439707E-06
-8.98626817447414E-08
1.84480829858639E-06
-2.30538632627405E-06
3.93340578994171E-06
1.75147567677589E-06
2.97302657675525E-06
-8.40521372436262E-07
5.26702942361951E-06
1.26025791324729E-07
2.48116524359619E-06
1.8790734984458E-06
3.40048192771084E-06
-3.03682546159338E-06
2.79875477003413E-06
2.55718250550293E-06
2.43759630200308E-06
1.13299030279041E-06
5.47384007897336E-06
-3.9730777472581E-06
-4.56711073346889E-06
7.88789367234906E-06
1.83405191039065E-07
3.03291226435163E-06
2.7436514952892E-08
5.50292883793765E-06
-7.1048314866811E-07
3.70881507074061E-06
-1.64732531764375E-06
6.78323590297759E-06
-9.93897257927462E-07
1.02511427250782E-06
1.4984526305281E-06
1.22925973941186E-06
2.16330299432793E-06
1.877297258984E-06
2.05197132616486E-06
1.38259511367362E-06
2.62679468155151E-06
-5.5178756178872E-07
3.27562002807675E-06
3.82541986315572E-06
1.10459527014034E-06
1.34825665360017E-06
8.19412869427696E-07
-1.86379928315412E-06
6.75756968117105E-06
1.7692072237527E-06
-2.03785976434233E-07
2.89764395346564E-06
-9.51798634464491E-07
3.00210147102968E-07
3.06357830521399E-06
3.70204081632653E-06
3.34922405923522E-06
-2.32086482349564E-06
3.27568871908303E-06
5.80234737153565E-06
-3.31557134399052E-07
2.40678654881644E-06
-2.5069664648794E-06
1.19506474966858E-06
8.54776812765099E-06
2.11263467189028E-06
5.53191489361732E-07
-1.11642580907794E-06
4.83273237179485E-06
2.74389051808409E-06
3.41038158812392E-06
2.74997570692849E-07
4.01322380284513E-06
-1.4312580421657E-06
4.45462785779027E-06
1.39855942376953E-06
4.01437470052709E-06
2.06568011352118E-06
3.76624695369618E-06
7.26075756130132E-07
4.08506329113922E-06
1.0795113158422E-06
1.24779627815865E-06
6.38450074515645E-06
4.3648175912044E-06
-9.35425467712718E-07
4.25156626506024E-06
-2.06678522031222E-06
4.52470355731225E-06
3.84046812442258E-06
3.67456149043703E-06
1.26056132854226E-06
9.02319536092786E-06
2.38042604501608E-06
1.78456748078234E-06
2.54392971246008E-06
-2.35004025764896E-06
8.63984865080154E-06
2.54066018669997E-07
6.50131339664576E-06
4.82494969818912E-06
4.14537742215416E-08
3.55546525802516E-06
8.32507621951223E-06
-4.79677351770372E-06
1.26517943743938E-05
-5.53033306899288E-06
2.06664022213409E-06
8.82865341258448E-06
4.15847424302012E-06
-1.86386829690963E-06
2.146528267661E-06
1.6449786430913E-06
2.23901372042154E-06
4.59139677128248E-06
1.07068729195222E-05
-2.93718667059864E-06
-2.07968998410177E-06
4.94071543408359E-06
1.41297756215891E-06
5.48577409839183E-06
3.33538146441373E-06
3.70458606313283E-06
-8.69313242537415E-09
-3.12728009728414E-06
4.61305620018159E-06
3.51506316812439E-06
3.60973187686196E-06
-1.68476636445156E-06
-2.40592047982972E-06
8.40636626705247E-06
6.15934331240939E-06
-3.76376376376372E-06
5.51345962113666E-07
-1.59036144578321E-06
5.47098646034814E-06
-9.26485397784507E-07
1.10789473684209E-05
-7.56513409961684E-06
-2.50503018108652E-06
1.15599999999999E-06
7.40846456692904E-06
-4.40436075322102E-06
-1.37449799196789E-06
2.99396378269618E-06
5.87656702025064E-06
-2.97005988023946E-06
2.84334975369457E-06
3.09847715736037E-06
-2.89990089197224E-06
6.83820662768029E-06
2.22422422422421E-06
-1.15215215215208E-06
3.12925170068024E-07
-8.57502517623358E-06
1.18084252758274E-05
-2.40376984126987E-06
1.46718146718114E-07
8.27043390514623E-06
-5.98694779116461E-06
1.77466150870411E-06
-4.3987854251012E-06
4.05350194552536E-06
-2.85196374622355E-06
2.93027888446212E-06
-3.79150579150583E-06
1.87360970677451E-06
2.09949748743717E-06
5.01082677165365E-06
-3.86587771203166E-07
7.05465587044567E-07
-4.12957467853606E-06
2.47465886939573E-06
3.02917505030178E-06
-1.49115913555995E-06
-2.35522388059697E-06
3.13313008130083E-06
8.25098814229252E-06
-3.10278578290102E-06
3.26033057851237E-06
-4.48588120740017E-06
7.24697580645171E-06
-6.43532818532807E-06
1.36298568507155E-06
-3.1197663096397E-06
5.77029702970289E-06
-3.1075697211161E-07
1.63897131552924E-06
1.00100603621729E-06
-3.15503875968995E-06
1.37313432835783E-07
-1.64071856287421E-06
8.58151093439348E-06
1.92734611503537E-06
-4.74445515911303E-07
-2.27873855544251E-06
-3.2785065590313E-06
-4.03554274735831E-06
7.96783919597979E-06
5.26037344398342E-06
8.83877159309029E-07
-1.31060455896926E-05
7.70267591674931E-06
9.7310756972112E-06
-1.01763546798028E-05
-1.2300098716683E-06
-5.20000000000381E-08
7.93048659384299E-06
2.81900910010116E-06
-3.29103053435113E-06
-3.84615384615413E-07
3.43574297188751E-06
-1.60038058991435E-06
-1.25154639175256E-06
3.50891089108917E-06
-1.83629191321502E-06
5.03388189738662E-07
2.92784552845522E-06
-3.47320525783623E-06
7.41858237547886E-06
-9.06875000000008E-06
-7.25809523809525E-06
1.21813627254509E-05
-1.0273279352227E-06
2.71483253588519E-06
-7.38336713995859E-07
4.89489489489447E-07
-3.13457760314336E-06
4.44114737883285E-06
-3.10240963855424E-06
1.48299319727896E-06
1.05419222903889E-06
2.7426035502958E-06
-1.843992248062E-06
9.70020325203255E-06
-6.72547076313181E-06
-4.55048543689313E-06
5.63480885311864E-06
-5.25560081466407E-06
7.60076775431837E-07
0.000004002
6.90355329949217E-06
-7.3446932814022E-06
2.97808764940286E-07
6.27512195121948E-06
-4.53112449799195E-06
-2.11576846307428E-07
5.50538687561214E-06
-2.47452547452548E-06
-3.45060483870971E-06
3.34530938123757E-06
3.34530938123757E-06
dMdT Data
0
0
0
0
0
0
0
0
0
0
0
0
0
0
0
0
0
0
0
0
0
0
0
0
0
0
0
0
0
0
0
0
0
0
0
0
0
0
0
0
0
0
0
0
0
0
0
0
0
0
0
0
0
0
0
0
0
0
0
0
0
0
0
0
0
0
0
0
0
0
0
0
0
0
0
0
0
0
0
0
0
0
0
0
0
0
0
0
0
0
0
0
0
0
0
0
0
0
0
0
0
0
0
0
0
0
0
0
0
0
0
0
0
0
0
0
0
0
0
0
0
0
0
0
0
0
0
0
0
0
0
0
0
0
0
0
0
0
0
0
0
0
0
0
0
0
0
0
0
0
0
0
0
0
0
0
0
0
0
0
0
0
0
0
0
0
0
0
0
0
0
0
0
0
0
0
0
0
0
0
0
0
0
0
0
0
0
0
0
0
0
0
0
0
0
0
0
0
0
0
0
0
0
0
0
0
0
0
0
0
0
0
0
0
0
0
0
0
0
0
0
0
0
0
0
0
0
0
0
0
0
0
0
0
0
0
0
0
0
0
0
0
0
0
0
0
0
0
0
0
0
0
0
0
0
0
0
0
0
0
0
0
0
0
0
0
0
0
0
0
0
0
0
0
0
0
0
0
0
0
0
0
0
0
0
0
0
0
0
0
0
0
0
 
*********************************************** Results ***************************************
 
TotalArea 0
AreaFirstQuad 0
AreaSecondQuad 0
AreaThirdQuad 0
AreaFourthQuad 0
Coercivity 0
PositiveCoercivity 0
NegativeCoercivity 0
Retentivity 5.7959140200261E-05
PositiveRetentivity 1.56726772725503E-03
NegativeRetentivity 1.68318600765555E-03
Magnetization 0.00477559
PositiveMagnetization 0.00477559
NegativeMagnetization 0.000380705
Flatness -28.0409071259475
Squareness 1.21365402390618E-02
SStar 0
SFD1 0
SFD2 0
Slope 0
Intercept 0
SlopeAtHc 3.34530938123757E-06
dH1 17.8124935126294
dH2 90.993
InitialSlope 1.6269238262225E-06
FieldAtHalfMs 392.879727870289
FieldAtMs 2177.76
MomentMean 3.01520280204778E-03
MomentRMS 1.44856043380608E-03
SFD3 0
dH3 35.6249870252587
UserField1 0
UserField2 0
CenterField 0
ExchangeField 0
ExchangeMoment 0
ExRegionOneIntercept 0
ExRegionOneSlope 0
ExRegionTwoIntercept 0
ExRegionTwoSlope 0
NegativeIntercept 0
NegativeSlope 0
AutoCenterOffset 0
PinningField 0
PinningMoment 0
PinRegionOneIntercept 0
PinRegionOneSlope 0
PinRegionTwoIntercept 0
PinRegionTwoSlope 0
PositiveIntercept 0
PositiveSlope 0
TotalOffset 0
BHMax 0
BCoercivity 0
BRetentivity 0
BNegativeCoercivity 0
BPositiveCoercivity 0
BNegativeRetentivity 0
BPositiveRetentivity 0
MomentYMean -6.87909508532423E-03
MomentYRMS 2.48364323958755E-04
YOffCorrection 0
Mrt 0
Ms1 0
Ms2 0
Ms3 0
Hc2 0
Hex2 0
HsatValue 0
HsatIntercept 0
HsatSlope 0
CenterH 0
Span .004394885
SpanAsPercentOfRange -82.922358490566
RMSAsPercentOfRange -27.3313289397374
SpanAsPercentOfMean 145.757525729785
RMSAsPercentOfMean 48.0418906755555
