Version 1.25
******************************************** Units *******************************************
System CGS
TemperatureUnit K
MomentUnit emu
AppliedFieldUnit G
 
******************************************** Setup ********************************************
 
Experiment CustomField
Minor False
Acquisition Continuous
EditedPoint No
MaxField 15000
FieldIncrement 100
Points 293
MinField 0
RampRate 10
AverageTime 0.3
TimeInterval 0
TimeConstant 0.1
TimeConstantIndex 0
Sensitivity -0.0053
SensitivityIndex 5
SensitivityY -400
SensitivityIndexY 0
SaturationField 8000
ExperimentTime 100
Use735Domains True
AutoRangeEnabled False
NumberOfVertices 2
VertexPts
0
292
VertexField
-1508.0201
1443.6926
StartAngle 0
EndAngle 0
AngleIncrement 0
StartTemp 0
FinishTemp 0
TempIncrement 0
TempPoints 0
LengthofSetPointsArray 293
SetPointArray
-1508.02005
-1497.91145
-1487.80284
-1477.69424
-1467.58563
-1457.47703
-1447.36842
-1437.25982
-1427.15121
-1417.04261
-1406.934
-1396.8254
-1386.71679
-1376.60819
-1366.49958
-1356.39098
-1346.28237
-1336.17377
-1326.06516
-1315.95656
-1305.84795
-1295.73935
-1285.63074
-1275.52214
-1265.41353
-1255.30493
-1245.19632
-1235.08772
-1224.97911
-1214.87051
-1204.7619
-1194.6533
-1184.5447
-1174.43609
-1164.32749
-1154.21888
-1144.11028
-1134.00167
-1123.89307
-1113.78446
-1103.67586
-1093.56725
-1083.45865
-1073.35004
-1063.24144
-1053.13283
-1043.02423
-1032.91562
-1022.80702
-1012.69841
-1002.58981
-992.4812
-982.3726
-972.26399
-962.15539
-952.04678
-941.93818
-931.82957
-921.72097
-911.61236
-901.50376
-891.39515
-881.28655
-871.17794
-861.06934
-850.96074
-840.85213
-830.74353
-820.63492
-810.52632
-800.41771
-790.30911
-780.2005
-770.0919
-759.98329
-749.87469
-739.76608
-729.65748
-719.54887
-709.44027
-699.33166
-689.22306
-679.11445
-669.00585
-658.89724
-648.78864
-638.68003
-628.57143
-618.46282
-608.35422
-598.24561
-588.13701
-578.0284
-567.9198
-557.81119
-547.70259
-537.59398
-527.48538
-517.37678
-507.26817
-497.15957
-487.05096
-476.94236
-466.83375
-456.72515
-446.61654
-436.50794
-426.39933
-416.29073
-406.18212
-396.07352
-385.96491
-375.85631
-365.7477
-355.6391
-345.53049
-335.42189
-325.31328
-315.20468
-305.09607
-294.98747
-284.87886
-274.77026
-264.66165
-254.55305
-244.44444
-234.33584
-224.22723
-214.11863
-204.01003
-193.90142
-183.79282
-173.68421
-163.57561
-153.467
-143.3584
-133.24979
-123.14119
-113.03258
-102.92398
-92.81537
-82.70677
-72.59816
-62.48956
-52.38095
-42.27235
-32.16374
-22.05514
-11.94653
-1.83793
8.27068
18.37928
28.48789
38.59649
48.7051
58.8137
68.92231
79.03091
89.13952
99.24812
109.35673
119.46533
129.57393
139.68254
149.79114
159.89975
170.00835
180.11696
190.22556
200.33417
210.44277
220.55138
230.65998
240.76859
250.87719
260.9858
271.0944
281.20301
291.31161
301.42022
311.52882
321.63743
331.74603
341.85464
351.96324
362.07185
372.18045
382.28906
392.39766
402.50627
412.61487
422.72348
432.83208
442.94069
453.04929
463.15789
473.2665
483.3751
493.48371
503.59231
513.70092
523.80952
533.91813
544.02673
554.13534
564.24394
574.35255
584.46115
594.56976
604.67836
614.78697
624.89557
635.00418
645.11278
655.22139
665.32999
675.4386
685.5472
695.65581
705.76441
715.87302
725.98162
736.09023
746.19883
756.30744
766.41604
776.52464
786.63325
796.74185
806.85046
816.95906
827.06767
837.17627
847.28488
857.39348
867.50209
877.61069
887.7193
897.8279
907.93651
918.04511
928.15372
938.26232
948.37093
958.47953
968.58814
978.69674
988.80535
998.91395
1009.02256
1019.13116
1029.23977
1039.34837
1049.45698
1059.56558
1069.67419
1079.78279
1089.8914
1100
1110.1086
1120.21721
1130.32581
1140.43442
1150.54302
1160.65163
1170.76023
1180.86884
1190.97744
1201.08605
1211.19465
1221.30326
1231.41186
1241.52047
1251.62907
1261.73768
1271.84628
1281.95489
1292.06349
1302.1721
1312.2807
1322.38931
1332.49791
1342.60652
1352.71512
1362.82373
1372.93233
1383.04094
1393.14954
1403.25815
1413.36675
1423.47536
1433.58396
1443.69256
FieldDomainFile C:\IDEASVSM\Default UserID\Experiments\FORCexp0259B\fdomain.ini
TempDomainFile C:\IDEASVSM\Default UserID\Experiments\FORCexp0259B\tdomain.ini
NumSelectedResults 0
ResultsSelected 
UserName1 
UserValue1 
UserName2 
UserValue2 
LinearBackgroundCorrection Off
MaxLinearFieldCorrection 
MinLinearFieldCorrection 
AutoLinearCorrection Off
FitOneRegion Off
BackgroundMode Off
BackgroundFilename 
AutoCenter Off
OffsetCorrection 
SmoothDeriv Off
DerivOrder 0
DerivPoints 0
MinExFieldOne 
MaxExFieldOne 
MinExFieldTwo 
MaxExFieldTwo 
MinPinFieldOne 
MaxPinFieldOne 
MinPinFieldTwo 
MaxPinFieldTwo 
HCenterStart 
Mass 
Volume 
Density 
MolarWeight 
NumberOfMoles 
Demagnetization 
SampleArea 
Thickness 
MomentScaling 0
XAxis 0
YAxis 0
SimpleSpinValve False
HsatMax 0
HsatMin 0
FieldAutoRange False
 
*************************************************** Experiment Data ********************************************
 
DataPoints 293
MomentX Data
-0.0041778
-0.0041797
-0.00422637
-0.00423144
-0.00419013
-0.00418641
-0.00421824
-0.00420867
-0.00423152
-0.0041677
-0.00421701
-0.00417568
-0.0041815
-0.00413575
-0.00414364
-0.00414878
-0.00416807
-0.004148
-0.00413063
-0.00413691
-0.0041149
-0.00413357
-0.00413966
-0.00410734
-0.00409307
-0.00410072
-0.0041094
-0.00408169
-0.00406255
-0.00404681
-0.00404632
-0.00404741
-0.00403506
-0.00405736
-0.00403962
-0.00402646
-0.00401347
-0.00401609
-0.0040019
-0.00398611
-0.00399879
-0.00397365
-0.00393671
-0.00398727
-0.00396684
-0.00391658
-0.00394282
-0.00396961
-0.003947
-0.00394423
-0.00389429
-0.00386781
-0.00388479
-0.0038706
-0.00389218
-0.00389964
-0.00387131
-0.00386375
-0.00390161
-0.00384755
-0.00386473
-0.00382228
-0.00384542
-0.00380294
-0.00380757
-0.00377647
-0.00375849
-0.00374176
-0.00376945
-0.00379079
-0.00379094
-0.00377988
-0.00376457
-0.0037359
-0.00373848
-0.00369316
-0.00367284
-0.00372057
-0.00369704
-0.00368148
-0.00364941
-0.00362788
-0.00362929
-0.00363572
-0.00363866
-0.00360872
-0.00357613
-0.00360998
-0.00363758
-0.00358594
-0.00357064
-0.00357634
-0.00358133
-0.00358708
-0.00355121
-0.00350314
-0.00349913
-0.00350116
-0.00347379
-0.00348214
-0.00348691
-0.00349165
-0.0034949
-0.00344512
-0.00343201
-0.00339097
-0.00340117
-0.00334626
-0.0034189
-0.00341639
-0.00338132
-0.00337475
-0.00335669
-0.00333496
-0.00333175
-0.00329148
-0.00330606
-0.00328761
-0.00328021
-0.00326886
-0.00330302
-0.00321624
-0.00317734
-0.00323286
-0.00320026
-0.00320562
-0.00315729
-0.00315471
-0.00314263
-0.00316905
-0.00313137
-0.00313224
-0.00310616
-0.00308715
-0.0031041
-0.00306594
-0.00303727
-0.00303123
-0.00302748
-0.00305488
-0.0030382
-0.00303422
-0.00298173
-0.00297909
-0.00293657
-0.00294296
-0.00289546
-0.00283888
-0.00287343
-0.00285926
-0.00287364
-0.00288344
-0.00282979
-0.00283497
-0.00278104
-0.00271419
-0.00278926
-0.00276385
-0.0027581
-0.00275387
-0.00270885
-0.00266381
-0.00267029
-0.00266324
-0.00263496
-0.00255749
-0.00258645
-0.00253805
-0.00253752
-0.00250501
-0.00244911
-0.00248115
-0.00243429
-0.00244842
-0.00244232
-0.00237626
-0.0024045
-0.00236048
-0.00236208
-0.00231367
-0.00226046
-0.00230203
-0.00227189
-0.00227347
-0.00227205
-0.00216337
-0.00216599
-0.00213391
-0.00209911
-0.00211712
-0.00205059
-0.00206827
-0.00197583
-0.00197626
-0.00186919
-0.00199523
-0.00187604
-0.00190632
-0.0018303
-0.00168906
-0.00168217
-0.00168742
-0.00162214
-0.00156653
-0.00150407
-0.00145147
-0.0014849
-0.00143255
-0.00137653
-0.00131202
-0.00116654
-0.00119845
-0.00116851
-0.001068
-0.00100766
-0.000897259
-0.000812502
-0.000743729
-0.000692116
-0.000658051
-0.000582165
-0.000477632
-0.000374045
-0.000257305
-0.000129645
-0.0000741867
0.0000392609
0.000171525
0.000310037
0.000355684
0.000494426
0.000627928
0.00078842
0.000874874
0.000930051
0.000996521
0.00111251
0.0013167
0.00141046
0.00152641
0.00162057
0.00169825
0.00179797
0.00196009
0.00201696
0.0021021
0.00216801
0.00231441
0.00235442
0.00242452
0.00260263
0.00266733
0.00271822
0.00277635
0.00287673
0.00288782
0.00294682
0.00308975
0.0030988
0.00304269
0.00316937
0.00329784
0.00330469
0.0033337
0.00341002
0.00357278
0.00360394
0.003563
0.00361851
0.00369867
0.00371522
0.00371976
0.00380719
0.00379499
0.00381719
0.00381319
0.0039344
0.00390443
0.00394009
0.00394594
0.00398577
0.00403408
0.00405627
0.00408148
0.00412489
0.00413615
0.00423079
0.00415564
0.00413958
0.00417762
0.00428711
0.00429065
0.00431731
MomentY Data
-0.00588099
-0.00591278
-0.00607173
-0.00570615
-0.00572205
-0.00592868
-0.00578562
-0.00594457
-0.00599225
-0.00623067
-0.00570615
-0.00592868
-0.00583331
-0.00570615
-0.00567436
-0.00576973
-0.00619888
-0.00575384
-0.00572205
-0.00578562
-0.00567436
-0.00592868
-0.00561078
-0.00591278
-0.0055631
-0.00610352
-0.00607173
-0.00567436
-0.00616709
-0.00591278
-0.00576973
-0.00572205
-0.00572205
-0.00570615
-0.00592868
-0.00608762
-0.00588099
-0.00603994
-0.00629425
-0.00576973
-0.00594457
-0.00581741
-0.00570615
-0.00623067
-0.00588099
-0.00594457
-0.00592868
-0.0058492
-0.00597636
-0.00591278
-0.00592868
-0.0058492
-0.00591278
-0.00632604
-0.00632604
-0.00626246
-0.00588099
-0.00610352
-0.00629425
-0.00565847
-0.00597636
-0.00610352
-0.00592868
-0.00600815
-0.00576973
-0.00610352
-0.00580152
-0.00569026
-0.0061353
-0.00638962
-0.00607173
-0.00611941
-0.00594457
-0.00569026
-0.00623067
-0.00616709
-0.00572205
-0.00589689
-0.00594457
-0.0061353
-0.00607173
-0.00600815
-0.0058651
-0.00589689
-0.00619888
-0.00632604
-0.00578562
-0.00567436
-0.0058651
-0.00594457
-0.00592868
-0.00567436
-0.00596046
-0.00616709
-0.0061353
-0.00603994
-0.00619888
-0.0061353
-0.00623067
-0.0058492
-0.00603994
-0.00569026
-0.00618299
-0.00600815
-0.00616709
-0.00594457
-0.00594457
-0.00605583
-0.00594457
-0.00603994
-0.0058651
-0.00591278
-0.00623067
-0.00629425
-0.00610352
-0.00603994
-0.00623067
-0.0064532
-0.00594457
-0.00629425
-0.0061512
-0.0061353
-0.00607173
-0.00588099
-0.00623067
-0.00592868
-0.00592868
-0.0061353
-0.00603994
-0.00635783
-0.00600815
-0.00611941
-0.0058651
-0.0061353
-0.0061353
-0.00616709
-0.00603994
-0.00626246
-0.0061353
-0.00607173
-0.00626246
-0.00626246
-0.00603994
-0.00616709
-0.00600815
-0.00616709
-0.00642141
-0.00619888
-0.00605583
-0.00638962
-0.00629425
-0.0061353
-0.00603994
-0.00597636
-0.00632604
-0.00572205
-0.0061353
-0.00605583
-0.00631015
-0.00610352
-0.00607173
-0.00629425
-0.00616709
-0.00638962
-0.0061353
-0.00608762
-0.0064532
-0.00600815
-0.00603994
-0.00594457
-0.00638962
-0.0061353
-0.00619888
-0.00619888
-0.00632604
-0.0061353
-0.00623067
-0.00629425
-0.00591278
-0.00651677
-0.00632604
-0.0061353
-0.00623067
-0.00616709
-0.00602404
-0.00626246
-0.00610352
-0.00661214
-0.00592868
-0.00607173
-0.00632604
-0.00619888
-0.00610352
-0.00599225
-0.0061353
-0.00623067
-0.00592868
-0.00638962
-0.00603994
-0.00611941
-0.00632604
-0.0061353
-0.00597636
-0.00623067
-0.0061512
-0.00626246
-0.00600815
-0.00624657
-0.00626246
-0.00642141
-0.00658035
-0.00627836
-0.0061353
-0.00623067
-0.00626246
-0.00632604
-0.00635783
-0.00619888
-0.00642141
-0.00648499
-0.00667572
-0.00648499
-0.00626246
-0.00619888
-0.00635783
-0.00642141
-0.00658035
-0.00616709
-0.00629425
-0.0064532
-0.0064532
-0.00632604
-0.00632604
-0.0064532
-0.00635783
-0.0064532
-0.00638962
-0.00651677
-0.00667572
-0.00661214
-0.00626246
-0.00664393
-0.00661214
-0.00638962
-0.00670751
-0.00616709
-0.00642141
-0.00656446
-0.00629425
-0.00642141
-0.0067393
-0.00664393
-0.0064532
-0.00658035
-0.00693003
-0.00667572
-0.00661214
-0.00632604
-0.0067393
-0.00667572
-0.00680288
-0.00670751
-0.00667572
-0.00661214
-0.00661214
-0.00678698
-0.00642141
-0.00680288
-0.00683467
-0.00699361
-0.00694593
-0.0070413
-0.00686646
-0.00661214
-0.00683467
-0.00677109
-0.00688235
-0.00700951
-0.00683467
-0.00669161
-0.00699361
-0.00683467
-0.0067393
-0.00680288
-0.00648499
-0.00635783
-0.00664393
-0.00658035
-0.00713666
-0.00686646
-0.00667572
-0.00680288
-0.00696182
Field Data
-1507.31
-1500.89
-1491.6
-1481.4
-1471.12
-1461.16
-1451.16
-1440.87
-1430.83
-1420.77
-1410.48
-1400.46
-1390.65
-1380.1
-1370.28
-1360.01
-1350.08
-1340.11
-1329.7
-1319.81
-1309.94
-1299.75
-1289.44
-1279.4
-1269.63
-1259.22
-1249.22
-1238.94
-1229.04
-1219.12
-1208.68
-1198.69
-1188.82
-1178.58
-1168.46
-1158.62
-1148.6
-1138.14
-1128.18
-1118.44
-1107.86
-1097.84
-1088.07
-1077.8
-1067.66
-1057.61
-1047.7
-1037.57
-1027.57
-1017.18
-1007.19
-996.999
-987.15
-977.174
-966.806
-956.768
-947.019
-936.593
-926.682
-916.71
-906.438
-896.393
-886.486
-876.355
-865.902
-855.953
-846.022
-836.018
-826.108
-815.489
-805.743
-795.802
-785.62
-775.376
-765.465
-755.496
-745.07
-735.153
-725.308
-714.804
-704.925
-694.823
-684.793
-674.657
-664.328
-654.562
-644.615
-634.313
-624.218
-614.38
-604.34
-594.056
-583.964
-573.982
-563.77
-553.795
-543.813
-533.635
-523.272
-513.396
-503.332
-493.487
-483.305
-472.855
-463.112
-453.173
-442.65
-432.883
-422.893
-412.707
-402.593
-392.562
-382.582
-372.148
-362.148
-352.227
-342.268
-332.175
-321.904
-311.914
-302.024
-291.742
-281.639
-271.665
-261.569
-251.248
-241.357
-231.242
-221.138
-211.217
-200.878
-191.043
-181.043
-170.548
-160.83
-150.787
-140.509
-130.486
-120.623
-110.508
-100.072
-90.2792
-80.3418
-69.883
-60.0559
-49.7964
-39.9075
-29.9808
-19.669
-9.76424
0.133325
10.4312
21.1269
30.8215
40.452
51.2133
60.6756
71.0131
81.1772
91.0546
101.243
111.092
121.299
131.554
141.614
151.886
161.633
171.549
181.789
192.088
201.99
211.838
222.272
232.188
242.088
252.4
262.449
272.423
282.741
292.645
302.831
312.635
323.213
332.947
342.762
353.337
363.089
373.177
383.323
393.451
403.325
413.412
423.665
433.713
444.028
453.914
463.63
474.22
484.111
494.001
504.348
514.401
524.31
534.234
544.792
554.608
564.523
575.018
584.799
595.135
605.003
615.018
625.351
635.061
645.475
655.291
665.247
675.804
685.511
695.989
705.844
715.717
725.833
736.108
745.986
756.028
766.453
776.277
786.052
796.546
806.491
816.47
826.697
836.731
846.935
856.872
866.877
876.99
887.149
897.141
907.062
917.499
927.352
937.525
947.499
957.475
967.907
977.741
987.689
997.962
1008.01
1017.98
1027.96
1038.52
1048.4
1058.62
1068.37
1078.44
1088.86
1098.66
1108.63
1119.1
1128.86
1138.83
1148.92
1159.22
1169.29
1179.06
1189.46
1199.52
1209.46
1219.59
1229.76
1240.01
1249.67
1259.73
1270.09
1280.12
1289.94
1300.07
1310.45
1320.23
1330.27
1340.69
1350.55
1360.68
1370.77
1380.67
1390.92
1401.02
1410.89
1421
1431.34
Time Data
0
0.3
0.6
0.9
1.2
1.5
1.8
2.1
2.4
2.7
3
3.3
3.6
3.9
4.2
4.5
4.8
5.1
5.4
5.7
6
6.3
6.6
6.9
7.2
7.5
7.8
8.1
8.4
8.7
9
9.3
9.6
9.9
10.2
10.5
10.8
11.1
11.4
11.7
12
12.3
12.6
12.9
13.2
13.5
13.8
14.1
14.4
14.7
15
15.3
15.6
15.9
16.2
16.5
16.8
17.1
17.4
17.7
18
18.3
18.6
18.9
19.2
19.5
19.8
20.1
20.4
20.7
21
21.3
21.6
21.9
22.2
22.5
22.8
23.1
23.4
23.7
24
24.3
24.6
24.9
25.2
25.5
25.8
26.1
26.4
26.7
27
27.3
27.6
27.9
28.2
28.5
28.8
29.1
29.4
29.7
30.0000000000001
30.3000000000001
30.6000000000001
30.9000000000001
31.2000000000001
31.5000000000001
31.8000000000001
32.1000000000001
32.4
32.7
33
33.3
33.6
33.9
34.2
34.5
34.8
35.1
35.4
35.7
36
36.3
36.6
36.9
37.2
37.5
37.8
38.1
38.4
38.7
39
39.3
39.6
39.9
40.2
40.5
40.8
41.1
41.4
41.7
42
42.3
42.6
42.8999999999999
43.1999999999999
43.4999999999999
43.7999999999999
44.0999999999999
44.3999999999999
44.6999999999999
44.9999999999999
45.2999999999999
45.5999999999999
45.8999999999999
46.1999999999999
46.4999999999999
46.7999999999999
47.0999999999999
47.3999999999999
47.6999999999999
47.9999999999999
48.2999999999999
48.5999999999999
48.8999999999999
49.1999999999999
49.4999999999999
49.7999999999999
50.0999999999999
50.3999999999999
50.6999999999999
50.9999999999999
51.2999999999999
51.5999999999999
51.8999999999999
52.1999999999999
52.4999999999999
52.7999999999999
53.0999999999999
53.3999999999998
53.6999999999998
53.9999999999998
54.2999999999998
54.5999999999998
54.8999999999998
55.1999999999998
55.4999999999998
55.7999999999998
56.0999999999998
56.3999999999998
56.6999999999998
56.9999999999998
57.2999999999998
57.5999999999998
57.8999999999998
58.1999999999998
58.4999999999998
58.7999999999998
59.0999999999998
59.3999999999998
59.6999999999998
59.9999999999998
60.2999999999998
60.5999999999998
60.8999999999998
61.1999999999998
61.4999999999998
61.7999999999998
62.0999999999998
62.3999999999998
62.6999999999998
62.9999999999998
63.2999999999998
63.5999999999998
63.8999999999998
64.1999999999997
64.4999999999997
64.7999999999997
65.0999999999997
65.3999999999997
65.6999999999997
65.9999999999997
66.2999999999997
66.5999999999997
66.8999999999997
67.1999999999997
67.4999999999997
67.7999999999997
68.0999999999997
68.3999999999997
68.6999999999997
68.9999999999997
69.2999999999997
69.5999999999997
69.8999999999997
70.1999999999997
70.4999999999997
70.7999999999997
71.0999999999997
71.3999999999997
71.6999999999997
71.9999999999997
72.2999999999997
72.5999999999997
72.8999999999997
73.1999999999997
73.4999999999997
73.7999999999997
74.0999999999997
74.3999999999997
74.6999999999996
74.9999999999996
75.2999999999996
75.5999999999996
75.8999999999996
76.1999999999996
76.4999999999996
76.7999999999996
77.0999999999996
77.3999999999996
77.6999999999996
77.9999999999996
78.2999999999996
78.5999999999996
78.8999999999996
79.1999999999996
79.4999999999996
79.7999999999996
80.0999999999996
80.3999999999996
80.6999999999996
80.9999999999996
81.2999999999996
81.5999999999996
81.8999999999996
82.1999999999996
82.4999999999996
82.7999999999996
83.0999999999996
83.3999999999996
83.6999999999996
83.9999999999996
84.2999999999996
84.5999999999996
84.8999999999996
85.1999999999995
85.4999999999995
85.7999999999995
86.0999999999995
86.3999999999995
86.6999999999995
86.9999999999995
87.2999999999995
87.5999999999995
Temperature Data
0
0
0
0
0
0
0
0
0
0
0
0
0
0
0
0
0
0
0
0
0
0
0
0
0
0
0
0
0
0
0
0
0
0
0
0
0
0
0
0
0
0
0
0
0
0
0
0
0
0
0
0
0
0
0
0
0
0
0
0
0
0
0
0
0
0
0
0
0
0
0
0
0
0
0
0
0
0
0
0
0
0
0
0
0
0
0
0
0
0
0
0
0
0
0
0
0
0
0
0
0
0
0
0
0
0
0
0
0
0
0
0
0
0
0
0
0
0
0
0
0
0
0
0
0
0
0
0
0
0
0
0
0
0
0
0
0
0
0
0
0
0
0
0
0
0
0
0
0
0
0
0
0
0
0
0
0
0
0
0
0
0
0
0
0
0
0
0
0
0
0
0
0
0
0
0
0
0
0
0
0
0
0
0
0
0
0
0
0
0
0
0
0
0
0
0
0
0
0
0
0
0
0
0
0
0
0
0
0
0
0
0
0
0
0
0
0
0
0
0
0
0
0
0
0
0
0
0
0
0
0
0
0
0
0
0
0
0
0
0
0
0
0
0
0
0
0
0
0
0
0
0
0
0
0
0
0
0
0
0
0
0
0
0
0
0
0
0
0
0
0
0
0
0
0
0
0
0
0
0
0
0
0
0
0
0
0
0
0
0
0
0
0
Angle Data
0
0
0
0
0
0
0
0
0
0
0
0
0
0
0
0
0
0
0
0
0
0
0
0
0
0
0
0
0
0
0
0
0
0
0
0
0
0
0
0
0
0
0
0
0
0
0
0
0
0
0
0
0
0
0
0
0
0
0
0
0
0
0
0
0
0
0
0
0
0
0
0
0
0
0
0
0
0
0
0
0
0
0
0
0
0
0
0
0
0
0
0
0
0
0
0
0
0
0
0
0
0
0
0
0
0
0
0
0
0
0
0
0
0
0
0
0
0
0
0
0
0
0
0
0
0
0
0
0
0
0
0
0
0
0
0
0
0
0
0
0
0
0
0
0
0
0
0
0
0
0
0
0
0
0
0
0
0
0
0
0
0
0
0
0
0
0
0
0
0
0
0
0
0
0
0
0
0
0
0
0
0
0
0
0
0
0
0
0
0
0
0
0
0
0
0
0
0
0
0
0
0
0
0
0
0
0
0
0
0
0
0
0
0
0
0
0
0
0
0
0
0
0
0
0
0
0
0
0
0
0
0
0
0
0
0
0
0
0
0
0
0
0
0
0
0
0
0
0
0
0
0
0
0
0
0
0
0
0
0
0
0
0
0
0
0
0
0
0
0
0
0
0
0
0
0
0
0
0
0
0
0
0
0
0
0
0
0
0
0
0
0
0
Bx Data
0
0
0
0
0
0
0
0
0
0
0
0
0
0
0
0
0
0
0
0
0
0
0
0
0
0
0
0
0
0
0
0
0
0
0
0
0
0
0
0
0
0
0
0
0
0
0
0
0
0
0
0
0
0
0
0
0
0
0
0
0
0
0
0
0
0
0
0
0
0
0
0
0
0
0
0
0
0
0
0
0
0
0
0
0
0
0
0
0
0
0
0
0
0
0
0
0
0
0
0
0
0
0
0
0
0
0
0
0
0
0
0
0
0
0
0
0
0
0
0
0
0
0
0
0
0
0
0
0
0
0
0
0
0
0
0
0
0
0
0
0
0
0
0
0
0
0
0
0
0
0
0
0
0
0
0
0
0
0
0
0
0
0
0
0
0
0
0
0
0
0
0
0
0
0
0
0
0
0
0
0
0
0
0
0
0
0
0
0
0
0
0
0
0
0
0
0
0
0
0
0
0
0
0
0
0
0
0
0
0
0
0
0
0
0
0
0
0
0
0
0
0
0
0
0
0
0
0
0
0
0
0
0
0
0
0
0
0
0
0
0
0
0
0
0
0
0
0
0
0
0
0
0
0
0
0
0
0
0
0
0
0
0
0
0
0
0
0
0
0
0
0
0
0
0
0
0
0
0
0
0
0
0
0
0
0
0
0
0
0
0
0
0
Hint Data
0
0
0
0
0
0
0
0
0
0
0
0
0
0
0
0
0
0
0
0
0
0
0
0
0
0
0
0
0
0
0
0
0
0
0
0
0
0
0
0
0
0
0
0
0
0
0
0
0
0
0
0
0
0
0
0
0
0
0
0
0
0
0
0
0
0
0
0
0
0
0
0
0
0
0
0
0
0
0
0
0
0
0
0
0
0
0
0
0
0
0
0
0
0
0
0
0
0
0
0
0
0
0
0
0
0
0
0
0
0
0
0
0
0
0
0
0
0
0
0
0
0
0
0
0
0
0
0
0
0
0
0
0
0
0
0
0
0
0
0
0
0
0
0
0
0
0
0
0
0
0
0
0
0
0
0
0
0
0
0
0
0
0
0
0
0
0
0
0
0
0
0
0
0
0
0
0
0
0
0
0
0
0
0
0
0
0
0
0
0
0
0
0
0
0
0
0
0
0
0
0
0
0
0
0
0
0
0
0
0
0
0
0
0
0
0
0
0
0
0
0
0
0
0
0
0
0
0
0
0
0
0
0
0
0
0
0
0
0
0
0
0
0
0
0
0
0
0
0
0
0
0
0
0
0
0
0
0
0
0
0
0
0
0
0
0
0
0
0
0
0
0
0
0
0
0
0
0
0
0
0
0
0
0
0
0
0
0
0
0
0
0
0
Torque Data
8.8644750369
8.8744323742
9.056592468
8.45309061
8.417822196
8.6627500688
8.3958603192
8.5653525759
8.5738910675
8.8523490159
8.048410452
8.3028791928
8.1120925515
7.875057615
7.7754620208
7.8468904973
8.3689839104
7.7107785224
7.608609885
7.6359191322
7.4330711384
7.70580183
7.2347641632
7.564810732
7.063078653
7.6856744544
7.5849265506
7.0301915784
7.5796002936
7.2083883536
6.9737572564
6.8589641145
6.802487481
6.725154267
6.9274254328
7.0532382844
6.754905114
6.8742973116
7.101046965
6.4530968212
6.5857513202
6.3865853944
6.2086906305
6.715416126
6.2788977834
6.2870366777
6.211478036
6.068954444
6.1411282452
6.0143615604
5.9713072092
5.8316465508
5.836800777
6.18164181096
6.11605342824
5.99172132928
5.56940926881
5.71651410736
5.8327681785
5.1871760337
5.41719980568
5.47115260336
5.25569181848
5.26527229325
4.99602074646
5.22432625456
4.90821355344
4.75715978468
5.0684204124
5.21066482418
4.89225394539
4.86983871682
4.6701730834
4.41209103776
4.76935981155
4.65921182664
4.2633277935
4.33511637417
4.31164417756
4.3855369812
4.28011427025
4.17460080745
4.0163794243
3.97837811673
4.11808955264
4.14078539448
3.7294974363
3.59932031468
3.6611009918
3.6522249166
3.5829384712
3.37088760416
3.48069406344
3.53979865238
3.458898081
3.3448885723
3.37103152944
3.2740108155
3.26033515224
3.0029558832
3.04009508008
2.80806933662
2.98826998195
2.84098376825
2.85605338408
2.69391862061
2.6313639105
2.62146585789
2.51391704101
2.49272551758
2.3612482043
2.32113274236
2.38374218994
2.342392549
2.21037756096
2.12742994638
2.13255895956
2.14359171
1.91358086128
1.9632646945
1.8578100288
1.7899246926
1.71003596547
1.59765914835
1.62975012123
1.48956899264
1.43092841876
1.4187390426
1.33566025172
1.34288177911
1.2069051557
1.16907044463
1.0618352993
1.0463631444
0.986740299
0.92991699983
0.84866592946
0.81716335556
0.7400582919
0.67097473884
0.62669689712
0.565369878832
0.485259651492
0.43097475047
0.360824855585
0.307098880476
0.256262419575
0.185847381504
0.11911212027
0.0623897831888
-0.00083918088125
-0.06399854136
-0.127605208386
-0.18420037974
-0.25590097008
-0.293045063265
-0.37226300868
-0.430043261373
-0.51224030858
-0.555753572192
-0.61472016039
-0.699240821
-0.74806184991
-0.84058006948
-0.8688443742
-0.92462425132
-1.0430500756
-1.03069212435
-1.09799465266
-1.14188056216
-1.2906393438
-1.2996896814
-1.37783745536
-1.43930554944
-1.53145837152
-1.54854972
-1.63523311083
-1.71469846775
-1.67178532998
-1.90710015665
-1.91572101924
-1.9181095155
-2.01383354271
-2.05331411423
-2.06481199848
-2.21275882902
-2.21612097328
-2.46749856878
-2.27259940364
-2.38892824023
-2.551450083
-2.56269137856
-2.5858478008
-2.59891672425
-2.7242449884
-2.82818834238
-2.7487139084
-3.0300855964
-2.92400139334
-3.02299465941
-3.19052562192
-3.1560044553
-3.1334653116
-3.32863575678
-3.3511245504
-3.47321041568
-3.39173886245
-3.59189018826
-3.66228034554
-3.82160584035
-3.98113149105
-3.86130441048
-3.8367159903
-3.95685552087
-4.0422613685
-4.14539707764
-4.22952733401
-4.18922789952
-4.40194719051
-4.51348170511
-4.71201690768
-4.64141758783
-4.54550012918
-4.56304515904
-4.74285217038
-4.85476575948
-5.04352899855
-4.78737012393
-4.947607801
-5.1402706472
-5.2044477212
-5.1650218788
-5.22971828988
-5.3995924892
-5.38466875105
-5.5295663904
-5.53901461674
-5.7151421223
-5.92235832228
-5.93202189174
-5.68043949252
-6.09579913107
-6.13178125328
-5.9904284905
-6.35535901749
-5.90483449775
-6.21532768887
-6.41834168486
-6.21676148825
-6.40832316642
-6.793281793
-6.7633878614
-6.633631472
-6.833825082
-7.265443452
-7.0670507064
-7.0642120118
-6.8222545776
-7.338154198
-7.3343465352
-7.5418768544
-7.506374441
-7.5359532792
-7.5301033962
-7.5968198888
-7.8676029556
-7.5084904989
-8.0210036928
-8.1295665782
-8.3889750672
-8.4008244978
-8.587499067
-8.4440978496
-8.1991197214
-8.5410820589
-8.5297452057
-8.7412039115
-8.9730139412
-8.8163142198
-8.6995614127
-9.1647762245
-9.0233363741
-8.965088611
-9.1205531872
-8.7583032445
-8.6509721244
-9.1072999261
-9.0852918345
-9.9265231272
-9.6200477892
-9.4187065908
-9.66689248
-9.9647314388
dMdH Data
-2.95950155763246E-07
-5.02368137782556E-06
-4.97058823529445E-07
4.01848249027231E-06
3.73493975903668E-07
-3.18300000000001E-06
9.30029154518889E-07
-2.2758964143426E-06
6.34393638170978E-06
-4.7920310981536E-06
4.124750499002E-06
-5.93272171253839E-07
4.33649289099525E-06
-8.03462321792264E-07
-5.00486854917304E-07
-1.94259818731116E-06
2.0130391173521E-06
1.66858789625363E-06
-6.34984833164807E-07
2.2299898682877E-06
-1.83218842001955E-06
-5.90688651794403E-07
3.21912350597608E-06
1.46059365404302E-06
-7.34870317002928E-07
-8.67999999999963E-07
2.69552529182882E-06
1.93333333333331E-06
1.58669354838711E-06
4.69348659003544E-08
-1.09109109109156E-07
1.25126646403245E-06
-2.17773437500002E-06
1.75296442687754E-06
1.33739837398371E-06
1.29640718562875E-06
-2.50478011472285E-07
1.4246987951807E-06
1.62114989733058E-06
-1.1984877126654E-06
2.50898203592822E-06
3.78096212896615E-06
-4.92307692307692E-06
2.01479289940832E-06
5.00099502487552E-06
-2.6478304742684E-06
-2.64461994077001E-06
2.26100000000002E-06
2.66602502406163E-07
4.99899899899906E-06
2.59837111176525E-06
-1.72403289674075E-06
1.42241379310343E-06
-2.08140432098765E-06
-7.43175931460443E-07
2.90593907067387E-06
7.25110301170168E-07
-3.81999798204016E-06
5.42117930204573E-06
-1.67250778816197E-06
4.2259830761573E-06
-2.33572221661451E-06
4.19307077287536E-06
-4.42935042571536E-07
3.12594230575936E-06
1.81049239754305E-06
1.67233106757301E-06
-2.79414732593341E-06
-2.00960542423958E-06
-1.53909296121462E-08
1.11256412835733E-06
1.50363386368098E-06
2.79871144084343E-06
-2.60316819695319E-07
4.54609288795265E-06
1.94897371954729E-06
-4.81294746395075E-06
2.39004570848145E-06
1.48134044173648E-06
3.24627998785301E-06
2.13126113640864E-06
-1.40578265204374E-07
-6.34372533543804E-07
-2.84635492303253E-07
3.06573827565023E-06
3.27636473308538E-06
-3.28576975344595E-06
-2.73402674591381E-06
5.24903435657655E-06
1.52390438247015E-06
-5.5425904317386E-07
-4.9445105033693E-07
-5.7603686635941E-07
3.51253427340383E-06
4.8190476190476E-06
4.01723101582854E-07
-1.99449793672636E-07
2.64112708675096E-06
-8.45484001620066E-07
-4.73966613672527E-07
-4.81462671406767E-07
-3.19190728737007E-07
4.76363636363638E-06
1.34558144308732E-06
4.12918804708722E-06
-9.69305331179291E-07
5.62199242346674E-06
-7.27127127127123E-06
2.46416650304324E-07
3.46747083250939E-06
6.54969594257802E-07
1.80961923847698E-06
2.08261452942302E-06
3.21000000000002E-07
4.05906662634815E-06
-1.46400240988052E-06
1.82799960368574E-06
7.20475124135901E-07
1.13613613613612E-06
-3.4539939332659E-06
8.43999221941257E-06
3.85034148272791E-06
-5.56647282935636E-06
3.22900158478608E-06
-5.19329522333131E-07
4.88626023657872E-06
2.55066732575412E-07
1.1955661124307E-06
-2.6630380002016E-06
3.64445304188025E-06
-8.84595831215088E-08
2.60799999999999E-06
1.8113387327299E-06
-1.74418604651162E-06
3.79966145574029E-06
2.78945320101188E-06
6.02613987827965E-07
3.80208861401225E-07
-2.70884824518041E-06
1.59831353008814E-06
4.06421044032372E-07
5.28206573147903E-06
2.52419015565833E-07
4.32681055448712E-06
-6.22837370242235E-07
4.80336538947711E-06
5.69977938287649E-06
-3.35053046024946E-06
1.43062527512024E-06
-1.45288260294321E-06
-9.51652646783957E-07
5.01603448114664E-06
-5.34318073979332E-07
5.59991693058514E-06
6.21207474933324E-06
-7.93358908510615E-06
2.45804111245466E-06
5.65716590745871E-07
4.28250349282203E-07
4.41875073613126E-06
4.57305310183776E-06
-6.34858430488891E-07
6.8746952705999E-07
2.81113320079522E-06
7.54186137071652E-06
-2.97117061659999E-06
4.88100040338847E-06
5.17578124999892E-08
3.15661714729589E-06
5.64532417693392E-06
-3.25345247766045E-06
4.49108683151238E-06
-1.42496974586529E-06
6.16161616161636E-07
6.40612878200156E-06
-2.81022987361928E-06
4.41347503509125E-06
-1.55068811785234E-07
4.8879240710824E-06
5.22383663852342E-06
-4.24010607915137E-06
2.84930988844772E-06
-1.6231764947608E-07
1.44676515537467E-07
1.02770685579196E-05
-2.6866283839213E-07
3.18001586042821E-06
3.42992312241281E-06
-1.77823854660348E-06
6.73789750860849E-06
-1.75275106572816E-06
9.01589778601382E-06
-4.2794585987266E-08
1.03800290838585E-05
-1.2749342504552E-05
1.2267393989296E-05
-2.85930122757317E-06
7.68577494692147E-06
1.42810920121335E-05
6.6589349569924E-07
-5.22232169501649E-07
6.58795034816834E-06
5.60358726320027E-06
5.91589316158364E-06
5.358598207009E-06
-3.37165910237011E-06
4.9880895664602E-06
5.72743073305393E-06
6.24129256965944E-06
1.47426023510336E-05
-3.18622066899651E-06
2.8975128229943E-06
1.0351184346035E-05
5.79412329556366E-06
1.12470456397718E-05
8.51315789473692E-06
6.51444539168323E-06
5.31709075924591E-06
3.25109753769801E-06
7.70025367833585E-06
1.05877646105541E-05
1.02399169632266E-05
1.13615571776156E-05
1.2923668758858E-05
5.52263493328021E-06
1.08822637889689E-05
1.34633652280129E-05
1.41700255754476E-05
4.34981894415856E-06
1.39509301156361E-05
1.33782944182783E-05
1.56929695903002E-05
8.61610524217661E-06
5.4073892591141E-06
6.68914159202978E-06
1.15931034482759E-05
2.01908434688024E-05
9.22925484791811E-06
1.16042834267414E-05
9.49097873198262E-06
7.44275174858676E-06
1.01207753983559E-05
1.59363019758183E-05
5.70182474433526E-06
8.5344827586207E-06
6.31805981595093E-06
1.48871262965223E-05
4.02191395255329E-06
6.82371264479703E-06
1.77259156050955E-05
6.48946840521563E-06
5.09919839679358E-06
5.50473484848488E-06
1.015991902834E-05
1.08512720156558E-06
6.05128205128205E-06
1.41936444885797E-05
8.68522072936676E-07
-5.72551020408155E-06
1.27061183550652E-05
1.22702960840499E-05
7.01844262295091E-07
2.90972918756271E-06
7.5639246778988E-06
1.58019417475729E-05
3.09433962264154E-06
-4.19037871033775E-06
5.33749999999995E-06
7.96819085487079E-06
1.66498993963783E-06
4.48173741362288E-07
8.59685349065873E-06
-1.19024390243902E-06
2.29813664596271E-06
-3.97614314115277E-07
1.16998069498071E-05
-2.98803589232306E-06
3.6313645621181E-06
5.77492596248768E-07
3.83718689788044E-06
4.93967280163603E-06
2.21015936254981E-06
2.41938579654512E-06
4.40263691683572E-06
1.11154985192496E-06
9.37958374628353E-06
-7.59090909090897E-06
-1.56682926829269E-06
3.76633663366336E-06
1.10932117527861E-05
3.50148367952505E-07
2.57833655706002E-06
2.57833655706002E-06
dMdT Data
0
0
0
0
0
0
0
0
0
0
0
0
0
0
0
0
0
0
0
0
0
0
0
0
0
0
0
0
0
0
0
0
0
0
0
0
0
0
0
0
0
0
0
0
0
0
0
0
0
0
0
0
0
0
0
0
0
0
0
0
0
0
0
0
0
0
0
0
0
0
0
0
0
0
0
0
0
0
0
0
0
0
0
0
0
0
0
0
0
0
0
0
0
0
0
0
0
0
0
0
0
0
0
0
0
0
0
0
0
0
0
0
0
0
0
0
0
0
0
0
0
0
0
0
0
0
0
0
0
0
0
0
0
0
0
0
0
0
0
0
0
0
0
0
0
0
0
0
0
0
0
0
0
0
0
0
0
0
0
0
0
0
0
0
0
0
0
0
0
0
0
0
0
0
0
0
0
0
0
0
0
0
0
0
0
0
0
0
0
0
0
0
0
0
0
0
0
0
0
0
0
0
0
0
0
0
0
0
0
0
0
0
0
0
0
0
0
0
0
0
0
0
0
0
0
0
0
0
0
0
0
0
0
0
0
0
0
0
0
0
0
0
0
0
0
0
0
0
0
0
0
0
0
0
0
0
0
0
0
0
0
0
0
0
0
0
0
0
0
0
0
0
0
0
0
0
0
0
0
0
0
0
0
0
0
0
0
0
0
0
0
0
0
 
*********************************************** Results ***************************************
 
TotalArea 0
AreaFirstQuad 0
AreaSecondQuad 0
AreaThirdQuad 0
AreaFourthQuad 0
Coercivity 0
PositiveCoercivity 0
NegativeCoercivity 0
Retentivity 8.75221167428267E-04
PositiveRetentivity -4.6238886292835E-03
NegativeRetentivity -2.87344629442696E-03
Magnetization 0.004274415
PositiveMagnetization 0.00431731
NegativeMagnetization -0.00423152
Flatness 4.28310877451723
Squareness 0.204758117175863
SStar 0
SFD1 0
SFD2 0
Slope 0
Intercept 0
SlopeAtHc 2.57833655706002E-06
dH1 -1478.66313023404
dH2 55.599
InitialSlope -2.95950155763246E-07
FieldAtHalfMs 966.426323926567
FieldAtMs 1431.34
MomentMean -1.73521436450512E-03
MomentRMS 2.6861299213942E-03
SFD3 0
dH3 -2957.32626046809
UserField1 0
UserField2 0
CenterField 0
ExchangeField 0
ExchangeMoment 0
ExRegionOneIntercept 0
ExRegionOneSlope 0
ExRegionTwoIntercept 0
ExRegionTwoSlope 0
NegativeIntercept 0
NegativeSlope 0
AutoCenterOffset 0
PinningField 0
PinningMoment 0
PinRegionOneIntercept 0
PinRegionOneSlope 0
PinRegionTwoIntercept 0
PinRegionTwoSlope 0
PositiveIntercept 0
PositiveSlope 0
TotalOffset 0
BHMax 0
BCoercivity 0
BRetentivity 0
BNegativeCoercivity 0
BPositiveCoercivity 0
BNegativeRetentivity 0
BPositiveRetentivity 0
MomentYMean -6.19817802047781E-03
MomentYRMS 3.22614477203903E-04
YOffCorrection 0
Mrt 0
Ms1 0
Ms2 0
Ms3 0
Hc2 0
Hex2 0
HsatValue 0
HsatIntercept 0
HsatSlope 0
CenterH 0
Span .00854883
SpanAsPercentOfRange -161.298679245283
RMSAsPercentOfRange -50.6816966300792
SpanAsPercentOfMean -492.667083380105
RMSAsPercentOfMean -154.801042242425
