Version 1.25
******************************************** Units *******************************************
System CGS
TemperatureUnit K
MomentUnit emu
AppliedFieldUnit G
 
******************************************** Setup ********************************************
 
Experiment CustomField
Minor False
Acquisition Continuous
EditedPoint No
MaxField 15000
FieldIncrement 100
Points 293
MinField 0
RampRate 10
AverageTime 0.3
TimeInterval 0
TimeConstant 0.1
TimeConstantIndex 0
Sensitivity -0.0053
SensitivityIndex 5
SensitivityY -400
SensitivityIndexY 0
SaturationField 8000
ExperimentTime 100
Use735Domains True
AutoRangeEnabled False
NumberOfVertices 2
VertexPts
0
292
VertexField
-2721.0526
230.66
StartAngle 0
EndAngle 0
AngleIncrement 0
StartTemp 0
FinishTemp 0
TempIncrement 0
TempPoints 0
LengthofSetPointsArray 293
SetPointArray
-2721.05263
-2710.94403
-2700.83542
-2690.72682
-2680.61821
-2670.50961
-2660.401
-2650.2924
-2640.18379
-2630.07519
-2619.96658
-2609.85798
-2599.74937
-2589.64077
-2579.53216
-2569.42356
-2559.31495
-2549.20635
-2539.09774
-2528.98914
-2518.88053
-2508.77193
-2498.66332
-2488.55472
-2478.44612
-2468.33751
-2458.22891
-2448.1203
-2438.0117
-2427.90309
-2417.79449
-2407.68588
-2397.57728
-2387.46867
-2377.36007
-2367.25146
-2357.14286
-2347.03425
-2336.92565
-2326.81704
-2316.70844
-2306.59983
-2296.49123
-2286.38262
-2276.27402
-2266.16541
-2256.05681
-2245.9482
-2235.8396
-2225.73099
-2215.62239
-2205.51378
-2195.40518
-2185.29657
-2175.18797
-2165.07937
-2154.97076
-2144.86216
-2134.75355
-2124.64495
-2114.53634
-2104.42774
-2094.31913
-2084.21053
-2074.10192
-2063.99332
-2053.88471
-2043.77611
-2033.6675
-2023.5589
-2013.45029
-2003.34169
-1993.23308
-1983.12448
-1973.01587
-1962.90727
-1952.79866
-1942.69006
-1932.58145
-1922.47285
-1912.36424
-1902.25564
-1892.14703
-1882.03843
-1871.92982
-1861.82122
-1851.71261
-1841.60401
-1831.49541
-1821.3868
-1811.2782
-1801.16959
-1791.06099
-1780.95238
-1770.84378
-1760.73517
-1750.62657
-1740.51796
-1730.40936
-1720.30075
-1710.19215
-1700.08354
-1689.97494
-1679.86633
-1669.75773
-1659.64912
-1649.54052
-1639.43191
-1629.32331
-1619.2147
-1609.1061
-1598.99749
-1588.88889
-1578.78028
-1568.67168
-1558.56307
-1548.45447
-1538.34586
-1528.23726
-1518.12865
-1508.02005
-1497.91145
-1487.80284
-1477.69424
-1467.58563
-1457.47703
-1447.36842
-1437.25982
-1427.15121
-1417.04261
-1406.934
-1396.8254
-1386.71679
-1376.60819
-1366.49958
-1356.39098
-1346.28237
-1336.17377
-1326.06516
-1315.95656
-1305.84795
-1295.73935
-1285.63074
-1275.52214
-1265.41353
-1255.30493
-1245.19632
-1235.08772
-1224.97911
-1214.87051
-1204.7619
-1194.6533
-1184.5447
-1174.43609
-1164.32749
-1154.21888
-1144.11028
-1134.00167
-1123.89307
-1113.78446
-1103.67586
-1093.56725
-1083.45865
-1073.35004
-1063.24144
-1053.13283
-1043.02423
-1032.91562
-1022.80702
-1012.69841
-1002.58981
-992.4812
-982.3726
-972.26399
-962.15539
-952.04678
-941.93818
-931.82957
-921.72097
-911.61236
-901.50376
-891.39515
-881.28655
-871.17794
-861.06934
-850.96074
-840.85213
-830.74353
-820.63492
-810.52632
-800.41771
-790.30911
-780.2005
-770.0919
-759.98329
-749.87469
-739.76608
-729.65748
-719.54887
-709.44027
-699.33166
-689.22306
-679.11445
-669.00585
-658.89724
-648.78864
-638.68003
-628.57143
-618.46282
-608.35422
-598.24561
-588.13701
-578.0284
-567.9198
-557.81119
-547.70259
-537.59398
-527.48538
-517.37678
-507.26817
-497.15957
-487.05096
-476.94236
-466.83375
-456.72515
-446.61654
-436.50794
-426.39933
-416.29073
-406.18212
-396.07352
-385.96491
-375.85631
-365.7477
-355.6391
-345.53049
-335.42189
-325.31328
-315.20468
-305.09607
-294.98747
-284.87886
-274.77026
-264.66165
-254.55305
-244.44444
-234.33584
-224.22723
-214.11863
-204.01003
-193.90142
-183.79282
-173.68421
-163.57561
-153.467
-143.3584
-133.24979
-123.14119
-113.03258
-102.92398
-92.81537
-82.70677
-72.59816
-62.48956
-52.38095
-42.27235
-32.16374
-22.05514
-11.94653
-1.83793
8.27068
18.37928
28.48789
38.59649
48.7051
58.8137
68.92231
79.03091
89.13952
99.24812
109.35673
119.46533
129.57393
139.68254
149.79114
159.89975
170.00835
180.11696
190.22556
200.33417
210.44277
220.55138
230.65998
FieldDomainFile C:\IDEASVSM\Default UserID\Experiments\FORCexp0379B\fdomain.ini
TempDomainFile C:\IDEASVSM\Default UserID\Experiments\FORCexp0379B\tdomain.ini
NumSelectedResults 0
ResultsSelected 
UserName1 
UserValue1 
UserName2 
UserValue2 
LinearBackgroundCorrection Off
MaxLinearFieldCorrection 
MinLinearFieldCorrection 
AutoLinearCorrection Off
FitOneRegion Off
BackgroundMode Off
BackgroundFilename 
AutoCenter Off
OffsetCorrection 
SmoothDeriv Off
DerivOrder 0
DerivPoints 0
MinExFieldOne 
MaxExFieldOne 
MinExFieldTwo 
MaxExFieldTwo 
MinPinFieldOne 
MaxPinFieldOne 
MinPinFieldTwo 
MaxPinFieldTwo 
HCenterStart 
Mass 
Volume 
Density 
MolarWeight 
NumberOfMoles 
Demagnetization 
SampleArea 
Thickness 
MomentScaling 0
XAxis 0
YAxis 0
SimpleSpinValve False
HsatMax 0
HsatMin 0
FieldAutoRange False
 
*************************************************** Experiment Data ********************************************
 
DataPoints 293
MomentX Data
-0.00485146
-0.00490818
-0.0048939
-0.00491401
-0.00483436
-0.00489622
-0.00487093
-0.00488978
-0.00486669
-0.00487876
-0.00487465
-0.00485116
-0.00483029
-0.00488653
-0.0049085
-0.0048729
-0.00488979
-0.00484597
-0.00484975
-0.00483794
-0.00484246
-0.00482852
-0.00482957
-0.00480943
-0.00484441
-0.0048411
-0.00488641
-0.00480275
-0.00481005
-0.00480445
-0.00484112
-0.00481261
-0.0048259
-0.004821
-0.0047974
-0.0048131
-0.00482166
-0.00484789
-0.00479883
-0.00476458
-0.00476457
-0.00479599
-0.00474739
-0.0047806
-0.0047604
-0.00477783
-0.00476016
-0.00477228
-0.00475926
-0.00473078
-0.00472757
-0.00477165
-0.00474562
-0.00477489
-0.00477206
-0.00475044
-0.00471413
-0.00473511
-0.0047198
-0.00471469
-0.00474529
-0.00473866
-0.00475597
-0.00466483
-0.00470651
-0.00472609
-0.00473198
-0.00470265
-0.00468704
-0.00468264
-0.00471192
-0.00467974
-0.00471693
-0.00465423
-0.0046763
-0.00468112
-0.00468094
-0.00464673
-0.00467079
-0.00464834
-0.00462971
-0.00463495
-0.004657
-0.00467141
-0.00461895
-0.00465642
-0.00463074
-0.00462763
-0.00460463
-0.00465252
-0.00460774
-0.00460073
-0.0046323
-0.00458966
-0.00461442
-0.00457097
-0.00458267
-0.00458426
-0.00459527
-0.00460212
-0.00456322
-0.00454368
-0.00455921
-0.00456267
-0.00458088
-0.00453588
-0.00453853
-0.00451837
-0.0044962
-0.00452305
-0.00453512
-0.00453567
-0.0045242
-0.00450501
-0.00451743
-0.00450224
-0.00447736
-0.0044675
-0.00444527
-0.00444922
-0.00450929
-0.0044965
-0.00447624
-0.00445038
-0.00445803
-0.00446018
-0.00446718
-0.00441485
-0.00445674
-0.00441813
-0.00446358
-0.00441548
-0.00442346
-0.00443384
-0.00442693
-0.00437344
-0.00439397
-0.00437204
-0.004356
-0.00442123
-0.00434443
-0.00432371
-0.0043181
-0.00434798
-0.00433387
-0.00433592
-0.00435379
-0.0043753
-0.00432201
-0.00429493
-0.00434151
-0.0043239
-0.00427667
-0.00432777
-0.00427584
-0.0042841
-0.00429819
-0.00426694
-0.00430572
-0.00427034
-0.0042536
-0.00420772
-0.00423792
-0.00428457
-0.00426731
-0.00420073
-0.00423138
-0.00422738
-0.00425857
-0.00421058
-0.00420966
-0.00423588
-0.00420256
-0.00415893
-0.00413954
-0.00414996
-0.00409781
-0.00409764
-0.00414494
-0.0041635
-0.00413161
-0.00413901
-0.0041082
-0.00407513
-0.00413372
-0.00403363
-0.00410806
-0.00412535
-0.00411685
-0.00404518
-0.00399537
-0.00405884
-0.00406992
-0.00405537
-0.00399405
-0.0040217
-0.00402152
-0.00399405
-0.00397084
-0.00399411
-0.00393939
-0.00396145
-0.00392773
-0.00388069
-0.00391757
-0.00390371
-0.00387635
-0.00391711
-0.00390698
-0.00386451
-0.00387751
-0.00389296
-0.0038647
-0.00382177
-0.00383518
-0.0038335
-0.00380503
-0.00380769
-0.00373315
-0.00378917
-0.00380921
-0.00376321
-0.00375768
-0.00375132
-0.00372153
-0.00369965
-0.00372656
-0.00371781
-0.00364669
-0.00361255
-0.00363597
-0.00367448
-0.00363175
-0.00366036
-0.00367689
-0.00357316
-0.00365829
-0.00359793
-0.00354711
-0.00354636
-0.00362479
-0.00352051
-0.00347061
-0.00349937
-0.00346114
-0.00347004
-0.00346335
-0.00337537
-0.00341985
-0.00344949
-0.00342406
-0.00338307
-0.00332964
-0.00323736
-0.00335674
-0.00337151
-0.00338346
-0.00343047
-0.00331494
-0.00332552
-0.0032394
-0.00325914
-0.00325148
-0.00326517
-0.00328511
-0.00318485
-0.0032544
-0.00311977
-0.00317817
-0.0031086
-0.00309524
-0.00308176
-0.00304519
-0.00308002
-0.00322114
-0.00311484
-0.00303849
-0.00306814
-0.00306547
-0.00298552
-0.00285011
-0.00294692
-0.00294799
-0.00296852
-0.00288692
-0.00287809
-0.00288659
-0.00283543
-0.00289203
-0.00279522
-0.0027186
-0.0028117
-0.0027969
MomentY Data
-0.00562668
-0.00588099
-0.00591278
-0.00557899
-0.00576973
-0.00602404
-0.00572205
-0.0058492
-0.00592868
-0.00567436
-0.00583331
-0.00588099
-0.00567436
-0.0058651
-0.0058651
-0.00592868
-0.00551542
-0.00583331
-0.00557899
-0.0058651
-0.00551542
-0.00594457
-0.00583331
-0.00551542
-0.00562668
-0.00576973
-0.00576973
-0.00576973
-0.00589689
-0.00597636
-0.00565847
-0.00572205
-0.00592868
-0.00588099
-0.00610352
-0.00597636
-0.00602404
-0.00602404
-0.00562668
-0.00594457
-0.00576973
-0.00578562
-0.00575384
-0.00567436
-0.00583331
-0.0058651
-0.00562668
-0.00592868
-0.00561078
-0.0055631
-0.00611941
-0.00596046
-0.0058492
-0.00578562
-0.00588099
-0.0055631
-0.00578562
-0.00561078
-0.00581741
-0.00573794
-0.00576973
-0.00578562
-0.00557899
-0.00573794
-0.00567436
-0.00583331
-0.00545184
-0.00578562
-0.00603994
-0.00578562
-0.00562668
-0.00562668
-0.00588099
-0.00603994
-0.00573794
-0.00581741
-0.00583331
-0.00572205
-0.00607173
-0.00603994
-0.00594457
-0.00626246
-0.00581741
-0.00589689
-0.00567436
-0.00608762
-0.00588099
-0.00623067
-0.00592868
-0.00559489
-0.00588099
-0.0055631
-0.00592868
-0.00607173
-0.00573794
-0.00578562
-0.00602404
-0.00594457
-0.00616709
-0.00596046
-0.00594457
-0.00623067
-0.0058651
-0.00596046
-0.00602404
-0.00619888
-0.00626246
-0.00596046
-0.00588099
-0.00596046
-0.00588099
-0.00600815
-0.0058651
-0.00581741
-0.00616709
-0.00581741
-0.00572205
-0.0058651
-0.00578562
-0.0058651
-0.00592868
-0.00557899
-0.00562668
-0.00592868
-0.00600815
-0.00559489
-0.0058651
-0.00581741
-0.00597636
-0.00603994
-0.00608762
-0.00610352
-0.00594457
-0.00600815
-0.00583331
-0.00632604
-0.00638962
-0.00578562
-0.00557899
-0.00572205
-0.00599225
-0.00588099
-0.00562668
-0.00583331
-0.00572205
-0.00578562
-0.0061353
-0.00619888
-0.00578562
-0.00583331
-0.00623067
-0.00616709
-0.00597636
-0.00572205
-0.00578562
-0.00607173
-0.0058651
-0.00572205
-0.00575384
-0.00592868
-0.00588099
-0.00591278
-0.00588099
-0.0055631
-0.00557899
-0.00576973
-0.00592868
-0.00603994
-0.00572205
-0.00602404
-0.00572205
-0.00603994
-0.00600815
-0.00602404
-0.00589689
-0.00597636
-0.00602404
-0.00610352
-0.00580152
-0.00599225
-0.00591278
-0.00588099
-0.0061353
-0.00588099
-0.00600815
-0.00632604
-0.00618299
-0.00616709
-0.00600815
-0.00623067
-0.00596046
-0.00600815
-0.00635783
-0.00578562
-0.0058651
-0.00629425
-0.00600815
-0.00576973
-0.00610352
-0.0058651
-0.0061353
-0.00619888
-0.00597636
-0.00602404
-0.00578562
-0.00607173
-0.00597636
-0.00594457
-0.00572205
-0.00600815
-0.00602404
-0.00588099
-0.00594457
-0.00607173
-0.00603994
-0.00629425
-0.00589689
-0.00567436
-0.00607173
-0.0058651
-0.00572205
-0.00619888
-0.0061353
-0.00572205
-0.00597636
-0.00597636
-0.00597636
-0.00592868
-0.00583331
-0.00592868
-0.00588099
-0.0061353
-0.0061353
-0.00600815
-0.0064532
-0.00629425
-0.0061353
-0.00596046
-0.00607173
-0.00642141
-0.00626246
-0.00603994
-0.00607173
-0.00597636
-0.00583331
-0.0058651
-0.0061353
-0.00658035
-0.00600815
-0.00632604
-0.0061353
-0.00588099
-0.0058651
-0.00658035
-0.00610352
-0.00581741
-0.00594457
-0.00616709
-0.00619888
-0.00600815
-0.00596046
-0.0064532
-0.00658035
-0.00607173
-0.00626246
-0.00629425
-0.00632604
-0.0061353
-0.00607173
-0.00611941
-0.00635783
-0.00638962
-0.00635783
-0.00602404
-0.00588099
-0.00632604
-0.00608762
-0.00629425
-0.00616709
-0.00603994
-0.00619888
-0.00623067
-0.00619888
-0.00635783
-0.0061353
-0.00619888
-0.00632604
-0.00602404
-0.00629425
-0.00623067
-0.00594457
-0.00610352
-0.00600815
Field Data
-2719.81
-2712.67
-2703.08
-2692.68
-2682.7
-2672.52
-2662.52
-2652.3
-2642.15
-2632.01
-2622.17
-2612.06
-2601.73
-2591.88
-2581.75
-2571.42
-2561.65
-2551.56
-2541.1
-2531.36
-2521.19
-2510.82
-2500.97
-2490.96
-2480.83
-2470.91
-2460.83
-2450.47
-2440.55
-2430.63
-2420.13
-2410.16
-2400.4
-2390.19
-2379.9
-2370.14
-2359.65
-2349.74
-2339.52
-2329.53
-2319.55
-2309.62
-2299.12
-2289.34
-2279.41
-2269.09
-2259.24
-2249.05
-2239.01
-2228.6
-2218.88
-2208.8
-2198.56
-2188.49
-2178.21
-2168.4
-2158.29
-2148
-2138.11
-2128.24
-2118.07
-2107.79
-2097.98
-2087.9
-2077.51
-2067.64
-2057.65
-2047.33
-2037.35
-2027.04
-2017.17
-2007.29
-1997.04
-1986.75
-1977.03
-1966.96
-1956.65
-1946.61
-1936.74
-1926.46
-1916.34
-1906.49
-1896.27
-1886.07
-1876.01
-1865.91
-1855.95
-1845.99
-1835.51
-1825.73
-1815.76
-1805.37
-1795.56
-1785.54
-1774.2
-1761.85
-1752.02
-1741.82
-1731.42
-1721.45
-1711.51
-1701.28
-1691.41
-1680.91
-1671.32
-1661.27
-1650.81
-1641.01
-1631.04
-1620.85
-1610.68
-1600.77
-1590.73
-1580.31
-1570.45
-1560.16
-1550.28
-1540.46
-1530.03
-1520.03
-1510.16
-1499.84
-1489.77
-1479.52
-1469.75
-1459.57
-1449.39
-1439.38
-1429.37
-1419.46
-1408.87
-1399.14
-1389.24
-1378.93
-1368.9
-1358.89
-1348.88
-1338.56
-1328.57
-1318.69
-1308.32
-1298.43
-1288.4
-1278.11
-1268.13
-1257.88
-1247.98
-1238.09
-1227.83
-1217.64
-1207.63
-1197.83
-1187.32
-1177.47
-1167.6
-1157.28
-1147.14
-1137.35
-1127.15
-1116.83
-1106.88
-1096.81
-1086.86
-1076.99
-1066.45
-1056.6
-1046.57
-1036.15
-1026.34
-1016.48
-1006.04
-996.051
-986.205
-976.13
-965.817
-955.755
-945.505
-935.638
-925.772
-915.312
-905.36
-895.514
-885.181
-875.085
-865.157
-855.17
-844.803
-834.889
-825.064
-814.813
-804.603
-794.504
-784.407
-774.672
-764.259
-754.239
-744.373
-734.24
-723.832
-714.025
-704.112
-693.642
-683.797
-673.534
-663.624
-653.546
-643.203
-633.232
-623.408
-613.058
-603.152
-593.07
-583.311
-572.705
-562.839
-553.05
-542.618
-532.536
-522.716
-512.579
-502.199
-492.17
-482.231
-472.261
-462.257
-451.783
-441.909
-432.063
-421.441
-411.787
-401.828
-391.474
-381.422
-371.589
-361.441
-351.255
-341.2
-330.874
-321.118
-311.203
-300.705
-290.846
-280.925
-270.563
-260.507
-250.616
-240.543
-230.078
-220.293
-210.139
-200.019
-190.222
-179.642
-170.088
-159.851
-149.749
-139.609
-129.775
-119.697
-109.296
-99.2486
-89.5995
-79.1404
-69.1382
-59.2768
-49.0515
-38.8228
-28.855
-18.7334
-8.74978
1.66098
11.5238
21.5324
31.4135
41.8729
51.584
61.6847
72.1989
81.7813
92.0018
102.289
112.429
122.42
132.409
142.384
152.379
162.718
172.614
182.518
192.963
202.903
212.765
223.108
Time Data
0
0.3
0.6
0.9
1.2
1.5
1.8
2.1
2.4
2.7
3
3.3
3.6
3.9
4.2
4.5
4.8
5.1
5.4
5.7
6
6.3
6.6
6.9
7.2
7.5
7.8
8.1
8.4
8.7
9
9.3
9.6
9.9
10.2
10.5
10.8
11.1
11.4
11.7
12
12.3
12.6
12.9
13.2
13.5
13.8
14.1
14.4
14.7
15
15.3
15.6
15.9
16.2
16.5
16.8
17.1
17.4
17.7
18
18.3
18.6
18.9
19.2
19.5
19.8
20.1
20.4
20.7
21
21.3
21.6
21.9
22.2
22.5
22.8
23.1
23.4
23.7
24
24.3
24.6
24.9
25.2
25.5
25.8
26.1
26.4
26.7
27
27.3
27.6
27.9
28.2
28.5
28.8
29.1
29.4
29.7
30.0000000000001
30.3000000000001
30.6000000000001
30.9000000000001
31.2000000000001
31.5000000000001
31.8000000000001
32.1000000000001
32.4
32.7
33
33.3
33.6
33.9
34.2
34.5
34.8
35.1
35.4
35.7
36
36.3
36.6
36.9
37.2
37.5
37.8
38.1
38.4
38.7
39
39.3
39.6
39.9
40.2
40.5
40.8
41.1
41.4
41.7
42
42.3
42.6
42.8999999999999
43.1999999999999
43.4999999999999
43.7999999999999
44.0999999999999
44.3999999999999
44.6999999999999
44.9999999999999
45.2999999999999
45.5999999999999
45.8999999999999
46.1999999999999
46.4999999999999
46.7999999999999
47.0999999999999
47.3999999999999
47.6999999999999
47.9999999999999
48.2999999999999
48.5999999999999
48.8999999999999
49.1999999999999
49.4999999999999
49.7999999999999
50.0999999999999
50.3999999999999
50.6999999999999
50.9999999999999
51.2999999999999
51.5999999999999
51.8999999999999
52.1999999999999
52.4999999999999
52.7999999999999
53.0999999999999
53.3999999999998
53.6999999999998
53.9999999999998
54.2999999999998
54.5999999999998
54.8999999999998
55.1999999999998
55.4999999999998
55.7999999999998
56.0999999999998
56.3999999999998
56.6999999999998
56.9999999999998
57.2999999999998
57.5999999999998
57.8999999999998
58.1999999999998
58.4999999999998
58.7999999999998
59.0999999999998
59.3999999999998
59.6999999999998
59.9999999999998
60.2999999999998
60.5999999999998
60.8999999999998
61.1999999999998
61.4999999999998
61.7999999999998
62.0999999999998
62.3999999999998
62.6999999999998
62.9999999999998
63.2999999999998
63.5999999999998
63.8999999999998
64.1999999999997
64.4999999999997
64.7999999999997
65.0999999999997
65.3999999999997
65.6999999999997
65.9999999999997
66.2999999999997
66.5999999999997
66.8999999999997
67.1999999999997
67.4999999999997
67.7999999999997
68.0999999999997
68.3999999999997
68.6999999999997
68.9999999999997
69.2999999999997
69.5999999999997
69.8999999999997
70.1999999999997
70.4999999999997
70.7999999999997
71.0999999999997
71.3999999999997
71.6999999999997
71.9999999999997
72.2999999999997
72.5999999999997
72.8999999999997
73.1999999999997
73.4999999999997
73.7999999999997
74.0999999999997
74.3999999999997
74.6999999999996
74.9999999999996
75.2999999999996
75.5999999999996
75.8999999999996
76.1999999999996
76.4999999999996
76.7999999999996
77.0999999999996
77.3999999999996
77.6999999999996
77.9999999999996
78.2999999999996
78.5999999999996
78.8999999999996
79.1999999999996
79.4999999999996
79.7999999999996
80.0999999999996
80.3999999999996
80.6999999999996
80.9999999999996
81.2999999999996
81.5999999999996
81.8999999999996
82.1999999999996
82.4999999999996
82.7999999999996
83.0999999999996
83.3999999999996
83.6999999999996
83.9999999999996
84.2999999999996
84.5999999999996
84.8999999999996
85.1999999999995
85.4999999999995
85.7999999999995
86.0999999999995
86.3999999999995
86.6999999999995
86.9999999999995
87.2999999999995
87.5999999999995
Temperature Data
0
0
0
0
0
0
0
0
0
0
0
0
0
0
0
0
0
0
0
0
0
0
0
0
0
0
0
0
0
0
0
0
0
0
0
0
0
0
0
0
0
0
0
0
0
0
0
0
0
0
0
0
0
0
0
0
0
0
0
0
0
0
0
0
0
0
0
0
0
0
0
0
0
0
0
0
0
0
0
0
0
0
0
0
0
0
0
0
0
0
0
0
0
0
0
0
0
0
0
0
0
0
0
0
0
0
0
0
0
0
0
0
0
0
0
0
0
0
0
0
0
0
0
0
0
0
0
0
0
0
0
0
0
0
0
0
0
0
0
0
0
0
0
0
0
0
0
0
0
0
0
0
0
0
0
0
0
0
0
0
0
0
0
0
0
0
0
0
0
0
0
0
0
0
0
0
0
0
0
0
0
0
0
0
0
0
0
0
0
0
0
0
0
0
0
0
0
0
0
0
0
0
0
0
0
0
0
0
0
0
0
0
0
0
0
0
0
0
0
0
0
0
0
0
0
0
0
0
0
0
0
0
0
0
0
0
0
0
0
0
0
0
0
0
0
0
0
0
0
0
0
0
0
0
0
0
0
0
0
0
0
0
0
0
0
0
0
0
0
0
0
0
0
0
0
0
0
0
0
0
0
0
0
0
0
0
0
0
0
0
0
0
0
Angle Data
0
0
0
0
0
0
0
0
0
0
0
0
0
0
0
0
0
0
0
0
0
0
0
0
0
0
0
0
0
0
0
0
0
0
0
0
0
0
0
0
0
0
0
0
0
0
0
0
0
0
0
0
0
0
0
0
0
0
0
0
0
0
0
0
0
0
0
0
0
0
0
0
0
0
0
0
0
0
0
0
0
0
0
0
0
0
0
0
0
0
0
0
0
0
0
0
0
0
0
0
0
0
0
0
0
0
0
0
0
0
0
0
0
0
0
0
0
0
0
0
0
0
0
0
0
0
0
0
0
0
0
0
0
0
0
0
0
0
0
0
0
0
0
0
0
0
0
0
0
0
0
0
0
0
0
0
0
0
0
0
0
0
0
0
0
0
0
0
0
0
0
0
0
0
0
0
0
0
0
0
0
0
0
0
0
0
0
0
0
0
0
0
0
0
0
0
0
0
0
0
0
0
0
0
0
0
0
0
0
0
0
0
0
0
0
0
0
0
0
0
0
0
0
0
0
0
0
0
0
0
0
0
0
0
0
0
0
0
0
0
0
0
0
0
0
0
0
0
0
0
0
0
0
0
0
0
0
0
0
0
0
0
0
0
0
0
0
0
0
0
0
0
0
0
0
0
0
0
0
0
0
0
0
0
0
0
0
0
0
0
0
0
0
Bx Data
0
0
0
0
0
0
0
0
0
0
0
0
0
0
0
0
0
0
0
0
0
0
0
0
0
0
0
0
0
0
0
0
0
0
0
0
0
0
0
0
0
0
0
0
0
0
0
0
0
0
0
0
0
0
0
0
0
0
0
0
0
0
0
0
0
0
0
0
0
0
0
0
0
0
0
0
0
0
0
0
0
0
0
0
0
0
0
0
0
0
0
0
0
0
0
0
0
0
0
0
0
0
0
0
0
0
0
0
0
0
0
0
0
0
0
0
0
0
0
0
0
0
0
0
0
0
0
0
0
0
0
0
0
0
0
0
0
0
0
0
0
0
0
0
0
0
0
0
0
0
0
0
0
0
0
0
0
0
0
0
0
0
0
0
0
0
0
0
0
0
0
0
0
0
0
0
0
0
0
0
0
0
0
0
0
0
0
0
0
0
0
0
0
0
0
0
0
0
0
0
0
0
0
0
0
0
0
0
0
0
0
0
0
0
0
0
0
0
0
0
0
0
0
0
0
0
0
0
0
0
0
0
0
0
0
0
0
0
0
0
0
0
0
0
0
0
0
0
0
0
0
0
0
0
0
0
0
0
0
0
0
0
0
0
0
0
0
0
0
0
0
0
0
0
0
0
0
0
0
0
0
0
0
0
0
0
0
0
0
0
0
0
0
Hint Data
0
0
0
0
0
0
0
0
0
0
0
0
0
0
0
0
0
0
0
0
0
0
0
0
0
0
0
0
0
0
0
0
0
0
0
0
0
0
0
0
0
0
0
0
0
0
0
0
0
0
0
0
0
0
0
0
0
0
0
0
0
0
0
0
0
0
0
0
0
0
0
0
0
0
0
0
0
0
0
0
0
0
0
0
0
0
0
0
0
0
0
0
0
0
0
0
0
0
0
0
0
0
0
0
0
0
0
0
0
0
0
0
0
0
0
0
0
0
0
0
0
0
0
0
0
0
0
0
0
0
0
0
0
0
0
0
0
0
0
0
0
0
0
0
0
0
0
0
0
0
0
0
0
0
0
0
0
0
0
0
0
0
0
0
0
0
0
0
0
0
0
0
0
0
0
0
0
0
0
0
0
0
0
0
0
0
0
0
0
0
0
0
0
0
0
0
0
0
0
0
0
0
0
0
0
0
0
0
0
0
0
0
0
0
0
0
0
0
0
0
0
0
0
0
0
0
0
0
0
0
0
0
0
0
0
0
0
0
0
0
0
0
0
0
0
0
0
0
0
0
0
0
0
0
0
0
0
0
0
0
0
0
0
0
0
0
0
0
0
0
0
0
0
0
0
0
0
0
0
0
0
0
0
0
0
0
0
0
0
0
0
0
0
Torque Data
15.3035005308
15.9531851433
15.9827173624
15.0224347932
15.478454671
16.0993673808
15.235072566
15.51383316
15.664461862
14.9349722636
15.2959304827
15.3614987394
14.7631526428
15.201635388
15.142221925
15.2451263256
14.128575643
14.8840404636
14.176771489
14.846679536
13.9054217498
14.9257452474
14.5889333107
13.7386906032
13.9588365444
14.2564835543
14.1983246759
14.1385502731
14.3916548895
14.5263199068
13.6942330011
13.791056028
14.231203472
14.0566834881
14.525767248
14.1648098904
14.214625986
14.1549277496
13.1637303936
13.8480541521
13.3831772215
13.3625836644
13.2287686208
12.9905393224
13.2965051471
13.308439759
12.7120205232
13.333897754
12.5625925278
12.39792466
13.5782364608
13.165464048
12.859817152
12.6617715138
12.8100312279
12.06302604
12.4870457898
12.05195544
12.4382624951
12.2117134256
12.2206920211
12.1948719798
11.7046094402
11.980244926
11.7885396436
12.0611850884
11.217978576
11.8450733946
12.305471759
11.7276831648
11.3499700956
11.2943784972
11.7445722696
11.999850795
11.3440795182
11.4426127736
11.4137460115
11.1385997505
11.7593623602
11.6357028124
11.3918172738
11.9393173654
11.0313800607
11.1219473223
10.6451561036
11.3589510342
10.9148233905
11.5017545133
10.8821514268
10.2147585197
10.6784664024
10.043453847
10.6453006608
10.8413167842
10.180253148
10.193394597
10.5542385608
10.3543709174
10.6778229678
10.260633867
10.1741910007
10.6001142576
9.920288791
10.0189968186
10.0680985328
10.2980133776
10.3381315926
9.7811744646
9.5921299296
9.661011591
9.4723929732
9.6176662755
9.329790523
9.1933111971
9.6851064905
9.0760903856
8.870779674
9.034951946
8.8521721686
8.915127953
8.9532553888
8.3675923616
8.3824590636
8.7716006336
8.8304784625
8.1661335973
8.500817289
8.3734636058
8.5424296932
8.5734532324
8.5766651894
8.5396789728
8.2584344268
8.2848182795
7.985218059
8.5963924956
8.6188306256
7.7443995072
7.4120787443
7.5456101145
7.83978052
7.6360538457
7.249414512
7.4556118441
7.2563032665
7.2776156856
7.656731694
7.6747713392
7.1037578046
7.1028715884
7.5243440121
7.3871254147
7.0958517552
6.7375422135
6.755289912
7.0266916944
6.728090814
6.5079735675
6.485440756
6.6213276844
6.5095502112
6.4851962318
6.3918127914
5.991403069
5.9497138855
6.096296718
6.2047786276
6.258283831
5.872768797
6.1233161792
5.756611182
6.01608827694
5.92526757075
5.8802461652
5.69531660913
5.7119359518
5.6957599402
5.71068524576
5.37088477344
5.484778332
5.3531945008
5.26650887886
5.4308509893
5.14636613415
5.19799302955
5.4098396268
5.22340850097
5.14883560301
4.9571082716
5.07683091471
4.79580399738
4.7734992076
4.98712635681
4.48195781664
4.4824554609
4.74736882575
4.47230463995
4.2363665552
4.41792308864
4.1878280275
4.3199383536
4.29980352096
4.08661703892
4.05739575736
3.83947628688
3.96815485458
3.84401268108
3.76429195024
3.5671717464
3.6833444227
3.63341177408
3.4878387393
3.46753307127
3.47731012965
3.39951378966
3.4810349625
3.19975865802
3.02180097696
3.17379041868
3.0063270929
2.87360778795
3.0509027696
2.9586318543
2.70230105505
2.76261424452
2.70001784988
2.64100727124
2.56156326684
2.45839599971
2.44135335116
2.36314644972
2.4018104322
2.3401383966
2.23256245035
2.3324510612
2.21088678375
2.09336436
1.97216124204
1.94974179414
1.99836205623
1.8831530343
1.75669238924
1.70570075025
1.61698189068
1.51961808817
1.4698879016
1.4758034679
1.5139937673
1.32355338795
1.32934771956
1.2271765707
1.11869367978
1.0536182942
1.1192385708
0.97565377552
0.87115133009
0.82991547313
0.80033410475
0.74198733936
0.6566667624
0.591567310356
0.5782034934
0.52077153114
0.419788483086
0.371218588928
0.308742403875
0.245594585712
0.1770340815
0.113744146782
0.0535434912298
-0.0105602284734
-0.073632702956
-0.136899338692
-0.18923618054
-0.246254106171
-0.32632244736
-0.375513013414
-0.454437926325
-0.504352637417
-0.555685351892
-0.63407723632
-0.70050799743
-0.7588668896
-0.84183391247
-0.8735685552
-0.94457913552
-1.02936057672
-1.03983364056
-1.1488139215
-1.20228877521
-1.20617108671
-1.2986154328
-1.3404663302
dMdH Data
-7.94397759103651E-06
1.48905109489051E-06
-1.93365384615385E-06
7.98096192384765E-06
-6.0766208251474E-06
2.52899999999999E-06
-1.84442270058711E-06
2.27487684729061E-06
-1.19033530571997E-06
4.1768292682925E-07
2.3234421364985E-06
2.02032913843178E-06
-5.70964467005081E-06
-2.16880552813419E-06
3.44627299128747E-06
-1.7287615148413E-06
4.34291377601579E-06
-3.61376673040162E-07
1.21252566735117E-06
-4.44444444444446E-07
1.34426229508194E-06
-1.06598984771553E-07
2.01198801198807E-06
-3.45310957551827E-06
3.33669354838737E-07
-4.49503968253969E-06
8.07528957528949E-06
-7.35887096774223E-07
5.64516129032224E-07
-3.49238095238095E-06
2.85957873620853E-06
-1.36168032786889E-06
4.79921645445678E-07
2.29348882410103E-06
-1.60860655737697E-06
-8.16015252621593E-07
-2.64682139253266E-06
4.80039138943259E-06
3.42842842842846E-06
1.00200400801008E-09
-3.16414904330302E-06
4.62857142857145E-06
-3.39570552147254E-06
2.03423967774421E-06
-1.6889534883722E-06
1.79390862944156E-06
-1.18940137389602E-06
1.29681274900398E-06
2.73583093179627E-06
3.30246913580256E-07
-4.37301587301583E-06
2.54199218749992E-06
-2.90665342601788E-06
2.75291828793834E-07
2.20387359836902E-06
3.59149357072196E-06
-2.03887269193387E-06
1.54802831142572E-06
5.17730496453884E-07
-3.00884955752228E-06
6.44941634241284E-07
-1.76452599388384E-06
9.04166666666673E-06
-4.01154956689126E-06
-1.98378926038493E-06
-5.89589589589661E-07
2.84205426356586E-06
1.56412825651303E-06
4.26770126091165E-07
-2.96656534954406E-06
3.25708502024285E-06
-3.62829268292686E-06
6.09329446064148E-06
-2.27057613168732E-06
-4.7864945382324E-07
1.74587778856127E-08
3.4073705179282E-06
-2.43768996960491E-06
2.18385214007785E-06
1.84090909090902E-06
-5.319796954314E-07
-2.15753424657534E-06
-1.41274509803924E-06
5.21471172962228E-06
-3.709900990099E-06
2.57831325301197E-06
3.12248995983996E-07
2.19465648854957E-06
-4.89672801635994E-06
4.49147442326983E-06
6.74687199230023E-07
-3.21814475025485E-06
4.2554890219561E-06
-2.1834215167549E-06
3.51821862348178E-06
-1.19023397761953E-06
-1.55882352941185E-07
-1.05865384615391E-06
-6.87061183550659E-07
3.91348088531191E-06
1.91006842619747E-06
-1.57345491388052E-06
-3.29523809523753E-07
-1.89885297184567E-06
4.47761194029852E-06
-2.53346080305914E-07
2.05714285714286E-06
2.22367101303913E-06
-2.63493621197252E-06
-1.18682399213378E-06
-5.54994954591522E-08
1.14243027888451E-06
1.84165067178498E-06
-1.25963488843814E-06
1.47619047619048E-06
2.51821862348181E-06
1.00407331975556E-06
2.13135186960687E-06
-3.94999999999996E-07
-6.0861195542047E-06
1.23934108527133E-06
2.01191658391256E-06
2.52292682926829E-06
-7.83009211873049E-07
-2.11198428290789E-07
-6.87622789783907E-07
5.22777222777229E-06
-4.18481518481511E-06
3.89606458123111E-06
-4.2917847025495E-06
4.94347379239473E-06
-8.06060606060543E-07
-1.00678952473327E-06
6.88933200398778E-07
5.34365634365633E-06
-2.050949050949E-06
2.12499999999995E-06
1.60560560560562E-06
-6.60222672064788E-06
7.40597878495653E-06
2.0950455005056E-06
5.59322033898271E-07
-2.90379008746354E-06
1.41382765531068E-06
-1.99999999999997E-07
-1.80505050505046E-06
-2.17492416582411E-06
5.19395711500976E-06
2.65750736015711E-06
-4.65334665334666E-06
1.79693877551012E-06
4.49381541389159E-06
-5.18781725888331E-06
5.26139817629168E-06
-8.00387596899183E-07
-1.38954635108488E-06
3.19203268641465E-06
-3.80196078431375E-06
3.42829457364334E-06
1.68241206030157E-06
4.55610724925513E-06
-3.03517587939699E-06
-4.72644376899698E-06
1.63757115749525E-06
6.75939086294408E-06
-3.05583250249254E-06
3.83877159308995E-07
-3.17940876656462E-06
4.86713995943205E-06
8.81226053640424E-08
-2.62488737611379E-06
3.38411537680275E-06
4.33052109181142E-06
1.88015126539322E-06
-1.03557940767249E-06
5.08780487804877E-06
1.72291476640038E-08
-4.79424285424693E-06
-1.77437858508603E-06
3.20438102893888E-06
-7.51574243347581E-07
2.98170908738993E-06
3.27555467511891E-06
-5.9014907332796E-06
1.00220286372283E-05
-7.17951191280029E-06
-1.74399838612061E-06
8.65139949109393E-07
6.99151302311974E-06
4.87855044074435E-06
-6.28478067135368E-06
-1.09735565019314E-06
1.49460708782746E-06
5.888792855085E-06
-2.75948103792413E-06
1.82444759780862E-08
2.71094443896179E-06
2.23001537279017E-06
-2.37279494238815E-06
5.52002421063253E-06
-2.10697230181472E-06
3.42508887760285E-06
4.5834551300789E-06
-3.72149344096877E-06
1.37527287160156E-06
2.64526733056169E-06
-4.08785477885864E-06
1.03114820846903E-06
4.10338164251209E-06
-1.31233595800526E-06
-1.53243404086493E-06
2.89578850292038E-06
4.04770884405054E-06
-1.35921346036896E-06
1.71621207477779E-07
2.72910276073623E-06
-2.63836540368953E-07
7.59063136456213E-06
-5.52628982933803E-06
-1.93063583815028E-06
4.58669857413501E-06
5.56394003420878E-07
6.37913741223669E-07
2.97780887644942E-06
2.08898224174143E-06
-2.72533927486325E-06
8.88685760714975E-07
6.69553756354735E-06
3.53635798632693E-06
-2.35164173109751E-06
-3.71933552250337E-06
4.25089534421012E-06
-2.9095901555985E-06
-1.62889239258965E-06
1.01835853131749E-05
-8.4664346096469E-06
5.84543869843114E-06
5.2091020910209E-06
7.5642965204224E-08
-7.47094684701849E-06
1.05771376407344E-05
5.0297349057555E-06
-2.77552596023934E-06
3.80171042163881E-06
-8.99807906177339E-07
6.64151692643717E-07
8.40707118967989E-06
-4.54573326520184E-06
-2.9190466811109E-06
2.51284584980236E-06
4.18393385730324E-06
5.05009451795842E-06
9.65878166213106E-06
-1.16616196151216E-05
-1.46208671550187E-06
-1.17850098619331E-06
-4.78035387431362E-06
1.14635840444533E-05
-1.01720988366504E-06
8.57137169815079E-06
-2.04578665367758E-06
7.32376590720047E-07
-1.36869888624501E-06
-2.0220252702456E-06
9.80509129316499E-06
-6.7994955370673E-06
1.35064909007003E-05
-5.76983876067026E-06
6.96841426256209E-06
1.28328767544349E-06
1.36674906365524E-06
3.65385768239311E-06
-3.52491119409782E-06
-1.34921697229286E-05
1.09462367805913E-05
7.55888205767915E-06
-2.81999581518328E-06
2.78635832359345E-07
7.82251357565673E-06
1.31629597946964E-05
-9.54733727810652E-06
-1.07096386748088E-07
-2.05526078686555E-06
8.18045112781958E-06
8.83441720860433E-07
-8.22129799787239E-07
5.16976556184318E-06
-5.71486268174475E-06
9.26854954523693E-06
7.70824949698193E-06
-9.44027580612453E-06
1.43091946243833E-06
1.43091946243833E-06
dMdT Data
0
0
0
0
0
0
0
0
0
0
0
0
0
0
0
0
0
0
0
0
0
0
0
0
0
0
0
0
0
0
0
0
0
0
0
0
0
0
0
0
0
0
0
0
0
0
0
0
0
0
0
0
0
0
0
0
0
0
0
0
0
0
0
0
0
0
0
0
0
0
0
0
0
0
0
0
0
0
0
0
0
0
0
0
0
0
0
0
0
0
0
0
0
0
0
0
0
0
0
0
0
0
0
0
0
0
0
0
0
0
0
0
0
0
0
0
0
0
0
0
0
0
0
0
0
0
0
0
0
0
0
0
0
0
0
0
0
0
0
0
0
0
0
0
0
0
0
0
0
0
0
0
0
0
0
0
0
0
0
0
0
0
0
0
0
0
0
0
0
0
0
0
0
0
0
0
0
0
0
0
0
0
0
0
0
0
0
0
0
0
0
0
0
0
0
0
0
0
0
0
0
0
0
0
0
0
0
0
0
0
0
0
0
0
0
0
0
0
0
0
0
0
0
0
0
0
0
0
0
0
0
0
0
0
0
0
0
0
0
0
0
0
0
0
0
0
0
0
0
0
0
0
0
0
0
0
0
0
0
0
0
0
0
0
0
0
0
0
0
0
0
0
0
0
0
0
0
0
0
0
0
0
0
0
0
0
0
0
0
0
0
0
0
 
*********************************************** Results ***************************************
 
TotalArea 0
AreaFirstQuad 0
AreaSecondQuad 0
AreaThirdQuad 0
AreaFourthQuad 0
Coercivity 0
PositiveCoercivity 0
NegativeCoercivity 0
Retentivity 1.16800990883569E-02
PositiveRetentivity -0.026457569691877
NegativeRetentivity -3.09737151516316E-03
Magnetization 0.00491401
PositiveMagnetization -0.0027186
NegativeMagnetization -0.00491401
Flatness 1.26518366768401
Squareness 2.37689770439151
SStar 0
SFD1 0
SFD2 0
Slope 0
Intercept 0
SlopeAtHc 1.43091946243833E-06
dH1 -735.154332606377
dH2 129.65
InitialSlope -7.94397759103651E-06
FieldAtHalfMs 223.108
FieldAtMs 202.903
MomentMean -4.18101641638225E-03
MomentRMS 5.89153615624902E-04
SFD3 0
dH3 -1470.30866521275
UserField1 0
UserField2 0
CenterField 0
ExchangeField 0
ExchangeMoment 0
ExRegionOneIntercept 0
ExRegionOneSlope 0
ExRegionTwoIntercept 0
ExRegionTwoSlope 0
NegativeIntercept 0
NegativeSlope 0
AutoCenterOffset 0
PinningField 0
PinningMoment 0
PinRegionOneIntercept 0
PinRegionOneSlope 0
PinRegionTwoIntercept 0
PinRegionTwoSlope 0
PositiveIntercept 0
PositiveSlope 0
TotalOffset 0
BHMax 0
BCoercivity 0
BRetentivity 0
BNegativeCoercivity 0
BPositiveCoercivity 0
BNegativeRetentivity 0
BPositiveRetentivity 0
MomentYMean -5.94777051194539E-03
MomentYRMS 2.1423775728055E-04
YOffCorrection 0
Mrt 0
Ms1 0
Ms2 0
Ms3 0
Hc2 0
Hex2 0
HsatValue 0
HsatIntercept 0
HsatSlope 0
CenterH 0
Span .00219541
SpanAsPercentOfRange -41.4228301886792
RMSAsPercentOfRange -11.1161059551868
SpanAsPercentOfMean -52.5090021507173
RMSAsPercentOfMean -14.0911576743983
