Version 1.25
******************************************** Units *******************************************
System CGS
TemperatureUnit K
MomentUnit emu
AppliedFieldUnit G
 
******************************************** Setup ********************************************
 
Experiment CustomField
Minor False
Acquisition Continuous
EditedPoint No
MaxField 15000
FieldIncrement 100
Points 293
MinField 0
RampRate 10
AverageTime 0.3
TimeInterval 0
TimeConstant 0.1
TimeConstantIndex 0
Sensitivity -0.0053
SensitivityIndex 5
SensitivityY -400
SensitivityIndexY 0
SaturationField 8000
ExperimentTime 100
Use735Domains True
AutoRangeEnabled False
NumberOfVertices 2
VertexPts
0
292
VertexField
-881.2865
2070.4261
StartAngle 0
EndAngle 0
AngleIncrement 0
StartTemp 0
FinishTemp 0
TempIncrement 0
TempPoints 0
LengthofSetPointsArray 293
SetPointArray
-881.28655
-871.17794
-861.06934
-850.96074
-840.85213
-830.74353
-820.63492
-810.52632
-800.41771
-790.30911
-780.2005
-770.0919
-759.98329
-749.87469
-739.76608
-729.65748
-719.54887
-709.44027
-699.33166
-689.22306
-679.11445
-669.00585
-658.89724
-648.78864
-638.68003
-628.57143
-618.46282
-608.35422
-598.24561
-588.13701
-578.0284
-567.9198
-557.81119
-547.70259
-537.59398
-527.48538
-517.37678
-507.26817
-497.15957
-487.05096
-476.94236
-466.83375
-456.72515
-446.61654
-436.50794
-426.39933
-416.29073
-406.18212
-396.07352
-385.96491
-375.85631
-365.7477
-355.6391
-345.53049
-335.42189
-325.31328
-315.20468
-305.09607
-294.98747
-284.87886
-274.77026
-264.66165
-254.55305
-244.44444
-234.33584
-224.22723
-214.11863
-204.01003
-193.90142
-183.79282
-173.68421
-163.57561
-153.467
-143.3584
-133.24979
-123.14119
-113.03258
-102.92398
-92.81537
-82.70677
-72.59816
-62.48956
-52.38095
-42.27235
-32.16374
-22.05514
-11.94653
-1.83793
8.27068
18.37928
28.48789
38.59649
48.7051
58.8137
68.92231
79.03091
89.13952
99.24812
109.35673
119.46533
129.57393
139.68254
149.79114
159.89975
170.00835
180.11696
190.22556
200.33417
210.44277
220.55138
230.65998
240.76859
250.87719
260.9858
271.0944
281.20301
291.31161
301.42022
311.52882
321.63743
331.74603
341.85464
351.96324
362.07185
372.18045
382.28906
392.39766
402.50627
412.61487
422.72348
432.83208
442.94069
453.04929
463.15789
473.2665
483.3751
493.48371
503.59231
513.70092
523.80952
533.91813
544.02673
554.13534
564.24394
574.35255
584.46115
594.56976
604.67836
614.78697
624.89557
635.00418
645.11278
655.22139
665.32999
675.4386
685.5472
695.65581
705.76441
715.87302
725.98162
736.09023
746.19883
756.30744
766.41604
776.52464
786.63325
796.74185
806.85046
816.95906
827.06767
837.17627
847.28488
857.39348
867.50209
877.61069
887.7193
897.8279
907.93651
918.04511
928.15372
938.26232
948.37093
958.47953
968.58814
978.69674
988.80535
998.91395
1009.02256
1019.13116
1029.23977
1039.34837
1049.45698
1059.56558
1069.67419
1079.78279
1089.8914
1100
1110.1086
1120.21721
1130.32581
1140.43442
1150.54302
1160.65163
1170.76023
1180.86884
1190.97744
1201.08605
1211.19465
1221.30326
1231.41186
1241.52047
1251.62907
1261.73768
1271.84628
1281.95489
1292.06349
1302.1721
1312.2807
1322.38931
1332.49791
1342.60652
1352.71512
1362.82373
1372.93233
1383.04094
1393.14954
1403.25815
1413.36675
1423.47536
1433.58396
1443.69256
1453.80117
1463.90977
1474.01838
1484.12698
1494.23559
1504.34419
1514.4528
1524.5614
1534.67001
1544.77861
1554.88722
1564.99582
1575.10443
1585.21303
1595.32164
1605.43024
1615.53885
1625.64745
1635.75606
1645.86466
1655.97327
1666.08187
1676.19048
1686.29908
1696.40769
1706.51629
1716.6249
1726.7335
1736.84211
1746.95071
1757.05931
1767.16792
1777.27652
1787.38513
1797.49373
1807.60234
1817.71094
1827.81955
1837.92815
1848.03676
1858.14536
1868.25397
1878.36257
1888.47118
1898.57978
1908.68839
1918.79699
1928.9056
1939.0142
1949.12281
1959.23141
1969.34002
1979.44862
1989.55723
1999.66583
2009.77444
2019.88304
2029.99165
2040.10025
2050.20886
2060.31746
2070.42607
FieldDomainFile C:\IDEASVSM\Default UserID\Experiments\FORCexp0197B\fdomain.ini
TempDomainFile C:\IDEASVSM\Default UserID\Experiments\FORCexp0197B\tdomain.ini
NumSelectedResults 0
ResultsSelected 
UserName1 
UserValue1 
UserName2 
UserValue2 
LinearBackgroundCorrection Off
MaxLinearFieldCorrection 
MinLinearFieldCorrection 
AutoLinearCorrection Off
FitOneRegion Off
BackgroundMode Off
BackgroundFilename 
AutoCenter Off
OffsetCorrection 
SmoothDeriv Off
DerivOrder 0
DerivPoints 0
MinExFieldOne 
MaxExFieldOne 
MinExFieldTwo 
MaxExFieldTwo 
MinPinFieldOne 
MaxPinFieldOne 
MinPinFieldTwo 
MaxPinFieldTwo 
HCenterStart 
Mass 
Volume 
Density 
MolarWeight 
NumberOfMoles 
Demagnetization 
SampleArea 
Thickness 
MomentScaling 0
XAxis 0
YAxis 0
SimpleSpinValve False
HsatMax 0
HsatMin 0
FieldAutoRange False
 
*************************************************** Experiment Data ********************************************
 
DataPoints 293
MomentX Data
-0.00132753
-0.00128103
-0.00129583
-0.00128109
-0.00124491
-0.00122418
-0.00125021
-0.00122094
-0.00121636
-0.00119242
-0.00119909
-0.00114369
-0.00115554
-0.00111933
-0.00113303
-0.00108264
-0.00108405
-0.00106506
-0.00105799
-0.00102857
-0.00101773
-0.00100841
-0.000948153
-0.000982559
-0.000964231
-0.000960049
-0.000927973
-0.000951776
-0.000905324
-0.000918926
-0.000875107
-0.000899555
-0.00081548
-0.00082053
-0.000814727
-0.00080843
-0.000797653
-0.000780961
-0.000765427
-0.000753941
-0.000707552
-0.000717305
-0.000683856
-0.00068041
-0.000661611
-0.000629659
-0.000658512
-0.000616886
-0.000631084
-0.000599027
-0.000570823
-0.000558136
-0.000519305
-0.00054215
-0.000553872
-0.000546709
-0.000476654
-0.000467295
-0.000448234
-0.000387813
-0.000420328
-0.00041711
-0.000391782
-0.000381466
-0.000344748
-0.000350883
-0.000345836
-0.000317064
-0.000356621
-0.000285897
-0.000298357
-0.000263747
-0.000221844
-0.000182754
-0.000197839
-0.000217202
-0.000204662
-0.000162536
-0.000144282
-0.000131858
-0.0000934803
-0.0000660148
-0.0000674729
-0.0000574278
-0.000025958
-0.0000162422
-0.0000114192
0.0000439185
0.0000261464
0.0000244329
0.0000679216
0.0000819656
0.0000588407
0.0000967648
0.000121713
0.000132577
0.000184776
0.000185741
0.00021009
0.000191859
0.000225427
0.000256276
0.000296306
0.000253537
0.000309837
0.000325073
0.000352483
0.000377091
0.000381774
0.000399557
0.000427121
0.000431562
0.000495156
0.00053484
0.000502659
0.000504571
0.000525934
0.000589271
0.000563982
0.000652008
0.000641225
0.000721791
0.000682146
0.000723675
0.000743841
0.00077394
0.000786951
0.00080973
0.000795916
0.000862978
0.000870464
0.000849422
0.000999219
0.00099733
0.000988747
0.00104398
0.00103528
0.00108025
0.00111301
0.00121069
0.0012338
0.00123793
0.00128066
0.00134217
0.0014128
0.00138795
0.00148061
0.00151692
0.0015849
0.00164357
0.00168623
0.00173341
0.00175155
0.001821
0.00191605
0.00197467
0.00206859
0.00213543
0.00216179
0.00221543
0.00226546
0.00231899
0.00237175
0.00250957
0.00257521
0.00259611
0.00269162
0.00276224
0.00285639
0.00298371
0.00293009
0.00306358
0.00316339
0.00319135
0.00330468
0.00334417
0.0033036
0.00339087
0.00342776
0.00346479
0.00354138
0.00361243
0.00364568
0.00367146
0.00369139
0.00376837
0.0037756
0.00379529
0.00385346
0.00389466
0.00393375
0.00391789
0.00397944
0.00392594
0.00404702
0.00394596
0.00404498
0.0040901
0.00403214
0.00409736
0.00410636
0.00412892
0.0041704
0.00414109
0.00406918
0.00412551
0.00419818
0.0042081
0.00420345
0.00422208
0.00417268
0.00419139
0.00422685
0.00425964
0.00430843
0.00434086
0.00425695
0.00432994
0.00434293
0.00434567
0.00439355
0.0043859
0.00432642
0.00428671
0.00435628
0.00432441
0.00436601
0.00435797
0.00434088
0.00439754
0.00439002
0.00437474
0.00439803
0.00441278
0.00442689
0.00438704
0.00447498
0.00449109
0.00440837
0.00440361
0.00435656
0.00449171
0.00449178
0.00443661
0.00450836
0.00448427
0.00452059
0.00453086
0.00453051
0.00450353
0.00453934
0.00458672
0.00451327
0.00453238
0.00447708
0.00444273
0.00452278
0.00451438
0.00451924
0.00449592
0.00455871
0.00454621
0.0045612
0.00453313
0.00455818
0.00463826
0.00462027
0.00458147
0.00458541
0.00458892
0.00457951
0.00463622
0.00470596
0.00462891
0.00461628
0.00459971
0.00462126
0.00457882
0.00467469
0.00466855
0.00468235
0.00469868
0.0046766
0.00462049
0.00468221
0.004693
0.00469536
0.00467194
0.00466739
0.00468539
0.00465728
0.00471137
0.00469374
MomentY Data
-0.00642141
-0.00616709
-0.00661214
-0.00658035
-0.00632604
-0.00629425
-0.00651677
-0.00651677
-0.00616709
-0.00651677
-0.00642141
-0.00642141
-0.00651677
-0.00626246
-0.00635783
-0.0064532
-0.0067393
-0.00632604
-0.00629425
-0.00629425
-0.00623067
-0.00626246
-0.00623067
-0.00658035
-0.00635783
-0.00635783
-0.00654856
-0.00658035
-0.00626246
-0.00648499
-0.00642141
-0.00654856
-0.00626246
-0.0064532
-0.00670751
-0.00658035
-0.00635783
-0.00629425
-0.00623067
-0.00681877
-0.00635783
-0.00651677
-0.00675519
-0.00648499
-0.00638962
-0.00629425
-0.00629425
-0.00664393
-0.00651677
-0.00626246
-0.00654856
-0.00629425
-0.00616709
-0.0064532
-0.00658035
-0.00632604
-0.00635783
-0.0064532
-0.00667572
-0.0067393
-0.00670751
-0.00629425
-0.00667572
-0.00648499
-0.00629425
-0.00626246
-0.00626246
-0.00661214
-0.00626246
-0.00658035
-0.00658035
-0.0067393
-0.00651677
-0.00605583
-0.00616709
-0.00658035
-0.00658035
-0.00626246
-0.00667572
-0.00638962
-0.00654856
-0.00667572
-0.00623067
-0.00651677
-0.00642141
-0.00626246
-0.00648499
-0.00626246
-0.00658035
-0.00696182
-0.00683467
-0.00651677
-0.00653267
-0.00632604
-0.00619888
-0.00680288
-0.00658035
-0.0067393
-0.00642141
-0.00629425
-0.00642141
-0.00648499
-0.00651677
-0.0067393
-0.0064532
-0.00642141
-0.00642141
-0.00689824
-0.00680288
-0.00642141
-0.00642141
-0.0064532
-0.00638962
-0.00670751
-0.00664393
-0.00642141
-0.00619888
-0.00635783
-0.0067393
-0.00642141
-0.00635783
-0.00686646
-0.00658035
-0.00664393
-0.0067393
-0.00638962
-0.0067393
-0.00635783
-0.0067393
-0.00651677
-0.00686646
-0.00680288
-0.00680288
-0.00680288
-0.00651677
-0.00677109
-0.00658035
-0.0064532
-0.00658035
-0.00677109
-0.00661214
-0.00658035
-0.0070413
-0.00656446
-0.0067393
-0.00670751
-0.00699361
-0.00651677
-0.00661214
-0.00654856
-0.00677109
-0.00642141
-0.00626246
-0.00667572
-0.00664393
-0.00661214
-0.00661214
-0.00667572
-0.00677109
-0.0070254
-0.00729561
-0.00689824
-0.00661214
-0.00667572
-0.00661214
-0.00694593
-0.00694593
-0.0067393
-0.00658035
-0.0067393
-0.0067393
-0.00661214
-0.00654856
-0.00681877
-0.00708898
-0.00708898
-0.00683467
-0.0070254
-0.00680288
-0.00694593
-0.0070413
-0.00651677
-0.00694593
-0.00726382
-0.00694593
-0.0067393
-0.00677109
-0.00667572
-0.00691414
-0.00693003
-0.00688235
-0.00642141
-0.00677109
-0.00677109
-0.00699361
-0.00715256
-0.00710487
-0.00677109
-0.0070413
-0.00699361
-0.00696182
-0.00699361
-0.00708898
-0.00694593
-0.00705719
-0.00699361
-0.00710487
-0.00688235
-0.0070254
-0.00699361
-0.00693003
-0.00689824
-0.00689824
-0.00716845
-0.00694593
-0.00670751
-0.00678698
-0.00696182
-0.00710487
-0.00678698
-0.00713666
-0.00710487
-0.00689824
-0.00707308
-0.00696182
-0.00708898
-0.00715256
-0.00735919
-0.00720024
-0.0070413
-0.00694593
-0.00696182
-0.00681877
-0.00705719
-0.00700951
-0.00713666
-0.00721614
-0.00686646
-0.00689824
-0.00699361
-0.00700951
-0.00708898
-0.00734329
-0.00683467
-0.00699361
-0.00694593
-0.00694593
-0.00708898
-0.00735919
-0.00689824
-0.00715256
-0.00696182
-0.00691414
-0.00710487
-0.00683467
-0.00720024
-0.00680288
-0.00693003
-0.00678698
-0.00694593
-0.00705719
-0.00699361
-0.00667572
-0.00699361
-0.00681877
-0.00720024
-0.00715256
-0.00664393
-0.00688235
-0.00664393
-0.00699361
-0.00756582
-0.00705719
-0.00708898
-0.00708898
-0.00648499
-0.00724792
-0.00735919
-0.00740687
-0.0073115
-0.00726382
-0.00707308
-0.00735919
-0.00680288
-0.00710487
-0.00700951
-0.00696182
-0.0070413
-0.00685056
-0.00693003
-0.0070413
-0.00713666
-0.00708898
Field Data
-880.016
-872.956
-863.34
-852.876
-842.924
-832.904
-822.619
-812.46
-802.361
-792.333
-782.402
-772.233
-761.983
-751.996
-742.141
-731.554
-721.775
-711.752
-701.502
-691.393
-681.507
-671.47
-661.052
-650.964
-640.903
-630.808
-621.08
-610.521
-600.755
-590.883
-580.396
-570.397
-560.542
-550.244
-540.166
-530.277
-520.243
-509.743
-499.734
-489.826
-479.839
-469.842
-459.343
-449.429
-439.617
-429.163
-419.313
-409.354
-399.261
-388.89
-379.047
-369.017
-355.351
-345.402
-335.241
-325.079
-315.213
-304.842
-295.017
-285.051
-274.673
-263.696
-251.393
-241.113
-231.081
-220.839
-210.977
-201.06
-190.597
-180.782
-170.843
-160.58
-150.354
-140.461
-130.5
-120.009
-110.175
-100.309
-89.8947
-80.0432
-70.0409
-59.7711
-49.7037
-39.3892
-29.5793
-19.6964
-9.4318
0.744208
10.5411
20.524
31.1613
41.2276
51.1104
61.0995
71.2379
81.4947
91.2022
101.623
111.758
121.725
131.518
141.585
152.123
161.882
171.83
182.227
192.122
202.363
212.243
222.449
232.694
242.481
252.467
262.631
272.938
282.722
292.774
303.031
313.143
322.874
333.232
343.361
353.289
363.357
373.619
383.779
393.718
403.743
413.724
424.067
433.948
444.01
454.353
464.15
474.16
484.523
494.526
504.469
514.517
524.896
534.67
544.684
555.152
564.967
575.411
584.759
595.277
605.403
615.42
625.365
635.379
645.893
655.633
665.523
676.097
685.847
695.813
705.883
716.193
726.37
736.317
746.224
756.376
766.702
776.566
786.467
796.896
806.767
816.745
827.052
837.134
847.069
857.031
867.492
877.537
887.084
897.698
907.468
917.69
927.702
937.643
948.031
957.942
967.942
977.976
988.24
998.149
1008.2
1018.54
1028.39
1038.83
1048.65
1058.46
1068.98
1078.9
1088.7
1099.16
1109.07
1119.02
1129.02
1139.36
1149.44
1159.56
1169.43
1179.49
1189.82
1199.72
1209.73
1219.98
1230.05
1239.94
1250.01
1260.3
1270.3
1280.19
1290.54
1300.5
1310.49
1320.71
1330.77
1341.07
1350.85
1360.74
1371.15
1381.2
1391.08
1401.16
1411.54
1421.29
1431.26
1441.65
1451.62
1461.8
1471.85
1481.76
1492.03
1502.07
1512
1522.01
1532.4
1542.27
1552.23
1562.66
1572.57
1582.44
1592.73
1602.92
1612.71
1623.1
1632.99
1643.11
1653.19
1663.1
1673.14
1683.55
1693.11
1703.33
1713.69
1723.51
1733.51
1743.67
1753.91
1763.92
1773.82
1784.15
1794.12
1804.43
1814.28
1824.29
1834.73
1844.42
1854.37
1864.56
1874.9
1884.73
1894.69
1905.03
1915.01
1924.88
1935.29
1945.25
1955.19
1965.25
1975.62
1985.68
1995.67
2005.67
2015.53
2025.97
2035.99
2045.96
2056.01
2065.69
Time Data
0
0.3
0.6
0.9
1.2
1.5
1.8
2.1
2.4
2.7
3
3.3
3.6
3.9
4.2
4.5
4.8
5.1
5.4
5.7
6
6.3
6.6
6.9
7.2
7.5
7.8
8.1
8.4
8.7
9
9.3
9.6
9.9
10.2
10.5
10.8
11.1
11.4
11.7
12
12.3
12.6
12.9
13.2
13.5
13.8
14.1
14.4
14.7
15
15.3
15.6
15.9
16.2
16.5
16.8
17.1
17.4
17.7
18
18.3
18.6
18.9
19.2
19.5
19.8
20.1
20.4
20.7
21
21.3
21.6
21.9
22.2
22.5
22.8
23.1
23.4
23.7
24
24.3
24.6
24.9
25.2
25.5
25.8
26.1
26.4
26.7
27
27.3
27.6
27.9
28.2
28.5
28.8
29.1
29.4
29.7
30.0000000000001
30.3000000000001
30.6000000000001
30.9000000000001
31.2000000000001
31.5000000000001
31.8000000000001
32.1000000000001
32.4
32.7
33
33.3
33.6
33.9
34.2
34.5
34.8
35.1
35.4
35.7
36
36.3
36.6
36.9
37.2
37.5
37.8
38.1
38.4
38.7
39
39.3
39.6
39.9
40.2
40.5
40.8
41.1
41.4
41.7
42
42.3
42.6
42.8999999999999
43.1999999999999
43.4999999999999
43.7999999999999
44.0999999999999
44.3999999999999
44.6999999999999
44.9999999999999
45.2999999999999
45.5999999999999
45.8999999999999
46.1999999999999
46.4999999999999
46.7999999999999
47.0999999999999
47.3999999999999
47.6999999999999
47.9999999999999
48.2999999999999
48.5999999999999
48.8999999999999
49.1999999999999
49.4999999999999
49.7999999999999
50.0999999999999
50.3999999999999
50.6999999999999
50.9999999999999
51.2999999999999
51.5999999999999
51.8999999999999
52.1999999999999
52.4999999999999
52.7999999999999
53.0999999999999
53.3999999999998
53.6999999999998
53.9999999999998
54.2999999999998
54.5999999999998
54.8999999999998
55.1999999999998
55.4999999999998
55.7999999999998
56.0999999999998
56.3999999999998
56.6999999999998
56.9999999999998
57.2999999999998
57.5999999999998
57.8999999999998
58.1999999999998
58.4999999999998
58.7999999999998
59.0999999999998
59.3999999999998
59.6999999999998
59.9999999999998
60.2999999999998
60.5999999999998
60.8999999999998
61.1999999999998
61.4999999999998
61.7999999999998
62.0999999999998
62.3999999999998
62.6999999999998
62.9999999999998
63.2999999999998
63.5999999999998
63.8999999999998
64.1999999999997
64.4999999999997
64.7999999999997
65.0999999999997
65.3999999999997
65.6999999999997
65.9999999999997
66.2999999999997
66.5999999999997
66.8999999999997
67.1999999999997
67.4999999999997
67.7999999999997
68.0999999999997
68.3999999999997
68.6999999999997
68.9999999999997
69.2999999999997
69.5999999999997
69.8999999999997
70.1999999999997
70.4999999999997
70.7999999999997
71.0999999999997
71.3999999999997
71.6999999999997
71.9999999999997
72.2999999999997
72.5999999999997
72.8999999999997
73.1999999999997
73.4999999999997
73.7999999999997
74.0999999999997
74.3999999999997
74.6999999999996
74.9999999999996
75.2999999999996
75.5999999999996
75.8999999999996
76.1999999999996
76.4999999999996
76.7999999999996
77.0999999999996
77.3999999999996
77.6999999999996
77.9999999999996
78.2999999999996
78.5999999999996
78.8999999999996
79.1999999999996
79.4999999999996
79.7999999999996
80.0999999999996
80.3999999999996
80.6999999999996
80.9999999999996
81.2999999999996
81.5999999999996
81.8999999999996
82.1999999999996
82.4999999999996
82.7999999999996
83.0999999999996
83.3999999999996
83.6999999999996
83.9999999999996
84.2999999999996
84.5999999999996
84.8999999999996
85.1999999999995
85.4999999999995
85.7999999999995
86.0999999999995
86.3999999999995
86.6999999999995
86.9999999999995
87.2999999999995
87.5999999999995
Temperature Data
0
0
0
0
0
0
0
0
0
0
0
0
0
0
0
0
0
0
0
0
0
0
0
0
0
0
0
0
0
0
0
0
0
0
0
0
0
0
0
0
0
0
0
0
0
0
0
0
0
0
0
0
0
0
0
0
0
0
0
0
0
0
0
0
0
0
0
0
0
0
0
0
0
0
0
0
0
0
0
0
0
0
0
0
0
0
0
0
0
0
0
0
0
0
0
0
0
0
0
0
0
0
0
0
0
0
0
0
0
0
0
0
0
0
0
0
0
0
0
0
0
0
0
0
0
0
0
0
0
0
0
0
0
0
0
0
0
0
0
0
0
0
0
0
0
0
0
0
0
0
0
0
0
0
0
0
0
0
0
0
0
0
0
0
0
0
0
0
0
0
0
0
0
0
0
0
0
0
0
0
0
0
0
0
0
0
0
0
0
0
0
0
0
0
0
0
0
0
0
0
0
0
0
0
0
0
0
0
0
0
0
0
0
0
0
0
0
0
0
0
0
0
0
0
0
0
0
0
0
0
0
0
0
0
0
0
0
0
0
0
0
0
0
0
0
0
0
0
0
0
0
0
0
0
0
0
0
0
0
0
0
0
0
0
0
0
0
0
0
0
0
0
0
0
0
0
0
0
0
0
0
0
0
0
0
0
0
0
0
0
0
0
0
Angle Data
0
0
0
0
0
0
0
0
0
0
0
0
0
0
0
0
0
0
0
0
0
0
0
0
0
0
0
0
0
0
0
0
0
0
0
0
0
0
0
0
0
0
0
0
0
0
0
0
0
0
0
0
0
0
0
0
0
0
0
0
0
0
0
0
0
0
0
0
0
0
0
0
0
0
0
0
0
0
0
0
0
0
0
0
0
0
0
0
0
0
0
0
0
0
0
0
0
0
0
0
0
0
0
0
0
0
0
0
0
0
0
0
0
0
0
0
0
0
0
0
0
0
0
0
0
0
0
0
0
0
0
0
0
0
0
0
0
0
0
0
0
0
0
0
0
0
0
0
0
0
0
0
0
0
0
0
0
0
0
0
0
0
0
0
0
0
0
0
0
0
0
0
0
0
0
0
0
0
0
0
0
0
0
0
0
0
0
0
0
0
0
0
0
0
0
0
0
0
0
0
0
0
0
0
0
0
0
0
0
0
0
0
0
0
0
0
0
0
0
0
0
0
0
0
0
0
0
0
0
0
0
0
0
0
0
0
0
0
0
0
0
0
0
0
0
0
0
0
0
0
0
0
0
0
0
0
0
0
0
0
0
0
0
0
0
0
0
0
0
0
0
0
0
0
0
0
0
0
0
0
0
0
0
0
0
0
0
0
0
0
0
0
0
Bx Data
0
0
0
0
0
0
0
0
0
0
0
0
0
0
0
0
0
0
0
0
0
0
0
0
0
0
0
0
0
0
0
0
0
0
0
0
0
0
0
0
0
0
0
0
0
0
0
0
0
0
0
0
0
0
0
0
0
0
0
0
0
0
0
0
0
0
0
0
0
0
0
0
0
0
0
0
0
0
0
0
0
0
0
0
0
0
0
0
0
0
0
0
0
0
0
0
0
0
0
0
0
0
0
0
0
0
0
0
0
0
0
0
0
0
0
0
0
0
0
0
0
0
0
0
0
0
0
0
0
0
0
0
0
0
0
0
0
0
0
0
0
0
0
0
0
0
0
0
0
0
0
0
0
0
0
0
0
0
0
0
0
0
0
0
0
0
0
0
0
0
0
0
0
0
0
0
0
0
0
0
0
0
0
0
0
0
0
0
0
0
0
0
0
0
0
0
0
0
0
0
0
0
0
0
0
0
0
0
0
0
0
0
0
0
0
0
0
0
0
0
0
0
0
0
0
0
0
0
0
0
0
0
0
0
0
0
0
0
0
0
0
0
0
0
0
0
0
0
0
0
0
0
0
0
0
0
0
0
0
0
0
0
0
0
0
0
0
0
0
0
0
0
0
0
0
0
0
0
0
0
0
0
0
0
0
0
0
0
0
0
0
0
0
Hint Data
0
0
0
0
0
0
0
0
0
0
0
0
0
0
0
0
0
0
0
0
0
0
0
0
0
0
0
0
0
0
0
0
0
0
0
0
0
0
0
0
0
0
0
0
0
0
0
0
0
0
0
0
0
0
0
0
0
0
0
0
0
0
0
0
0
0
0
0
0
0
0
0
0
0
0
0
0
0
0
0
0
0
0
0
0
0
0
0
0
0
0
0
0
0
0
0
0
0
0
0
0
0
0
0
0
0
0
0
0
0
0
0
0
0
0
0
0
0
0
0
0
0
0
0
0
0
0
0
0
0
0
0
0
0
0
0
0
0
0
0
0
0
0
0
0
0
0
0
0
0
0
0
0
0
0
0
0
0
0
0
0
0
0
0
0
0
0
0
0
0
0
0
0
0
0
0
0
0
0
0
0
0
0
0
0
0
0
0
0
0
0
0
0
0
0
0
0
0
0
0
0
0
0
0
0
0
0
0
0
0
0
0
0
0
0
0
0
0
0
0
0
0
0
0
0
0
0
0
0
0
0
0
0
0
0
0
0
0
0
0
0
0
0
0
0
0
0
0
0
0
0
0
0
0
0
0
0
0
0
0
0
0
0
0
0
0
0
0
0
0
0
0
0
0
0
0
0
0
0
0
0
0
0
0
0
0
0
0
0
0
0
0
0
Torque Data
5.65094354256
5.38359821804
5.7085249476
5.6122225866
5.33237094096
5.242506002
5.36081882063
5.2946149542
4.94823249949
5.16345192441
5.02412402682
4.95882470853
4.96566795491
4.70934487016
4.71840631403
4.7208642728
4.8642582575
4.50257162208
4.4154289635
4.35180039025
4.24624521969
4.2050540162
4.11879686484
4.2835709574
4.07475232049
4.01057002664
4.0671796448
4.01744186235
3.7622041573
3.83187034617
3.72696067836
3.73527897832
3.51037185332
3.5508345808
3.62316884666
3.48940825695
3.30761655269
3.20844987775
3.11367764178
3.34001083402
3.05073478937
3.06185225034
3.10294924017
2.91454257071
2.80898557554
2.70125921275
2.63926085025
2.71971932122
2.60189210697
2.4354080694
2.48221202232
2.32268525225
2.19148159859
2.2289481864
2.20600311435
2.05646275716
2.00407066779
1.9672063944
1.96945088724
1.9210442043
1.84237189423
1.659768548
1.67822927796
1.56361539387
1.45448158425
1.38299540394
1.32123502342
1.3294368684
1.19360608862
1.1896088337
1.12420673505
1.082196794
0.97982243658
0.85060793763
0.804805245
0.78970122315
0.72499006125
0.62818110014
0.600111846684
0.511445631584
0.458667036104
0.399015127692
0.309687352479
0.256690356884
0.189940812813
0.123347917144
0.061165128682
-0.00466057283168
-0.069364127385
-0.14288439368
-0.212977202271
-0.268670786852
-0.333887376768
-0.38651788098
-0.441595193552
-0.554398664736
-0.60014239677
-0.6848678839
-0.71764393878
-0.76616758125
-0.84453100038
-0.91817730915
-0.99135060271
-1.0909713626
-1.108853356
-1.17015428007
-1.23369413202
-1.39594854112
-1.44386365984
-1.42843623309
-1.49422357854
-1.5647783892
-1.61316819254
-1.76160005881
-1.81338096634
-1.81547387802
-1.81487089312
-1.92661958273
-2.1103646199
-2.07330633234
-2.11863240656
-2.35767457206
-2.32476527115
-2.41411847301
-2.5179305267
-2.45220197398
-2.6533837174
-2.56692935769
-2.7882101532
-2.76354710359
-2.97968658408
-3.0205467488
-3.09090893664
-3.157556752
-3.0899916632
-3.28074884007
-3.2541541641
-3.2554393508
-3.38570194095
-3.55411805664
-3.5353128938
-3.5842113594
-3.9089917776
-3.70870327282
-3.8778673523
-3.92227684009
-4.16313517997
-3.94527210831
-4.0692431988
-4.0952402244
-4.30220839311
-4.14754376913
-4.10587543718
-4.44284520156
-4.49194114121
-4.53491638258
-4.60081296982
-4.71227726076
-4.84940726037
-5.103039798
-5.37188166837
-5.14763224576
-5.00126400464
-5.11828787544
-5.13476311124
-5.46274472931
-5.53518383328
-5.4370448431
-5.37446796075
-5.5737515436
-5.6416971662
-5.60093881766
-5.61231892536
-5.91522842484
-6.22084224226
-6.28852073432
-6.13546958966
-6.3753256872
-6.2429349472
-6.44375315286
-6.6022256559
-6.17809997987
-6.65379807606
-7.03095645844
-6.79295283768
-6.660045832
-6.75855671241
-6.730460904
-7.0423281556
-7.1267735517
-7.1495916505
-6.7338115965
-7.1669279214
-7.2381597882
-7.545405829
-7.786992072
-7.8093889092
-7.5096127863
-7.879355526
-7.8959255622
-7.9320192352
-8.0387350784
-8.2200976488
-8.1227789199
-8.3238850331
-8.3211370502
-8.5238546364
-8.3257852655
-8.570847492
-8.6024899805
-8.5928213982
-8.6228689824
-8.693851872
-9.106082035
-8.8921101267
-8.6563099554
-8.82646749
-9.1233954918
-9.3834728577
-9.0319093746
-9.5707606262
-9.5976136395
-9.3867110976
-9.698253642
-9.615665784
-9.8613382984
-10.0218809696
-10.3877910526
-10.2336291096
-10.077931038
-10.0135999845
-10.1059171484
-9.967677986
-10.3871251015
-10.3864115376
-10.6481108198
-10.8391474098
-10.38208752
-10.4991902624
-10.717007964
-10.8105569877
-11.0037274254
-11.4750655514
-10.7479970019
-11.0669682084
-11.0629910889
-11.1337701156
-11.4324689358
-11.944701289
-11.2647569376
-11.7524428616
-11.5092112058
-11.498906234
-11.8874421918
-11.5065086785
-12.1907983464
-11.5875495904
-11.8759231107
-11.6974278998
-12.0408391143
-12.3054104873
-12.2661625151
-11.7754360224
-12.4054052902
-12.1657084955
-12.9180945888
-12.9062938408
-12.0539493204
-12.5554022815
-12.1898176889
-12.8991541562
-14.0298296334
-13.1585541864
-13.291128602
-13.3608132754
-12.2870457031
-13.8075050376
-14.0929224419
-14.2573359256
-14.149872835
-14.129945855
-13.8292152852
-14.4626481475
-13.4399057856
-14.1079982616
-13.9886688217
-13.9631135194
-14.191951389
-13.8790290432
-14.1094717797
-14.406218148
-14.6730443266
-14.6436350962
dMdH Data
6.58640226628899E-06
-1.53910149750415E-06
1.40863914373089E-06
3.63545016077171E-06
2.06886227544909E-06
-2.53087019931941E-06
2.88118909341472E-06
4.53510248539448E-07
2.38731551655365E-06
-6.71634276507917E-07
5.44792998328249E-06
-1.15609756097562E-06
3.62571342745571E-06
-1.39015728056823E-06
4.7596108434873E-06
-1.44186522139287E-07
1.89464232265788E-06
6.89756097560983E-07
2.91027797012566E-06
1.09650010115314E-06
9.28564312045434E-07
5.78393165674793E-06
-3.41058683584459E-06
1.8216877049995E-06
4.14264487369977E-07
3.29728618421054E-06
-2.2542854436973E-06
4.75650215031745E-06
-1.37783630470017E-06
4.17841136645368E-06
-2.44504450445047E-06
8.531202435312E-06
-4.9038648281219E-07
5.75808692200832E-07
6.36768126200834E-07
1.07404823599761E-06
1.58971428571427E-06
1.5520031971226E-06
1.15926524020993E-06
4.64493841994593E-06
-9.75592677803344E-07
3.18592246880656E-06
3.47589267702243E-07
1.91591928251122E-06
3.05643772718577E-06
-2.9292385786802E-06
4.17973692137765E-06
-1.40671752699891E-06
3.09102304502939E-06
2.86538656913544E-06
1.26490528414756E-06
2.84143128933119E-06
-2.29621067443965E-06
-1.15362661155397E-06
7.04880928950987E-07
7.10064869247923E-06
9.02420210201522E-07
1.94005089058525E-06
6.06271322496488E-06
-3.13306995567547E-06
2.93158422155415E-07
2.05868487360806E-06
1.00350194552529E-06
3.66008771929824E-06
-5.9900410076157E-07
5.11762320016229E-07
2.90128062922255E-06
-3.78065564369684E-06
7.20570555272542E-06
-1.2536472482141E-06
3.37230829192245E-06
4.09769215724623E-06
3.95127868189629E-06
-1.51440618411806E-06
-1.84567724716424E-06
1.2751677852349E-06
4.26981552807622E-06
1.75278223212314E-06
1.2611277470436E-06
3.83688751587135E-06
2.67439482755263E-06
-1.44833820052844E-07
9.73881429056184E-07
3.20796338392848E-06
9.83092007406733E-07
4.69867310952204E-07
5.43805586630828E-06
-1.81405490639276E-06
-1.71643510402789E-07
4.08832128453649E-06
1.39515015447582E-06
-2.33991378961428E-06
3.79654823757896E-06
2.46076303953287E-06
1.05919975040948E-06
5.37718259078032E-06
9.26032550284062E-08
2.40246669955599E-06
-1.82913614929266E-06
3.42775451853364E-06
3.06436872951227E-06
3.79863351679636E-06
-4.38251870068654E-06
5.65942903096099E-06
1.46542271809176E-06
2.77008590197069E-06
2.40289034273997E-06
4.73987854251008E-07
1.74240642759161E-06
2.69048316251831E-06
4.53765198733018E-07
6.36831564189864E-06
3.90436835891383E-06
-3.12224701659066E-06
1.95421095666391E-07
2.12524870672503E-06
6.17500243735985E-06
-2.50089003164558E-06
9.04593566950977E-06
-1.04103108708245E-06
7.9539934840557E-06
-3.9932514101531E-06
4.12485101311083E-06
1.96511401286299E-06
2.96250000000001E-06
1.30908542106852E-06
2.27221945137158E-06
-1.38402965634706E-06
6.4838054723001E-06
7.57615625948794E-07
-2.09123434704831E-06
1.44829353185729E-05
-1.92814126773495E-07
-8.57442557442547E-07
5.32982727009551E-06
-8.69739078276512E-07
4.52277984511718E-06
3.26035031847131E-06
9.41131130166691E-06
2.36443625946388E-06
4.1242260834831E-07
4.08196408100877E-06
6.26693835965362E-06
6.76273458445044E-06
-2.65832263585793E-06
8.80965963110856E-06
3.58581868457436E-06
6.78646301287815E-06
5.89944695827046E-06
4.26003594967045E-06
4.48735019973368E-06
1.86242299794661E-06
7.02224469160769E-06
8.98902969547953E-06
6.01230769230768E-06
9.42404174192252E-06
6.63753723932468E-06
2.55674102812805E-06
5.27070846025352E-06
5.02965718307027E-06
5.40325022711212E-06
5.19700551615451E-06
1.33468913422428E-05
6.654501216545E-06
2.11089788910211E-06
9.158116789721E-06
7.15429034545632E-06
9.43575866907199E-06
1.23527699621616E-05
-5.31838920849037E-06
1.34363361852039E-05
1.00190724754065E-05
2.67278462862059E-06
1.12822299651567E-05
4.13637791976542E-06
-3.82231015639722E-06
8.93244626407371E-06
3.60888280180004E-06
3.6985617259289E-06
7.70445629212347E-06
6.83962264150949E-06
3.35485823832107E-06
0.000002578
1.98624676101256E-06
7.49999999999999E-06
7.29639721465335E-07
1.9590090538255E-06
5.62572533849132E-06
4.1827411167512E-06
3.74425287356327E-06
-1.61507128309564E-06
6.27420998980632E-06
-5.08555133079846E-06
1.22056451612902E-05
-1.03122448979592E-05
9.46653919694069E-06
4.55297679112015E-06
-5.82512562814069E-06
6.52200000000004E-06
8.7040618955508E-07
2.23809523809525E-06
4.09881422924906E-06
-2.96960486322188E-06
-7.14811133200796E-06
5.45304937076474E-06
7.34040404040401E-06
9.91008991008999E-07
-4.5365853658538E-07
1.85004965243293E-06
-4.99494438827091E-06
1.85799404170805E-06
3.44606413994172E-06
3.27900000000004E-06
4.93326592517689E-06
3.13333333333336E-06
-8.42469879518073E-06
7.30630630630632E-06
1.27103718199609E-06
2.72365805169008E-07
4.64854368932042E-06
-7.82208588957112E-07
-6.01415571284117E-06
-3.81460134486069E-06
6.92238805970149E-06
-3.22570850202431E-06
4.12698412698408E-06
-7.74566473988444E-07
-1.75282051282051E-06
5.68304914744232E-06
-7.23772858517841E-07
-1.53259779338012E-06
2.28781925343806E-06
1.4676616915423E-06
1.42381432896067E-06
-3.88023369036029E-06
8.75896414342632E-06
1.62235649546824E-06
-8.26373626373624E-06
-4.58132820019279E-07
-4.76697061803449E-06
1.35692771084337E-05
6.71140939593326E-09
-5.56710393541887E-06
7.26950354609927E-06
-2.34110787172013E-06
3.56427870461229E-06
1.04902962206339E-06
-3.36862367661721E-08
-2.72800808897867E-06
3.53853754940714E-06
4.70039682539672E-06
-7.41170534813332E-06
1.90338645418324E-06
-5.31219980787715E-06
-3.59309623430963E-06
7.8326810176125E-06
-8.10810810810758E-07
4.94908350305478E-07
-2.33200000000003E-06
6.18011811023618E-06
-1.22070312499995E-06
1.49750249750244E-06
-2.83535353535356E-06
2.42497579864473E-06
8.03209628886673E-06
-1.74490785645E-06
-3.93908629441631E-06
3.93606393606396E-07
3.3620689655172E-07
-9.71104231166107E-07
5.69949748743726E-06
6.84396467124633E-06
-7.4516441005802E-06
-1.28484231943028E-06
-1.66365461847394E-06
2.08413926499038E-06
-4.25250501002007E-06
9.71327254305962E-06
-5.89817483189246E-07
1.38554216867474E-06
1.64285714285715E-06
-2.1948310139165E-06
-5.41080038572819E-06
6.13518886679913E-06
1.08008008008009E-06
2.35999999999986E-07
-2.37525354969573E-06
-4.35823754789257E-07
1.79640718562872E-06
-2.81945837512541E-06
5.38208955223876E-06
-1.82128099173559E-06
-1.82128099173559E-06
dMdT Data
0
0
0
0
0
0
0
0
0
0
0
0
0
0
0
0
0
0
0
0
0
0
0
0
0
0
0
0
0
0
0
0
0
0
0
0
0
0
0
0
0
0
0
0
0
0
0
0
0
0
0
0
0
0
0
0
0
0
0
0
0
0
0
0
0
0
0
0
0
0
0
0
0
0
0
0
0
0
0
0
0
0
0
0
0
0
0
0
0
0
0
0
0
0
0
0
0
0
0
0
0
0
0
0
0
0
0
0
0
0
0
0
0
0
0
0
0
0
0
0
0
0
0
0
0
0
0
0
0
0
0
0
0
0
0
0
0
0
0
0
0
0
0
0
0
0
0
0
0
0
0
0
0
0
0
0
0
0
0
0
0
0
0
0
0
0
0
0
0
0
0
0
0
0
0
0
0
0
0
0
0
0
0
0
0
0
0
0
0
0
0
0
0
0
0
0
0
0
0
0
0
0
0
0
0
0
0
0
0
0
0
0
0
0
0
0
0
0
0
0
0
0
0
0
0
0
0
0
0
0
0
0
0
0
0
0
0
0
0
0
0
0
0
0
0
0
0
0
0
0
0
0
0
0
0
0
0
0
0
0
0
0
0
0
0
0
0
0
0
0
0
0
0
0
0
0
0
0
0
0
0
0
0
0
0
0
0
0
0
0
0
0
0
 
*********************************************** Results ***************************************
 
TotalArea 0
AreaFirstQuad 0
AreaSecondQuad 0
AreaThirdQuad 0
AreaFourthQuad 0
Coercivity 0
PositiveCoercivity 0
NegativeCoercivity 0
Retentivity 2.21436896072536E-03
PositiveRetentivity 4.46860937677057E-03
NegativeRetentivity 3.98714553198464E-05
Magnetization 0.00301945
PositiveMagnetization 0.00471137
NegativeMagnetization -0.00132753
Flatness 0.981994213237714
Squareness 0.733368315661912
SStar 0
SFD1 0
SFD2 0
Slope 0
Intercept 0
SlopeAtHc -1.82128099173559E-06
dH1 168.101557663666
dH2 450.0515
InitialSlope 6.58640226628899E-06
FieldAtHalfMs 753.284796815769
FieldAtMs 2056.01
MomentMean 1.88717628088737E-03
MomentRMS 2.20139536501667E-03
SFD3 0
dH3 336.203115327333
UserField1 0
UserField2 0
CenterField 0
ExchangeField 0
ExchangeMoment 0
ExRegionOneIntercept 0
ExRegionOneSlope 0
ExRegionTwoIntercept 0
ExRegionTwoSlope 0
NegativeIntercept 0
NegativeSlope 0
AutoCenterOffset 0
PinningField 0
PinningMoment 0
PinRegionOneIntercept 0
PinRegionOneSlope 0
PinRegionTwoIntercept 0
PinRegionTwoSlope 0
PositiveIntercept 0
PositiveSlope 0
TotalOffset 0
BHMax 0
BCoercivity 0
BRetentivity 0
BNegativeCoercivity 0
BPositiveCoercivity 0
BNegativeRetentivity 0
BPositiveRetentivity 0
MomentYMean -6.71841303754266E-03
MomentYRMS 3.03701399487512E-04
YOffCorrection 0
Mrt 0
Ms1 0
Ms2 0
Ms3 0
Hc2 0
Hex2 0
HsatValue 0
HsatIntercept 0
HsatSlope 0
CenterH 0
Span .0060389
SpanAsPercentOfRange -113.941509433962
RMSAsPercentOfRange -41.535761604088
SpanAsPercentOfMean 319.996603452458
RMSAsPercentOfMean 116.650224322528
