Version 1.25
******************************************** Units *******************************************
System CGS
TemperatureUnit K
MomentUnit emu
AppliedFieldUnit G
 
******************************************** Setup ********************************************
 
Experiment CustomField
Minor False
Acquisition Continuous
EditedPoint No
MaxField 15000
FieldIncrement 100
Points 293
MinField 0
RampRate 10
AverageTime 0.3
TimeInterval 0
TimeConstant 0.1
TimeConstantIndex 0
Sensitivity -0.0053
SensitivityIndex 5
SensitivityY -400
SensitivityIndexY 0
SaturationField 8000
ExperimentTime 100
Use735Domains True
AutoRangeEnabled False
NumberOfVertices 2
VertexPts
0
292
VertexField
-2599.7494
351.9632
StartAngle 0
EndAngle 0
AngleIncrement 0
StartTemp 0
FinishTemp 0
TempIncrement 0
TempPoints 0
LengthofSetPointsArray 293
SetPointArray
-2599.74937
-2589.64077
-2579.53216
-2569.42356
-2559.31495
-2549.20635
-2539.09774
-2528.98914
-2518.88053
-2508.77193
-2498.66332
-2488.55472
-2478.44612
-2468.33751
-2458.22891
-2448.1203
-2438.0117
-2427.90309
-2417.79449
-2407.68588
-2397.57728
-2387.46867
-2377.36007
-2367.25146
-2357.14286
-2347.03425
-2336.92565
-2326.81704
-2316.70844
-2306.59983
-2296.49123
-2286.38262
-2276.27402
-2266.16541
-2256.05681
-2245.9482
-2235.8396
-2225.73099
-2215.62239
-2205.51378
-2195.40518
-2185.29657
-2175.18797
-2165.07937
-2154.97076
-2144.86216
-2134.75355
-2124.64495
-2114.53634
-2104.42774
-2094.31913
-2084.21053
-2074.10192
-2063.99332
-2053.88471
-2043.77611
-2033.6675
-2023.5589
-2013.45029
-2003.34169
-1993.23308
-1983.12448
-1973.01587
-1962.90727
-1952.79866
-1942.69006
-1932.58145
-1922.47285
-1912.36424
-1902.25564
-1892.14703
-1882.03843
-1871.92982
-1861.82122
-1851.71261
-1841.60401
-1831.49541
-1821.3868
-1811.2782
-1801.16959
-1791.06099
-1780.95238
-1770.84378
-1760.73517
-1750.62657
-1740.51796
-1730.40936
-1720.30075
-1710.19215
-1700.08354
-1689.97494
-1679.86633
-1669.75773
-1659.64912
-1649.54052
-1639.43191
-1629.32331
-1619.2147
-1609.1061
-1598.99749
-1588.88889
-1578.78028
-1568.67168
-1558.56307
-1548.45447
-1538.34586
-1528.23726
-1518.12865
-1508.02005
-1497.91145
-1487.80284
-1477.69424
-1467.58563
-1457.47703
-1447.36842
-1437.25982
-1427.15121
-1417.04261
-1406.934
-1396.8254
-1386.71679
-1376.60819
-1366.49958
-1356.39098
-1346.28237
-1336.17377
-1326.06516
-1315.95656
-1305.84795
-1295.73935
-1285.63074
-1275.52214
-1265.41353
-1255.30493
-1245.19632
-1235.08772
-1224.97911
-1214.87051
-1204.7619
-1194.6533
-1184.5447
-1174.43609
-1164.32749
-1154.21888
-1144.11028
-1134.00167
-1123.89307
-1113.78446
-1103.67586
-1093.56725
-1083.45865
-1073.35004
-1063.24144
-1053.13283
-1043.02423
-1032.91562
-1022.80702
-1012.69841
-1002.58981
-992.4812
-982.3726
-972.26399
-962.15539
-952.04678
-941.93818
-931.82957
-921.72097
-911.61236
-901.50376
-891.39515
-881.28655
-871.17794
-861.06934
-850.96074
-840.85213
-830.74353
-820.63492
-810.52632
-800.41771
-790.30911
-780.2005
-770.0919
-759.98329
-749.87469
-739.76608
-729.65748
-719.54887
-709.44027
-699.33166
-689.22306
-679.11445
-669.00585
-658.89724
-648.78864
-638.68003
-628.57143
-618.46282
-608.35422
-598.24561
-588.13701
-578.0284
-567.9198
-557.81119
-547.70259
-537.59398
-527.48538
-517.37678
-507.26817
-497.15957
-487.05096
-476.94236
-466.83375
-456.72515
-446.61654
-436.50794
-426.39933
-416.29073
-406.18212
-396.07352
-385.96491
-375.85631
-365.7477
-355.6391
-345.53049
-335.42189
-325.31328
-315.20468
-305.09607
-294.98747
-284.87886
-274.77026
-264.66165
-254.55305
-244.44444
-234.33584
-224.22723
-214.11863
-204.01003
-193.90142
-183.79282
-173.68421
-163.57561
-153.467
-143.3584
-133.24979
-123.14119
-113.03258
-102.92398
-92.81537
-82.70677
-72.59816
-62.48956
-52.38095
-42.27235
-32.16374
-22.05514
-11.94653
-1.83793
8.27068
18.37928
28.48789
38.59649
48.7051
58.8137
68.92231
79.03091
89.13952
99.24812
109.35673
119.46533
129.57393
139.68254
149.79114
159.89975
170.00835
180.11696
190.22556
200.33417
210.44277
220.55138
230.65998
240.76859
250.87719
260.9858
271.0944
281.20301
291.31161
301.42022
311.52882
321.63743
331.74603
341.85464
351.96324
FieldDomainFile C:\IDEASVSM\Default UserID\Experiments\FORCexp0367B\fdomain.ini
TempDomainFile C:\IDEASVSM\Default UserID\Experiments\FORCexp0367B\tdomain.ini
NumSelectedResults 0
ResultsSelected 
UserName1 
UserValue1 
UserName2 
UserValue2 
LinearBackgroundCorrection Off
MaxLinearFieldCorrection 
MinLinearFieldCorrection 
AutoLinearCorrection Off
FitOneRegion Off
BackgroundMode Off
BackgroundFilename 
AutoCenter Off
OffsetCorrection 
SmoothDeriv Off
DerivOrder 0
DerivPoints 0
MinExFieldOne 
MaxExFieldOne 
MinExFieldTwo 
MaxExFieldTwo 
MinPinFieldOne 
MaxPinFieldOne 
MinPinFieldTwo 
MaxPinFieldTwo 
HCenterStart 
Mass 
Volume 
Density 
MolarWeight 
NumberOfMoles 
Demagnetization 
SampleArea 
Thickness 
MomentScaling 0
XAxis 0
YAxis 0
SimpleSpinValve False
HsatMax 0
HsatMin 0
FieldAutoRange False
 
*************************************************** Experiment Data ********************************************
 
DataPoints 293
MomentX Data
-0.00488107
-0.00487773
-0.00490335
-0.00481252
-0.00483165
-0.00484475
-0.00484824
-0.00484479
-0.00484949
-0.00485869
-0.00486007
-0.00483177
-0.00485651
-0.00484838
-0.00486236
-0.00482194
-0.00480429
-0.00479024
-0.00479781
-0.00481016
-0.00480246
-0.00481487
-0.00481235
-0.00477124
-0.00481386
-0.00482513
-0.00477904
-0.00479462
-0.00477037
-0.00479612
-0.00476232
-0.00476949
-0.00473253
-0.0047796
-0.00477237
-0.004766
-0.00476001
-0.00477655
-0.00474251
-0.0047273
-0.00472768
-0.00473465
-0.00473119
-0.00473819
-0.00472235
-0.00472617
-0.0047442
-0.00472929
-0.00474276
-0.00473727
-0.00472302
-0.00471871
-0.0047174
-0.00469836
-0.00472259
-0.00468593
-0.00470253
-0.0046689
-0.00468656
-0.0046445
-0.00467628
-0.00469125
-0.00469454
-0.00463955
-0.00465517
-0.00465673
-0.0046355
-0.00463213
-0.00466308
-0.00466611
-0.00467377
-0.00467688
-0.00465319
-0.00463915
-0.00461162
-0.0046567
-0.00462723
-0.00462972
-0.00460451
-0.00461735
-0.00460656
-0.0045888
-0.00454673
-0.0045678
-0.00458363
-0.00459892
-0.00459734
-0.00455963
-0.00460365
-0.00458979
-0.00457402
-0.00453081
-0.00454693
-0.00452723
-0.00453626
-0.00452039
-0.00453828
-0.00451964
-0.00450941
-0.00449623
-0.00454099
-0.0045334
-0.00453038
-0.00450614
-0.00450438
-0.00449954
-0.00448891
-0.00445925
-0.00446926
-0.00445203
-0.0044403
-0.00443386
-0.00444367
-0.00449585
-0.00444556
-0.00443257
-0.00440547
-0.00445644
-0.00440406
-0.00441669
-0.00443771
-0.0044509
-0.00439228
-0.00435146
-0.0043524
-0.00438859
-0.00434749
-0.00438666
-0.00437617
-0.00432417
-0.00435826
-0.00439554
-0.00435289
-0.00431799
-0.00431986
-0.00432039
-0.00436184
-0.00434037
-0.0043411
-0.00434937
-0.00435686
-0.00426824
-0.00430154
-0.00430941
-0.00427656
-0.00430777
-0.00429765
-0.00428329
-0.00425254
-0.00426446
-0.00425482
-0.00423507
-0.00421725
-0.00424279
-0.00422389
-0.00421834
-0.00415681
-0.00421366
-0.00419063
-0.00423497
-0.00421006
-0.00419935
-0.00414381
-0.00416684
-0.00413853
-0.00417389
-0.00416566
-0.00413007
-0.00413782
-0.00409572
-0.00409876
-0.00408606
-0.00409923
-0.00406704
-0.00406366
-0.00405474
-0.00399619
-0.00405774
-0.00406739
-0.0040213
-0.00399402
-0.00396076
-0.00398054
-0.00398103
-0.00401882
-0.00399269
-0.00395358
-0.00391296
-0.00394871
-0.00395036
-0.00386778
-0.00397089
-0.00389292
-0.00393147
-0.00395187
-0.00390738
-0.00389989
-0.00384141
-0.00384264
-0.00386858
-0.00391172
-0.00389093
-0.00382064
-0.00392761
-0.00381065
-0.00382659
-0.00382832
-0.00378923
-0.00383493
-0.00376545
-0.00379305
-0.00370742
-0.00366852
-0.00373942
-0.00373876
-0.00360254
-0.00360982
-0.00365474
-0.00370987
-0.00367229
-0.00371291
-0.00362649
-0.00359499
-0.00357679
-0.00358443
-0.00357527
-0.00358553
-0.00360592
-0.00354032
-0.00353198
-0.00356766
-0.00349049
-0.00356772
-0.00342071
-0.0034663
-0.00341874
-0.00350881
-0.00349171
-0.00339149
-0.00343077
-0.00335723
-0.00339266
-0.00339165
-0.00336287
-0.00336444
-0.00330198
-0.00329351
-0.00338003
-0.00327505
-0.00325882
-0.00337803
-0.00336375
-0.00329966
-0.00317997
-0.00317226
-0.00321279
-0.0030891
-0.00312124
-0.00319785
-0.00319132
-0.00310629
-0.00317358
-0.00311535
-0.00301919
-0.00304018
-0.0029656
-0.00301837
-0.00292953
-0.00295297
-0.00303994
-0.00296111
-0.00286963
-0.00295419
-0.00288307
-0.00276323
-0.00292657
-0.00289793
-0.00298146
-0.00292349
-0.0028044
-0.00280997
-0.00279965
-0.00268942
-0.00268266
-0.0027974
-0.00269149
-0.00259286
-0.00258667
-0.00261838
-0.0025156
-0.00242557
-0.00247419
-0.00251653
MomentY Data
-0.00607173
-0.00572205
-0.00551542
-0.00562668
-0.00603994
-0.00603994
-0.00592868
-0.00591278
-0.00591278
-0.00557899
-0.00578562
-0.00576973
-0.00581741
-0.00592868
-0.00581741
-0.00616709
-0.00592868
-0.0058492
-0.00607173
-0.00573794
-0.00551542
-0.00561078
-0.00557899
-0.00581741
-0.00583331
-0.00562668
-0.0058492
-0.00572205
-0.00597636
-0.00562668
-0.00576973
-0.00591278
-0.0058492
-0.00591278
-0.00623067
-0.00600815
-0.00576973
-0.00607173
-0.00597636
-0.00600815
-0.00597636
-0.00588099
-0.00603994
-0.0058492
-0.00592868
-0.00542005
-0.00583331
-0.00592868
-0.00607173
-0.00600815
-0.00569026
-0.00570615
-0.00619888
-0.00635783
-0.00597636
-0.00592868
-0.00603994
-0.00618299
-0.00569026
-0.00567436
-0.00591278
-0.00551542
-0.00583331
-0.00591278
-0.00588099
-0.00591278
-0.00603994
-0.00597636
-0.00561078
-0.00600815
-0.00616709
-0.0058492
-0.00603994
-0.00591278
-0.0055631
-0.0061353
-0.00592868
-0.00607173
-0.00581741
-0.00589689
-0.00597636
-0.00591278
-0.00588099
-0.00591278
-0.0058651
-0.00546773
-0.00572205
-0.00597636
-0.00581741
-0.00591278
-0.00596046
-0.00600815
-0.00591278
-0.00602404
-0.00588099
-0.00578562
-0.00583331
-0.00599225
-0.00581741
-0.00597636
-0.00588099
-0.00623067
-0.00602404
-0.00600815
-0.00591278
-0.00603994
-0.00575384
-0.00597636
-0.00623067
-0.00597636
-0.00591278
-0.00603994
-0.00600815
-0.00607173
-0.00570615
-0.00603994
-0.0058651
-0.00567436
-0.00588099
-0.00592868
-0.00583331
-0.00594457
-0.0058651
-0.00619888
-0.0061353
-0.00591278
-0.00607173
-0.00588099
-0.00596046
-0.00632604
-0.00567436
-0.00619888
-0.00618299
-0.00607173
-0.00592868
-0.00616709
-0.00607173
-0.00610352
-0.0061353
-0.00583331
-0.00638962
-0.00588099
-0.00635783
-0.00600815
-0.00603994
-0.00638962
-0.00603994
-0.00578562
-0.00589689
-0.00578562
-0.00578562
-0.00600815
-0.00602404
-0.0061353
-0.0061353
-0.00603994
-0.00592868
-0.00588099
-0.00583331
-0.00589689
-0.00610352
-0.00607173
-0.00575384
-0.0058651
-0.00592868
-0.00603994
-0.00591278
-0.00589689
-0.00594457
-0.00610352
-0.00611941
-0.00607173
-0.00607173
-0.00592868
-0.00600815
-0.0058651
-0.00581741
-0.00602404
-0.00599225
-0.00602404
-0.00603994
-0.00607173
-0.00597636
-0.00599225
-0.00578562
-0.00594457
-0.00618299
-0.00616709
-0.00597636
-0.00578562
-0.00603994
-0.00597636
-0.00581741
-0.00626246
-0.00594457
-0.00592868
-0.00607173
-0.00616709
-0.0061353
-0.00603994
-0.00592868
-0.00616709
-0.00594457
-0.00600815
-0.0061353
-0.00607173
-0.00638962
-0.00597636
-0.00583331
-0.00603994
-0.00597636
-0.00583331
-0.00648499
-0.00635783
-0.00607173
-0.00607173
-0.00626246
-0.00629425
-0.0061353
-0.00607173
-0.00588099
-0.00592868
-0.00597636
-0.0061353
-0.00610352
-0.00596046
-0.00623067
-0.00581741
-0.00651677
-0.00623067
-0.0061353
-0.00596046
-0.00583331
-0.00607173
-0.00616709
-0.00581741
-0.00619888
-0.00602404
-0.00642141
-0.00591278
-0.00603994
-0.00619888
-0.00607173
-0.00588099
-0.00576973
-0.00610352
-0.00619888
-0.00654856
-0.00594457
-0.00607173
-0.0061353
-0.00578562
-0.00600815
-0.00626246
-0.00626246
-0.00623067
-0.00607173
-0.00635783
-0.00619888
-0.00607173
-0.00623067
-0.00588099
-0.00611941
-0.00616709
-0.00616709
-0.00632604
-0.00635783
-0.00626246
-0.00626246
-0.00605583
-0.00603994
-0.00635783
-0.00607173
-0.00626246
-0.00619888
-0.00607173
-0.00632604
-0.0061353
-0.0067393
-0.00594457
-0.00616709
-0.00607173
-0.0061353
-0.00607173
-0.00638962
-0.00642141
-0.00607173
-0.0061353
-0.00591278
-0.00578562
-0.00602404
-0.00602404
-0.00642141
Field Data
-2598.49
-2591.38
-2581.91
-2571.45
-2561.38
-2551.37
-2541.12
-2531.11
-2520.92
-2510.83
-2500.99
-2490.77
-2480.52
-2470.62
-2460.55
-2450.24
-2440.32
-2430.33
-2419.96
-2409.9
-2399.93
-2390.14
-2379.53
-2369.8
-2359.51
-2349.64
-2339.58
-2329.15
-2319.21
-2309.34
-2299.1
-2288.95
-2279.1
-2269.04
-2258.49
-2248.69
-2238.45
-2228.54
-2218.49
-2208.07
-2198.37
-2188.33
-2175.94
-2164.74
-2154.77
-2144.54
-2134.39
-2124.55
-2114.42
-2103.97
-2094.16
-2084.3
-2073.75
-2063.91
-2053.54
-2043.76
-2033.83
-2023.25
-2013.6
-2003.64
-1993.23
-1983.22
-1973.25
-1963.23
-1952.94
-1943.03
-1932.71
-1922.72
-1912.93
-1902.32
-1892.36
-1882.57
-1872.33
-1862.19
-1852.31
-1842.27
-1831.96
-1822.04
-1812.01
-1801.69
-1791.68
-1781.89
-1771.67
-1761.31
-1751.32
-1741.35
-1731.36
-1721.08
-1711.25
-1700.8
-1691.03
-1681
-1670.83
-1660.69
-1650.84
-1640.74
-1630.21
-1620.25
-1610.31
-1600.36
-1590.33
-1579.92
-1570.1
-1560.06
-1549.87
-1539.82
-1529.88
-1519.79
-1509.38
-1499.41
-1489.3
-1479.53
-1469.22
-1458.94
-1449.07
-1439.15
-1428.82
-1418.83
-1408.88
-1398.59
-1388.64
-1378.63
-1368.64
-1358.29
-1348.35
-1338.46
-1328.02
-1318.2
-1307.72
-1297.91
-1288.11
-1277.64
-1267.76
-1257.75
-1247.69
-1237.36
-1227.49
-1217.55
-1207.09
-1197.25
-1186.97
-1177.31
-1166.88
-1156.84
-1146.73
-1136.92
-1126.75
-1116.56
-1106.5
-1096.69
-1086.23
-1076.34
-1066.41
-1056.06
-1046
-1036.06
-1026.13
-1015.58
-1005.59
-995.605
-985.732
-975.677
-965.154
-955.522
-945.47
-934.972
-925.195
-915.181
-904.934
-894.934
-885.023
-874.841
-864.563
-854.624
-844.559
-834.497
-824.449
-814.126
-804.15
-794.373
-784.023
-773.94
-764.033
-754.063
-743.466
-733.587
-723.801
-713.369
-703.844
-693.258
-683.3
-673.239
-663.236
-653.292
-643.025
-632.906
-623.071
-612.729
-602.757
-592.809
-582.645
-572.433
-562.348
-552.215
-542.401
-532.334
-522.032
-512.095
-502.151
-491.682
-481.833
-471.877
-461.677
-451.47
-441.7
-431.548
-421.215
-411.135
-401.553
-391.017
-381.065
-370.706
-361.084
-350.984
-340.576
-330.73
-320.726
-310.455
-300.386
-290.585
-280.427
-270.12
-260.222
-250.207
-240.065
-229.978
-219.559
-209.751
-199.848
-189.491
-179.543
-169.596
-159.491
-149.148
-139.28
-129.363
-118.928
-109.062
-98.7028
-88.9027
-79.0477
-68.6851
-58.7036
-48.6739
-38.7198
-28.601
-18.5414
-8.33165
2.18625
11.9533
21.9033
32.057
42.3516
52.0765
61.8374
72.331
82.5535
92.575
102.483
112.278
123.094
132.57
142.693
152.905
162.963
172.863
183.028
193.312
203.159
213.324
223.551
233.438
243.885
253.79
263.731
273.557
283.769
294.004
304.035
313.936
324.378
334.203
344.25
Time Data
0
0.3
0.6
0.9
1.2
1.5
1.8
2.1
2.4
2.7
3
3.3
3.6
3.9
4.2
4.5
4.8
5.1
5.4
5.7
6
6.3
6.6
6.9
7.2
7.5
7.8
8.1
8.4
8.7
9
9.3
9.6
9.9
10.2
10.5
10.8
11.1
11.4
11.7
12
12.3
12.6
12.9
13.2
13.5
13.8
14.1
14.4
14.7
15
15.3
15.6
15.9
16.2
16.5
16.8
17.1
17.4
17.7
18
18.3
18.6
18.9
19.2
19.5
19.8
20.1
20.4
20.7
21
21.3
21.6
21.9
22.2
22.5
22.8
23.1
23.4
23.7
24
24.3
24.6
24.9
25.2
25.5
25.8
26.1
26.4
26.7
27
27.3
27.6
27.9
28.2
28.5
28.8
29.1
29.4
29.7
30.0000000000001
30.3000000000001
30.6000000000001
30.9000000000001
31.2000000000001
31.5000000000001
31.8000000000001
32.1000000000001
32.4
32.7
33
33.3
33.6
33.9
34.2
34.5
34.8
35.1
35.4
35.7
36
36.3
36.6
36.9
37.2
37.5
37.8
38.1
38.4
38.7
39
39.3
39.6
39.9
40.2
40.5
40.8
41.1
41.4
41.7
42
42.3
42.6
42.8999999999999
43.1999999999999
43.4999999999999
43.7999999999999
44.0999999999999
44.3999999999999
44.6999999999999
44.9999999999999
45.2999999999999
45.5999999999999
45.8999999999999
46.1999999999999
46.4999999999999
46.7999999999999
47.0999999999999
47.3999999999999
47.6999999999999
47.9999999999999
48.2999999999999
48.5999999999999
48.8999999999999
49.1999999999999
49.4999999999999
49.7999999999999
50.0999999999999
50.3999999999999
50.6999999999999
50.9999999999999
51.2999999999999
51.5999999999999
51.8999999999999
52.1999999999999
52.4999999999999
52.7999999999999
53.0999999999999
53.3999999999998
53.6999999999998
53.9999999999998
54.2999999999998
54.5999999999998
54.8999999999998
55.1999999999998
55.4999999999998
55.7999999999998
56.0999999999998
56.3999999999998
56.6999999999998
56.9999999999998
57.2999999999998
57.5999999999998
57.8999999999998
58.1999999999998
58.4999999999998
58.7999999999998
59.0999999999998
59.3999999999998
59.6999999999998
59.9999999999998
60.2999999999998
60.5999999999998
60.8999999999998
61.1999999999998
61.4999999999998
61.7999999999998
62.0999999999998
62.3999999999998
62.6999999999998
62.9999999999998
63.2999999999998
63.5999999999998
63.8999999999998
64.1999999999997
64.4999999999997
64.7999999999997
65.0999999999997
65.3999999999997
65.6999999999997
65.9999999999997
66.2999999999997
66.5999999999997
66.8999999999997
67.1999999999997
67.4999999999997
67.7999999999997
68.0999999999997
68.3999999999997
68.6999999999997
68.9999999999997
69.2999999999997
69.5999999999997
69.8999999999997
70.1999999999997
70.4999999999997
70.7999999999997
71.0999999999997
71.3999999999997
71.6999999999997
71.9999999999997
72.2999999999997
72.5999999999997
72.8999999999997
73.1999999999997
73.4999999999997
73.7999999999997
74.0999999999997
74.3999999999997
74.6999999999996
74.9999999999996
75.2999999999996
75.5999999999996
75.8999999999996
76.1999999999996
76.4999999999996
76.7999999999996
77.0999999999996
77.3999999999996
77.6999999999996
77.9999999999996
78.2999999999996
78.5999999999996
78.8999999999996
79.1999999999996
79.4999999999996
79.7999999999996
80.0999999999996
80.3999999999996
80.6999999999996
80.9999999999996
81.2999999999996
81.5999999999996
81.8999999999996
82.1999999999996
82.4999999999996
82.7999999999996
83.0999999999996
83.3999999999996
83.6999999999996
83.9999999999996
84.2999999999996
84.5999999999996
84.8999999999996
85.1999999999995
85.4999999999995
85.7999999999995
86.0999999999995
86.3999999999995
86.6999999999995
86.9999999999995
87.2999999999995
87.5999999999995
Temperature Data
0
0
0
0
0
0
0
0
0
0
0
0
0
0
0
0
0
0
0
0
0
0
0
0
0
0
0
0
0
0
0
0
0
0
0
0
0
0
0
0
0
0
0
0
0
0
0
0
0
0
0
0
0
0
0
0
0
0
0
0
0
0
0
0
0
0
0
0
0
0
0
0
0
0
0
0
0
0
0
0
0
0
0
0
0
0
0
0
0
0
0
0
0
0
0
0
0
0
0
0
0
0
0
0
0
0
0
0
0
0
0
0
0
0
0
0
0
0
0
0
0
0
0
0
0
0
0
0
0
0
0
0
0
0
0
0
0
0
0
0
0
0
0
0
0
0
0
0
0
0
0
0
0
0
0
0
0
0
0
0
0
0
0
0
0
0
0
0
0
0
0
0
0
0
0
0
0
0
0
0
0
0
0
0
0
0
0
0
0
0
0
0
0
0
0
0
0
0
0
0
0
0
0
0
0
0
0
0
0
0
0
0
0
0
0
0
0
0
0
0
0
0
0
0
0
0
0
0
0
0
0
0
0
0
0
0
0
0
0
0
0
0
0
0
0
0
0
0
0
0
0
0
0
0
0
0
0
0
0
0
0
0
0
0
0
0
0
0
0
0
0
0
0
0
0
0
0
0
0
0
0
0
0
0
0
0
0
0
0
0
0
0
0
Angle Data
0
0
0
0
0
0
0
0
0
0
0
0
0
0
0
0
0
0
0
0
0
0
0
0
0
0
0
0
0
0
0
0
0
0
0
0
0
0
0
0
0
0
0
0
0
0
0
0
0
0
0
0
0
0
0
0
0
0
0
0
0
0
0
0
0
0
0
0
0
0
0
0
0
0
0
0
0
0
0
0
0
0
0
0
0
0
0
0
0
0
0
0
0
0
0
0
0
0
0
0
0
0
0
0
0
0
0
0
0
0
0
0
0
0
0
0
0
0
0
0
0
0
0
0
0
0
0
0
0
0
0
0
0
0
0
0
0
0
0
0
0
0
0
0
0
0
0
0
0
0
0
0
0
0
0
0
0
0
0
0
0
0
0
0
0
0
0
0
0
0
0
0
0
0
0
0
0
0
0
0
0
0
0
0
0
0
0
0
0
0
0
0
0
0
0
0
0
0
0
0
0
0
0
0
0
0
0
0
0
0
0
0
0
0
0
0
0
0
0
0
0
0
0
0
0
0
0
0
0
0
0
0
0
0
0
0
0
0
0
0
0
0
0
0
0
0
0
0
0
0
0
0
0
0
0
0
0
0
0
0
0
0
0
0
0
0
0
0
0
0
0
0
0
0
0
0
0
0
0
0
0
0
0
0
0
0
0
0
0
0
0
0
0
Bx Data
0
0
0
0
0
0
0
0
0
0
0
0
0
0
0
0
0
0
0
0
0
0
0
0
0
0
0
0
0
0
0
0
0
0
0
0
0
0
0
0
0
0
0
0
0
0
0
0
0
0
0
0
0
0
0
0
0
0
0
0
0
0
0
0
0
0
0
0
0
0
0
0
0
0
0
0
0
0
0
0
0
0
0
0
0
0
0
0
0
0
0
0
0
0
0
0
0
0
0
0
0
0
0
0
0
0
0
0
0
0
0
0
0
0
0
0
0
0
0
0
0
0
0
0
0
0
0
0
0
0
0
0
0
0
0
0
0
0
0
0
0
0
0
0
0
0
0
0
0
0
0
0
0
0
0
0
0
0
0
0
0
0
0
0
0
0
0
0
0
0
0
0
0
0
0
0
0
0
0
0
0
0
0
0
0
0
0
0
0
0
0
0
0
0
0
0
0
0
0
0
0
0
0
0
0
0
0
0
0
0
0
0
0
0
0
0
0
0
0
0
0
0
0
0
0
0
0
0
0
0
0
0
0
0
0
0
0
0
0
0
0
0
0
0
0
0
0
0
0
0
0
0
0
0
0
0
0
0
0
0
0
0
0
0
0
0
0
0
0
0
0
0
0
0
0
0
0
0
0
0
0
0
0
0
0
0
0
0
0
0
0
0
0
Hint Data
0
0
0
0
0
0
0
0
0
0
0
0
0
0
0
0
0
0
0
0
0
0
0
0
0
0
0
0
0
0
0
0
0
0
0
0
0
0
0
0
0
0
0
0
0
0
0
0
0
0
0
0
0
0
0
0
0
0
0
0
0
0
0
0
0
0
0
0
0
0
0
0
0
0
0
0
0
0
0
0
0
0
0
0
0
0
0
0
0
0
0
0
0
0
0
0
0
0
0
0
0
0
0
0
0
0
0
0
0
0
0
0
0
0
0
0
0
0
0
0
0
0
0
0
0
0
0
0
0
0
0
0
0
0
0
0
0
0
0
0
0
0
0
0
0
0
0
0
0
0
0
0
0
0
0
0
0
0
0
0
0
0
0
0
0
0
0
0
0
0
0
0
0
0
0
0
0
0
0
0
0
0
0
0
0
0
0
0
0
0
0
0
0
0
0
0
0
0
0
0
0
0
0
0
0
0
0
0
0
0
0
0
0
0
0
0
0
0
0
0
0
0
0
0
0
0
0
0
0
0
0
0
0
0
0
0
0
0
0
0
0
0
0
0
0
0
0
0
0
0
0
0
0
0
0
0
0
0
0
0
0
0
0
0
0
0
0
0
0
0
0
0
0
0
0
0
0
0
0
0
0
0
0
0
0
0
0
0
0
0
0
0
0
Torque Data
15.7773296877
14.828005929
14.2403180522
14.468726286
15.4705815172
15.4101217178
15.0654873216
14.9658965858
14.9056453576
14.0078954617
14.4697777638
14.3710703921
14.4302018532
14.6475153816
14.3140281755
15.1108506016
14.4678763776
14.215486236
14.6933437308
13.827861606
13.2366219206
13.4105497092
13.2753740747
13.786098218
13.7637532781
13.2206723952
13.684671336
13.3275127575
13.8604338756
12.9939171912
13.265186243
13.534057781
13.33091172
13.4163343312
14.0719058883
13.5104668235
12.9152521185
13.5310931742
13.2584948964
13.2664157705
13.1382505332
12.8695468467
13.1425470436
12.661997208
12.7749418036
11.623514027
12.4505585309
12.595777094
12.8381873466
12.6409673555
11.9163148816
11.893328445
12.8549274
13.1219889153
12.2726943144
12.1167990368
12.2842111702
12.5097345175
11.457907536
11.3693746704
11.7855304794
10.9382912524
11.5105789575
11.6081470794
11.4852206106
11.4887089234
11.6734524374
11.4908668992
10.7330293854
11.429423908
11.6703544324
11.011528444
11.3087608602
11.0107197882
10.304585761
11.302879131
10.8611046128
11.0629349292
10.5412050941
10.6243677441
10.7077246848
10.5359235542
10.4191735533
10.4142385418
10.271666932
9.5212316355
9.906928488
10.2857936688
9.9550428625
10.056456224
10.0793166738
10.09970015
9.8792502074
10.0040629876
9.7085735316
9.4926981588
9.5095202951
9.7089430625
9.3678334971
9.5643274896
9.3527148267
9.8439601464
9.458345204
9.373074489
9.1640403386
9.3004204108
8.8026847392
9.0828121644
9.4044486846
8.9610139476
8.805903254
8.9362724282
8.827294143
8.8582897662
8.2686107805
8.692379651
8.380172182
8.0509521988
8.2856091912
8.2917925612
8.1003675984
8.1953625391
8.027210464
8.4198767152
8.272531755
7.9140195188
8.0633788746
7.752321018
7.7946127512
8.2106305764
7.3091998596
7.9199370432
7.8385474024
7.6367184075
7.3971547492
7.6309104824
7.4529878577
7.431340776
7.405859277
6.9839303975
7.5842872514
6.9237483369
7.4188246704
6.950468246
6.9261803962
7.2644867704
6.805502395
6.4599918672
6.524908785
6.3450315978
6.2845140126
6.466812171
6.4240964964
6.479244918
6.4175238
6.2577402364
6.0835964084
5.9726158242
5.8659182029
5.87097316845
6.01643497664
5.92404731121
5.55334169136
5.6042320822
5.6053890796
5.64717478168
5.4704744921
5.39672168709
5.37944350838
5.46224756768
5.41581859643
5.31179834493
5.24939310399
5.06679221632
5.07423715585
4.8944083547
4.79615785709
4.90432758904
4.8186678375
4.78533472692
4.73545187862
4.6991547162
4.56613625988
4.51853401175
4.30141175892
4.36085927259
4.47525434499
4.39941082621
4.20642512784
4.01092734996
4.127091002
4.02351863004
3.85831573876
4.09121501832
3.82250712425
3.75229714408
3.78311888283
3.77875488861
3.6980950221
3.58053079146
3.4543157586
3.53024582997
3.34291705036
3.31779055225
3.3277928553
3.23218831782
3.33558610784
3.0604640742
2.92920244981
2.96972977908
2.87960746788
2.75260482287
2.99397072823
2.8703695101
2.681883141
2.62024293804
2.6378420889
2.58778647375
2.4636481209
2.37414964941
2.24103945435
2.19779724808
2.15796797424
2.1533921352
2.07871242752
1.9713029358
1.99833786642
1.80604402155
1.95754647322
1.81053924195
1.7205037731
1.6100394552
1.51795559482
1.51918934811
1.48050246085
1.33787631698
1.36101989392
1.26354841404
1.28330594568
1.12041859498
1.08442894742
1.05130525248
0.96838628943
0.87713789652
0.8036079944
0.78956965776
0.73722040064
0.71419905072
0.586745703796
0.539793190671
0.48498135381
0.397385888262
0.35270003434
0.304818351794
0.242481198708
0.17820339267
0.112578374622
0.0529712143195
-0.0135523014
-0.072577210209
-0.136472234211
-0.18852689643
-0.259166804556
-0.321160462385
-0.381356811166
-0.45756879924
-0.524861118905
-0.5797472345
-0.64179568818
-0.67993648074
-0.74348037436
-0.8428575231
-0.86639336889
-0.9575614463
-1.01018808144
-1.04957746299
-1.15784244912
-1.1860271136
-1.3691494487
-1.26811945068
-1.37865913659
-1.41737250774
-1.4963076405
-1.5409443567
-1.68514087222
-1.75662165537
-1.72296875037
-1.8038027412
-1.7976920673
-1.81631440032
-1.95406604712
-2.01325224012
-2.2105703925
dMdH Data
4.69760900140685E-07
-2.7053854276662E-06
8.68355640535371E-06
-1.89970208540224E-06
-1.30869130869131E-06
-3.40487804878058E-07
3.44655344655386E-07
-4.61236506378785E-07
-9.11793855302267E-07
-1.40243902439071E-07
2.76908023483373E-06
-2.41365853658533E-06
8.21212121212055E-07
-1.38828202581924E-06
3.92046556741007E-06
1.77923387096782E-06
1.40640640640636E-06
-7.29990356798395E-07
-1.22763419483106E-06
7.72316950852562E-07
-1.26762002042902E-06
2.37511781338347E-07
4.22507708119214E-06
-4.14188532555874E-06
-1.14184397163124E-06
4.5815109343937E-06
-1.4937679769895E-06
2.43963782696175E-06
-2.60891590678825E-06
3.30078124999997E-06
-7.06403940886771E-07
3.75228426395942E-06
-4.67892644135189E-06
6.85308056872067E-07
6.49999999999964E-07
5.84960937499985E-07
-1.66902119071645E-06
3.38706467661685E-06
1.45969289827259E-06
-3.91752577319038E-08
-6.94223107569748E-07
2.79257465698168E-07
-6.2499999999999E-07
1.58876629889668E-06
-3.73411534701843E-07
-1.7763546798029E-06
1.51524390243906E-06
-1.32971372161901E-06
5.25358851674661E-07
1.45259938837925E-06
4.37119675456359E-07
1.24170616113744E-07
1.93495934959344E-06
-2.33654773384759E-06
3.74846625766872E-06
-1.67170191339378E-06
3.17863894139887E-06
-1.83005181347149E-06
4.22289156626514E-06
-3.05283381364066E-06
-1.49550449550454E-06
-3.29989969909682E-07
5.48802395209577E-06
-1.51797862001945E-06
-1.57416750756838E-07
2.05717054263573E-06
3.37337337337331E-07
-3.16138917262515E-06
-2.85579641847331E-07
-7.69076305220842E-07
-3.17671092951967E-07
2.31347656249998E-06
1.38461538461539E-06
2.78643724696349E-06
-4.49003984063741E-06
2.85838991270606E-06
-2.51008064516123E-07
2.51345962113663E-06
-1.24418604651164E-06
1.07792207792209E-06
1.81409601634325E-06
4.11643835616437E-06
-2.03378378378382E-06
-1.58458458458455E-06
-1.53360080240724E-06
1.58158158158174E-07
3.66828793774318E-06
-4.47812817904374E-06
1.32631578947369E-06
1.61412487205732E-06
4.30807577268198E-06
-1.58505408062934E-06
1.94280078895467E-06
-9.16751269035535E-07
1.57128712871291E-06
-1.698955365622E-06
1.87148594377504E-06
1.0291750503018E-06
1.32462311557786E-06
-4.46261216350944E-06
7.29106628242088E-07
3.07535641547885E-07
2.41434262948208E-06
1.72718351324823E-07
4.81592039800985E-07
1.069416498994E-06
2.9395441030723E-06
-9.61575408261339E-07
1.72818455366098E-06
1.16023738872399E-06
6.59160696008181E-07
-9.51503394762357E-07
-5.07587548638131E-06
5.09523809523801E-06
1.30947580645164E-06
2.62342691190707E-06
-5.1021021021021E-06
5.26432160804033E-06
-1.22740524781343E-06
-2.1125628140704E-06
-1.31768231768229E-06
5.86786786786783E-06
3.943961352657E-06
-9.4567404426608E-08
-3.65925176946417E-06
3.93678160919543E-06
-3.98879837067211E-06
1.00095419847321E-06
5.30071355759441E-06
-3.47857142857142E-06
-3.56064947468964E-06
4.31680161943315E-06
3.48651348651349E-06
-1.85884691848924E-07
-5.13068731849287E-08
-4.1995947315096E-06
2.1599597585513E-06
-6.97896749521987E-08
-8.40447154471585E-07
-7.28599221789861E-07
9.17391304347811E-06
-3.19271332694156E-06
-7.83864541832578E-07
3.24925816023734E-06
-3.18144750254838E-06
9.95083579154344E-07
1.40922473012754E-06
3.05666003976149E-06
-1.21508664627935E-06
9.21606118546842E-07
1.99696663296264E-06
1.79456193353477E-06
-2.46763285024152E-06
1.87872763419481E-06
5.58350100603619E-07
6.19637462235657E-06
-5.38862559241701E-06
2.30530530530533E-06
-4.44066099148726E-06
2.52304264154768E-06
1.06514172053702E-06
5.2779625582058E-06
-2.39098837209297E-06
2.81635495423797E-06
-3.36826062107074E-06
8.41771504551562E-07
3.55402436588778E-06
-7.5631892261157E-07
4.21000000000006E-06
-3.06729896075086E-07
1.24729915537223E-06
-1.28137769994161E-06
3.23875641412615E-06
3.35817188276191E-07
8.86503677201344E-07
5.82703025477708E-06
-5.96241402693013E-06
-9.67321571772247E-07
4.71412498721487E-06
2.63574879227054E-06
3.29862144203117E-06
-1.99656808317356E-06
-4.91474423269499E-08
-3.56610361423047E-06
2.64500455511692E-06
3.99652564888621E-06
3.89378834355827E-06
-3.75328083989504E-06
-1.55866238428088E-07
8.29282988551912E-06
-1.02484842460989E-05
7.79466160151957E-06
-3.87670957361229E-06
-1.98694847569877E-06
4.39667951378588E-06
7.61565836298957E-07
5.6546122606846E-06
-1.23345367027683E-07
-2.6075593084037E-06
-4.24439197166467E-06
2.03584018801407E-06
6.96975706494789E-06
-1.05565972564887E-05
1.19176686366414E-05
-1.58339127843448E-06
-1.67928557561653E-07
3.93378283184058E-06
-4.59573612228475E-06
6.63673703314546E-06
-2.80231495583308E-06
8.60084371233427E-06
3.81372549019605E-06
-6.94621338297244E-06
6.75537359263031E-08
1.34180457052797E-05
-7.04538856092143E-07
-4.45634920634921E-06
-5.7534961385932E-06
3.56681852695522E-06
-4.08159163987137E-06
8.34250410271261E-06
3.27374766160879E-06
1.80198019801983E-06
-7.34050730207551E-07
9.30327036359924E-07
-1.02558976409434E-06
-1.98520105150422E-06
6.51504618134871E-06
8.50933578206292E-07
-3.51250246111438E-06
7.48714465896959E-06
-7.80258638108704E-06
1.46789815277085E-05
-4.49516860579766E-06
4.71497967681173E-06
-8.64478356848063E-06
1.74347471451875E-06
1.01201656063819E-05
-3.79260403591774E-06
7.39244069159629E-06
-3.5618779531517E-06
9.99505195447872E-08
2.78255825195784E-06
-1.59100121605167E-07
6.29827568821215E-06
8.11691423095353E-07
-8.76951145347659E-06
1.01339871804773E-05
1.65610554994336E-06
-1.20963977676307E-05
1.37803254009613E-06
6.42087862545711E-06
1.19335573347159E-05
7.74555208406561E-07
-4.0054156619362E-06
1.22957175235596E-05
-3.14797130194177E-06
-7.28377337681476E-06
6.6857444161746E-07
8.54572864321611E-06
-6.62714084520916E-06
5.6563635303946E-06
9.88801941408134E-06
-2.15041645749878E-06
7.1071891438591E-06
-5.16214233308875E-06
8.86494037818687E-06
-2.36576503835285E-06
-8.87901990811639E-06
7.28827662721896E-06
9.65386238919372E-06
-8.35325496394348E-06
6.96435566000784E-06
1.19148936170213E-05
-1.64989898989899E-05
2.81751106738809E-06
-8.12232594321275E-06
5.88707220473242E-06
1.17156910969011E-05
-5.44636745868811E-07
1.04379488216853E-06
1.05513544558246E-05
6.8248359414439E-07
-1.15420983804446E-05
1.07785467128027E-05
9.65824520172345E-06
6.04787493893512E-07
-3.16120027913467E-06
1.03807696192304E-05
8.62191151120475E-06
-4.94860050890582E-06
-4.21419329152981E-06
-4.21419329152981E-06
dMdT Data
0
0
0
0
0
0
0
0
0
0
0
0
0
0
0
0
0
0
0
0
0
0
0
0
0
0
0
0
0
0
0
0
0
0
0
0
0
0
0
0
0
0
0
0
0
0
0
0
0
0
0
0
0
0
0
0
0
0
0
0
0
0
0
0
0
0
0
0
0
0
0
0
0
0
0
0
0
0
0
0
0
0
0
0
0
0
0
0
0
0
0
0
0
0
0
0
0
0
0
0
0
0
0
0
0
0
0
0
0
0
0
0
0
0
0
0
0
0
0
0
0
0
0
0
0
0
0
0
0
0
0
0
0
0
0
0
0
0
0
0
0
0
0
0
0
0
0
0
0
0
0
0
0
0
0
0
0
0
0
0
0
0
0
0
0
0
0
0
0
0
0
0
0
0
0
0
0
0
0
0
0
0
0
0
0
0
0
0
0
0
0
0
0
0
0
0
0
0
0
0
0
0
0
0
0
0
0
0
0
0
0
0
0
0
0
0
0
0
0
0
0
0
0
0
0
0
0
0
0
0
0
0
0
0
0
0
0
0
0
0
0
0
0
0
0
0
0
0
0
0
0
0
0
0
0
0
0
0
0
0
0
0
0
0
0
0
0
0
0
0
0
0
0
0
0
0
0
0
0
0
0
0
0
0
0
0
0
0
0
0
0
0
0
 
*********************************************** Results ***************************************
 
TotalArea 0
AreaFirstQuad 0
AreaSecondQuad 0
AreaThirdQuad 0
AreaFourthQuad 0
Coercivity 0
PositiveCoercivity 0
NegativeCoercivity 0
Retentivity 2.39237574069247E-04
PositiveRetentivity -3.66040099859343E-03
NegativeRetentivity -3.18192585045494E-03
Magnetization 0.00490335
PositiveMagnetization -0.00242557
NegativeMagnetization -0.00490335
Flatness 14.3002763584868
Squareness 4.87906378433616E-02
SStar 0
SFD1 0
SFD2 0
Slope 0
Intercept 0
SlopeAtHc -4.21419329152981E-06
dH1 254.637597549732
dH2 705.355
InitialSlope 4.69760900140685E-07
FieldAtHalfMs 344.25
FieldAtMs 324.378
MomentMean -4.09052703071672E-03
MomentRMS 6.41470378347792E-04
SFD3 0
dH3 509.275195099464
UserField1 0
UserField2 0
CenterField 0
ExchangeField 0
ExchangeMoment 0
ExRegionOneIntercept 0
ExRegionOneSlope 0
ExRegionTwoIntercept 0
ExRegionTwoSlope 0
NegativeIntercept 0
NegativeSlope 0
AutoCenterOffset 0
PinningField 0
PinningMoment 0
PinRegionOneIntercept 0
PinRegionOneSlope 0
PinRegionTwoIntercept 0
PinRegionTwoSlope 0
PositiveIntercept 0
PositiveSlope 0
TotalOffset 0
BHMax 0
BCoercivity 0
BRetentivity 0
BNegativeCoercivity 0
BPositiveCoercivity 0
BNegativeRetentivity 0
BPositiveRetentivity 0
MomentYMean -5.99605112627986E-03
MomentYRMS 1.96981469947034E-04
YOffCorrection 0
Mrt 0
Ms1 0
Ms2 0
Ms3 0
Hc2 0
Hex2 0
HsatValue 0
HsatIntercept 0
HsatSlope 0
CenterH 0
Span .00247778
SpanAsPercentOfRange -46.7505660377358
RMSAsPercentOfRange -12.1032146858074
SpanAsPercentOfMean -60.5736126761606
RMSAsPercentOfMean -15.6818515934705
