Version 1.25
******************************************** Units *******************************************
System CGS
TemperatureUnit K
MomentUnit emu
AppliedFieldUnit G
 
******************************************** Setup ********************************************
 
Experiment CustomField
Minor False
Acquisition Continuous
EditedPoint No
MaxField 15000
FieldIncrement 100
Points 293
MinField 0
RampRate 10
AverageTime 0.3
TimeInterval 0
TimeConstant 0.1
TimeConstantIndex 0
Sensitivity -0.0053
SensitivityIndex 5
SensitivityY -400
SensitivityIndexY 0
SaturationField 8000
ExperimentTime 100
Use735Domains True
AutoRangeEnabled False
NumberOfVertices 2
VertexPts
0
292
VertexField
-557.8112
2393.9014
StartAngle 0
EndAngle 0
AngleIncrement 0
StartTemp 0
FinishTemp 0
TempIncrement 0
TempPoints 0
LengthofSetPointsArray 293
SetPointArray
-557.81119
-547.70259
-537.59398
-527.48538
-517.37678
-507.26817
-497.15957
-487.05096
-476.94236
-466.83375
-456.72515
-446.61654
-436.50794
-426.39933
-416.29073
-406.18212
-396.07352
-385.96491
-375.85631
-365.7477
-355.6391
-345.53049
-335.42189
-325.31328
-315.20468
-305.09607
-294.98747
-284.87886
-274.77026
-264.66165
-254.55305
-244.44444
-234.33584
-224.22723
-214.11863
-204.01003
-193.90142
-183.79282
-173.68421
-163.57561
-153.467
-143.3584
-133.24979
-123.14119
-113.03258
-102.92398
-92.81537
-82.70677
-72.59816
-62.48956
-52.38095
-42.27235
-32.16374
-22.05514
-11.94653
-1.83793
8.27068
18.37928
28.48789
38.59649
48.7051
58.8137
68.92231
79.03091
89.13952
99.24812
109.35673
119.46533
129.57393
139.68254
149.79114
159.89975
170.00835
180.11696
190.22556
200.33417
210.44277
220.55138
230.65998
240.76859
250.87719
260.9858
271.0944
281.20301
291.31161
301.42022
311.52882
321.63743
331.74603
341.85464
351.96324
362.07185
372.18045
382.28906
392.39766
402.50627
412.61487
422.72348
432.83208
442.94069
453.04929
463.15789
473.2665
483.3751
493.48371
503.59231
513.70092
523.80952
533.91813
544.02673
554.13534
564.24394
574.35255
584.46115
594.56976
604.67836
614.78697
624.89557
635.00418
645.11278
655.22139
665.32999
675.4386
685.5472
695.65581
705.76441
715.87302
725.98162
736.09023
746.19883
756.30744
766.41604
776.52464
786.63325
796.74185
806.85046
816.95906
827.06767
837.17627
847.28488
857.39348
867.50209
877.61069
887.7193
897.8279
907.93651
918.04511
928.15372
938.26232
948.37093
958.47953
968.58814
978.69674
988.80535
998.91395
1009.02256
1019.13116
1029.23977
1039.34837
1049.45698
1059.56558
1069.67419
1079.78279
1089.8914
1100
1110.1086
1120.21721
1130.32581
1140.43442
1150.54302
1160.65163
1170.76023
1180.86884
1190.97744
1201.08605
1211.19465
1221.30326
1231.41186
1241.52047
1251.62907
1261.73768
1271.84628
1281.95489
1292.06349
1302.1721
1312.2807
1322.38931
1332.49791
1342.60652
1352.71512
1362.82373
1372.93233
1383.04094
1393.14954
1403.25815
1413.36675
1423.47536
1433.58396
1443.69256
1453.80117
1463.90977
1474.01838
1484.12698
1494.23559
1504.34419
1514.4528
1524.5614
1534.67001
1544.77861
1554.88722
1564.99582
1575.10443
1585.21303
1595.32164
1605.43024
1615.53885
1625.64745
1635.75606
1645.86466
1655.97327
1666.08187
1676.19048
1686.29908
1696.40769
1706.51629
1716.6249
1726.7335
1736.84211
1746.95071
1757.05931
1767.16792
1777.27652
1787.38513
1797.49373
1807.60234
1817.71094
1827.81955
1837.92815
1848.03676
1858.14536
1868.25397
1878.36257
1888.47118
1898.57978
1908.68839
1918.79699
1928.9056
1939.0142
1949.12281
1959.23141
1969.34002
1979.44862
1989.55723
1999.66583
2009.77444
2019.88304
2029.99165
2040.10025
2050.20886
2060.31746
2070.42607
2080.53467
2090.64327
2100.75188
2110.86048
2120.96909
2131.07769
2141.1863
2151.2949
2161.40351
2171.51211
2181.62072
2191.72932
2201.83793
2211.94653
2222.05514
2232.16374
2242.27235
2252.38095
2262.48956
2272.59816
2282.70677
2292.81537
2302.92398
2313.03258
2323.14119
2333.24979
2343.3584
2353.467
2363.57561
2373.68421
2383.79282
2393.90142
FieldDomainFile C:\IDEASVSM\Default UserID\Experiments\FORCexp0165B\fdomain.ini
TempDomainFile C:\IDEASVSM\Default UserID\Experiments\FORCexp0165B\tdomain.ini
NumSelectedResults 0
ResultsSelected 
UserName1 
UserValue1 
UserName2 
UserValue2 
LinearBackgroundCorrection Off
MaxLinearFieldCorrection 
MinLinearFieldCorrection 
AutoLinearCorrection Off
FitOneRegion Off
BackgroundMode Off
BackgroundFilename 
AutoCenter Off
OffsetCorrection 
SmoothDeriv Off
DerivOrder 0
DerivPoints 0
MinExFieldOne 
MaxExFieldOne 
MinExFieldTwo 
MaxExFieldTwo 
MinPinFieldOne 
MaxPinFieldOne 
MinPinFieldTwo 
MaxPinFieldTwo 
HCenterStart 
Mass 
Volume 
Density 
MolarWeight 
NumberOfMoles 
Demagnetization 
SampleArea 
Thickness 
MomentScaling 0
XAxis 0
YAxis 0
SimpleSpinValve False
HsatMax 0
HsatMin 0
FieldAutoRange False
 
*************************************************** Experiment Data ********************************************
 
DataPoints 293
MomentX Data
0.00169338
0.0017413
0.00173793
0.00177191
0.00172264
0.00180086
0.00184372
0.00185432
0.0018569
0.00184431
0.00188768
0.00190077
0.0019421
0.00194949
0.00197563
0.00196598
0.00201566
0.0020276
0.00201641
0.00208238
0.00205216
0.00207602
0.00209359
0.00212949
0.00213135
0.00216062
0.0021954
0.00222589
0.00220729
0.00225002
0.00224489
0.00229299
0.00227066
0.00231519
0.00232896
0.002315
0.00230338
0.00231222
0.00239193
0.00242227
0.00240922
0.00242223
0.00246138
0.00244752
0.00250107
0.00247849
0.00251721
0.0025009
0.00254749
0.00257582
0.00258854
0.00256331
0.00260233
0.00261186
0.0026512
0.00265172
0.00272572
0.00268663
0.00270841
0.00272916
0.0027867
0.00275861
0.002811
0.00278789
0.00276934
0.00282081
0.0028596
0.00290382
0.00288801
0.00286251
0.00290211
0.00290729
0.00297192
0.00296668
0.0029388
0.00298467
0.0030071
0.0029464
0.00303776
0.00305477
0.00308149
0.00303491
0.00307851
0.00307469
0.00312503
0.0031341
0.00316503
0.00313002
0.00318495
0.00318626
0.00320708
0.00322142
0.0031722
0.00319362
0.00327656
0.00323789
0.00325045
0.0033118
0.00330926
0.00334221
0.00332545
0.0033358
0.00336982
0.00342378
0.00343275
0.00344877
0.00342925
0.00345308
0.00350518
0.00348267
0.00351182
0.00350443
0.00353339
0.00359305
0.00353328
0.00356246
0.0035419
0.00357893
0.00363454
0.00366066
0.00364174
0.00366895
0.00363554
0.00369714
0.00368955
0.00373402
0.00373491
0.00379878
0.00379511
0.00374274
0.00378913
0.00379929
0.00382443
0.00382315
0.00386985
0.00390408
0.00392125
0.00390897
0.00390556
0.00385882
0.0039088
0.00388421
0.0039577
0.00399697
0.00400054
0.00399356
0.00398115
0.00401689
0.00403311
0.00406247
0.00403921
0.00405647
0.00405675
0.00405661
0.00405541
0.00405092
0.00403653
0.00408288
0.00411068
0.00409026
0.00412643
0.00417567
0.00416233
0.00417943
0.00424758
0.00419446
0.00423323
0.00424754
0.00415517
0.00421382
0.00418892
0.00423695
0.0042327
0.00420824
0.00425158
0.00428877
0.0042535
0.00429584
0.00430548
0.00428471
0.00428663
0.00430261
0.0043216
0.00438283
0.00430943
0.00430749
0.00434656
0.00436531
0.00439546
0.00434285
0.00439957
0.00439791
0.00435615
0.00434486
0.00435646
0.0044214
0.00437282
0.0044362
0.00445759
0.00443582
0.00442377
0.00438488
0.00437548
0.00446138
0.00442649
0.0043799
0.00450686
0.00448412
0.00449647
0.00446468
0.004524
0.00451378
0.0044437
0.00441984
0.00441956
0.0044502
0.00448084
0.00459182
0.00450688
0.00454291
0.00450979
0.0045144
0.00447444
0.00449145
0.00451911
0.00451246
0.00455047
0.0045603
0.00459335
0.00457719
0.00452956
0.00453944
0.0045953
0.00463441
0.00460393
0.00459159
0.00458016
0.00457615
0.00455397
0.00461365
0.00461599
0.00461017
0.00467492
0.00466376
0.00465202
0.00464886
0.00465896
0.00467595
0.00469019
0.00461425
0.00467284
0.00467227
0.00470367
0.00472652
0.00474358
0.00467601
0.0046627
0.00463085
0.00468694
0.00470306
0.00468422
0.00472337
0.00477151
0.00472107
0.00471253
0.0047498
0.00472924
0.00476347
0.00473089
0.00469821
0.00474408
0.00465644
0.0047507
0.00478754
0.00471764
0.00477517
0.00469844
0.00471355
0.0046613
0.00476786
0.00476415
0.0047308
0.00481745
0.0048022
0.00480198
0.00468802
0.00483039
0.00478785
0.00482395
0.00473706
0.00478657
0.00479183
0.00475924
MomentY Data
-0.00651677
-0.00693003
-0.0070254
-0.00664393
-0.00693003
-0.00651677
-0.00667572
-0.00693003
-0.00667572
-0.00658035
-0.00677109
-0.00678698
-0.0067393
-0.00705719
-0.00694593
-0.00680288
-0.00670751
-0.00664393
-0.00699361
-0.00670751
-0.00680288
-0.0067234
-0.00677109
-0.00680288
-0.00664393
-0.0067393
-0.00683467
-0.00680288
-0.00708898
-0.00716845
-0.00689824
-0.0070413
-0.00664393
-0.00693003
-0.0070413
-0.00694593
-0.00680288
-0.00680288
-0.00683467
-0.00683467
-0.0067393
-0.00654856
-0.00683467
-0.00699361
-0.00683467
-0.00658035
-0.00626246
-0.0067393
-0.00699361
-0.0070413
-0.00708898
-0.00689824
-0.00680288
-0.00677109
-0.0064532
-0.00658035
-0.00720024
-0.00694593
-0.00696182
-0.00694593
-0.00708898
-0.00696182
-0.00664393
-0.00689824
-0.00669161
-0.00705719
-0.00694593
-0.00664393
-0.00654856
-0.00648499
-0.00688235
-0.00683467
-0.00688235
-0.00678698
-0.00693003
-0.00693003
-0.00686646
-0.00705719
-0.00661214
-0.00689824
-0.00715256
-0.0070413
-0.00667572
-0.00689824
-0.00689824
-0.00710487
-0.00694593
-0.00680288
-0.00677109
-0.00689824
-0.00689824
-0.00685056
-0.00710487
-0.00677109
-0.00688235
-0.00694593
-0.00705719
-0.0070254
-0.00707308
-0.00681877
-0.00680288
-0.0064532
-0.00677109
-0.0070254
-0.00686646
-0.00715256
-0.00693003
-0.0067393
-0.00705719
-0.00680288
-0.0067393
-0.00670751
-0.00694593
-0.00661214
-0.00675519
-0.00694593
-0.00678698
-0.00697772
-0.00700951
-0.00686646
-0.0076135
-0.00708898
-0.00686646
-0.0070254
-0.00693003
-0.00716845
-0.00683467
-0.00696182
-0.00715256
-0.00700951
-0.00720024
-0.00715256
-0.00683467
-0.00715256
-0.00735919
-0.00678698
-0.00700951
-0.00724792
-0.00710487
-0.0073115
-0.00724792
-0.00742277
-0.00700951
-0.00715256
-0.00720024
-0.00724792
-0.00689824
-0.00715256
-0.00726382
-0.00720024
-0.00699361
-0.00693003
-0.00699361
-0.00724792
-0.00710487
-0.00715256
-0.00689824
-0.00742277
-0.00713666
-0.00705719
-0.00710487
-0.00693003
-0.00708898
-0.00724792
-0.00677109
-0.00696182
-0.00699361
-0.00696182
-0.00747045
-0.00715256
-0.0067393
-0.00694593
-0.00720024
-0.00721614
-0.00696182
-0.00694593
-0.00710487
-0.00697772
-0.00693003
-0.00705719
-0.00715256
-0.00700951
-0.00683467
-0.00699361
-0.00691414
-0.00715256
-0.00720024
-0.0073115
-0.00751813
-0.00720024
-0.00699361
-0.00708898
-0.00697772
-0.00696182
-0.00699361
-0.00699361
-0.00705719
-0.00708898
-0.00697772
-0.00729561
-0.00716845
-0.00696182
-0.00734329
-0.00751813
-0.00708898
-0.00688235
-0.00681877
-0.0064532
-0.00705719
-0.00715256
-0.0073115
-0.00713666
-0.00681877
-0.0067393
-0.00713666
-0.00726382
-0.00720024
-0.00735919
-0.00689824
-0.00689824
-0.0070413
-0.00726382
-0.0073115
-0.00720024
-0.00712077
-0.00715256
-0.00734329
-0.00724792
-0.00720024
-0.00708898
-0.00705719
-0.0070413
-0.00699361
-0.00699361
-0.00694593
-0.00724792
-0.0073115
-0.00710487
-0.00699361
-0.00720024
-0.00708898
-0.00720024
-0.00710487
-0.0070413
-0.0067393
-0.00685056
-0.00726382
-0.0073115
-0.00689824
-0.00712077
-0.00747045
-0.00720024
-0.00751813
-0.00720024
-0.00697772
-0.00689824
-0.00751813
-0.0070413
-0.00689824
-0.00680288
-0.00694593
-0.00693003
-0.00729561
-0.00705719
-0.00737508
-0.00689824
-0.00693003
-0.00697772
-0.00661214
-0.00686646
-0.00694593
-0.00683467
-0.00713666
-0.00724792
-0.00683467
-0.0070413
-0.00680288
-0.00699361
-0.00693003
-0.0073115
-0.00708898
-0.00720024
-0.00735919
-0.00699361
-0.00721614
-0.00710487
-0.00720024
-0.00751813
-0.00715256
-0.00694593
-0.00735919
-0.00705719
-0.00699361
Field Data
-557.053
-550.746
-541.426
-531.056
-520.848
-510.866
-500.809
-490.533
-480.549
-470.476
-460.208
-450.242
-440.337
-429.997
-419.832
-409.965
-399.47
-389.607
-379.699
-369.694
-359.23
-349.357
-339.347
-328.9
-319.068
-309.075
-298.869
-288.742
-278.731
-268.897
-258.374
-248.318
-238.361
-228.463
-218.374
-207.946
-198.066
-188.111
-177.688
-167.8
-157.818
-147.572
-137.497
-127.463
-117.606
-107.085
-97.141
-87.0388
-77.153
-67.2435
-56.5926
-46.8685
-37.0414
-26.6276
-16.5811
-6.67629
3.37745
13.733
23.7493
33.4694
43.7331
53.995
64.2999
74.1003
84.0413
94.1331
104.184
114.468
124.585
134.413
144.854
154.584
165.057
174.996
184.839
195.282
205.126
215.028
225.31
235.476
245.368
255.463
265.809
275.682
285.588
295.949
305.894
316.317
325.768
336.235
346.383
356.27
366.254
376.383
386.712
396.569
406.56
416.983
426.813
436.781
447.062
457.177
467.143
477.362
487.194
497.308
507.607
519.679
530.924
541.195
551.07
561.017
571.408
581.406
591.296
601.605
611.674
621.614
631.905
641.897
652.079
661.962
671.981
681.922
692.338
702.26
712.19
722.485
732.67
742.447
752.516
762.943
772.747
782.629
793.094
803.013
813.407
823.13
833.181
843.531
853.344
863.4
873.617
883.711
893.792
903.761
913.872
923.96
934.014
944.364
954.133
964.088
974.296
984.567
994.407
1004.51
1014.74
1024.73
1034.62
1044.99
1055.03
1064.94
1074.91
1085.59
1095.15
1105.36
1115.46
1125.55
1135.43
1145.69
1155.81
1165.68
1175.64
1186.03
1196.09
1205.98
1216.2
1226.31
1236.51
1246.39
1256.28
1266.61
1276.57
1286.65
1296.69
1307.13
1316.81
1326.86
1337.26
1347.12
1357.18
1367.49
1377.46
1387.38
1397.6
1407.42
1417.57
1427.92
1437.73
1447.68
1458.15
1468.18
1478.05
1488.29
1497.99
1508.41
1518.42
1528.69
1538.54
1548.4
1558.93
1568.77
1578.78
1589.05
1599.06
1609.16
1618.98
1629.52
1639.52
1649.11
1659.46
1669.49
1679.75
1689.67
1699.52
1709.77
1719.89
1729.81
1739.87
1750.31
1760.18
1770.03
1780.59
1790.38
1800.29
1810.54
1820.69
1830.96
1840.76
1850.69
1861.06
1871.13
1880.89
1890.97
1901.41
1911.2
1921.2
1931.42
1941.53
1951.73
1961.45
1971.92
1981.9
1991.94
2001.79
2011.95
2022.24
2032.29
2042.2
2052.32
2062.31
2072.59
2082.56
2092.67
2102.7
2112.72
2123.08
2132.91
2142.81
2153.37
2163.09
2173.04
2183.33
2193.43
2203.28
2213.31
2223.71
2233.59
2243.91
2253.81
2263.6
2274.05
2284.07
2294.01
2304.13
2314.27
2324.17
2334.24
2344.74
2354.49
2364.64
2374.99
2384.58
Time Data
0
0.3
0.6
0.9
1.2
1.5
1.8
2.1
2.4
2.7
3
3.3
3.6
3.9
4.2
4.5
4.8
5.1
5.4
5.7
6
6.3
6.6
6.9
7.2
7.5
7.8
8.1
8.4
8.7
9
9.3
9.6
9.9
10.2
10.5
10.8
11.1
11.4
11.7
12
12.3
12.6
12.9
13.2
13.5
13.8
14.1
14.4
14.7
15
15.3
15.6
15.9
16.2
16.5
16.8
17.1
17.4
17.7
18
18.3
18.6
18.9
19.2
19.5
19.8
20.1
20.4
20.7
21
21.3
21.6
21.9
22.2
22.5
22.8
23.1
23.4
23.7
24
24.3
24.6
24.9
25.2
25.5
25.8
26.1
26.4
26.7
27
27.3
27.6
27.9
28.2
28.5
28.8
29.1
29.4
29.7
30.0000000000001
30.3000000000001
30.6000000000001
30.9000000000001
31.2000000000001
31.5000000000001
31.8000000000001
32.1000000000001
32.4
32.7
33
33.3
33.6
33.9
34.2
34.5
34.8
35.1
35.4
35.7
36
36.3
36.6
36.9
37.2
37.5
37.8
38.1
38.4
38.7
39
39.3
39.6
39.9
40.2
40.5
40.8
41.1
41.4
41.7
42
42.3
42.6
42.8999999999999
43.1999999999999
43.4999999999999
43.7999999999999
44.0999999999999
44.3999999999999
44.6999999999999
44.9999999999999
45.2999999999999
45.5999999999999
45.8999999999999
46.1999999999999
46.4999999999999
46.7999999999999
47.0999999999999
47.3999999999999
47.6999999999999
47.9999999999999
48.2999999999999
48.5999999999999
48.8999999999999
49.1999999999999
49.4999999999999
49.7999999999999
50.0999999999999
50.3999999999999
50.6999999999999
50.9999999999999
51.2999999999999
51.5999999999999
51.8999999999999
52.1999999999999
52.4999999999999
52.7999999999999
53.0999999999999
53.3999999999998
53.6999999999998
53.9999999999998
54.2999999999998
54.5999999999998
54.8999999999998
55.1999999999998
55.4999999999998
55.7999999999998
56.0999999999998
56.3999999999998
56.6999999999998
56.9999999999998
57.2999999999998
57.5999999999998
57.8999999999998
58.1999999999998
58.4999999999998
58.7999999999998
59.0999999999998
59.3999999999998
59.6999999999998
59.9999999999998
60.2999999999998
60.5999999999998
60.8999999999998
61.1999999999998
61.4999999999998
61.7999999999998
62.0999999999998
62.3999999999998
62.6999999999998
62.9999999999998
63.2999999999998
63.5999999999998
63.8999999999998
64.1999999999997
64.4999999999997
64.7999999999997
65.0999999999997
65.3999999999997
65.6999999999997
65.9999999999997
66.2999999999997
66.5999999999997
66.8999999999997
67.1999999999997
67.4999999999997
67.7999999999997
68.0999999999997
68.3999999999997
68.6999999999997
68.9999999999997
69.2999999999997
69.5999999999997
69.8999999999997
70.1999999999997
70.4999999999997
70.7999999999997
71.0999999999997
71.3999999999997
71.6999999999997
71.9999999999997
72.2999999999997
72.5999999999997
72.8999999999997
73.1999999999997
73.4999999999997
73.7999999999997
74.0999999999997
74.3999999999997
74.6999999999996
74.9999999999996
75.2999999999996
75.5999999999996
75.8999999999996
76.1999999999996
76.4999999999996
76.7999999999996
77.0999999999996
77.3999999999996
77.6999999999996
77.9999999999996
78.2999999999996
78.5999999999996
78.8999999999996
79.1999999999996
79.4999999999996
79.7999999999996
80.0999999999996
80.3999999999996
80.6999999999996
80.9999999999996
81.2999999999996
81.5999999999996
81.8999999999996
82.1999999999996
82.4999999999996
82.7999999999996
83.0999999999996
83.3999999999996
83.6999999999996
83.9999999999996
84.2999999999996
84.5999999999996
84.8999999999996
85.1999999999995
85.4999999999995
85.7999999999995
86.0999999999995
86.3999999999995
86.6999999999995
86.9999999999995
87.2999999999995
87.5999999999995
Temperature Data
0
0
0
0
0
0
0
0
0
0
0
0
0
0
0
0
0
0
0
0
0
0
0
0
0
0
0
0
0
0
0
0
0
0
0
0
0
0
0
0
0
0
0
0
0
0
0
0
0
0
0
0
0
0
0
0
0
0
0
0
0
0
0
0
0
0
0
0
0
0
0
0
0
0
0
0
0
0
0
0
0
0
0
0
0
0
0
0
0
0
0
0
0
0
0
0
0
0
0
0
0
0
0
0
0
0
0
0
0
0
0
0
0
0
0
0
0
0
0
0
0
0
0
0
0
0
0
0
0
0
0
0
0
0
0
0
0
0
0
0
0
0
0
0
0
0
0
0
0
0
0
0
0
0
0
0
0
0
0
0
0
0
0
0
0
0
0
0
0
0
0
0
0
0
0
0
0
0
0
0
0
0
0
0
0
0
0
0
0
0
0
0
0
0
0
0
0
0
0
0
0
0
0
0
0
0
0
0
0
0
0
0
0
0
0
0
0
0
0
0
0
0
0
0
0
0
0
0
0
0
0
0
0
0
0
0
0
0
0
0
0
0
0
0
0
0
0
0
0
0
0
0
0
0
0
0
0
0
0
0
0
0
0
0
0
0
0
0
0
0
0
0
0
0
0
0
0
0
0
0
0
0
0
0
0
0
0
0
0
0
0
0
0
Angle Data
0
0
0
0
0
0
0
0
0
0
0
0
0
0
0
0
0
0
0
0
0
0
0
0
0
0
0
0
0
0
0
0
0
0
0
0
0
0
0
0
0
0
0
0
0
0
0
0
0
0
0
0
0
0
0
0
0
0
0
0
0
0
0
0
0
0
0
0
0
0
0
0
0
0
0
0
0
0
0
0
0
0
0
0
0
0
0
0
0
0
0
0
0
0
0
0
0
0
0
0
0
0
0
0
0
0
0
0
0
0
0
0
0
0
0
0
0
0
0
0
0
0
0
0
0
0
0
0
0
0
0
0
0
0
0
0
0
0
0
0
0
0
0
0
0
0
0
0
0
0
0
0
0
0
0
0
0
0
0
0
0
0
0
0
0
0
0
0
0
0
0
0
0
0
0
0
0
0
0
0
0
0
0
0
0
0
0
0
0
0
0
0
0
0
0
0
0
0
0
0
0
0
0
0
0
0
0
0
0
0
0
0
0
0
0
0
0
0
0
0
0
0
0
0
0
0
0
0
0
0
0
0
0
0
0
0
0
0
0
0
0
0
0
0
0
0
0
0
0
0
0
0
0
0
0
0
0
0
0
0
0
0
0
0
0
0
0
0
0
0
0
0
0
0
0
0
0
0
0
0
0
0
0
0
0
0
0
0
0
0
0
0
0
Bx Data
0
0
0
0
0
0
0
0
0
0
0
0
0
0
0
0
0
0
0
0
0
0
0
0
0
0
0
0
0
0
0
0
0
0
0
0
0
0
0
0
0
0
0
0
0
0
0
0
0
0
0
0
0
0
0
0
0
0
0
0
0
0
0
0
0
0
0
0
0
0
0
0
0
0
0
0
0
0
0
0
0
0
0
0
0
0
0
0
0
0
0
0
0
0
0
0
0
0
0
0
0
0
0
0
0
0
0
0
0
0
0
0
0
0
0
0
0
0
0
0
0
0
0
0
0
0
0
0
0
0
0
0
0
0
0
0
0
0
0
0
0
0
0
0
0
0
0
0
0
0
0
0
0
0
0
0
0
0
0
0
0
0
0
0
0
0
0
0
0
0
0
0
0
0
0
0
0
0
0
0
0
0
0
0
0
0
0
0
0
0
0
0
0
0
0
0
0
0
0
0
0
0
0
0
0
0
0
0
0
0
0
0
0
0
0
0
0
0
0
0
0
0
0
0
0
0
0
0
0
0
0
0
0
0
0
0
0
0
0
0
0
0
0
0
0
0
0
0
0
0
0
0
0
0
0
0
0
0
0
0
0
0
0
0
0
0
0
0
0
0
0
0
0
0
0
0
0
0
0
0
0
0
0
0
0
0
0
0
0
0
0
0
0
Hint Data
0
0
0
0
0
0
0
0
0
0
0
0
0
0
0
0
0
0
0
0
0
0
0
0
0
0
0
0
0
0
0
0
0
0
0
0
0
0
0
0
0
0
0
0
0
0
0
0
0
0
0
0
0
0
0
0
0
0
0
0
0
0
0
0
0
0
0
0
0
0
0
0
0
0
0
0
0
0
0
0
0
0
0
0
0
0
0
0
0
0
0
0
0
0
0
0
0
0
0
0
0
0
0
0
0
0
0
0
0
0
0
0
0
0
0
0
0
0
0
0
0
0
0
0
0
0
0
0
0
0
0
0
0
0
0
0
0
0
0
0
0
0
0
0
0
0
0
0
0
0
0
0
0
0
0
0
0
0
0
0
0
0
0
0
0
0
0
0
0
0
0
0
0
0
0
0
0
0
0
0
0
0
0
0
0
0
0
0
0
0
0
0
0
0
0
0
0
0
0
0
0
0
0
0
0
0
0
0
0
0
0
0
0
0
0
0
0
0
0
0
0
0
0
0
0
0
0
0
0
0
0
0
0
0
0
0
0
0
0
0
0
0
0
0
0
0
0
0
0
0
0
0
0
0
0
0
0
0
0
0
0
0
0
0
0
0
0
0
0
0
0
0
0
0
0
0
0
0
0
0
0
0
0
0
0
0
0
0
0
0
0
0
0
Torque Data
3.63018627881
3.81668630238
3.8037342204
3.52829889008
3.60949226544
3.32919622282
3.34326065748
3.39940840599
3.20801057028
3.0958967466
3.11610978672
3.05578344916
2.9675631441
3.03457052843
2.91612368376
2.7889426992
2.6794490197
2.58852163551
2.65546672339
2.47972620194
2.4437985824
2.3488668538
2.29774907823
2.237467232
2.11986545724
2.0829491475
2.04267098823
1.96427717696
1.97591848438
1.92757469965
1.78232586176
1.7484815334
1.58365379873
1.58325544389
1.5376368462
1.44437835978
1.34741923008
1.27969655968
1.21443884296
1.146857626
1.0635828474
0.96638409632
0.93974662099
0.89142651143
0.80379820002
0.70465677975
0.60834162686
0.58658058484
0.53957799233
0.47348165655
0.401183809548
0.32331016144
0.251988199232
0.180297876084
0.10700115452
0.0439323249015
-0.024318450588
-0.09538845669
-0.165338351726
-0.232476109542
-0.310023071238
-0.3759034709
-0.427204034607
-0.511161653472
-0.562371603493
-0.664315171989
-0.72365477112
-0.76051737924
-0.8158523476
-0.87166696087
-0.9969359269
-1.05653062728
-1.13598004395
-1.18769435208
-1.28093981517
-1.35331011846
-1.40848947396
-1.51749345132
-1.4897812634
-1.62436996224
-1.75500934208
-1.7987916219
-1.77446645748
-1.90172059968
-1.97005456512
-2.10267917163
-2.12471831142
-2.15186659296
-2.20580444712
-2.3194297264
-2.38943306592
-2.4406490112
-2.60218705698
-2.54852316747
-2.6614873332
-2.75454051417
-2.8691711664
-2.9294723682
-3.01888249404
-2.97830917937
-3.04130913856
-2.9502546164
-3.16306729587
-3.3536589948
-3.34529811324
-3.55702530848
-3.51773173821
-3.5022726847
-3.74683154356
-3.6816846416
-3.713826051
-3.76302713767
-3.96895996944
-3.84433786884
-3.99431682624
-4.17870621765
-4.15141920452
-4.33744844008
-4.42934441655
-4.40756007462
-4.9646034665
-4.69263537876
-4.61413065726
-4.7907748188
-4.79792311014
-5.034115697
-4.8675836273
-5.0298105227
-5.2404661352
-5.20418967097
-5.41829580384
-5.45699558408
-5.28147073849
-5.59780088024
-5.83652943386
-5.45003317074
-5.70158450057
-5.9659803896
-5.91964269147
-6.1674769065
-6.18496904448
-6.408819618
-6.12362709767
-6.32079595016
-6.43551691008
-6.55038742712
-6.30410838528
-6.6086793376
-6.78450957348
-6.79964744736
-6.67283409013
-6.68115876264
-6.81384624856
-7.13606285064
-7.06513246209
-7.1848180456
-6.9999200576
-7.6063351021
-7.3837311692
-7.3746929781
-7.4958509961
-7.3800661482
-7.6200154918
-7.8682694728
-7.4153592135
-7.6953173552
-7.8010922106
-7.835876501
-8.4821730435
-8.1946164664
-7.789350333
-8.0967316824
-8.4648901536
-8.5585585242
-8.3269632838
-8.3766526614
-8.640942894
-8.5568478132
-8.5690513953
-8.7960110441
-8.9856180768
-8.8783154611
-8.7249346819
-8.9983283065
-8.9654961966
-9.3493257528
-9.4813480344
-9.70133689
-10.0536945238
-9.6995873088
-9.4915876198
-9.6941092602
-9.6115301912
-9.6586898316
-9.774269336
-9.8429465862
-10.0040608283
-10.1224963216
-10.0320773756
-10.5617086848
-10.4526753675
-10.2212048876
-10.8537497845
-11.1891576977
-10.6192211502
-10.3814055635
-10.3537567434
-9.864942308
-10.8577691026
-11.075023904
-11.398116695
-11.1957781082
-10.7653377006
-10.709084665
-11.4119475396
-11.6886485912
-11.6570445552
-11.9919472888
-11.3098024448
-11.3759565664
-11.684755698
-12.1268748518
-12.281492125
-12.1660295208
-12.1018910304
-12.2292325112
-12.6296510381
-12.5375244952
-12.5274815688
-12.4079125838
-12.4219246942
-12.463312239
-12.4527520299
-12.5212194718
-12.5046883197
-13.1226490768
-13.311974935
-13.0087327752
-12.8735575436
-13.3254121656
-13.1930171188
-13.4725850712
-13.3634789343
-13.314887061
-12.814172413
-13.092790272
-13.955250984
-14.12157733
-13.3931399072
-13.8978204321
-14.6529141525
-14.1982972608
-14.900181847
-14.3424460656
-13.9679301188
-13.878913968
-15.2034632112
-14.309963577
-14.087585728
-13.9616866816
-14.3246608983
-14.3631108777
-15.1935455616
-14.7683697973
-15.507580716
-14.5740496128
-14.7130080924
-14.8828487652
-14.1685597134
-14.7860289702
-15.0246717237
-14.8520112968
-15.5816838778
-15.8978051656
-15.0586917176
-15.584579703
-15.1276322848
-15.6208573599
-15.5503636173
-16.478731815
-16.046615128
-16.373705772
-16.8089051033
-16.0434112761
-16.6269246582
-16.4425874949
-16.7345818008
-17.5491197712
-16.7708935344
-16.3541227257
-17.4018350416
-16.7607556781
-16.6768225338
dMdH Data
7.59790708736325E-06
-3.61587982832637E-07
3.27675988428159E-06
-4.82660658307207E-06
7.8361049889802E-06
4.26170826290148E-06
1.03152977812378E-06
2.58413461538468E-07
-1.24987590588703E-06
4.22380210362292E-06
1.31346578366445E-06
4.17264008076728E-06
7.14700193423591E-07
2.57156910969011E-06
-9.78007499746622E-07
4.73368270605051E-06
1.21058501470143E-06
-1.12939039160273E-06
6.59370314842577E-06
-2.88799694189603E-06
2.4166919882508E-06
1.75524475524476E-06
3.43639322293479E-06
1.891781936534E-07
2.92905033523463E-06
3.4077993337253E-06
3.0107633060136E-06
-1.85795624812703E-06
4.34512914378685E-06
-4.87503563622574E-07
4.7832140015911E-06
-2.24264336647585E-06
4.49888866437665E-06
1.3648528099911E-06
-1.33870349060226E-06
-1.17611336032388E-06
8.8799598191863E-07
7.64751031372927E-06
3.06836569579287E-06
-1.30735323582445E-06
1.26976381026741E-06
3.88585607940447E-06
-1.38130356786925E-06
5.43268743025264E-06
-2.14618382283056E-06
3.89380530973455E-06
-1.61449981192218E-06
4.7128204090716E-06
2.85887279882941E-06
1.19426527335717E-06
-2.59458458880511E-06
3.97065258316287E-06
9.15131844283567E-07
3.91579156920317E-06
5.24997450733917E-08
7.36044496873799E-06
-3.77478743282586E-06
2.17445563731117E-06
2.13475170008538E-06
5.60616541792921E-06
-2.73730985490018E-06
5.08398917020061E-06
-2.35806701767277E-06
-1.86600945578915E-06
5.10018034443807E-06
3.85935587857803E-06
4.29988331388566E-06
-1.56271622022341E-06
-2.59462759462758E-06
3.79274015898859E-06
5.32374100719428E-07
6.17110665520864E-06
-5.27216017707985E-07
-2.83246977547497E-06
4.39241597242171E-06
2.27854530678585E-06
-6.1300747323773E-06
8.88543085002917E-06
1.67322447373599E-06
2.70117266477963E-06
-4.61416542842992E-06
4.21418905857335E-06
-3.86913805327648E-07
5.08176862507569E-06
8.75398127593854E-07
3.11010558069384E-06
-3.35891777799101E-06
5.81208337742044E-06
1.25155249832768E-07
2.05163579030355E-06
1.4503894002225E-06
-4.9298878205128E-06
2.11472011057359E-06
8.02981895633653E-06
-3.92310033478743E-06
1.25713141827645E-06
5.88602129905017E-06
-2.58392675483225E-07
3.30557784911716E-06
-1.63019161560157E-06
1.02323282254075E-06
3.4136062612884E-06
5.28036011351402E-06
9.12327095199357E-07
1.58394304923867E-06
-1.8953296436547E-06
1.97398939695162E-06
4.6331702979102E-06
-2.19160743841882E-06
2.95189873417721E-06
-7.42937569116351E-07
2.78702723510733E-06
5.96719343868778E-06
-6.04347826086948E-06
2.83053642448344E-06
-2.0419108153739E-06
3.72535211267603E-06
5.40375085025752E-06
2.61409127301841E-06
-1.85818110390887E-06
2.75321258727103E-06
-3.33466413813751E-06
6.19655970224319E-06
-7.28686635944666E-07
4.48195928240269E-06
8.96273917422303E-08
6.20398251578436E-06
-3.60333824251341E-07
-5.35644880842791E-06
4.60721024927997E-06
9.74393401745461E-07
2.56425948592415E-06
-1.29528435539384E-07
4.46249402771143E-06
3.45095271700774E-06
1.65191456609586E-06
-1.26298467551167E-06
-3.39269724405543E-07
-4.51594202898559E-06
5.09324365637413E-06
-2.44530628480508E-06
7.1929137711657E-06
3.89042995839111E-06
3.5413153457003E-07
-7.00170528638803E-07
-1.22737612501237E-06
3.54282315622522E-06
1.61328824348518E-06
2.8367149758454E-06
-2.38100112601092E-06
1.7338021094928E-06
2.74294670845613E-08
-1.36306104565446E-08
-1.21951219512264E-07
-4.44422448777529E-07
-1.40664711632457E-06
4.6396396396396E-06
2.81092012133478E-06
-1.96914175506267E-06
3.60258964143431E-06
4.96871846619571E-06
-1.33801404212643E-06
1.60112359550564E-06
7.12866108786601E-06
-5.20274240940267E-06
3.83861386138613E-06
1.41823587710606E-06
-9.34919028340075E-06
5.71637426900589E-06
-2.46047430830047E-06
4.86626139817625E-06
-4.26706827309227E-07
-2.35418671799806E-06
4.30815109343932E-06
3.76036400404448E-06
-3.45107632093928E-06
4.18793273986157E-06
9.45098039215682E-07
-2.10222672064782E-06
1.94135490394327E-07
1.5469506292353E-06
1.90662650602409E-06
6.07440476190465E-06
-7.31075697211153E-06
-1.85823754789331E-07
4.0361570247935E-06
1.86567164179102E-06
2.89903846153848E-06
-5.33569979716037E-06
5.63817097415503E-06
-1.61008729388997E-07
-4.18856569709127E-06
-1.13810483870964E-06
1.13502935420751E-06
6.61303462321776E-06
-4.78620689655173E-06
6.12367149758446E-06
2.18042813455655E-06
-2.18793969849245E-06
-1.15090735434579E-06
-3.87736789631105E-06
-9.52380952380931E-07
8.38867187499998E-06
-3.59690721649484E-06
-4.47120921305179E-06
1.26833166833167E-05
-2.2142161635832E-06
1.25380710659895E-06
-3.22413793103438E-06
5.63342830009497E-06
-1.03861788617887E-06
-7.00099900099902E-06
-2.32327166504379E-06
-2.79720279720352E-08
3.03366336633652E-06
3.12016293279026E-06
1.05294117647059E-05
-8.49400000000004E-06
3.75703858185616E-06
-3.19999999999998E-06
4.59621136590268E-07
-3.8947368421053E-06
1.71471774193552E-06
2.80812182741116E-06
-6.48780487804833E-07
3.75592885375488E-06
9.90927419354827E-07
3.28528827037781E-06
-1.54789272030653E-06
-4.82573454913874E-06
1.00304568527914E-06
5.2897727272728E-06
3.99489274770168E-06
-3.07568113017162E-06
-1.20390243902435E-06
-1.12610837438429E-06
-3.90457643622163E-07
-2.26326530612247E-06
6.01007049345417E-06
2.25650916104147E-07
-5.77954319761672E-07
6.63422131147539E-06
-1.10714285714283E-06
-1.12452107279698E-06
-3.227783452502E-07
1.00999999999999E-06
1.66242661448138E-06
1.408506429278E-06
-7.44509803921566E-06
6.02777777777775E-06
-5.44412607449936E-08
3.14629258517034E-06
2.2758964143426E-06
1.7319796954315E-06
-6.65059055118099E-06
-1.29348882410115E-06
-3.16915422885573E-06
5.65993945509581E-06
1.59288537549411E-06
-1.88588588588593E-06
3.80836575875478E-06
4.82848545636915E-06
-4.98911968348161E-06
-8.51445663010948E-07
3.7195608782435E-06
-1.98455598455598E-06
3.4821973550356E-06
-3.29090909090905E-06
-3.09469696969692E-06
4.71913580246901E-06
-8.80804020100518E-06
9.1603498542274E-06
3.64752475247526E-06
-7.0964467005073E-06
5.73579262213367E-06
-7.37788461538452E-06
1.52935222672068E-06
-5.06298449612419E-06
1.07636363636362E-05
-3.7895812053112E-07
-3.1913875598085E-06
8.64770459081835E-06
-1.53420523138829E-06
-2.17391304348252E-08
-1.12386587771204E-05
1.4380808080808E-05
-4.22442899702104E-06
3.43809523809522E-06
-8.91179487179479E-06
4.87783251231523E-06
5.08212560386477E-07
-3.39833159541191E-06
-3.39833159541191E-06
dMdT Data
0
0
0
0
0
0
0
0
0
0
0
0
0
0
0
0
0
0
0
0
0
0
0
0
0
0
0
0
0
0
0
0
0
0
0
0
0
0
0
0
0
0
0
0
0
0
0
0
0
0
0
0
0
0
0
0
0
0
0
0
0
0
0
0
0
0
0
0
0
0
0
0
0
0
0
0
0
0
0
0
0
0
0
0
0
0
0
0
0
0
0
0
0
0
0
0
0
0
0
0
0
0
0
0
0
0
0
0
0
0
0
0
0
0
0
0
0
0
0
0
0
0
0
0
0
0
0
0
0
0
0
0
0
0
0
0
0
0
0
0
0
0
0
0
0
0
0
0
0
0
0
0
0
0
0
0
0
0
0
0
0
0
0
0
0
0
0
0
0
0
0
0
0
0
0
0
0
0
0
0
0
0
0
0
0
0
0
0
0
0
0
0
0
0
0
0
0
0
0
0
0
0
0
0
0
0
0
0
0
0
0
0
0
0
0
0
0
0
0
0
0
0
0
0
0
0
0
0
0
0
0
0
0
0
0
0
0
0
0
0
0
0
0
0
0
0
0
0
0
0
0
0
0
0
0
0
0
0
0
0
0
0
0
0
0
0
0
0
0
0
0
0
0
0
0
0
0
0
0
0
0
0
0
0
0
0
0
0
0
0
0
0
0
 
*********************************************** Results ***************************************
 
TotalArea 0
AreaFirstQuad 0
AreaSecondQuad 0
AreaThirdQuad 0
AreaFourthQuad 0
Coercivity 0
PositiveCoercivity 0
NegativeCoercivity 0
Retentivity 1.61247823579831E-03
PositiveRetentivity 5.92581693673696E-03
NegativeRetentivity 2.70086046514034E-03
Magnetization 0.00483039
PositiveMagnetization 0.00483039
NegativeMagnetization 0.00169338
Flatness -0.674974833879345
Squareness 0.333819471263876
SStar 0
SFD1 0
SFD2 0
Slope 0
Intercept 0
SlopeAtHc -3.39833159541191E-06
dH1 106.11331628944
dH2 25.997
InitialSlope 7.59790708736325E-06
FieldAtHalfMs -170.105787738958
FieldAtMs 2324.17
MomentMean 3.6989471672355E-03
MomentRMS 9.31198612683787E-04
SFD3 0
dH3 212.22663257888
UserField1 0
UserField2 0
CenterField 0
ExchangeField 0
ExchangeMoment 0
ExRegionOneIntercept 0
ExRegionOneSlope 0
ExRegionTwoIntercept 0
ExRegionTwoSlope 0
NegativeIntercept 0
NegativeSlope 0
AutoCenterOffset 0
PinningField 0
PinningMoment 0
PinRegionOneIntercept 0
PinRegionOneSlope 0
PinRegionTwoIntercept 0
PinRegionTwoSlope 0
PositiveIntercept 0
PositiveSlope 0
TotalOffset 0
BHMax 0
BCoercivity 0
BRetentivity 0
BNegativeCoercivity 0
BPositiveCoercivity 0
BNegativeRetentivity 0
BPositiveRetentivity 0
MomentYMean -6.98824105802047E-03
MomentYRMS 2.20008619494689E-04
YOffCorrection 0
Mrt 0
Ms1 0
Ms2 0
Ms3 0
Hc2 0
Hex2 0
HsatValue 0
HsatIntercept 0
HsatSlope 0
CenterH 0
Span .00313701
SpanAsPercentOfRange -59.1888679245283
RMSAsPercentOfRange -17.5697851449771
SpanAsPercentOfMean 84.8081861721893
RMSAsPercentOfMean 25.1746935163646
