Version 1.25
******************************************** Units *******************************************
System CGS
TemperatureUnit K
MomentUnit emu
AppliedFieldUnit G
 
******************************************** Setup ********************************************
 
Experiment CustomField
Minor False
Acquisition Continuous
EditedPoint No
MaxField 15000
FieldIncrement 100
Points 293
MinField 0
RampRate 10
AverageTime 0.3
TimeInterval 0
TimeConstant 0.1
TimeConstantIndex 0
Sensitivity -0.0053
SensitivityIndex 5
SensitivityY -400
SensitivityIndexY 0
SaturationField 8000
ExperimentTime 100
Use735Domains True
AutoRangeEnabled False
NumberOfVertices 2
VertexPts
0
292
VertexField
-588.137
2363.5756
StartAngle 0
EndAngle 0
AngleIncrement 0
StartTemp 0
FinishTemp 0
TempIncrement 0
TempPoints 0
LengthofSetPointsArray 293
SetPointArray
-588.13701
-578.0284
-567.9198
-557.81119
-547.70259
-537.59398
-527.48538
-517.37678
-507.26817
-497.15957
-487.05096
-476.94236
-466.83375
-456.72515
-446.61654
-436.50794
-426.39933
-416.29073
-406.18212
-396.07352
-385.96491
-375.85631
-365.7477
-355.6391
-345.53049
-335.42189
-325.31328
-315.20468
-305.09607
-294.98747
-284.87886
-274.77026
-264.66165
-254.55305
-244.44444
-234.33584
-224.22723
-214.11863
-204.01003
-193.90142
-183.79282
-173.68421
-163.57561
-153.467
-143.3584
-133.24979
-123.14119
-113.03258
-102.92398
-92.81537
-82.70677
-72.59816
-62.48956
-52.38095
-42.27235
-32.16374
-22.05514
-11.94653
-1.83793
8.27068
18.37928
28.48789
38.59649
48.7051
58.8137
68.92231
79.03091
89.13952
99.24812
109.35673
119.46533
129.57393
139.68254
149.79114
159.89975
170.00835
180.11696
190.22556
200.33417
210.44277
220.55138
230.65998
240.76859
250.87719
260.9858
271.0944
281.20301
291.31161
301.42022
311.52882
321.63743
331.74603
341.85464
351.96324
362.07185
372.18045
382.28906
392.39766
402.50627
412.61487
422.72348
432.83208
442.94069
453.04929
463.15789
473.2665
483.3751
493.48371
503.59231
513.70092
523.80952
533.91813
544.02673
554.13534
564.24394
574.35255
584.46115
594.56976
604.67836
614.78697
624.89557
635.00418
645.11278
655.22139
665.32999
675.4386
685.5472
695.65581
705.76441
715.87302
725.98162
736.09023
746.19883
756.30744
766.41604
776.52464
786.63325
796.74185
806.85046
816.95906
827.06767
837.17627
847.28488
857.39348
867.50209
877.61069
887.7193
897.8279
907.93651
918.04511
928.15372
938.26232
948.37093
958.47953
968.58814
978.69674
988.80535
998.91395
1009.02256
1019.13116
1029.23977
1039.34837
1049.45698
1059.56558
1069.67419
1079.78279
1089.8914
1100
1110.1086
1120.21721
1130.32581
1140.43442
1150.54302
1160.65163
1170.76023
1180.86884
1190.97744
1201.08605
1211.19465
1221.30326
1231.41186
1241.52047
1251.62907
1261.73768
1271.84628
1281.95489
1292.06349
1302.1721
1312.2807
1322.38931
1332.49791
1342.60652
1352.71512
1362.82373
1372.93233
1383.04094
1393.14954
1403.25815
1413.36675
1423.47536
1433.58396
1443.69256
1453.80117
1463.90977
1474.01838
1484.12698
1494.23559
1504.34419
1514.4528
1524.5614
1534.67001
1544.77861
1554.88722
1564.99582
1575.10443
1585.21303
1595.32164
1605.43024
1615.53885
1625.64745
1635.75606
1645.86466
1655.97327
1666.08187
1676.19048
1686.29908
1696.40769
1706.51629
1716.6249
1726.7335
1736.84211
1746.95071
1757.05931
1767.16792
1777.27652
1787.38513
1797.49373
1807.60234
1817.71094
1827.81955
1837.92815
1848.03676
1858.14536
1868.25397
1878.36257
1888.47118
1898.57978
1908.68839
1918.79699
1928.9056
1939.0142
1949.12281
1959.23141
1969.34002
1979.44862
1989.55723
1999.66583
2009.77444
2019.88304
2029.99165
2040.10025
2050.20886
2060.31746
2070.42607
2080.53467
2090.64327
2100.75188
2110.86048
2120.96909
2131.07769
2141.1863
2151.2949
2161.40351
2171.51211
2181.62072
2191.72932
2201.83793
2211.94653
2222.05514
2232.16374
2242.27235
2252.38095
2262.48956
2272.59816
2282.70677
2292.81537
2302.92398
2313.03258
2323.14119
2333.24979
2343.3584
2353.467
2363.57561
FieldDomainFile C:\IDEASVSM\Default UserID\Experiments\FORCexp0168B\fdomain.ini
TempDomainFile C:\IDEASVSM\Default UserID\Experiments\FORCexp0168B\tdomain.ini
NumSelectedResults 0
ResultsSelected 
UserName1 
UserValue1 
UserName2 
UserValue2 
LinearBackgroundCorrection Off
MaxLinearFieldCorrection 
MinLinearFieldCorrection 
AutoLinearCorrection Off
FitOneRegion Off
BackgroundMode Off
BackgroundFilename 
AutoCenter Off
OffsetCorrection 
SmoothDeriv Off
DerivOrder 0
DerivPoints 0
MinExFieldOne 
MaxExFieldOne 
MinExFieldTwo 
MaxExFieldTwo 
MinPinFieldOne 
MaxPinFieldOne 
MinPinFieldTwo 
MaxPinFieldTwo 
HCenterStart 
Mass 
Volume 
Density 
MolarWeight 
NumberOfMoles 
Demagnetization 
SampleArea 
Thickness 
MomentScaling 0
XAxis 0
YAxis 0
SimpleSpinValve False
HsatMax 0
HsatMin 0
FieldAutoRange False
 
*************************************************** Experiment Data ********************************************
 
DataPoints 293
MomentX Data
0.00150998
0.00149651
0.00155395
0.00157427
0.00156851
0.00160565
0.00166738
0.00166489
0.0016917
0.00170619
0.00175552
0.00174997
0.00173707
0.00180943
0.0018008
0.00184501
0.00182877
0.00185683
0.00185565
0.0018563
0.00187734
0.00193687
0.00191169
0.00195455
0.00196217
0.00200662
0.00204139
0.00205585
0.00204001
0.00206148
0.00206987
0.00206761
0.00212033
0.00209919
0.00216439
0.00216856
0.00218033
0.00219332
0.00224723
0.00223401
0.00222403
0.00225566
0.00228882
0.00229894
0.00232773
0.00233788
0.00240781
0.0023595
0.00237216
0.0024089
0.00240984
0.00245738
0.00247394
0.00249371
0.00249342
0.00248062
0.00250522
0.00254964
0.0025605
0.00259607
0.00261712
0.00258135
0.00258727
0.00266622
0.00263183
0.00266393
0.00268471
0.00268247
0.00271994
0.00275312
0.00273729
0.00274788
0.00275622
0.00277245
0.00283454
0.00283269
0.00282175
0.00286465
0.00291878
0.0028987
0.00285186
0.00295153
0.00293862
0.00296817
0.00295324
0.00298205
0.00297762
0.0030299
0.00301519
0.0030417
0.00302951
0.00306439
0.00304054
0.0030965
0.00313681
0.00315215
0.00318643
0.00319507
0.00316194
0.00319064
0.00320007
0.00319103
0.00321962
0.00325121
0.00326203
0.00331101
0.00331952
0.00335607
0.00338295
0.00333032
0.00341164
0.00339581
0.00338266
0.00340974
0.00348778
0.00345018
0.0034577
0.00349357
0.00347191
0.00352802
0.00353134
0.00357452
0.00356071
0.00359919
0.00364814
0.00368336
0.00363119
0.00366296
0.0036409
0.00370659
0.00371303
0.00370235
0.00370353
0.00382266
0.00374151
0.00383983
0.00379945
0.00384712
0.0038139
0.00384279
0.00385436
0.00385234
0.00387914
0.00391146
0.00388985
0.00393107
0.00390597
0.00392301
0.00392909
0.00397953
0.00398061
0.00396528
0.00400748
0.0040086
0.00402472
0.00398063
0.0040837
0.00408479
0.00411355
0.00410612
0.00410279
0.00412256
0.00408121
0.00408162
0.00417302
0.00414183
0.00406987
0.00411965
0.00422384
0.0041812
0.00416516
0.00420993
0.00418492
0.00420067
0.00419386
0.00425349
0.00423567
0.00426336
0.00423029
0.00429834
0.00428532
0.00432717
0.0042783
0.00427358
0.00426409
0.00432923
0.00428236
0.00429987
0.00431644
0.00435646
0.00432208
0.00427368
0.0043075
0.00430161
0.00430309
0.00436108
0.00435446
0.0043512
0.00441584
0.00435206
0.00438253
0.0043791
0.00434188
0.00438928
0.00439002
0.00440361
0.00437864
0.00443872
0.00452252
0.00447877
0.00442176
0.00442459
0.00445745
0.00449712
0.00447138
0.00448959
0.00448984
0.00449635
0.00457323
0.00453717
0.00449015
0.00442772
0.00447889
0.00453287
0.00450981
0.00452516
0.00449352
0.00459187
0.0045594
0.00455632
0.00448287
0.00457714
0.00456216
0.00455849
0.00457098
0.00461237
0.0045571
0.0045863
0.00456645
0.0045145
0.00455836
0.00460095
0.00464276
0.00461015
0.00462721
0.00460768
0.0045609
0.00461269
0.00466259
0.00466542
0.00461969
0.00463508
0.00466751
0.00465436
0.00468645
0.00462893
0.00468355
0.00466099
0.00466331
0.00469253
0.00469089
0.00471485
0.00466897
0.00468165
0.0046986
0.00469751
0.00473192
0.00469885
0.00470105
0.00470082
0.0047267
0.00473346
0.0047007
0.00473207
0.00468073
0.00475505
0.00475827
0.00476821
0.0047489
0.00473631
0.00474939
0.00478487
0.00477696
0.00479803
0.00478772
0.00478489
0.0047572
0.00478491
0.00475817
0.00476202
0.0048179
0.00483679
0.00481504
MomentY Data
-0.00651677
-0.00677109
-0.00667572
-0.00715256
-0.00694593
-0.00688235
-0.0067393
-0.00689824
-0.00685056
-0.00664393
-0.00648499
-0.00667572
-0.00667572
-0.00683467
-0.00681877
-0.0067393
-0.00697772
-0.00708898
-0.00686646
-0.0067393
-0.00688235
-0.00667572
-0.00694593
-0.00680288
-0.00699361
-0.00677109
-0.00699361
-0.00688235
-0.00694593
-0.0067393
-0.00667572
-0.00686646
-0.00680288
-0.00693003
-0.00667572
-0.00677109
-0.00700951
-0.00670751
-0.00658035
-0.00677109
-0.00677109
-0.0067393
-0.00667572
-0.00635783
-0.0067393
-0.00724792
-0.0067393
-0.00700951
-0.00686646
-0.0070413
-0.00710487
-0.00699361
-0.00683467
-0.00700951
-0.00664393
-0.00661214
-0.00670751
-0.00664393
-0.00686646
-0.0070413
-0.00708898
-0.00683467
-0.00689824
-0.00680288
-0.00654856
-0.00667572
-0.00696182
-0.00694593
-0.00689824
-0.00664393
-0.0070413
-0.00710487
-0.00664393
-0.00693003
-0.00667572
-0.00689824
-0.00710487
-0.00715256
-0.00699361
-0.00694593
-0.00664393
-0.00724792
-0.00689824
-0.00710487
-0.00691414
-0.00686646
-0.00685056
-0.00708898
-0.00724792
-0.00699361
-0.00686646
-0.0070413
-0.00683467
-0.00699361
-0.00693003
-0.00670751
-0.0067393
-0.0067393
-0.00700951
-0.00694593
-0.00670751
-0.00715256
-0.00710487
-0.00667572
-0.00693003
-0.0067393
-0.00708898
-0.0070254
-0.00705719
-0.00708898
-0.00745455
-0.00696182
-0.00715256
-0.0067393
-0.00726382
-0.00729561
-0.00708898
-0.00708898
-0.00688235
-0.00686646
-0.00720024
-0.00689824
-0.0070413
-0.00685056
-0.00708898
-0.00670751
-0.00699361
-0.00707308
-0.00708898
-0.00727971
-0.00713666
-0.00689824
-0.00708898
-0.00720024
-0.00713666
-0.00713666
-0.00726382
-0.00661214
-0.00708898
-0.00689824
-0.00715256
-0.00694593
-0.00726382
-0.0073115
-0.0070413
-0.00696182
-0.00726382
-0.00708898
-0.00689824
-0.00686646
-0.0067393
-0.00689824
-0.00724792
-0.00699361
-0.00720024
-0.00708898
-0.00694593
-0.00683467
-0.00710487
-0.0070254
-0.00708898
-0.00667572
-0.00756582
-0.00715256
-0.00710487
-0.00708898
-0.00689824
-0.00710487
-0.00683467
-0.00718435
-0.00726382
-0.00694593
-0.0070413
-0.00683467
-0.00710487
-0.00700951
-0.00694593
-0.0073115
-0.00715256
-0.0070413
-0.00708898
-0.00677109
-0.0073115
-0.00705719
-0.00708898
-0.00724792
-0.00708898
-0.00696182
-0.00713666
-0.0073115
-0.00720024
-0.00693003
-0.00686646
-0.00683467
-0.00686646
-0.00699361
-0.00677109
-0.0070413
-0.00724792
-0.00708898
-0.00724792
-0.00689824
-0.00677109
-0.00716845
-0.00699361
-0.00680288
-0.00694593
-0.00720024
-0.00735919
-0.00700951
-0.00708898
-0.0070413
-0.00697772
-0.00693003
-0.00715256
-0.00699361
-0.00713666
-0.00686646
-0.00700951
-0.00694593
-0.00700951
-0.00683467
-0.00696182
-0.00689824
-0.00696182
-0.00693003
-0.00735919
-0.00713666
-0.0067393
-0.00724792
-0.00720024
-0.00720024
-0.0067393
-0.00688235
-0.00720024
-0.00735919
-0.0070254
-0.00694593
-0.00683467
-0.00718435
-0.00694593
-0.00720024
-0.00715256
-0.00715256
-0.00742277
-0.00693003
-0.00720024
-0.00745455
-0.00677109
-0.00705719
-0.00689824
-0.00735919
-0.00686646
-0.00681877
-0.00747045
-0.00688235
-0.00680288
-0.00697772
-0.00724792
-0.00669161
-0.0070413
-0.00696182
-0.00710487
-0.00697772
-0.0067234
-0.00724792
-0.00661214
-0.00708898
-0.00667572
-0.00688235
-0.00667572
-0.00721614
-0.00686646
-0.00683467
-0.00697772
-0.00677109
-0.00699361
-0.00694593
-0.00694593
-0.00693003
-0.00716845
-0.00678698
-0.00697772
-0.0070413
-0.00699361
-0.00678698
-0.00715256
-0.00686646
-0.0070413
-0.00715256
-0.00678698
-0.00713666
-0.00720024
Field Data
-586.91
-579.514
-569.786
-559.763
-549.815
-539.349
-529.319
-519.402
-509.053
-499.03
-489.084
-478.957
-468.668
-458.677
-448.849
-438.347
-428.408
-418.177
-408.242
-398.461
-387.839
-378.031
-368.06
-358.011
-347.668
-337.558
-327.743
-317.448
-307.475
-297.389
-287.169
-277.09
-267.204
-257.206
-246.737
-236.942
-226.986
-216.555
-206.617
-196.697
-186.165
-176.449
-166.051
-156.197
-146.242
-136.157
-125.887
-115.9
-105.997
-95.5723
-85.7173
-75.7594
-65.4929
-55.3157
-45.1797
-35.5895
-25.0425
-15.0114
-5.21971
5.46298
15.0455
24.9412
35.1339
45.25
55.7214
65.5784
76.2419
85.5325
95.6964
106.125
115.856
125.859
136.045
146.345
156.164
166.126
176.51
186.567
196.25
206.662
216.868
226.932
236.852
246.849
257.083
267.136
277.122
287.115
297.533
307.353
317.335
327.747
337.675
347.542
357.805
367.943
377.835
387.994
398.223
408.428
418.33
428.228
438.241
448.644
458.578
468.533
478.824
488.76
498.703
508.794
519.267
529.015
539.082
549.396
559.267
569.663
579.521
589.413
599.73
609.756
619.619
629.94
639.934
649.953
659.974
670.43
680.266
690.319
700.586
710.423
720.861
730.646
740.552
750.838
760.981
770.881
780.947
791.217
801.19
811.042
821.482
831.411
841.315
851.629
861.682
872.037
881.734
891.691
901.812
912.128
921.948
932.104
942.387
952.227
962.257
972.533
982.634
992.747
1002.77
1012.8
1022.78
1032.83
1043.19
1053.02
1063.36
1073.28
1083.08
1093.46
1103.47
1113.35
1123.59
1133.85
1143.69
1153.65
1164.11
1174.22
1184.21
1194.17
1204.14
1214.56
1224.28
1234.26
1244.79
1254.55
1264.51
1274.7
1284.94
1294.97
1304.86
1314.99
1325.11
1335.36
1345.31
1355.63
1365.36
1375.33
1385.8
1395.66
1405.55
1415.82
1425.78
1435.92
1446.05
1456.2
1466.38
1476.28
1486.36
1496.3
1506.28
1516.67
1526.64
1536.65
1546.55
1557.17
1566.94
1576.99
1587.4
1597.19
1607.09
1617.37
1627.47
1637.49
1647.34
1657.83
1667.57
1677.47
1688.04
1697.62
1708.1
1718.18
1728.14
1738.07
1748.12
1758.41
1768.4
1778.34
1788.46
1798.57
1808.62
1818.62
1829.05
1839.02
1849.05
1858.91
1869.1
1879.42
1889.13
1899.18
1909.62
1919.52
1929.4
1939.55
1949.79
1959.92
1969.86
1979.89
1989.84
2000.33
2010.1
2020.07
2030.32
2040.68
2050.29
2060.65
2070.62
2080.73
2090.73
2100.57
2110.89
2121.03
2131.2
2141.07
2151.13
2161.43
2171.3
2181.3
2191.41
2201.77
2211.61
2221.58
2232.12
2241.84
2251.78
2261.81
2272.09
2282.29
2292.15
2302.55
2312.3
2322.29
2332.8
2342.63
2352.4
Time Data
0
0.3
0.6
0.9
1.2
1.5
1.8
2.1
2.4
2.7
3
3.3
3.6
3.9
4.2
4.5
4.8
5.1
5.4
5.7
6
6.3
6.6
6.9
7.2
7.5
7.8
8.1
8.4
8.7
9
9.3
9.6
9.9
10.2
10.5
10.8
11.1
11.4
11.7
12
12.3
12.6
12.9
13.2
13.5
13.8
14.1
14.4
14.7
15
15.3
15.6
15.9
16.2
16.5
16.8
17.1
17.4
17.7
18
18.3
18.6
18.9
19.2
19.5
19.8
20.1
20.4
20.7
21
21.3
21.6
21.9
22.2
22.5
22.8
23.1
23.4
23.7
24
24.3
24.6
24.9
25.2
25.5
25.8
26.1
26.4
26.7
27
27.3
27.6
27.9
28.2
28.5
28.8
29.1
29.4
29.7
30.0000000000001
30.3000000000001
30.6000000000001
30.9000000000001
31.2000000000001
31.5000000000001
31.8000000000001
32.1000000000001
32.4
32.7
33
33.3
33.6
33.9
34.2
34.5
34.8
35.1
35.4
35.7
36
36.3
36.6
36.9
37.2
37.5
37.8
38.1
38.4
38.7
39
39.3
39.6
39.9
40.2
40.5
40.8
41.1
41.4
41.7
42
42.3
42.6
42.8999999999999
43.1999999999999
43.4999999999999
43.7999999999999
44.0999999999999
44.3999999999999
44.6999999999999
44.9999999999999
45.2999999999999
45.5999999999999
45.8999999999999
46.1999999999999
46.4999999999999
46.7999999999999
47.0999999999999
47.3999999999999
47.6999999999999
47.9999999999999
48.2999999999999
48.5999999999999
48.8999999999999
49.1999999999999
49.4999999999999
49.7999999999999
50.0999999999999
50.3999999999999
50.6999999999999
50.9999999999999
51.2999999999999
51.5999999999999
51.8999999999999
52.1999999999999
52.4999999999999
52.7999999999999
53.0999999999999
53.3999999999998
53.6999999999998
53.9999999999998
54.2999999999998
54.5999999999998
54.8999999999998
55.1999999999998
55.4999999999998
55.7999999999998
56.0999999999998
56.3999999999998
56.6999999999998
56.9999999999998
57.2999999999998
57.5999999999998
57.8999999999998
58.1999999999998
58.4999999999998
58.7999999999998
59.0999999999998
59.3999999999998
59.6999999999998
59.9999999999998
60.2999999999998
60.5999999999998
60.8999999999998
61.1999999999998
61.4999999999998
61.7999999999998
62.0999999999998
62.3999999999998
62.6999999999998
62.9999999999998
63.2999999999998
63.5999999999998
63.8999999999998
64.1999999999997
64.4999999999997
64.7999999999997
65.0999999999997
65.3999999999997
65.6999999999997
65.9999999999997
66.2999999999997
66.5999999999997
66.8999999999997
67.1999999999997
67.4999999999997
67.7999999999997
68.0999999999997
68.3999999999997
68.6999999999997
68.9999999999997
69.2999999999997
69.5999999999997
69.8999999999997
70.1999999999997
70.4999999999997
70.7999999999997
71.0999999999997
71.3999999999997
71.6999999999997
71.9999999999997
72.2999999999997
72.5999999999997
72.8999999999997
73.1999999999997
73.4999999999997
73.7999999999997
74.0999999999997
74.3999999999997
74.6999999999996
74.9999999999996
75.2999999999996
75.5999999999996
75.8999999999996
76.1999999999996
76.4999999999996
76.7999999999996
77.0999999999996
77.3999999999996
77.6999999999996
77.9999999999996
78.2999999999996
78.5999999999996
78.8999999999996
79.1999999999996
79.4999999999996
79.7999999999996
80.0999999999996
80.3999999999996
80.6999999999996
80.9999999999996
81.2999999999996
81.5999999999996
81.8999999999996
82.1999999999996
82.4999999999996
82.7999999999996
83.0999999999996
83.3999999999996
83.6999999999996
83.9999999999996
84.2999999999996
84.5999999999996
84.8999999999996
85.1999999999995
85.4999999999995
85.7999999999995
86.0999999999995
86.3999999999995
86.6999999999995
86.9999999999995
87.2999999999995
87.5999999999995
Temperature Data
0
0
0
0
0
0
0
0
0
0
0
0
0
0
0
0
0
0
0
0
0
0
0
0
0
0
0
0
0
0
0
0
0
0
0
0
0
0
0
0
0
0
0
0
0
0
0
0
0
0
0
0
0
0
0
0
0
0
0
0
0
0
0
0
0
0
0
0
0
0
0
0
0
0
0
0
0
0
0
0
0
0
0
0
0
0
0
0
0
0
0
0
0
0
0
0
0
0
0
0
0
0
0
0
0
0
0
0
0
0
0
0
0
0
0
0
0
0
0
0
0
0
0
0
0
0
0
0
0
0
0
0
0
0
0
0
0
0
0
0
0
0
0
0
0
0
0
0
0
0
0
0
0
0
0
0
0
0
0
0
0
0
0
0
0
0
0
0
0
0
0
0
0
0
0
0
0
0
0
0
0
0
0
0
0
0
0
0
0
0
0
0
0
0
0
0
0
0
0
0
0
0
0
0
0
0
0
0
0
0
0
0
0
0
0
0
0
0
0
0
0
0
0
0
0
0
0
0
0
0
0
0
0
0
0
0
0
0
0
0
0
0
0
0
0
0
0
0
0
0
0
0
0
0
0
0
0
0
0
0
0
0
0
0
0
0
0
0
0
0
0
0
0
0
0
0
0
0
0
0
0
0
0
0
0
0
0
0
0
0
0
0
0
Angle Data
0
0
0
0
0
0
0
0
0
0
0
0
0
0
0
0
0
0
0
0
0
0
0
0
0
0
0
0
0
0
0
0
0
0
0
0
0
0
0
0
0
0
0
0
0
0
0
0
0
0
0
0
0
0
0
0
0
0
0
0
0
0
0
0
0
0
0
0
0
0
0
0
0
0
0
0
0
0
0
0
0
0
0
0
0
0
0
0
0
0
0
0
0
0
0
0
0
0
0
0
0
0
0
0
0
0
0
0
0
0
0
0
0
0
0
0
0
0
0
0
0
0
0
0
0
0
0
0
0
0
0
0
0
0
0
0
0
0
0
0
0
0
0
0
0
0
0
0
0
0
0
0
0
0
0
0
0
0
0
0
0
0
0
0
0
0
0
0
0
0
0
0
0
0
0
0
0
0
0
0
0
0
0
0
0
0
0
0
0
0
0
0
0
0
0
0
0
0
0
0
0
0
0
0
0
0
0
0
0
0
0
0
0
0
0
0
0
0
0
0
0
0
0
0
0
0
0
0
0
0
0
0
0
0
0
0
0
0
0
0
0
0
0
0
0
0
0
0
0
0
0
0
0
0
0
0
0
0
0
0
0
0
0
0
0
0
0
0
0
0
0
0
0
0
0
0
0
0
0
0
0
0
0
0
0
0
0
0
0
0
0
0
0
Bx Data
0
0
0
0
0
0
0
0
0
0
0
0
0
0
0
0
0
0
0
0
0
0
0
0
0
0
0
0
0
0
0
0
0
0
0
0
0
0
0
0
0
0
0
0
0
0
0
0
0
0
0
0
0
0
0
0
0
0
0
0
0
0
0
0
0
0
0
0
0
0
0
0
0
0
0
0
0
0
0
0
0
0
0
0
0
0
0
0
0
0
0
0
0
0
0
0
0
0
0
0
0
0
0
0
0
0
0
0
0
0
0
0
0
0
0
0
0
0
0
0
0
0
0
0
0
0
0
0
0
0
0
0
0
0
0
0
0
0
0
0
0
0
0
0
0
0
0
0
0
0
0
0
0
0
0
0
0
0
0
0
0
0
0
0
0
0
0
0
0
0
0
0
0
0
0
0
0
0
0
0
0
0
0
0
0
0
0
0
0
0
0
0
0
0
0
0
0
0
0
0
0
0
0
0
0
0
0
0
0
0
0
0
0
0
0
0
0
0
0
0
0
0
0
0
0
0
0
0
0
0
0
0
0
0
0
0
0
0
0
0
0
0
0
0
0
0
0
0
0
0
0
0
0
0
0
0
0
0
0
0
0
0
0
0
0
0
0
0
0
0
0
0
0
0
0
0
0
0
0
0
0
0
0
0
0
0
0
0
0
0
0
0
0
Hint Data
0
0
0
0
0
0
0
0
0
0
0
0
0
0
0
0
0
0
0
0
0
0
0
0
0
0
0
0
0
0
0
0
0
0
0
0
0
0
0
0
0
0
0
0
0
0
0
0
0
0
0
0
0
0
0
0
0
0
0
0
0
0
0
0
0
0
0
0
0
0
0
0
0
0
0
0
0
0
0
0
0
0
0
0
0
0
0
0
0
0
0
0
0
0
0
0
0
0
0
0
0
0
0
0
0
0
0
0
0
0
0
0
0
0
0
0
0
0
0
0
0
0
0
0
0
0
0
0
0
0
0
0
0
0
0
0
0
0
0
0
0
0
0
0
0
0
0
0
0
0
0
0
0
0
0
0
0
0
0
0
0
0
0
0
0
0
0
0
0
0
0
0
0
0
0
0
0
0
0
0
0
0
0
0
0
0
0
0
0
0
0
0
0
0
0
0
0
0
0
0
0
0
0
0
0
0
0
0
0
0
0
0
0
0
0
0
0
0
0
0
0
0
0
0
0
0
0
0
0
0
0
0
0
0
0
0
0
0
0
0
0
0
0
0
0
0
0
0
0
0
0
0
0
0
0
0
0
0
0
0
0
0
0
0
0
0
0
0
0
0
0
0
0
0
0
0
0
0
0
0
0
0
0
0
0
0
0
0
0
0
0
0
0
Torque Data
3.8247574807
3.92394145026
3.80373179592
4.00373844328
3.81897650295
3.71198859015
3.5672395367
3.58295965248
3.48729811968
3.3155203879
3.17170484916
3.19738282404
3.12869634096
3.13490593159
3.06059809573
2.9541519371
2.98931106976
2.96444838946
2.80317736332
2.6853482173
2.66924374165
2.52362910732
2.5565189958
2.43550587168
2.43145440148
2.28563559822
2.29210672223
2.1847882428
2.13569982675
2.0041936877
1.91705983668
1.9026274014
1.81775674752
1.78244529618
1.64714712564
1.60435560678
1.59106063686
1.45254482805
1.35961217595
1.33185308973
1.26053996985
1.1891427457
1.10850998172
0.99307397251
0.9855687106
0.98685504344
0.8483902591
0.812402209
0.72782416062
0.67295323599
0.609010273251
0.529831697434
0.447622358843
0.387735952307
0.300170764221
0.23532275653
0.167972819175
0.099734690802
0.0358409299266
-0.038466481074
-0.10665724859
-0.170464871404
-0.242362074336
-0.30783032
-0.364894931184
-0.437783036448
-0.530782384258
-0.594102757725
-0.660136734336
-0.70508707125
-0.8157768528
-0.89421183333
-0.90387345685
-1.01417524035
-1.04250713808
-1.14597701824
-1.2540806037
-1.33443166152
-1.3724959625
-1.43545978566
-1.44085581124
-1.64478498144
-1.63386194048
-1.75383005463
-1.77750785362
-1.83427865856
-1.89844088832
-2.0353524927
-2.15649538136
-2.14950701433
-2.1789680841
-2.3077649511
-2.30789719225
-2.43057320662
-2.47959938415
-2.46798135193
-2.5463434155
-2.6148079642
-2.79134810073
-2.83691229804
-2.8059526583
-3.06292646368
-3.11364533367
-2.99502172368
-3.17795929734
-3.1575844469
-3.39437375952
-3.433734504
-3.51944182457
-3.60683049012
-3.87090181485
-3.6829072073
-3.85581634992
-3.7025444628
-4.06241481994
-4.15603907943
-4.10821277858
-4.17833696874
-4.1275517655
-4.18686518376
-4.46140550856
-4.3454773056
-4.5059672742
-4.45254202368
-4.67854248652
-4.4969159293
-4.75751510026
-4.88268151252
-4.96644014228
-5.17167341733
-5.14453986426
-5.04017146304
-5.24975831696
-5.40621380112
-5.43086266346
-5.50151559746
-5.67265843754
-5.23163757438
-5.6796198862
-5.59476236608
-5.87569929392
-5.77492260723
-6.1111607233
-6.2266854335
-6.0673614666
-6.07096462734
-6.40475706388
-6.32117966518
-6.22091561088
-6.26309042688
-6.2132841564
-6.42987709696
-6.83034558504
-6.65950426947
-6.92848134168
-6.89426698634
-6.82530697962
-6.78509813849
-7.1245504899
-7.11532512
-7.2504669644
-6.8948838876
-7.8925877658
-7.5317887312
-7.5550345632
-7.6084604544
-7.4713457792
-7.7688911502
-7.5418533049
-7.9986960725
-8.1615555138
-7.8756427305
-8.053064397
-7.8848170455
-8.2708502157
-8.2307068322
-8.2254397653
-8.731173955
-8.6126835984
-8.552081328
-8.6788964344
-8.3572855434
-9.101282085
-8.8535977145
-8.9640860998
-9.238923624
-9.1089139612
-9.0153480454
-9.3123421676
-9.614549385
-9.5411100264
-9.2540848608
-9.2375173026
-9.2652836921
-9.3751898256
-9.6185216413
-9.383376522
-9.827260758
-10.187313956
-10.0367196636
-10.3339393776
-9.9053207808
-9.7913346945
-10.43869689
-10.2552898318
-10.0429556864
-10.3241525148
-10.773719112
-11.0850007132
-10.6311135317
-10.8223204272
-10.820013645
-10.791392866
-10.7912348151
-11.2076323664
-11.0288530339
-11.328734084
-10.9670412474
-11.2649134259
-11.2341388041
-11.4077672397
-11.1917037783
-11.4684845588
-11.4361092192
-11.6093221774
-11.6249174241
-12.4226070876
-12.1153367492
-11.51139833
-12.4532311856
-12.4430227536
-12.5145211368
-11.781105116
-12.1019930635
-12.732904416
-13.0871419446
-12.564646884
-12.4927413201
-12.3613208554
-13.065602597
-12.7044532665
-13.2413853648
-13.225441068
-13.2959653096
-13.873899407
-13.0244369826
-13.6021893912
-14.157532269
-12.9302088858
-13.5464173488
-13.309464256
-14.2735169645
-13.3881550434
-13.3642436984
-14.715740637
-13.6262959415
-13.5366427392
-13.9577426476
-14.569043992
-13.5175206127
-14.296092216
-14.2068468376
-14.5670439123
-14.378638718
-13.921606508
-15.0809645816
-13.8241994622
-14.8908987186
-14.0917105908
-14.5976708205
-14.227294464
-15.4502608698
-14.7706480998
-14.7726607781
-15.150723436
-14.769778617
-15.3258668901
-15.2933402961
-15.3616882473
-15.3956160474
-16.000840614
-15.2153232432
-15.7122903416
-15.926082753
-15.8901113449
-15.4898565842
-16.394740404
-15.810367473
-16.28159799
-16.6103185624
-15.832666944
-16.7185538158
-16.937844576
dMdH Data
-1.82125473228774E-06
5.90460526315785E-06
2.02733712461342E-06
-5.79010856453565E-07
3.54863367093445E-06
6.15453639082747E-06
-2.51083997176563E-07
2.59058846265338E-06
1.44567494762047E-06
4.95978282726726E-06
-5.48039893354399E-07
-1.25376615803285E-06
7.24251826643979E-06
-8.78103378103367E-07
4.20967434774329E-06
-1.63396719991952E-06
2.74264490274657E-06
-1.1877201811778E-07
6.64553726612864E-08
1.9807945772924E-06
6.06953507340948E-06
-2.52532343797012E-06
4.26510100507517E-06
7.36730155660818E-07
4.39663699307617E-06
3.5425369332654E-06
1.40456532297231E-06
-1.58828837862229E-06
2.12869323815189E-06
8.20939334637967E-07
-2.2422859410656E-07
5.33279384988875E-06
-2.11442288457694E-06
6.22791097526029E-06
4.25727411944866E-07
1.18220168742466E-06
1.24532643083118E-06
5.42463272288185E-06
-1.33266129032258E-06
-9.47588302316721E-07
3.25545491972005E-06
3.18907482208116E-06
1.02699411406537E-06
2.89201406328477E-06
1.00644521566683E-06
6.80915287244398E-06
-4.8372884750175E-06
1.27840048470159E-06
3.52432204284056E-06
9.53830542871695E-08
4.77409895660732E-06
1.61301319826622E-06
1.94257752623512E-06
-2.86108918705616E-08
-1.33469583533193E-06
2.33241680098607E-06
4.4282282102661E-06
1.10910374000808E-06
3.32968568778088E-06
2.196708172798E-06
-3.61470133492326E-06
5.80807833056989E-07
7.80439102025483E-06
-3.28418358576695E-06
3.2565689357817E-06
1.94870352135788E-06
-2.4110391148039E-07
3.6865770029221E-06
3.18163511880788E-06
-1.62675983968761E-06
1.05868239528141E-06
8.18770861967441E-07
1.57572815533979E-06
6.32345452693757E-06
-1.85705681590027E-07
-1.05354391371341E-06
4.26568559212486E-06
5.59020964577098E-06
-1.92854398770649E-06
-4.5894571820498E-06
9.90361685214628E-06
-1.30141129032259E-06
2.95588676602983E-06
-1.45886261481334E-06
2.8658112006366E-06
-4.43621069497311E-07
5.23166216351447E-06
-1.41197926665385E-06
2.69959266802444E-06
-1.22119815668203E-06
3.34998079139455E-06
-2.4022965350524E-06
5.67143001925611E-06
3.92770145181719E-06
1.51311895837443E-06
3.46542660735951E-06
8.50477409193801E-07
-3.23883077524687E-06
2.81234688878001E-06
9.5233286204811E-07
-9.13315821378063E-07
2.85528812543692E-06
3.0366240507546E-06
1.08918864505737E-06
4.92014063284781E-06
8.26936157807771E-07
3.67854267310792E-06
2.7034094337725E-06
-5.21553859875137E-06
7.7647283490881E-06
-1.62392285597048E-06
-1.30624813747889E-06
2.62555749466746E-06
7.90598723533573E-06
-3.61677568295496E-06
7.62832217488339E-07
3.62616255560046E-06
-2.09944751381217E-06
5.59644923199686E-06
3.3661157862717E-07
4.18370312954169E-06
-1.38182909745848E-06
3.84070266493662E-06
4.88474204171236E-06
3.36840091813319E-06
-5.30398535990242E-06
3.16025067144136E-06
-2.14863153793707E-06
6.67784893768428E-06
6.16976432266711E-07
-1.09146653040367E-06
1.1911972541893E-07
1.15817616177329E-05
-8.00059154096418E-06
9.93131313131314E-06
-4.0115239419829E-06
4.6416747809153E-06
-3.33099368294393E-06
2.93239951278931E-06
1.10823754789271E-06
-2.0344445563498E-07
2.70597738287558E-06
3.13360480899751E-06
-2.14960708246299E-06
3.9806856591019E-06
-2.5884294111581E-06
1.71135884302504E-06
6.00731153048065E-07
4.88949205118267E-06
1.09979633401188E-07
-1.50945254037022E-06
4.10386074102893E-06
1.13821138211411E-07
1.60717846460615E-06
-4.29057999221485E-06
1.02039402039402E-05
1.07782062691546E-07
2.86940037912801E-06
-7.4077766699893E-07
-3.33667334669355E-07
1.96716417910446E-06
-3.99131274131268E-06
4.17090539165992E-08
8.83945841392658E-06
-3.14415322580647E-06
-7.3428571428572E-06
4.79576107899804E-06
1.04085914085915E-05
-4.31578947368427E-06
-1.56640625000001E-06
4.36354775828456E-06
-2.54166666666661E-06
1.58132530120483E-06
-6.51051625239048E-07
5.89812067260137E-06
-1.78378378378378E-06
2.78012048192765E-06
-3.31695085255763E-06
6.53071017274482E-06
-1.33950617283958E-06
4.19338677354713E-06
-4.64102564102568E-06
-4.83606557377021E-07
-9.52811244979918E-07
6.39254170755639E-06
-4.5771484375E-06
1.74576271186442E-06
1.67542972699704E-06
3.95064165844023E-06
-3.39723320158112E-06
-4.72195121951216E-06
3.39899497487431E-06
-5.7073643410849E-07
1.52106885919827E-07
5.81644934804411E-06
-6.3228271251191E-07
-3.30628803245404E-07
6.53589484327607E-06
-6.21032132424541E-06
3.05923694779119E-06
-3.38264299802716E-07
-3.67423494570588E-06
4.66995073891617E-06
7.26915520628622E-08
1.37272727272729E-06
-2.47718253968256E-06
6.04426559356139E-06
8.39679358717435E-06
-4.21077959576516E-06
-5.71815446339013E-06
2.8271728271725E-07
3.31919191919197E-06
3.73540489642183E-06
-2.63459570112597E-06
1.8119402985075E-06
2.40153698367193E-08
6.64964249233864E-07
7.76565656565673E-06
-3.50778210116733E-06
-4.6554455445544E-06
-6.23053892215575E-06
5.19492385786812E-06
5.14585319351758E-06
-2.3675564681724E-06
1.55050505050503E-06
-2.99337748344376E-06
1.02661795407099E-05
-3.09828244274806E-06
-3.05555555555543E-07
-7.37449799196785E-06
9.49345417925499E-06
-1.49054726368164E-06
-3.56656948493666E-07
1.2502502502502E-06
4.16398390342065E-06
-5.46146245059287E-06
2.8882294757666E-06
-1.97512437810947E-06
-5.19499999999994E-06
4.20517737296256E-06
4.27181544633904E-06
4.16849451645064E-06
-3.30730223123726E-06
1.67419038272812E-06
-1.89244186046503E-06
-4.81771369721941E-06
5.15323383084583E-06
4.77969348659015E-06
2.8585858585855E-07
-4.6285425101214E-06
1.51625615763546E-06
3.16699218749999E-06
-1.29812438302071E-06
3.22837022132805E-06
-5.73479561316042E-06
5.48944723618101E-06
-2.1506196377502E-06
2.37461617195507E-07
2.93079237713138E-06
-1.60000000000065E-07
2.31274131274128E-06
-4.77419354838713E-06
1.22393822393822E-06
1.70010030090274E-06
-1.07814045499464E-07
3.44099999999995E-06
-3.36077235772349E-06
2.13178294573644E-07
-2.26824457594045E-08
2.54473942969535E-06
6.84903748733487E-07
-3.25646123260436E-06
3.04563106796118E-06
-5.20162107396127E-06
7.43200000000001E-06
3.18496538081114E-07
9.59459459459443E-07
-1.96239837398369E-06
-1.26278836509538E-06
1.24098671726759E-06
3.65020576131678E-06
-7.95774647887306E-07
2.10069790628119E-06
-1.00291828793776E-06
-2.7745098039213E-07
-2.80831643002028E-06
2.66442307692308E-06
-2.74256410256409E-06
3.85385385385362E-07
5.31684110371067E-06
1.92166836215665E-06
-2.22620266120779E-06
-2.22620266120779E-06
dMdT Data
0
0
0
0
0
0
0
0
0
0
0
0
0
0
0
0
0
0
0
0
0
0
0
0
0
0
0
0
0
0
0
0
0
0
0
0
0
0
0
0
0
0
0
0
0
0
0
0
0
0
0
0
0
0
0
0
0
0
0
0
0
0
0
0
0
0
0
0
0
0
0
0
0
0
0
0
0
0
0
0
0
0
0
0
0
0
0
0
0
0
0
0
0
0
0
0
0
0
0
0
0
0
0
0
0
0
0
0
0
0
0
0
0
0
0
0
0
0
0
0
0
0
0
0
0
0
0
0
0
0
0
0
0
0
0
0
0
0
0
0
0
0
0
0
0
0
0
0
0
0
0
0
0
0
0
0
0
0
0
0
0
0
0
0
0
0
0
0
0
0
0
0
0
0
0
0
0
0
0
0
0
0
0
0
0
0
0
0
0
0
0
0
0
0
0
0
0
0
0
0
0
0
0
0
0
0
0
0
0
0
0
0
0
0
0
0
0
0
0
0
0
0
0
0
0
0
0
0
0
0
0
0
0
0
0
0
0
0
0
0
0
0
0
0
0
0
0
0
0
0
0
0
0
0
0
0
0
0
0
0
0
0
0
0
0
0
0
0
0
0
0
0
0
0
0
0
0
0
0
0
0
0
0
0
0
0
0
0
0
0
0
0
0
 
*********************************************** Results ***************************************
 
TotalArea 0
AreaFirstQuad 0
AreaSecondQuad 0
AreaThirdQuad 0
AreaFourthQuad 0
Coercivity 0
PositiveCoercivity 0
NegativeCoercivity 0
Retentivity 1.06840630430418E-03
PositiveRetentivity 4.41067385073005E-04
NegativeRetentivity 2.57787999368137E-03
Magnetization 0.00483679
PositiveMagnetization 0.00483679
NegativeMagnetization 0.00149651
Flatness -1.41282738907111
Squareness 0.220891604618803
SStar 0
SFD1 0
SFD2 0
Slope 0
Intercept 0
SlopeAtHc -2.22620266120779E-06
dH1 -293.315999503848
dH2 67.4604999999999
InitialSlope -1.82125473228774E-06
FieldAtHalfMs -83.9253388199411
FieldAtMs 2342.63
MomentMean 3.61515962457338E-03
MomentRMS 9.91472628043309E-04
SFD3 0
dH3 -586.631999007696
UserField1 0
UserField2 0
CenterField 0
ExchangeField 0
ExchangeMoment 0
ExRegionOneIntercept 0
ExRegionOneSlope 0
ExRegionTwoIntercept 0
ExRegionTwoSlope 0
NegativeIntercept 0
NegativeSlope 0
AutoCenterOffset 0
PinningField 0
PinningMoment 0
PinRegionOneIntercept 0
PinRegionOneSlope 0
PinRegionTwoIntercept 0
PinRegionTwoSlope 0
PositiveIntercept 0
PositiveSlope 0
TotalOffset 0
BHMax 0
BCoercivity 0
BRetentivity 0
BNegativeCoercivity 0
BPositiveCoercivity 0
BNegativeRetentivity 0
BPositiveRetentivity 0
MomentYMean -6.96838679180888E-03
MomentYRMS 1.98660115768633E-04
YOffCorrection 0
Mrt 0
Ms1 0
Ms2 0
Ms3 0
Hc2 0
Hex2 0
HsatValue 0
HsatIntercept 0
HsatSlope 0
CenterH 0
Span .00334028
SpanAsPercentOfRange -63.0241509433962
RMSAsPercentOfRange -18.7070307177983
SpanAsPercentOfMean 92.3964733754788
RMSAsPercentOfMean 27.4254177133413
