Version 1.25
******************************************** Units *******************************************
System CGS
TemperatureUnit K
MomentUnit emu
AppliedFieldUnit G
 
******************************************** Setup ********************************************
 
Experiment CustomField
Minor False
Acquisition Continuous
EditedPoint No
MaxField 15000
FieldIncrement 100
Points 293
MinField 0
RampRate 10
AverageTime 0.3
TimeInterval 0
TimeConstant 0.1
TimeConstantIndex 0
Sensitivity -0.0053
SensitivityIndex 5
SensitivityY -400
SensitivityIndexY 0
SaturationField 8000
ExperimentTime 100
Use735Domains True
AutoRangeEnabled False
NumberOfVertices 2
VertexPts
0
292
VertexField
-1548.4545
1403.2581
StartAngle 0
EndAngle 0
AngleIncrement 0
StartTemp 0
FinishTemp 0
TempIncrement 0
TempPoints 0
LengthofSetPointsArray 293
SetPointArray
-1548.45447
-1538.34586
-1528.23726
-1518.12865
-1508.02005
-1497.91145
-1487.80284
-1477.69424
-1467.58563
-1457.47703
-1447.36842
-1437.25982
-1427.15121
-1417.04261
-1406.934
-1396.8254
-1386.71679
-1376.60819
-1366.49958
-1356.39098
-1346.28237
-1336.17377
-1326.06516
-1315.95656
-1305.84795
-1295.73935
-1285.63074
-1275.52214
-1265.41353
-1255.30493
-1245.19632
-1235.08772
-1224.97911
-1214.87051
-1204.7619
-1194.6533
-1184.5447
-1174.43609
-1164.32749
-1154.21888
-1144.11028
-1134.00167
-1123.89307
-1113.78446
-1103.67586
-1093.56725
-1083.45865
-1073.35004
-1063.24144
-1053.13283
-1043.02423
-1032.91562
-1022.80702
-1012.69841
-1002.58981
-992.4812
-982.3726
-972.26399
-962.15539
-952.04678
-941.93818
-931.82957
-921.72097
-911.61236
-901.50376
-891.39515
-881.28655
-871.17794
-861.06934
-850.96074
-840.85213
-830.74353
-820.63492
-810.52632
-800.41771
-790.30911
-780.2005
-770.0919
-759.98329
-749.87469
-739.76608
-729.65748
-719.54887
-709.44027
-699.33166
-689.22306
-679.11445
-669.00585
-658.89724
-648.78864
-638.68003
-628.57143
-618.46282
-608.35422
-598.24561
-588.13701
-578.0284
-567.9198
-557.81119
-547.70259
-537.59398
-527.48538
-517.37678
-507.26817
-497.15957
-487.05096
-476.94236
-466.83375
-456.72515
-446.61654
-436.50794
-426.39933
-416.29073
-406.18212
-396.07352
-385.96491
-375.85631
-365.7477
-355.6391
-345.53049
-335.42189
-325.31328
-315.20468
-305.09607
-294.98747
-284.87886
-274.77026
-264.66165
-254.55305
-244.44444
-234.33584
-224.22723
-214.11863
-204.01003
-193.90142
-183.79282
-173.68421
-163.57561
-153.467
-143.3584
-133.24979
-123.14119
-113.03258
-102.92398
-92.81537
-82.70677
-72.59816
-62.48956
-52.38095
-42.27235
-32.16374
-22.05514
-11.94653
-1.83793
8.27068
18.37928
28.48789
38.59649
48.7051
58.8137
68.92231
79.03091
89.13952
99.24812
109.35673
119.46533
129.57393
139.68254
149.79114
159.89975
170.00835
180.11696
190.22556
200.33417
210.44277
220.55138
230.65998
240.76859
250.87719
260.9858
271.0944
281.20301
291.31161
301.42022
311.52882
321.63743
331.74603
341.85464
351.96324
362.07185
372.18045
382.28906
392.39766
402.50627
412.61487
422.72348
432.83208
442.94069
453.04929
463.15789
473.2665
483.3751
493.48371
503.59231
513.70092
523.80952
533.91813
544.02673
554.13534
564.24394
574.35255
584.46115
594.56976
604.67836
614.78697
624.89557
635.00418
645.11278
655.22139
665.32999
675.4386
685.5472
695.65581
705.76441
715.87302
725.98162
736.09023
746.19883
756.30744
766.41604
776.52464
786.63325
796.74185
806.85046
816.95906
827.06767
837.17627
847.28488
857.39348
867.50209
877.61069
887.7193
897.8279
907.93651
918.04511
928.15372
938.26232
948.37093
958.47953
968.58814
978.69674
988.80535
998.91395
1009.02256
1019.13116
1029.23977
1039.34837
1049.45698
1059.56558
1069.67419
1079.78279
1089.8914
1100
1110.1086
1120.21721
1130.32581
1140.43442
1150.54302
1160.65163
1170.76023
1180.86884
1190.97744
1201.08605
1211.19465
1221.30326
1231.41186
1241.52047
1251.62907
1261.73768
1271.84628
1281.95489
1292.06349
1302.1721
1312.2807
1322.38931
1332.49791
1342.60652
1352.71512
1362.82373
1372.93233
1383.04094
1393.14954
1403.25815
FieldDomainFile C:\IDEASVSM\Default UserID\Experiments\FORCexp0263B\fdomain.ini
TempDomainFile C:\IDEASVSM\Default UserID\Experiments\FORCexp0263B\tdomain.ini
NumSelectedResults 0
ResultsSelected 
UserName1 
UserValue1 
UserName2 
UserValue2 
LinearBackgroundCorrection Off
MaxLinearFieldCorrection 
MinLinearFieldCorrection 
AutoLinearCorrection Off
FitOneRegion Off
BackgroundMode Off
BackgroundFilename 
AutoCenter Off
OffsetCorrection 
SmoothDeriv Off
DerivOrder 0
DerivPoints 0
MinExFieldOne 
MaxExFieldOne 
MinExFieldTwo 
MaxExFieldTwo 
MinPinFieldOne 
MaxPinFieldOne 
MinPinFieldTwo 
MaxPinFieldTwo 
HCenterStart 
Mass 
Volume 
Density 
MolarWeight 
NumberOfMoles 
Demagnetization 
SampleArea 
Thickness 
MomentScaling 0
XAxis 0
YAxis 0
SimpleSpinValve False
HsatMax 0
HsatMin 0
FieldAutoRange False
 
*************************************************** Experiment Data ********************************************
 
DataPoints 293
MomentX Data
-0.00428418
-0.00425813
-0.00430839
-0.00429125
-0.00430428
-0.00422345
-0.00423431
-0.00426398
-0.00426585
-0.00427013
-0.00421327
-0.00424138
-0.00424139
-0.00422509
-0.00421243
-0.0041978
-0.00416395
-0.00419943
-0.00418021
-0.00417748
-0.0041952
-0.00417953
-0.00415627
-0.00413746
-0.00414988
-0.00416106
-0.00416101
-0.00410142
-0.00414657
-0.00413699
-0.00413119
-0.00411064
-0.00408397
-0.00408392
-0.00407596
-0.00409623
-0.00406933
-0.0040534
-0.00405311
-0.00402404
-0.00404407
-0.00403147
-0.00401931
-0.00402505
-0.0039836
-0.00404101
-0.00397758
-0.00401311
-0.00399004
-0.003976
-0.0039933
-0.00393924
-0.00391132
-0.00395598
-0.00395433
-0.00392736
-0.00393746
-0.00391707
-0.00390213
-0.00390997
-0.00392155
-0.00389233
-0.00389283
-0.00389062
-0.00387648
-0.00388949
-0.00386016
-0.00389311
-0.00390446
-0.00382554
-0.00381009
-0.00384445
-0.00379595
-0.00381449
-0.00380337
-0.00378311
-0.00377014
-0.00376327
-0.00376824
-0.00374092
-0.00373927
-0.003742
-0.00371714
-0.00371565
-0.00372073
-0.00369608
-0.00371641
-0.0036646
-0.00369216
-0.00370467
-0.00364298
-0.00359852
-0.00360835
-0.00357523
-0.00362295
-0.00357318
-0.00362407
-0.0036172
-0.00356404
-0.00357506
-0.0035962
-0.00355253
-0.00356324
-0.00354196
-0.00355902
-0.00355272
-0.00350142
-0.00350739
-0.00345963
-0.00344872
-0.00342036
-0.00340087
-0.00342789
-0.00345146
-0.00343235
-0.0034394
-0.00337574
-0.00334344
-0.0033495
-0.00335516
-0.00339053
-0.00336859
-0.00335051
-0.00328556
-0.00322995
-0.00323585
-0.00326951
-0.00324728
-0.00327006
-0.00323322
-0.00326589
-0.00320479
-0.00320216
-0.00319078
-0.00319316
-0.0031437
-0.00319552
-0.00313744
-0.00315461
-0.00309736
-0.00306772
-0.0030985
-0.00304009
-0.00308668
-0.00304878
-0.00306399
-0.00297944
-0.00297442
-0.00302112
-0.0029907
-0.00294788
-0.00296222
-0.00287932
-0.00281102
-0.00287569
-0.00287662
-0.00285371
-0.00284066
-0.00285648
-0.0028341
-0.00278122
-0.00278932
-0.00281548
-0.00276297
-0.00274285
-0.00271471
-0.00269224
-0.00270724
-0.00275064
-0.00261548
-0.00264727
-0.00257138
-0.00257067
-0.00260438
-0.00262334
-0.00251821
-0.00243261
-0.00247082
-0.00250573
-0.00247023
-0.00245164
-0.0023994
-0.00237617
-0.00227912
-0.00231158
-0.00236215
-0.00234615
-0.00229262
-0.00221733
-0.00217406
-0.00221618
-0.00211362
-0.00210926
-0.00212072
-0.00203439
-0.00199296
-0.00201693
-0.00199529
-0.00194457
-0.00187126
-0.00185777
-0.00176631
-0.00177358
-0.00170529
-0.00173341
-0.00170561
-0.00171024
-0.001596
-0.00151926
-0.00148013
-0.00138872
-0.00139033
-0.00136253
-0.00121299
-0.00121515
-0.00121919
-0.0011887
-0.00119985
-0.000999273
-0.000943691
-0.00087617
-0.000802364
-0.00069147
-0.000633626
-0.000578663
-0.000453483
-0.000308278
-0.000307724
-0.000120636
-0.0000423905
0.000106886
0.000119228
0.000284938
0.00042567
0.000587125
0.000646134
0.000680299
0.000865429
0.000940753
0.0010332
0.00106785
0.00118408
0.00135415
0.00149195
0.00164347
0.00171837
0.00182138
0.00193445
0.00199774
0.0021495
0.00229083
0.00226844
0.00236346
0.00238094
0.00240022
0.00259117
0.00265007
0.00273412
0.00283792
0.0028986
0.0029198
0.00302373
0.00308097
0.00312672
0.0031729
0.00331026
0.00338213
0.00336678
0.00341362
0.00349985
0.00352873
0.00356545
0.00360466
0.00364919
0.0036339
0.00374249
0.0037427
0.00378714
0.00381396
0.0038348
0.00382491
0.00394522
0.00400918
0.00398863
0.00389838
0.0040341
0.00403708
0.00399999
0.00410647
0.00410117
0.0041011
0.00411179
0.00418841
MomentY Data
-0.00561078
-0.00592868
-0.00600815
-0.00592868
-0.00562668
-0.00602404
-0.00592868
-0.00581741
-0.00562668
-0.00602404
-0.00592868
-0.00576973
-0.00573794
-0.00562668
-0.00589689
-0.00581741
-0.00592868
-0.00562668
-0.00589689
-0.00597636
-0.00542005
-0.0058492
-0.00603994
-0.00572205
-0.00610352
-0.00567436
-0.00551542
-0.0058492
-0.00592868
-0.00592868
-0.00599225
-0.00581741
-0.00576973
-0.00638962
-0.00619888
-0.00567436
-0.0058492
-0.00588099
-0.00588099
-0.00600815
-0.00616709
-0.00562668
-0.00589689
-0.00592868
-0.00591278
-0.00607173
-0.0055631
-0.00583331
-0.00575384
-0.00575384
-0.00567436
-0.00578562
-0.00565847
-0.00567436
-0.00610352
-0.0055631
-0.00567436
-0.00596046
-0.00581741
-0.00591278
-0.00546773
-0.00573794
-0.00591278
-0.00607173
-0.00603994
-0.00588099
-0.00591278
-0.00602404
-0.00603994
-0.00607173
-0.00592868
-0.00572205
-0.00576973
-0.00572205
-0.00597636
-0.00594457
-0.0064532
-0.00572205
-0.00572205
-0.00576973
-0.00607173
-0.00578562
-0.00632604
-0.00581741
-0.00605583
-0.00540415
-0.0058492
-0.00573794
-0.00565847
-0.00567436
-0.00581741
-0.00594457
-0.00602404
-0.00576973
-0.00573794
-0.00597636
-0.00623067
-0.00581741
-0.00578562
-0.00583331
-0.00581741
-0.00591278
-0.00592868
-0.00551542
-0.00546773
-0.00570615
-0.00589689
-0.00578562
-0.00600815
-0.0058651
-0.00597636
-0.00605583
-0.00616709
-0.00600815
-0.00554721
-0.00583331
-0.00575384
-0.00629425
-0.00623067
-0.00573794
-0.00588099
-0.0058651
-0.00592868
-0.0058651
-0.00578562
-0.00583331
-0.00603994
-0.00603994
-0.0061353
-0.00616709
-0.00591278
-0.00567436
-0.0061353
-0.00596046
-0.0055631
-0.00583331
-0.00565847
-0.00572205
-0.00596046
-0.00602404
-0.00596046
-0.00597636
-0.00588099
-0.00619888
-0.00592868
-0.0061353
-0.00597636
-0.00616709
-0.00594457
-0.00592868
-0.00632604
-0.00629425
-0.00581741
-0.00572205
-0.00591278
-0.00578562
-0.00591278
-0.00603994
-0.00581741
-0.00603994
-0.00629425
-0.00602404
-0.0058651
-0.00561078
-0.00597636
-0.00567436
-0.00603994
-0.00603994
-0.00605583
-0.0061353
-0.00607173
-0.00610352
-0.0058492
-0.00561078
-0.00603994
-0.00596046
-0.0061353
-0.00603994
-0.00600815
-0.00635783
-0.00623067
-0.00588099
-0.00583331
-0.00607173
-0.00619888
-0.00616709
-0.00623067
-0.00623067
-0.00589689
-0.00597636
-0.00600815
-0.00610352
-0.0061353
-0.00616709
-0.00589689
-0.00635783
-0.00623067
-0.00623067
-0.00623067
-0.0061353
-0.00591278
-0.00658035
-0.00576973
-0.00600815
-0.0061353
-0.00629425
-0.00616709
-0.00632604
-0.00648499
-0.00651677
-0.00610352
-0.0061353
-0.00597636
-0.00600815
-0.00607173
-0.00635783
-0.00632604
-0.00638962
-0.00654856
-0.00626246
-0.0064532
-0.00619888
-0.00626246
-0.00616709
-0.00635783
-0.00642141
-0.00642141
-0.00629425
-0.00623067
-0.0061353
-0.00651677
-0.00642141
-0.00610352
-0.00654856
-0.00654856
-0.00642141
-0.00648499
-0.00662804
-0.00635783
-0.00667572
-0.00638962
-0.00629425
-0.00632604
-0.00629425
-0.00677109
-0.00667572
-0.00616709
-0.00648499
-0.00654856
-0.00661214
-0.00677109
-0.00658035
-0.00661214
-0.00626246
-0.00651677
-0.00651677
-0.0064532
-0.00670751
-0.00686646
-0.00710487
-0.00670751
-0.00651677
-0.00661214
-0.00667572
-0.0067393
-0.00648499
-0.00675519
-0.00680288
-0.00667572
-0.00658035
-0.00651677
-0.00651677
-0.00689824
-0.00699361
-0.00648499
-0.00708898
-0.00683467
-0.00664393
-0.00670751
-0.0067393
-0.00635783
-0.0067393
-0.00694593
-0.00683467
-0.00699361
-0.00678698
-0.00700951
-0.0067393
-0.00683467
-0.00683467
-0.00670751
-0.00651677
-0.0067393
Field Data
-1547.74
-1541.54
-1532.24
-1521.9
-1511.7
-1501.67
-1491.69
-1481.12
-1471.3
-1461.43
-1451.02
-1441.05
-1430.52
-1420.9
-1410.95
-1400.45
-1390.59
-1380.57
-1370.32
-1360.34
-1350.35
-1340.29
-1330.12
-1320.04
-1309.75
-1299.97
-1289.98
-1279.47
-1269.61
-1259.41
-1249.38
-1239.39
-1229.13
-1219.12
-1209.21
-1198.97
-1188.8
-1178.94
-1168.88
-1158.47
-1148.64
-1138.75
-1128.53
-1118.22
-1108.39
-1098.35
-1087.72
-1078.02
-1068.2
-1057.78
-1047.79
-1037.94
-1027.59
-1017.39
-1007.52
-997.614
-987.287
-977.222
-967.332
-956.957
-947.012
-936.761
-926.929
-916.754
-906.905
-896.823
-886.414
-876.362
-866.359
-856.376
-846.159
-836.245
-826.059
-815.767
-805.912
-796.08
-785.647
-775.709
-765.753
-755.571
-745.362
-735.129
-725.308
-715.368
-705.087
-695.108
-685.095
-675.086
-664.671
-654.758
-644.872
-634.423
-624.537
-614.363
-604.467
-594.224
-584.321
-574.339
-563.935
-553.932
-543.823
-533.893
-523.938
-513.52
-503.593
-493.714
-483.415
-473.212
-463.383
-453.358
-442.959
-433.13
-423.102
-412.724
-402.799
-392.627
-382.743
-372.776
-362.316
-352.361
-342.495
-332.319
-322.185
-312.22
-302.267
-291.794
-281.749
-271.947
-261.95
-251.671
-241.481
-231.538
-221.594
-211.21
-201.262
-191.431
-180.961
-171.108
-161.019
-150.989
-140.626
-130.802
-120.902
-110.48
-100.495
-90.3067
-80.3041
-70.3704
-60.0319
-50.0572
-40.2576
-29.9225
-19.8849
-10.1755
-0.189077
10.5171
20.6184
30.5229
40.4554
50.7586
63.8297
74.0196
84.3639
93.9855
104.192
114.464
124.558
134.427
144.897
154.652
164.717
174.993
185.096
195.335
205.15
215.08
225.343
235.382
245.316
255.358
265.754
275.632
285.497
296.019
305.951
315.864
326.24
335.954
346.409
356.2
366.358
376.385
386.275
396.662
406.634
416.527
426.767
436.944
446.767
457.213
466.987
477.313
487.209
497.248
507.294
517.569
527.394
537.49
547.821
557.732
567.612
578.037
588.073
597.874
608.022
618.356
628.255
638.478
648.415
658.574
668.411
678.528
688.802
698.737
708.808
719.039
728.955
739.327
749.283
759.12
769.511
779.446
789.252
799.707
809.65
819.691
829.682
840.175
849.905
859.761
870.178
880.144
890.135
900.435
910.362
920.595
930.41
940.752
950.703
960.53
970.909
980.888
990.869
1001.11
1011.1
1021.41
1031.39
1041.19
1051.56
1061.69
1071.5
1081.53
1092.02
1101.81
1111.64
1122.08
1132.07
1142.32
1152.19
1162.12
1172.48
1182.43
1192.41
1202.37
1212.79
1222.76
1232.64
1243.14
1252.85
1262.81
1273.18
1283.23
1293.47
1303.39
1313.35
1323.58
1333.57
1343.45
1353.58
1363.97
1373.81
1383.72
1394.21
Time Data
0
0.3
0.6
0.9
1.2
1.5
1.8
2.1
2.4
2.7
3
3.3
3.6
3.9
4.2
4.5
4.8
5.1
5.4
5.7
6
6.3
6.6
6.9
7.2
7.5
7.8
8.1
8.4
8.7
9
9.3
9.6
9.9
10.2
10.5
10.8
11.1
11.4
11.7
12
12.3
12.6
12.9
13.2
13.5
13.8
14.1
14.4
14.7
15
15.3
15.6
15.9
16.2
16.5
16.8
17.1
17.4
17.7
18
18.3
18.6
18.9
19.2
19.5
19.8
20.1
20.4
20.7
21
21.3
21.6
21.9
22.2
22.5
22.8
23.1
23.4
23.7
24
24.3
24.6
24.9
25.2
25.5
25.8
26.1
26.4
26.7
27
27.3
27.6
27.9
28.2
28.5
28.8
29.1
29.4
29.7
30.0000000000001
30.3000000000001
30.6000000000001
30.9000000000001
31.2000000000001
31.5000000000001
31.8000000000001
32.1000000000001
32.4
32.7
33
33.3
33.6
33.9
34.2
34.5
34.8
35.1
35.4
35.7
36
36.3
36.6
36.9
37.2
37.5
37.8
38.1
38.4
38.7
39
39.3
39.6
39.9
40.2
40.5
40.8
41.1
41.4
41.7
42
42.3
42.6
42.8999999999999
43.1999999999999
43.4999999999999
43.7999999999999
44.0999999999999
44.3999999999999
44.6999999999999
44.9999999999999
45.2999999999999
45.5999999999999
45.8999999999999
46.1999999999999
46.4999999999999
46.7999999999999
47.0999999999999
47.3999999999999
47.6999999999999
47.9999999999999
48.2999999999999
48.5999999999999
48.8999999999999
49.1999999999999
49.4999999999999
49.7999999999999
50.0999999999999
50.3999999999999
50.6999999999999
50.9999999999999
51.2999999999999
51.5999999999999
51.8999999999999
52.1999999999999
52.4999999999999
52.7999999999999
53.0999999999999
53.3999999999998
53.6999999999998
53.9999999999998
54.2999999999998
54.5999999999998
54.8999999999998
55.1999999999998
55.4999999999998
55.7999999999998
56.0999999999998
56.3999999999998
56.6999999999998
56.9999999999998
57.2999999999998
57.5999999999998
57.8999999999998
58.1999999999998
58.4999999999998
58.7999999999998
59.0999999999998
59.3999999999998
59.6999999999998
59.9999999999998
60.2999999999998
60.5999999999998
60.8999999999998
61.1999999999998
61.4999999999998
61.7999999999998
62.0999999999998
62.3999999999998
62.6999999999998
62.9999999999998
63.2999999999998
63.5999999999998
63.8999999999998
64.1999999999997
64.4999999999997
64.7999999999997
65.0999999999997
65.3999999999997
65.6999999999997
65.9999999999997
66.2999999999997
66.5999999999997
66.8999999999997
67.1999999999997
67.4999999999997
67.7999999999997
68.0999999999997
68.3999999999997
68.6999999999997
68.9999999999997
69.2999999999997
69.5999999999997
69.8999999999997
70.1999999999997
70.4999999999997
70.7999999999997
71.0999999999997
71.3999999999997
71.6999999999997
71.9999999999997
72.2999999999997
72.5999999999997
72.8999999999997
73.1999999999997
73.4999999999997
73.7999999999997
74.0999999999997
74.3999999999997
74.6999999999996
74.9999999999996
75.2999999999996
75.5999999999996
75.8999999999996
76.1999999999996
76.4999999999996
76.7999999999996
77.0999999999996
77.3999999999996
77.6999999999996
77.9999999999996
78.2999999999996
78.5999999999996
78.8999999999996
79.1999999999996
79.4999999999996
79.7999999999996
80.0999999999996
80.3999999999996
80.6999999999996
80.9999999999996
81.2999999999996
81.5999999999996
81.8999999999996
82.1999999999996
82.4999999999996
82.7999999999996
83.0999999999996
83.3999999999996
83.6999999999996
83.9999999999996
84.2999999999996
84.5999999999996
84.8999999999996
85.1999999999995
85.4999999999995
85.7999999999995
86.0999999999995
86.3999999999995
86.6999999999995
86.9999999999995
87.2999999999995
87.5999999999995
Temperature Data
0
0
0
0
0
0
0
0
0
0
0
0
0
0
0
0
0
0
0
0
0
0
0
0
0
0
0
0
0
0
0
0
0
0
0
0
0
0
0
0
0
0
0
0
0
0
0
0
0
0
0
0
0
0
0
0
0
0
0
0
0
0
0
0
0
0
0
0
0
0
0
0
0
0
0
0
0
0
0
0
0
0
0
0
0
0
0
0
0
0
0
0
0
0
0
0
0
0
0
0
0
0
0
0
0
0
0
0
0
0
0
0
0
0
0
0
0
0
0
0
0
0
0
0
0
0
0
0
0
0
0
0
0
0
0
0
0
0
0
0
0
0
0
0
0
0
0
0
0
0
0
0
0
0
0
0
0
0
0
0
0
0
0
0
0
0
0
0
0
0
0
0
0
0
0
0
0
0
0
0
0
0
0
0
0
0
0
0
0
0
0
0
0
0
0
0
0
0
0
0
0
0
0
0
0
0
0
0
0
0
0
0
0
0
0
0
0
0
0
0
0
0
0
0
0
0
0
0
0
0
0
0
0
0
0
0
0
0
0
0
0
0
0
0
0
0
0
0
0
0
0
0
0
0
0
0
0
0
0
0
0
0
0
0
0
0
0
0
0
0
0
0
0
0
0
0
0
0
0
0
0
0
0
0
0
0
0
0
0
0
0
0
0
Angle Data
0
0
0
0
0
0
0
0
0
0
0
0
0
0
0
0
0
0
0
0
0
0
0
0
0
0
0
0
0
0
0
0
0
0
0
0
0
0
0
0
0
0
0
0
0
0
0
0
0
0
0
0
0
0
0
0
0
0
0
0
0
0
0
0
0
0
0
0
0
0
0
0
0
0
0
0
0
0
0
0
0
0
0
0
0
0
0
0
0
0
0
0
0
0
0
0
0
0
0
0
0
0
0
0
0
0
0
0
0
0
0
0
0
0
0
0
0
0
0
0
0
0
0
0
0
0
0
0
0
0
0
0
0
0
0
0
0
0
0
0
0
0
0
0
0
0
0
0
0
0
0
0
0
0
0
0
0
0
0
0
0
0
0
0
0
0
0
0
0
0
0
0
0
0
0
0
0
0
0
0
0
0
0
0
0
0
0
0
0
0
0
0
0
0
0
0
0
0
0
0
0
0
0
0
0
0
0
0
0
0
0
0
0
0
0
0
0
0
0
0
0
0
0
0
0
0
0
0
0
0
0
0
0
0
0
0
0
0
0
0
0
0
0
0
0
0
0
0
0
0
0
0
0
0
0
0
0
0
0
0
0
0
0
0
0
0
0
0
0
0
0
0
0
0
0
0
0
0
0
0
0
0
0
0
0
0
0
0
0
0
0
0
0
Bx Data
0
0
0
0
0
0
0
0
0
0
0
0
0
0
0
0
0
0
0
0
0
0
0
0
0
0
0
0
0
0
0
0
0
0
0
0
0
0
0
0
0
0
0
0
0
0
0
0
0
0
0
0
0
0
0
0
0
0
0
0
0
0
0
0
0
0
0
0
0
0
0
0
0
0
0
0
0
0
0
0
0
0
0
0
0
0
0
0
0
0
0
0
0
0
0
0
0
0
0
0
0
0
0
0
0
0
0
0
0
0
0
0
0
0
0
0
0
0
0
0
0
0
0
0
0
0
0
0
0
0
0
0
0
0
0
0
0
0
0
0
0
0
0
0
0
0
0
0
0
0
0
0
0
0
0
0
0
0
0
0
0
0
0
0
0
0
0
0
0
0
0
0
0
0
0
0
0
0
0
0
0
0
0
0
0
0
0
0
0
0
0
0
0
0
0
0
0
0
0
0
0
0
0
0
0
0
0
0
0
0
0
0
0
0
0
0
0
0
0
0
0
0
0
0
0
0
0
0
0
0
0
0
0
0
0
0
0
0
0
0
0
0
0
0
0
0
0
0
0
0
0
0
0
0
0
0
0
0
0
0
0
0
0
0
0
0
0
0
0
0
0
0
0
0
0
0
0
0
0
0
0
0
0
0
0
0
0
0
0
0
0
0
0
Hint Data
0
0
0
0
0
0
0
0
0
0
0
0
0
0
0
0
0
0
0
0
0
0
0
0
0
0
0
0
0
0
0
0
0
0
0
0
0
0
0
0
0
0
0
0
0
0
0
0
0
0
0
0
0
0
0
0
0
0
0
0
0
0
0
0
0
0
0
0
0
0
0
0
0
0
0
0
0
0
0
0
0
0
0
0
0
0
0
0
0
0
0
0
0
0
0
0
0
0
0
0
0
0
0
0
0
0
0
0
0
0
0
0
0
0
0
0
0
0
0
0
0
0
0
0
0
0
0
0
0
0
0
0
0
0
0
0
0
0
0
0
0
0
0
0
0
0
0
0
0
0
0
0
0
0
0
0
0
0
0
0
0
0
0
0
0
0
0
0
0
0
0
0
0
0
0
0
0
0
0
0
0
0
0
0
0
0
0
0
0
0
0
0
0
0
0
0
0
0
0
0
0
0
0
0
0
0
0
0
0
0
0
0
0
0
0
0
0
0
0
0
0
0
0
0
0
0
0
0
0
0
0
0
0
0
0
0
0
0
0
0
0
0
0
0
0
0
0
0
0
0
0
0
0
0
0
0
0
0
0
0
0
0
0
0
0
0
0
0
0
0
0
0
0
0
0
0
0
0
0
0
0
0
0
0
0
0
0
0
0
0
0
0
0
Torque Data
8.6840286372
9.1392973672
9.205927756
9.022858092
8.505852156
9.0461201468
8.8437526692
8.6162822992
8.278534284
8.8037127772
8.6026332536
8.3144694165
8.2082379288
7.994949612
8.3202169455
8.1469918345
8.2443631212
7.7680256076
8.0806263048
8.1298815624
7.3189645175
7.839624268
8.0338449928
7.553334882
7.99408532
7.3764977692
7.1147814916
7.483875924
7.5271114148
7.4666388788
7.486597305
7.2100397799
7.0917482349
7.7897135344
7.4957476848
6.8033874092
6.95352896
6.9333343506
6.8741715912
6.9602615305
7.0837662576
6.40738185
6.6548172717
6.6295685496
6.5536662242
6.6688846455
6.051095132
6.2884248462
6.146251888
6.0862968752
5.9455376644
6.0051264228
5.8145871873
5.7730371204
6.1494184704
5.5498264434
5.60222186132
5.82469264212
5.62736685012
5.65827621046
5.17800592276
5.37507841234
5.48072725262
5.56628276442
5.4776517857
5.27420709477
5.24117097092
5.27923974248
5.23275637846
5.19968385048
5.01660594012
4.78503570225
4.76613739407
4.66785956235
4.81642024032
4.7323532856
5.0699372204
4.43864568345
4.38167695365
4.35944066583
4.52563681626
4.25317704498
4.58832742032
4.16158895688
4.26988700721
3.7564678982
4.007257674
3.87360296284
3.76102091337
3.71533260488
3.75148482152
3.77137193311
3.76223586948
3.54470863199
3.46839537798
3.55129654464
3.64071132507
3.34116544199
3.2627136147
3.23125707492
3.16364135843
3.15679185254
3.10626074184
2.8322784784
2.75351055389
2.8172061411
2.85064507935
2.73782481144
2.78407457145
2.6589900058
2.64728244924
2.6229616479
2.60930811318
2.4797077006
2.23441064079
2.29031500537
2.20224198312
2.346345338
2.25747143172
2.02182627634
2.01420967005
1.9490841669
1.9101317658
1.831201522
1.74880200054
1.70212485814
1.70174705506
1.64254356318
1.607141835
1.55207770739
1.42782402718
1.31382996568
1.3595456682
1.2589087566
1.1196406322
1.11667636661
1.02396238967
0.9790885314
0.95974730874
0.90956377556
0.83819564796
0.78171984072
0.71102345298
0.6848522624
0.5958026966
0.55405869651
0.479926211076
0.433980590136
0.356863831783
0.296773120496
0.254671187904
0.188339695625
0.115678616109
0.058224719775
0.00111797070406
-0.060847944102
-0.121912063152
-0.184356484626
-0.235345648514
-0.306578898484
-0.401760089225
-0.445897031184
-0.49480270989
-0.52733196369
-0.62268890112
-0.64950994304
-0.75232284652
-0.81193101438
-0.87747159951
-0.9488364156
-1.00011715041
-1.06807327536
-1.0826635232
-1.0959817113
-1.239093691
-1.2819757368
-1.3825469079
-1.42169315708
-1.4738953254
-1.62352275314
-1.65582547518
-1.62098903568
-1.66539250507
-1.79734744287
-1.89655353488
-1.94796171576
-2.0326937808
-2.09321850918
-2.04273576801
-2.128779432
-2.2011338177
-2.2972733752
-2.3699130075
-2.44625025358
-2.39787596826
-2.64820785641
-2.65904434389
-2.72245387248
-2.78365774389
-2.8051389189
-2.76119139386
-3.14088659955
-2.81106438357
-2.9875405712
-3.1124008782
-3.25770867825
-3.25248626346
-3.4001832396
-3.55261370679
-3.63461116564
-3.46443119424
-3.5464304061
-3.51453595428
-3.5921166731
-3.69174541806
-3.93140232748
-3.9743662602
-4.07963179836
-4.2461845324
-4.12429333204
-4.3133898652
-4.20611364864
-4.31359497292
-4.30917396533
-4.50648076664
-4.61724422499
-4.68091892655
-4.65350896975
-4.66853510961
-4.657428936
-5.01472619947
-5.00514233886
-4.81721536704
-5.23692927192
-5.302041604
-5.26357198431
-5.38047947318
-5.568713507
-5.40355150615
-5.73952370292
-5.56010675236
-5.539846372
-5.6310296154
-5.66756299875
-6.16414303458
-6.1456344534
-5.7379222069
-6.10076731248
-6.22573563768
-6.3511588342
-6.57411222081
-6.4545863508
-6.55176454966
-6.2694113306
-6.589106147
-6.6562940457
-6.655765948
-6.9837923369
-7.2204946776
-7.5431694303
-7.187096965
-7.0480822581
-7.2205891228
-7.3553750532
-7.491675452
-7.2766775792
-7.6473479433
-7.7710658816
-7.6916978268
-7.647156342
-7.6407824896
-7.7056243511
-8.2255303584
-8.4089068557
-7.8649310221
-8.6681211848
-8.4246876288
-8.2593351402
-8.4035039035
-8.510455433
-8.0946619994
-8.648071939
-8.9843520771
-8.9082405313
-9.1850576935
-8.9831109884
-9.3476722507
-9.053912585
-9.2512726186
-9.3222848399
-9.2148443131
-9.0173849844
-9.395999453
dMdH Data
4.20161290322586E-06
-5.40430107526883E-06
1.6576402321083E-06
-1.27745098039213E-06
8.05882352941175E-06
-1.08817635270538E-06
-2.80700094607374E-06
-1.90427698574357E-07
-4.33637284701092E-07
5.46205571565795E-06
-2.81945837512541E-06
-9.49667616328646E-10
1.69438669438675E-06
1.27236180904525E-06
1.39333333333332E-06
3.43306288032452E-06
-3.54091816367267E-06
1.87512195121946E-06
2.73547094188403E-07
-1.77377377377374E-06
1.5576540755467E-06
2.28711897738443E-06
1.86607142857146E-06
-1.20699708454811E-06
-1.14314928425362E-06
5.0050050050621E-09
5.6698382492864E-06
-4.57910750507092E-06
9.39215686274476E-07
5.78265204386866E-07
2.05705705705708E-06
2.59941520467831E-06
4.99500499497522E-09
8.03229061554041E-07
-1.97949218750002E-06
2.64503441494588E-06
1.61561866125762E-06
2.88270377733612E-08
2.79250720461093E-06
-2.03763987792472E-06
1.27401415571289E-06
1.18982387475536E-06
-5.56741028128009E-07
4.21668362156659E-06
-5.71812749003972E-06
5.96707431796814E-06
-3.66288659793819E-06
2.34928716904279E-06
1.34740882917464E-06
-1.73173173173169E-06
5.48832487309648E-06
2.69758454106275E-06
-4.37843137254898E-06
1.67173252279609E-07
2.72259236826162E-06
-9.78018785707356E-07
2.02583209140588E-06
1.51061678463092E-06
-7.55662650602353E-07
-1.16440422322781E-06
2.85045361428158E-06
-5.08543531326349E-08
2.17199017199007E-07
1.43567874911159E-06
-1.29041856774449E-06
2.81775386684597E-06
-3.27795463589334E-06
-1.13465960211935E-06
7.90543924671934E-06
1.51218557306452E-06
-3.46580593100668E-06
4.76143726683681E-06
-1.80139914496694E-06
1.12836123795026E-06
2.06061838893407E-06
1.24317070832936E-06
6.91285973032793E-07
-4.99196464443554E-07
2.68316637202906E-06
1.61622098148709E-07
-2.66783934330136E-07
2.5313104571836E-06
1.49899396378253E-07
-4.94115358428142E-07
2.47018739352637E-06
-2.0303605313093E-06
5.17634129283642E-06
-2.64618338934229E-06
-1.26197921920713E-06
6.24013756827833E-06
4.25495262704568E-06
-9.94335423831701E-07
3.25535679182232E-06
-4.82215036378334E-06
4.85892804842336E-06
-5.13884681409673E-06
6.88238829893808E-07
5.10957324106108E-06
-1.10166949915027E-06
-2.09120585616774E-06
4.3977844914401E-06
-1.07584128578605E-06
2.04261854482629E-06
-1.71854538128339E-06
6.37716368053434E-07
4.98106612292459E-06
-5.8512202293444E-07
4.8590904466375E-06
1.08827930174562E-06
2.72718530627948E-06
1.98290772204701E-06
-2.69445552453131E-06
-2.27115051069572E-06
1.92544080604535E-06
-6.93079040503364E-07
6.44071226224201E-06
3.24069429116082E-06
-5.79349904397704E-07
-5.68558513309873E-07
-3.58503952969799E-06
2.15605345911952E-06
1.7840931517663E-06
6.51781234320125E-06
5.58726012257607E-06
-5.63353384894498E-07
-3.35092085614735E-06
2.26790450928384E-06
-2.27868360508152E-06
3.58400622628658E-06
-3.20608439646711E-06
6.14502665191594E-06
2.64481094127111E-07
1.09591679506935E-06
-2.39244069159648E-07
5.03102431085342E-06
-4.94937917860551E-06
5.89465137521565E-06
-1.70185350381603E-06
5.70787637088734E-06
2.86017562481907E-06
-3.13314332247559E-06
5.90000000000001E-06
-4.47035118019574E-06
3.79569354031047E-06
-1.49288890197578E-06
8.45280227140944E-06
5.05350473640202E-07
-4.51709629056437E-06
3.04971578092572E-06
4.36956610473899E-06
-1.38750471693548E-06
8.25894636168007E-06
7.03442025253876E-06
-6.47579218304694E-06
-8.68657411510833E-08
2.26802490768512E-06
1.31758291685599E-06
-1.59275106972059E-06
2.17214069415325E-06
4.0455661727016E-06
-7.94904758633553E-07
-2.52892897537773E-06
5.4575122640725E-06
1.97129280360557E-06
2.7394859813084E-06
2.22607489597782E-06
-1.51991083189789E-06
-4.14517669531995E-06
1.38554587391082E-05
-3.15846994535521E-06
7.38516932658627E-06
7.02761555973162E-08
-3.29231370250998E-06
-1.93173713703517E-06
1.05871097683787E-05
8.3406411380688E-06
-3.80615599163262E-06
-3.51419367827662E-06
3.53515236008763E-06
1.78818776452479E-06
5.2885199433084E-06
2.3547896604156E-06
9.22353164797568E-06
-3.2682239226742E-06
-5.10138202360537E-06
1.54202004626059E-06
5.51060325303685E-06
7.20133907221426E-06
4.41936472270455E-06
-4.14648552864737E-06
1.02283833649147E-05
4.40849342770489E-07
-1.10330220467893E-06
8.6572402727637E-06
4.18780956231683E-06
-2.34082031250003E-06
2.1263633683797E-06
5.16339203909191E-06
7.01799731954814E-06
1.38019234704319E-06
8.85725353476662E-06
-7.34640258690376E-07
6.80247036557428E-06
-2.79912402946446E-06
2.70559610705596E-06
-4.71246819338424E-07
1.13153724247227E-05
7.42812893233955E-06
3.94813843204521E-06
9.25202429149799E-06
-1.54436450839326E-07
2.77002789956159E-06
1.52576267727782E-05
-2.12849822625144E-07
-3.90942519837439E-07
3.08010910192949E-06
-1.09067788320454E-06
2.01848646472778E-05
5.47120779604292E-06
6.86398292162245E-06
7.29524562617372E-06
1.07936538835896E-05
5.82224458983396E-06
5.45755138516531E-06
1.22353631121103E-05
1.46435054457442E-05
5.34130350944849E-08
1.87914825231016E-05
7.95420351733253E-06
1.43659416803003E-05
1.24227478610971E-06
1.68988374464615E-05
1.34607364897178E-05
1.62380569244695E-05
5.87680509909369E-06
3.41957761985787E-06
1.76431906985611E-05
7.74141829393626E-06
9.37976866883117E-06
3.32629355860612E-06
1.16626530202689E-05
1.70223200880793E-05
1.33786407766991E-05
1.5263422987811E-05
7.31945665982602E-06
1.04951604686705E-05
1.09330883774899E-05
6.36016480755701E-06
1.54431667853872E-05
1.36169187783023E-05
-2.24371179476902E-06
9.52008816751828E-06
1.70686456400741E-06
1.92992992992993E-06
1.85208535402523E-05
5.90180360721437E-06
8.57653061224494E-06
1.0009643201543E-05
5.99012833168799E-06
2.16106014271156E-06
1.03619142572283E-05
5.45662535748332E-06
4.67313585291113E-06
4.69786368260423E-06
1.31570881226056E-05
7.19419419419418E-06
-1.49756097560975E-06
4.74569402228969E-06
8.68378650553892E-06
2.78764478764473E-06
3.69045226130652E-06
3.92885771543086E-06
4.47088353413664E-06
-1.46737044145875E-06
1.08916750250752E-05
2.12550607287502E-08
4.23238095238097E-06
2.76210092687955E-06
2.09236947791167E-06
-9.53712632594034E-07
1.1971144278607E-05
0.00000624609375
-2.07157258064517E-06
-9.06124497991986E-06
1.32668621700879E-05
2.9829829829835E-07
-3.75404858299591E-06
1.05113524185589E-05
-5.10105871029807E-07
-7.11382113825734E-09
1.07870837537838E-06
7.30409914204006E-06
7.30409914204006E-06
dMdT Data
0
0
0
0
0
0
0
0
0
0
0
0
0
0
0
0
0
0
0
0
0
0
0
0
0
0
0
0
0
0
0
0
0
0
0
0
0
0
0
0
0
0
0
0
0
0
0
0
0
0
0
0
0
0
0
0
0
0
0
0
0
0
0
0
0
0
0
0
0
0
0
0
0
0
0
0
0
0
0
0
0
0
0
0
0
0
0
0
0
0
0
0
0
0
0
0
0
0
0
0
0
0
0
0
0
0
0
0
0
0
0
0
0
0
0
0
0
0
0
0
0
0
0
0
0
0
0
0
0
0
0
0
0
0
0
0
0
0
0
0
0
0
0
0
0
0
0
0
0
0
0
0
0
0
0
0
0
0
0
0
0
0
0
0
0
0
0
0
0
0
0
0
0
0
0
0
0
0
0
0
0
0
0
0
0
0
0
0
0
0
0
0
0
0
0
0
0
0
0
0
0
0
0
0
0
0
0
0
0
0
0
0
0
0
0
0
0
0
0
0
0
0
0
0
0
0
0
0
0
0
0
0
0
0
0
0
0
0
0
0
0
0
0
0
0
0
0
0
0
0
0
0
0
0
0
0
0
0
0
0
0
0
0
0
0
0
0
0
0
0
0
0
0
0
0
0
0
0
0
0
0
0
0
0
0
0
0
0
0
0
0
0
0
 
*********************************************** Results ***************************************
 
TotalArea 0
AreaFirstQuad 0
AreaSecondQuad 0
AreaThirdQuad 0
AreaFourthQuad 0
Coercivity 0
PositiveCoercivity 0
NegativeCoercivity 0
Retentivity 2.54726538957627E-03
PositiveRetentivity 2.2188243548388E-03
NegativeRetentivity -2.87570642431374E-03
Magnetization 0.0042484
PositiveMagnetization 0.00418841
NegativeMagnetization -0.00430839
Flatness 2.12893867913469
Squareness 0.599582287349654
SStar 0
SFD1 0
SFD2 0
Slope 0
Intercept 0
SlopeAtHc 7.30409914204006E-06
dH1 303.129470544581
dH2 43.374
InitialSlope 4.20161290322586E-06
FieldAtHalfMs 956.949451996574
FieldAtMs 1394.21
MomentMean -1.87917712116041E-03
MomentRMS 2.61433514709604E-03
SFD3 0
dH3 606.258941089161
UserField1 0
UserField2 0
CenterField 0
ExchangeField 0
ExchangeMoment 0
ExRegionOneIntercept 0
ExRegionOneSlope 0
ExRegionTwoIntercept 0
ExRegionTwoSlope 0
NegativeIntercept 0
NegativeSlope 0
AutoCenterOffset 0
PinningField 0
PinningMoment 0
PinRegionOneIntercept 0
PinRegionOneSlope 0
PinRegionTwoIntercept 0
PinRegionTwoSlope 0
PositiveIntercept 0
PositiveSlope 0
TotalOffset 0
BHMax 0
BCoercivity 0
BRetentivity 0
BNegativeCoercivity 0
BPositiveCoercivity 0
BNegativeRetentivity 0
BPositiveRetentivity 0
MomentYMean -0.006102810443686
MomentYRMS 3.57297974414483E-04
YOffCorrection 0
Mrt 0
Ms1 0
Ms2 0
Ms3 0
Hc2 0
Hex2 0
HsatValue 0
HsatIntercept 0
HsatSlope 0
CenterH 0
Span .0084968
SpanAsPercentOfRange -160.316981132075
RMSAsPercentOfRange -49.3270782470952
SpanAsPercentOfMean -452.155355890728
RMSAsPercentOfMean -139.121273756338
