Version 1.25
******************************************** Units *******************************************
System CGS
TemperatureUnit K
MomentUnit emu
AppliedFieldUnit G
 
******************************************** Setup ********************************************
 
Experiment CustomField
Minor False
Acquisition Continuous
EditedPoint No
MaxField 15000
FieldIncrement 100
Points 293
MinField 0
RampRate 10
AverageTime 0.3
TimeInterval 0
TimeConstant 0.1
TimeConstantIndex 0
Sensitivity -0.0053
SensitivityIndex 5
SensitivityY -400
SensitivityIndexY 0
SaturationField 8000
ExperimentTime 100
Use735Domains True
AutoRangeEnabled False
NumberOfVertices 2
VertexPts
0
292
VertexField
-2882.7903
68.9223
StartAngle 0
EndAngle 0
AngleIncrement 0
StartTemp 0
FinishTemp 0
TempIncrement 0
TempPoints 0
LengthofSetPointsArray 293
SetPointArray
-2882.79031
-2872.6817
-2862.5731
-2852.46449
-2842.35589
-2832.24728
-2822.13868
-2812.03008
-2801.92147
-2791.81287
-2781.70426
-2771.59566
-2761.48705
-2751.37845
-2741.26984
-2731.16124
-2721.05263
-2710.94403
-2700.83542
-2690.72682
-2680.61821
-2670.50961
-2660.401
-2650.2924
-2640.18379
-2630.07519
-2619.96658
-2609.85798
-2599.74937
-2589.64077
-2579.53216
-2569.42356
-2559.31495
-2549.20635
-2539.09774
-2528.98914
-2518.88053
-2508.77193
-2498.66332
-2488.55472
-2478.44612
-2468.33751
-2458.22891
-2448.1203
-2438.0117
-2427.90309
-2417.79449
-2407.68588
-2397.57728
-2387.46867
-2377.36007
-2367.25146
-2357.14286
-2347.03425
-2336.92565
-2326.81704
-2316.70844
-2306.59983
-2296.49123
-2286.38262
-2276.27402
-2266.16541
-2256.05681
-2245.9482
-2235.8396
-2225.73099
-2215.62239
-2205.51378
-2195.40518
-2185.29657
-2175.18797
-2165.07937
-2154.97076
-2144.86216
-2134.75355
-2124.64495
-2114.53634
-2104.42774
-2094.31913
-2084.21053
-2074.10192
-2063.99332
-2053.88471
-2043.77611
-2033.6675
-2023.5589
-2013.45029
-2003.34169
-1993.23308
-1983.12448
-1973.01587
-1962.90727
-1952.79866
-1942.69006
-1932.58145
-1922.47285
-1912.36424
-1902.25564
-1892.14703
-1882.03843
-1871.92982
-1861.82122
-1851.71261
-1841.60401
-1831.49541
-1821.3868
-1811.2782
-1801.16959
-1791.06099
-1780.95238
-1770.84378
-1760.73517
-1750.62657
-1740.51796
-1730.40936
-1720.30075
-1710.19215
-1700.08354
-1689.97494
-1679.86633
-1669.75773
-1659.64912
-1649.54052
-1639.43191
-1629.32331
-1619.2147
-1609.1061
-1598.99749
-1588.88889
-1578.78028
-1568.67168
-1558.56307
-1548.45447
-1538.34586
-1528.23726
-1518.12865
-1508.02005
-1497.91145
-1487.80284
-1477.69424
-1467.58563
-1457.47703
-1447.36842
-1437.25982
-1427.15121
-1417.04261
-1406.934
-1396.8254
-1386.71679
-1376.60819
-1366.49958
-1356.39098
-1346.28237
-1336.17377
-1326.06516
-1315.95656
-1305.84795
-1295.73935
-1285.63074
-1275.52214
-1265.41353
-1255.30493
-1245.19632
-1235.08772
-1224.97911
-1214.87051
-1204.7619
-1194.6533
-1184.5447
-1174.43609
-1164.32749
-1154.21888
-1144.11028
-1134.00167
-1123.89307
-1113.78446
-1103.67586
-1093.56725
-1083.45865
-1073.35004
-1063.24144
-1053.13283
-1043.02423
-1032.91562
-1022.80702
-1012.69841
-1002.58981
-992.4812
-982.3726
-972.26399
-962.15539
-952.04678
-941.93818
-931.82957
-921.72097
-911.61236
-901.50376
-891.39515
-881.28655
-871.17794
-861.06934
-850.96074
-840.85213
-830.74353
-820.63492
-810.52632
-800.41771
-790.30911
-780.2005
-770.0919
-759.98329
-749.87469
-739.76608
-729.65748
-719.54887
-709.44027
-699.33166
-689.22306
-679.11445
-669.00585
-658.89724
-648.78864
-638.68003
-628.57143
-618.46282
-608.35422
-598.24561
-588.13701
-578.0284
-567.9198
-557.81119
-547.70259
-537.59398
-527.48538
-517.37678
-507.26817
-497.15957
-487.05096
-476.94236
-466.83375
-456.72515
-446.61654
-436.50794
-426.39933
-416.29073
-406.18212
-396.07352
-385.96491
-375.85631
-365.7477
-355.6391
-345.53049
-335.42189
-325.31328
-315.20468
-305.09607
-294.98747
-284.87886
-274.77026
-264.66165
-254.55305
-244.44444
-234.33584
-224.22723
-214.11863
-204.01003
-193.90142
-183.79282
-173.68421
-163.57561
-153.467
-143.3584
-133.24979
-123.14119
-113.03258
-102.92398
-92.81537
-82.70677
-72.59816
-62.48956
-52.38095
-42.27235
-32.16374
-22.05514
-11.94653
-1.83793
8.27068
18.37928
28.48789
38.59649
48.7051
58.8137
68.92231
FieldDomainFile C:\IDEASVSM\Default UserID\Experiments\FORCexp0395B\fdomain.ini
TempDomainFile C:\IDEASVSM\Default UserID\Experiments\FORCexp0395B\tdomain.ini
NumSelectedResults 0
ResultsSelected 
UserName1 
UserValue1 
UserName2 
UserValue2 
LinearBackgroundCorrection Off
MaxLinearFieldCorrection 
MinLinearFieldCorrection 
AutoLinearCorrection Off
FitOneRegion Off
BackgroundMode Off
BackgroundFilename 
AutoCenter Off
OffsetCorrection 
SmoothDeriv Off
DerivOrder 0
DerivPoints 0
MinExFieldOne 
MaxExFieldOne 
MinExFieldTwo 
MaxExFieldTwo 
MinPinFieldOne 
MaxPinFieldOne 
MinPinFieldTwo 
MaxPinFieldTwo 
HCenterStart 
Mass 
Volume 
Density 
MolarWeight 
NumberOfMoles 
Demagnetization 
SampleArea 
Thickness 
MomentScaling 0
XAxis 0
YAxis 0
SimpleSpinValve False
HsatMax 0
HsatMin 0
FieldAutoRange False
 
*************************************************** Experiment Data ********************************************
 
DataPoints 293
MomentX Data
-0.00490053
-0.00494903
-0.00498643
-0.00496967
-0.00490056
-0.004877
-0.00491949
-0.00495604
-0.0048829
-0.00487727
-0.00489646
-0.00488018
-0.00493043
-0.00494524
-0.00492988
-0.00489754
-0.00488727
-0.0048535
-0.00487641
-0.00488493
-0.00489022
-0.00486995
-0.00487969
-0.00487524
-0.00487962
-0.00486031
-0.00487728
-0.00486471
-0.00488586
-0.0048532
-0.0048648
-0.00482729
-0.00488481
-0.00483171
-0.0048384
-0.00485394
-0.00484582
-0.0048542
-0.00484324
-0.00482033
-0.00485138
-0.00483251
-0.00483868
-0.00481551
-0.00479597
-0.00480654
-0.00477887
-0.00480255
-0.00478583
-0.00479513
-0.004783
-0.00483433
-0.00478542
-0.00480834
-0.00478724
-0.00483507
-0.00478511
-0.00479829
-0.00481193
-0.00482004
-0.00477371
-0.00474913
-0.00479583
-0.00475791
-0.00480964
-0.00478732
-0.00475529
-0.00474362
-0.00472456
-0.00474023
-0.00476363
-0.0047243
-0.00473525
-0.00470278
-0.00476409
-0.00475838
-0.00472773
-0.00473041
-0.00469201
-0.00471506
-0.00471681
-0.00469286
-0.00469216
-0.0046883
-0.0046604
-0.00466674
-0.00468301
-0.0046842
-0.00475253
-0.0046948
-0.00465663
-0.00467237
-0.00470207
-0.00467124
-0.00465557
-0.00469251
-0.00464634
-0.00462714
-0.0046491
-0.0047043
-0.00466114
-0.00461867
-0.00460805
-0.00462229
-0.00463551
-0.00464527
-0.00462628
-0.00459996
-0.00456759
-0.00461784
-0.0046106
-0.00462796
-0.00459321
-0.00459637
-0.00457077
-0.00459186
-0.00459539
-0.00462629
-0.0046149
-0.00458346
-0.00460518
-0.00451417
-0.00454296
-0.00456661
-0.00454274
-0.00450992
-0.00458689
-0.00453828
-0.0045548
-0.00452106
-0.00448744
-0.00448681
-0.00453065
-0.00449974
-0.0045125
-0.00453862
-0.00448286
-0.00449803
-0.00445288
-0.00448993
-0.00447267
-0.00451963
-0.00445723
-0.00448128
-0.00447214
-0.00445778
-0.00441104
-0.00448171
-0.00442334
-0.00443688
-0.0043937
-0.004432
-0.00438487
-0.00440792
-0.00443345
-0.0043624
-0.00432249
-0.00434912
-0.00437955
-0.00435966
-0.00438437
-0.00434831
-0.00432779
-0.00440672
-0.00436644
-0.00428669
-0.00429799
-0.00424009
-0.00427986
-0.00431888
-0.00430394
-0.00426896
-0.00428606
-0.00427672
-0.00430579
-0.00426658
-0.00425483
-0.00425001
-0.00430044
-0.00432767
-0.00423621
-0.00426672
-0.00420607
-0.0042084
-0.00418227
-0.00422025
-0.00420471
-0.00423499
-0.00420816
-0.00419443
-0.00417511
-0.0041507
-0.00414241
-0.00410282
-0.00413882
-0.00416705
-0.00412927
-0.00415713
-0.00410785
-0.0040943
-0.00413145
-0.00401908
-0.00406519
-0.00405283
-0.00407828
-0.00406339
-0.00405286
-0.00400377
-0.0040324
-0.00407439
-0.00395282
-0.00400177
-0.00400766
-0.00401882
-0.00392927
-0.00395975
-0.003989
-0.00395157
-0.00388826
-0.00397376
-0.00389473
-0.00391147
-0.00395636
-0.00397135
-0.00391437
-0.00393066
-0.00384572
-0.00381611
-0.00384981
-0.00382002
-0.00391364
-0.00384784
-0.00391796
-0.00380344
-0.00383539
-0.00377009
-0.00377032
-0.00373654
-0.00378038
-0.0038114
-0.00370189
-0.00367661
-0.00374145
-0.00367294
-0.00365731
-0.00367908
-0.0036702
-0.00371056
-0.00365698
-0.00366617
-0.00357476
-0.00352055
-0.00358304
-0.00361346
-0.0036386
-0.00360786
-0.00351001
-0.00347514
-0.00353977
-0.00350779
-0.00359543
-0.00345466
-0.00354468
-0.00351821
-0.0034512
-0.0034571
-0.00334494
-0.00341202
-0.0034841
-0.00351578
-0.00337348
-0.00348556
-0.00332911
-0.00336415
-0.00328571
-0.00331996
-0.00325814
-0.00326644
-0.00329547
-0.00326629
-0.00324492
-0.00326586
-0.0032356
-0.0031554
-0.0031333
-0.00320558
-0.00319601
-0.00313698
-0.00311049
-0.00312033
-0.00310164
-0.00308114
-0.00309928
MomentY Data
-0.00573794
-0.00589689
-0.0058651
-0.00581741
-0.0058651
-0.00600815
-0.00565847
-0.00581741
-0.00578562
-0.00576973
-0.00591278
-0.00591278
-0.00573794
-0.0052611
-0.00588099
-0.0058492
-0.0058492
-0.00591278
-0.00573794
-0.00573794
-0.00570615
-0.00578562
-0.00589689
-0.00567436
-0.00592868
-0.00597636
-0.00572205
-0.00565847
-0.00591278
-0.00576973
-0.00578562
-0.00605583
-0.00589689
-0.0061353
-0.00565847
-0.00562668
-0.0061353
-0.0061353
-0.00553131
-0.00583331
-0.00572205
-0.00602404
-0.00578562
-0.00588099
-0.00572205
-0.0058651
-0.00546773
-0.00594457
-0.00576973
-0.00562668
-0.00597636
-0.00565847
-0.00576973
-0.00581741
-0.00594457
-0.0055631
-0.0058651
-0.00594457
-0.00603994
-0.00592868
-0.00578562
-0.0058492
-0.00581741
-0.00607173
-0.00594457
-0.00603994
-0.00583331
-0.00592868
-0.0061353
-0.00596046
-0.00597636
-0.00597636
-0.00591278
-0.00597636
-0.00594457
-0.00603994
-0.00565847
-0.00589689
-0.00575384
-0.00597636
-0.00607173
-0.00616709
-0.00607173
-0.00588099
-0.00551542
-0.00592868
-0.00589689
-0.00562668
-0.0055631
-0.00607173
-0.00591278
-0.00607173
-0.0058651
-0.00565847
-0.00578562
-0.00576973
-0.00572205
-0.00619888
-0.00578562
-0.00572205
-0.00562668
-0.00599225
-0.00594457
-0.00626246
-0.00594457
-0.00591278
-0.00576973
-0.0061353
-0.00551542
-0.00597636
-0.00616709
-0.00572205
-0.0058651
-0.00581741
-0.00592868
-0.00629425
-0.00589689
-0.00592868
-0.00608762
-0.00576973
-0.00540415
-0.00610352
-0.00581741
-0.00589689
-0.0061353
-0.00619888
-0.00592868
-0.00581741
-0.00626246
-0.00569026
-0.00567436
-0.00629425
-0.00632604
-0.00535647
-0.00562668
-0.0061353
-0.00588099
-0.00594457
-0.00570615
-0.00592868
-0.00600815
-0.00597636
-0.00594457
-0.00607173
-0.00572205
-0.00600815
-0.00588099
-0.00572205
-0.00623067
-0.00565847
-0.00573794
-0.00619888
-0.00623067
-0.00562668
-0.00607173
-0.00594457
-0.00583331
-0.00610352
-0.00623067
-0.00632604
-0.00623067
-0.00632604
-0.00581741
-0.00607173
-0.00623067
-0.00597636
-0.00594457
-0.00589689
-0.00623067
-0.00603994
-0.00581741
-0.00588099
-0.00581741
-0.00583331
-0.00592868
-0.00557899
-0.0058651
-0.00591278
-0.00567436
-0.00597636
-0.00607173
-0.00623067
-0.00642141
-0.0058492
-0.0055631
-0.00569026
-0.00596046
-0.00594457
-0.00610352
-0.00602404
-0.00588099
-0.00592868
-0.00629425
-0.00562668
-0.00592868
-0.00616709
-0.00596046
-0.00588099
-0.00607173
-0.00599225
-0.00602404
-0.0061353
-0.00619888
-0.00607173
-0.00588099
-0.00597636
-0.00583331
-0.0061353
-0.00603994
-0.00616709
-0.00592868
-0.00642141
-0.00591278
-0.00603994
-0.00581741
-0.00592868
-0.00632604
-0.00578562
-0.00562668
-0.00597636
-0.00578562
-0.00594457
-0.00638962
-0.00576973
-0.00588099
-0.00588099
-0.00610352
-0.00603994
-0.00611941
-0.00619888
-0.00600815
-0.00596046
-0.00632604
-0.00603994
-0.00616709
-0.00607173
-0.00583331
-0.00603994
-0.00632604
-0.0061353
-0.00626246
-0.00594457
-0.00626246
-0.00629425
-0.00619888
-0.00626246
-0.00607173
-0.0064532
-0.00591278
-0.00594457
-0.00588099
-0.00594457
-0.00588099
-0.00616709
-0.00599225
-0.0061353
-0.00642141
-0.0061353
-0.00597636
-0.00616709
-0.0058651
-0.00632604
-0.00648499
-0.00651677
-0.00611941
-0.00611941
-0.00610352
-0.0061353
-0.00583331
-0.00607173
-0.00578562
-0.00600815
-0.00623067
-0.00602404
-0.00597636
-0.00623067
-0.0061353
-0.00635783
-0.00632604
-0.0061353
-0.00626246
-0.0058651
-0.00618299
-0.00605583
-0.00597636
-0.00635783
-0.00611941
-0.00578562
-0.00607173
-0.00616709
-0.0058651
-0.00592868
-0.00597636
Field Data
-2881.95
-2875.92
-2866.81
-2856.06
-2846.19
-2836.32
-2825.68
-2815.8
-2805.63
-2795.6
-2785.62
-2775.53
-2765.08
-2755.31
-2745.42
-2734.87
-2725.06
-2715.2
-2704.97
-2694.66
-2684.76
-2674.68
-2664.35
-2654.43
-2644.11
-2634.38
-2624.43
-2613.93
-2604
-2594.19
-2583.77
-2573.71
-2563.8
-2553.66
-2543.27
-2533.48
-2523.33
-2513
-2503.22
-2493.49
-2483
-2473
-2462.57
-2452.81
-2442.92
-2432.51
-2422.77
-2412.26
-2402.6
-2392.25
-2382.22
-2372.5
-2361.89
-2352.04
-2341.83
-2331.78
-2322.01
-2311.69
-2301.7
-2291.62
-2281.62
-2271.3
-2261.29
-2251.34
-2241.01
-2231.08
-2221.16
-2210.84
-2200.89
-2190.92
-2180.74
-2170.53
-2160.44
-2150.37
-2140.57
-2130.39
-2120.03
-2110.28
-2100.26
-2089.77
-2079.98
-2069.9
-2059.74
-2049.6
-2039.38
-2029.53
-2019.6
-2009.51
-1999.2
-1989.26
-1979.22
-1965.66
-1955.68
-1945.82
-1935.31
-1925.48
-1915.48
-1905.15
-1895.1
-1885.26
-1875.17
-1864.71
-1854.92
-1844.7
-1834.89
-1824.79
-1814.39
-1804.54
-1794.58
-1784.18
-1774.22
-1764.29
-1754.36
-1743.86
-1734
-1723.96
-1713.5
-1703.68
-1693.39
-1683.59
-1673.65
-1663.29
-1653.28
-1643.49
-1633.09
-1623
-1613.16
-1603.03
-1592.74
-1582.83
-1572.75
-1562.55
-1552.63
-1542.28
-1532.49
-1522.54
-1512.14
-1502.13
-1492.21
-1481.91
-1471.93
-1461.98
-1451.87
-1441.66
-1431.64
-1421.8
-1411.46
-1401.34
-1391.23
-1381.3
-1371.37
-1360.98
-1351.1
-1341.04
-1331
-1320.66
-1310.82
-1300.85
-1290.52
-1280.53
-1270.33
-1260.4
-1250.51
-1240.1
-1230.17
-1220.3
-1209.95
-1199.85
-1189.99
-1179.9
-1169.62
-1159.67
-1149.64
-1139.4
-1129.33
-1119.49
-1109.19
-1099.08
-1088.93
-1078.98
-1069.04
-1058.7
-1048.76
-1038.88
-1028.71
-1018.53
-1008.45
-998.589
-988.259
-978.365
-968.084
-958.121
-947.802
-937.97
-928.083
-917.64
-907.774
-897.767
-887.643
-877.454
-867.478
-857.605
-847.035
-837.042
-827.327
-816.956
-807.038
-796.605
-785.874
-773.535
-763.071
-753.329
-743.315
-733.007
-723.042
-713.122
-702.906
-692.595
-682.795
-672.83
-662.412
-652.447
-642.16
-632.342
-622.498
-611.956
-602.036
-592.205
-581.869
-571.839
-561.971
-551.875
-541.526
-531.537
-521.349
-511.504
-501.31
-491.219
-481.235
-471.369
-460.977
-450.87
-441.072
-430.944
-420.566
-410.874
-400.795
-390.455
-380.505
-370.693
-360.318
-350.157
-340.088
-330.002
-320.132
-309.961
-299.731
-289.881
-279.723
-269.423
-259.549
-249.685
-239.041
-229.291
-219.511
-209.23
-198.948
-188.87
-179.014
-168.906
-158.907
-148.506
-138.593
-128.573
-118.55
-108.678
-98.0541
-88.3466
-78.3441
-67.9403
-58.1201
-47.8708
-37.975
-28.3745
-17.4344
-7.47141
2.35427
12.3793
22.5989
32.577
42.6571
52.6548
62.7143
Time Data
0
0.3
0.6
0.9
1.2
1.5
1.8
2.1
2.4
2.7
3
3.3
3.6
3.9
4.2
4.5
4.8
5.1
5.4
5.7
6
6.3
6.6
6.9
7.2
7.5
7.8
8.1
8.4
8.7
9
9.3
9.6
9.9
10.2
10.5
10.8
11.1
11.4
11.7
12
12.3
12.6
12.9
13.2
13.5
13.8
14.1
14.4
14.7
15
15.3
15.6
15.9
16.2
16.5
16.8
17.1
17.4
17.7
18
18.3
18.6
18.9
19.2
19.5
19.8
20.1
20.4
20.7
21
21.3
21.6
21.9
22.2
22.5
22.8
23.1
23.4
23.7
24
24.3
24.6
24.9
25.2
25.5
25.8
26.1
26.4
26.7
27
27.3
27.6
27.9
28.2
28.5
28.8
29.1
29.4
29.7
30.0000000000001
30.3000000000001
30.6000000000001
30.9000000000001
31.2000000000001
31.5000000000001
31.8000000000001
32.1000000000001
32.4
32.7
33
33.3
33.6
33.9
34.2
34.5
34.8
35.1
35.4
35.7
36
36.3
36.6
36.9
37.2
37.5
37.8
38.1
38.4
38.7
39
39.3
39.6
39.9
40.2
40.5
40.8
41.1
41.4
41.7
42
42.3
42.6
42.8999999999999
43.1999999999999
43.4999999999999
43.7999999999999
44.0999999999999
44.3999999999999
44.6999999999999
44.9999999999999
45.2999999999999
45.5999999999999
45.8999999999999
46.1999999999999
46.4999999999999
46.7999999999999
47.0999999999999
47.3999999999999
47.6999999999999
47.9999999999999
48.2999999999999
48.5999999999999
48.8999999999999
49.1999999999999
49.4999999999999
49.7999999999999
50.0999999999999
50.3999999999999
50.6999999999999
50.9999999999999
51.2999999999999
51.5999999999999
51.8999999999999
52.1999999999999
52.4999999999999
52.7999999999999
53.0999999999999
53.3999999999998
53.6999999999998
53.9999999999998
54.2999999999998
54.5999999999998
54.8999999999998
55.1999999999998
55.4999999999998
55.7999999999998
56.0999999999998
56.3999999999998
56.6999999999998
56.9999999999998
57.2999999999998
57.5999999999998
57.8999999999998
58.1999999999998
58.4999999999998
58.7999999999998
59.0999999999998
59.3999999999998
59.6999999999998
59.9999999999998
60.2999999999998
60.5999999999998
60.8999999999998
61.1999999999998
61.4999999999998
61.7999999999998
62.0999999999998
62.3999999999998
62.6999999999998
62.9999999999998
63.2999999999998
63.5999999999998
63.8999999999998
64.1999999999997
64.4999999999997
64.7999999999997
65.0999999999997
65.3999999999997
65.6999999999997
65.9999999999997
66.2999999999997
66.5999999999997
66.8999999999997
67.1999999999997
67.4999999999997
67.7999999999997
68.0999999999997
68.3999999999997
68.6999999999997
68.9999999999997
69.2999999999997
69.5999999999997
69.8999999999997
70.1999999999997
70.4999999999997
70.7999999999997
71.0999999999997
71.3999999999997
71.6999999999997
71.9999999999997
72.2999999999997
72.5999999999997
72.8999999999997
73.1999999999997
73.4999999999997
73.7999999999997
74.0999999999997
74.3999999999997
74.6999999999996
74.9999999999996
75.2999999999996
75.5999999999996
75.8999999999996
76.1999999999996
76.4999999999996
76.7999999999996
77.0999999999996
77.3999999999996
77.6999999999996
77.9999999999996
78.2999999999996
78.5999999999996
78.8999999999996
79.1999999999996
79.4999999999996
79.7999999999996
80.0999999999996
80.3999999999996
80.6999999999996
80.9999999999996
81.2999999999996
81.5999999999996
81.8999999999996
82.1999999999996
82.4999999999996
82.7999999999996
83.0999999999996
83.3999999999996
83.6999999999996
83.9999999999996
84.2999999999996
84.5999999999996
84.8999999999996
85.1999999999995
85.4999999999995
85.7999999999995
86.0999999999995
86.3999999999995
86.6999999999995
86.9999999999995
87.2999999999995
87.5999999999995
Temperature Data
0
0
0
0
0
0
0
0
0
0
0
0
0
0
0
0
0
0
0
0
0
0
0
0
0
0
0
0
0
0
0
0
0
0
0
0
0
0
0
0
0
0
0
0
0
0
0
0
0
0
0
0
0
0
0
0
0
0
0
0
0
0
0
0
0
0
0
0
0
0
0
0
0
0
0
0
0
0
0
0
0
0
0
0
0
0
0
0
0
0
0
0
0
0
0
0
0
0
0
0
0
0
0
0
0
0
0
0
0
0
0
0
0
0
0
0
0
0
0
0
0
0
0
0
0
0
0
0
0
0
0
0
0
0
0
0
0
0
0
0
0
0
0
0
0
0
0
0
0
0
0
0
0
0
0
0
0
0
0
0
0
0
0
0
0
0
0
0
0
0
0
0
0
0
0
0
0
0
0
0
0
0
0
0
0
0
0
0
0
0
0
0
0
0
0
0
0
0
0
0
0
0
0
0
0
0
0
0
0
0
0
0
0
0
0
0
0
0
0
0
0
0
0
0
0
0
0
0
0
0
0
0
0
0
0
0
0
0
0
0
0
0
0
0
0
0
0
0
0
0
0
0
0
0
0
0
0
0
0
0
0
0
0
0
0
0
0
0
0
0
0
0
0
0
0
0
0
0
0
0
0
0
0
0
0
0
0
0
0
0
0
0
0
Angle Data
0
0
0
0
0
0
0
0
0
0
0
0
0
0
0
0
0
0
0
0
0
0
0
0
0
0
0
0
0
0
0
0
0
0
0
0
0
0
0
0
0
0
0
0
0
0
0
0
0
0
0
0
0
0
0
0
0
0
0
0
0
0
0
0
0
0
0
0
0
0
0
0
0
0
0
0
0
0
0
0
0
0
0
0
0
0
0
0
0
0
0
0
0
0
0
0
0
0
0
0
0
0
0
0
0
0
0
0
0
0
0
0
0
0
0
0
0
0
0
0
0
0
0
0
0
0
0
0
0
0
0
0
0
0
0
0
0
0
0
0
0
0
0
0
0
0
0
0
0
0
0
0
0
0
0
0
0
0
0
0
0
0
0
0
0
0
0
0
0
0
0
0
0
0
0
0
0
0
0
0
0
0
0
0
0
0
0
0
0
0
0
0
0
0
0
0
0
0
0
0
0
0
0
0
0
0
0
0
0
0
0
0
0
0
0
0
0
0
0
0
0
0
0
0
0
0
0
0
0
0
0
0
0
0
0
0
0
0
0
0
0
0
0
0
0
0
0
0
0
0
0
0
0
0
0
0
0
0
0
0
0
0
0
0
0
0
0
0
0
0
0
0
0
0
0
0
0
0
0
0
0
0
0
0
0
0
0
0
0
0
0
0
0
Bx Data
0
0
0
0
0
0
0
0
0
0
0
0
0
0
0
0
0
0
0
0
0
0
0
0
0
0
0
0
0
0
0
0
0
0
0
0
0
0
0
0
0
0
0
0
0
0
0
0
0
0
0
0
0
0
0
0
0
0
0
0
0
0
0
0
0
0
0
0
0
0
0
0
0
0
0
0
0
0
0
0
0
0
0
0
0
0
0
0
0
0
0
0
0
0
0
0
0
0
0
0
0
0
0
0
0
0
0
0
0
0
0
0
0
0
0
0
0
0
0
0
0
0
0
0
0
0
0
0
0
0
0
0
0
0
0
0
0
0
0
0
0
0
0
0
0
0
0
0
0
0
0
0
0
0
0
0
0
0
0
0
0
0
0
0
0
0
0
0
0
0
0
0
0
0
0
0
0
0
0
0
0
0
0
0
0
0
0
0
0
0
0
0
0
0
0
0
0
0
0
0
0
0
0
0
0
0
0
0
0
0
0
0
0
0
0
0
0
0
0
0
0
0
0
0
0
0
0
0
0
0
0
0
0
0
0
0
0
0
0
0
0
0
0
0
0
0
0
0
0
0
0
0
0
0
0
0
0
0
0
0
0
0
0
0
0
0
0
0
0
0
0
0
0
0
0
0
0
0
0
0
0
0
0
0
0
0
0
0
0
0
0
0
0
Hint Data
0
0
0
0
0
0
0
0
0
0
0
0
0
0
0
0
0
0
0
0
0
0
0
0
0
0
0
0
0
0
0
0
0
0
0
0
0
0
0
0
0
0
0
0
0
0
0
0
0
0
0
0
0
0
0
0
0
0
0
0
0
0
0
0
0
0
0
0
0
0
0
0
0
0
0
0
0
0
0
0
0
0
0
0
0
0
0
0
0
0
0
0
0
0
0
0
0
0
0
0
0
0
0
0
0
0
0
0
0
0
0
0
0
0
0
0
0
0
0
0
0
0
0
0
0
0
0
0
0
0
0
0
0
0
0
0
0
0
0
0
0
0
0
0
0
0
0
0
0
0
0
0
0
0
0
0
0
0
0
0
0
0
0
0
0
0
0
0
0
0
0
0
0
0
0
0
0
0
0
0
0
0
0
0
0
0
0
0
0
0
0
0
0
0
0
0
0
0
0
0
0
0
0
0
0
0
0
0
0
0
0
0
0
0
0
0
0
0
0
0
0
0
0
0
0
0
0
0
0
0
0
0
0
0
0
0
0
0
0
0
0
0
0
0
0
0
0
0
0
0
0
0
0
0
0
0
0
0
0
0
0
0
0
0
0
0
0
0
0
0
0
0
0
0
0
0
0
0
0
0
0
0
0
0
0
0
0
0
0
0
0
0
0
Torque Data
16.536456183
16.9589838888
16.814127331
16.6148720046
16.693188969
17.041036008
15.9890255096
16.380663078
16.2323090406
16.129857188
16.4707582236
16.4110982734
15.8658631352
14.495961441
16.1457875658
15.996801604
15.939420952
16.054380256
15.5209555618
15.4617974004
15.319643274
15.4746821016
15.7113788715
15.0621914148
15.6760820748
15.7440032568
15.0171196815
14.7908444871
15.39687912
14.9677758687
14.9487113874
15.5859502293
15.118446582
15.667470198
14.3910169969
14.2550812464
15.481386549
15.4180089
13.8460858182
14.5453001519
14.20785015
14.89745092
14.2474942434
14.4249510819
13.978510386
14.266914401
13.2470522121
14.3398484282
13.862353298
13.46042523
14.2370043192
13.424720075
13.6274675897
13.6827810164
13.9211723631
12.971925318
13.618820851
13.7420030233
13.902129898
13.5862816616
13.2005863044
13.28528796
13.1548510589
13.6695286182
13.3218408157
13.4755893352
12.9567148396
13.1073628912
13.503120417
13.0588910232
13.0328873064
12.9718686708
12.7742064232
12.8513852532
12.7247682049
12.8674277766
11.9961261541
12.4440890292
12.0845599984
12.4892178372
12.6290769654
12.765259591
12.5061851502
12.053677104
11.2480372396
12.0324339204
11.909359044
11.3068697268
11.12174952
12.0782496198
11.7026924316
11.9349567918
11.470258768
11.0103640954
11.1969682422
11.1094997204
10.960472334
11.809796232
10.964328462
10.787551983
10.5509815356
11.1738084975
11.0267017844
11.552359962
10.9076320473
10.7895818162
10.4685404147
11.071394262
9.8978624236
10.6629019848
10.9417744198
10.0953555945
10.289496836
10.1447486026
10.28033112
10.85103523
10.104321015
10.1005735424
10.3087148318
9.7138597307
9.0446556475
10.1519237808
9.6178076048
9.6914797461
10.019497077
10.06078224
9.5639094288
9.3254827523
9.9744705404
9.0067142358
8.92434969
9.8350803375
9.8219994852
8.2611765516
8.6228308332
9.341239662
8.8928802186
8.9295169341
8.5147740915
8.7857701788
8.8435762295
8.7373187928
8.6307428459
8.7533702718
8.191915662
8.54238767
8.3007821454
8.018537547
8.6682950241
7.816044611
7.8688387778
8.4365517024
8.418258237
7.5456029472
8.08147263
7.8507558162
7.6464194142
7.939763992
8.0408042484
8.1006840012
7.9150070211
7.973340816
7.2747293791
7.529552373
7.6647833139
7.292952108
7.1926324715
7.0753834665
7.4144349933
7.126525206
6.8041590842
6.8200076733
6.6879272324
6.646473414
6.6954361844
6.2456235151
6.505510269
6.4986182424
6.1789808348
6.4483729128
6.4909222392
6.596410329
6.7345179516
6.076616896
5.722816601
5.7957005178
6.010825887
5.93618221173
6.03185857168
5.8937098946
5.69329232316
5.68039281028
5.9657027385
5.2776570396
5.50230712044
5.6591684676
5.41075061604
5.27975874933
5.38952863239
5.2579237315
5.22572217112
5.2616639565
5.2506683208
5.08229302266
4.86550181373
4.88242316016
4.70770283578
4.8874106565
4.74663180756
4.77045996315
4.52400377628
4.83743437389
4.3950580657
4.42731829958
4.20623176122
4.22787213896
4.44661147224
4.0070914839
3.8418689706
4.0210742988
3.83246411544
3.87851686279
4.1031583792
3.64844260766
3.66090451302
3.59890711644
3.67453876672
3.5768826677
3.56069497729
3.54476134032
3.37640606365
3.2894288625
3.42571513704
3.21045158778
3.21520620441
3.10571418192
2.9242966361
2.96693328686
3.0443118594
2.8919902257
2.88685002342
2.6802282759
2.76219575712
2.712469272
2.60703816608
2.57308199004
2.43351902535
2.519684206
2.2498423539
2.20361048701
2.11902655482
2.08153279749
2.00005412712
2.03515203418
1.918310977
1.9017037233
1.92469564071
1.7785068993
1.67172534828
1.66155588907
1.5222808399
1.5795172974
1.55017849459
1.49423671007
1.34327780851
1.2803641543
1.21428309696
1.158774111
1.04424415634
1.02555162738
0.91937551734
0.8922463239
0.86352724731
0.77452889492
0.708497478
0.67713675426
0.60159131973
0.561692663878
0.495607910364
0.41683412259
0.363974801446
0.28076702908
0.23479904525
0.171831148335
0.104194250784
0.0475019546403
-0.0144067433807
-0.071621925666
-0.137214419097
-0.20090529093
-0.25018815721
-0.312173459664
-0.374803233948
dMdH Data
-8.04311774461061E-06
-4.10537870472002E-06
1.55906976744188E-06
7.00202634245193E-06
2.387031408308E-06
-3.99342105263146E-06
-3.69939271255071E-06
7.19174041297932E-06
5.61316051844408E-07
-1.92284569138273E-06
1.61347869177413E-06
-4.80861244019134E-06
-1.51586489252811E-06
1.55308392315471E-06
3.06540284360189E-06
1.04689092762485E-06
3.42494929006079E-06
-2.2394916911046E-06
-8.26382153249249E-07
-5.34343434343435E-07
2.01091269841264E-06
-9.42884801548919E-07
4.48588709677375E-07
-4.24418604651176E-07
1.98458376156225E-06
-1.70552763819098E-06
1.19714285714285E-06
-2.12990936555888E-06
3.32925586136592E-06
-1.11324376199612E-06
3.72862823061634E-06
-5.80423814328971E-06
5.23668639053233E-06
-6.43888354186659E-07
-1.58733401430037E-06
8.00000000000027E-07
-8.11229428848074E-07
1.12065439672799E-06
2.35457348406989E-06
-2.95996186844615E-06
1.88699999999998E-06
-5.9156279961648E-07
2.37397540983596E-06
1.97573306370075E-06
-1.01536983669547E-06
2.84086242299784E-06
-2.25309229305427E-06
1.73084886128364E-06
-8.98550724637716E-07
1.20937188434693E-06
-5.28086419753102E-06
4.60980207351551E-06
-2.32690355329952E-06
2.06660137120474E-06
-4.75920398009968E-06
5.11361310133061E-06
-1.2771317829457E-06
-1.3653653653653E-06
-8.04563492063538E-07
4.63300000000007E-06
2.38178294573648E-06
-4.66533466533458E-06
3.81105527638201E-06
-5.00774443368831E-06
2.24773413897267E-06
3.22883064516133E-06
1.13081395348841E-06
1.91557788944714E-06
-1.57171514543632E-06
-2.29862475442035E-06
3.85210577864852E-06
-1.0852329038652E-06
3.22442899702077E-06
-6.25612244897978E-06
5.60903732809406E-07
2.95849420849431E-06
-2.74871794871764E-07
3.83233532934133E-06
-2.19733079122971E-06
-1.78753830439226E-07
2.37599206349208E-06
6.88976377952912E-08
3.8067061143981E-07
2.72994129158518E-06
-6.4365482233498E-07
-1.63846928499492E-06
-1.17938553022869E-07
-6.62754607177494E-06
5.80784708249491E-06
3.80179282868524E-06
-1.16076696165194E-06
-2.97595190380758E-06
3.12677484787013E-06
1.49096098953375E-06
-3.75788402848427E-06
4.61700000000008E-06
1.85866408518874E-06
-2.1850746268656E-06
-5.60975609756103E-06
4.27750247770068E-06
4.0602294455067E-06
1.0847803881512E-06
-1.39334637964779E-06
-1.34760448521913E-06
-9.66336633663368E-07
1.82596153846156E-06
2.67208121827406E-06
3.25000000000002E-06
-4.83173076923083E-06
7.26907630522036E-07
-1.74823766364552E-06
3.49949647532727E-06
-3.00952380952328E-07
2.59634888438134E-06
-2.10059760956173E-06
-3.37476099426454E-07
-3.1466395112016E-06
1.10689990281828E-06
3.20816326530604E-06
-2.18511066398397E-06
8.784749034749E-06
-2.87612387612395E-06
-2.41573033707858E-06
2.29519230769225E-06
3.25272547076318E-06
-7.82215447154478E-06
4.79861796643629E-06
-1.60544217687083E-06
3.40464177598383E-06
3.33531746031755E-06
6.1764705882326E-08
-4.41935483870973E-06
2.9864734299516E-06
-1.30337078651683E-06
-2.62512562814071E-06
5.36153846153855E-06
-1.51548451548453E-06
4.55141129032254E-06
-3.59708737864074E-06
1.72945891783565E-06
-4.71959798994977E-06
6.17210682492572E-06
-2.35553379040155E-06
9.12175648702546E-07
1.45934959349597E-06
4.52030947775632E-06
-6.9832015810276E-06
5.77349159248269E-06
-1.3635448136958E-06
4.34843907351452E-06
-3.6862367661213E-06
4.77024291497973E-06
-2.29125248508949E-06
-2.54282868525899E-06
6.87137330754362E-06
4.05589430894301E-06
-2.67101303911732E-06
-2.94578896418207E-06
1.99099099099106E-06
-2.4225490196079E-06
3.63141993957711E-06
2.07482305358951E-06
-7.58213256484149E-06
4.05639476334349E-06
8.08004052684894E-06
-1.09178743961351E-06
5.73267326732662E-06
-4.03346855983774E-06
-3.86719524281469E-06
1.45330739299606E-06
3.51557788944734E-06
-1.70488534396818E-06
9.12109375000003E-07
-2.88679245283014E-06
3.98475609756106E-06
1.14077669902909E-06
4.76755687438174E-07
-4.96847290640398E-06
-2.73668341708538E-06
9.20120724346069E-06
-2.95067698259191E-06
6.10160965794763E-06
-2.35829959514177E-07
2.56932153392329E-06
-3.73084479371314E-06
1.54166666666664E-06
-3.0706824865632E-06
2.59728944820911E-06
1.38770972306448E-06
1.87919463087245E-06
2.45006524139315E-06
8.03372419808144E-07
4.02664768104149E-06
-3.64114493779704E-06
-2.70324619362259E-06
3.82931279140486E-06
-2.78405116418511E-06
4.86764124851841E-06
1.32986554126992E-06
-3.72393744987968E-06
1.13815456294946E-05
-4.36234626300844E-06
1.2368658060642E-06
-2.61966031909415E-06
1.43573425899143E-06
1.0617059891107E-06
4.70526214895044E-06
-2.66797129810828E-06
-3.40303103979248E-06
1.16179281345566E-05
-5.02463559843969E-06
-5.88176552826021E-07
-1.08265424912693E-06
8.98645258404422E-06
-3.07258064516121E-06
-2.86315583398596E-06
3.63010377267005E-06
6.46020408163257E-06
-8.58003010536882E-06
7.58590900364752E-06
-1.67987957852486E-06
-4.36376008554482E-06
-1.5267875331025E-06
5.78829744006504E-06
-1.54524758110411E-06
8.56249999999993E-06
3.01190112908149E-06
-3.26044891640864E-06
2.97008973080759E-06
-9.48723145520875E-06
6.51743264659275E-06
-6.77553386800653E-06
1.14646110721795E-05
-3.13604240282688E-06
6.63280853224989E-06
-2.25622915440817E-08
3.3475374095729E-06
-4.39102564102563E-06
-3.14413136022706E-06
1.05379137798306E-05
2.50123676659745E-06
-6.61767707695448E-06
6.76441548183255E-06
1.50607053382154E-06
-2.24618241848948E-06
8.81039785692999E-07
-3.9032882011605E-06
5.38492462311555E-06
-9.36608234814474E-07
8.81060240963852E-06
5.33510481251848E-06
-6.20617737610491E-06
-3.01606186793577E-06
-2.54711246200607E-06
3.02231835611051E-06
9.56500488758552E-06
3.54010152284265E-06
-6.36247292774171E-06
3.104854368932E-06
-8.87583552764834E-06
1.42710867802109E-05
-8.45734686208193E-06
2.71487179487182E-06
6.85173824130876E-06
-5.73874136757091E-07
1.09083835829605E-05
-6.65608255606273E-06
-7.31331168831169E-06
-3.13415116739217E-06
1.42314231423143E-05
-1.07758869339487E-05
1.57823060627459E-05
-3.49700598802397E-06
7.82600019954108E-06
-3.46940842787682E-06
5.81895537420343E-06
-8.5500901364921E-07
-2.90227443139217E-06
2.80474442030798E-06
2.17612675912912E-06
-2.04306635575114E-06
3.05786293174885E-06
8.35373157648038E-06
2.02009122402905E-06
-7.2548502005924E-06
9.73978391317444E-07
5.88826168101241E-06
2.59207796782654E-06
-9.86159689720499E-07
1.85414827233857E-06
2.05047160846996E-06
-1.80327054028528E-06
-1.80327054028528E-06
dMdT Data
0
0
0
0
0
0
0
0
0
0
0
0
0
0
0
0
0
0
0
0
0
0
0
0
0
0
0
0
0
0
0
0
0
0
0
0
0
0
0
0
0
0
0
0
0
0
0
0
0
0
0
0
0
0
0
0
0
0
0
0
0
0
0
0
0
0
0
0
0
0
0
0
0
0
0
0
0
0
0
0
0
0
0
0
0
0
0
0
0
0
0
0
0
0
0
0
0
0
0
0
0
0
0
0
0
0
0
0
0
0
0
0
0
0
0
0
0
0
0
0
0
0
0
0
0
0
0
0
0
0
0
0
0
0
0
0
0
0
0
0
0
0
0
0
0
0
0
0
0
0
0
0
0
0
0
0
0
0
0
0
0
0
0
0
0
0
0
0
0
0
0
0
0
0
0
0
0
0
0
0
0
0
0
0
0
0
0
0
0
0
0
0
0
0
0
0
0
0
0
0
0
0
0
0
0
0
0
0
0
0
0
0
0
0
0
0
0
0
0
0
0
0
0
0
0
0
0
0
0
0
0
0
0
0
0
0
0
0
0
0
0
0
0
0
0
0
0
0
0
0
0
0
0
0
0
0
0
0
0
0
0
0
0
0
0
0
0
0
0
0
0
0
0
0
0
0
0
0
0
0
0
0
0
0
0
0
0
0
0
0
0
0
0
 
*********************************************** Results ***************************************
 
TotalArea 0
AreaFirstQuad 0
AreaSecondQuad 0
AreaThirdQuad 0
AreaFourthQuad 0
Coercivity 0
PositiveCoercivity 0
NegativeCoercivity 0
Retentivity 1.24410450879866E-02
PositiveRetentivity -2.80803931840805E-02
NegativeRetentivity -3.19830300810733E-03
Magnetization 0.00498643
PositiveMagnetization -0.00308114
NegativeMagnetization -0.00498643
Flatness 1.25707671545984
Squareness 2.49498039438769
SStar 0
SFD1 0
SFD2 0
Slope 0
Intercept 0
SlopeAtHc -1.80327054028528E-06
dH1 -773.396926603672
dH2 266.895
InitialSlope -8.04311774461061E-06
FieldAtHalfMs 62.7143
FieldAtMs 52.6548
MomentMean -4.29935249146758E-03
MomentRMS 5.16714763601981E-04
SFD3 0
dH3 -1546.79385320734
UserField1 0
UserField2 0
CenterField 0
ExchangeField 0
ExchangeMoment 0
ExRegionOneIntercept 0
ExRegionOneSlope 0
ExRegionTwoIntercept 0
ExRegionTwoSlope 0
NegativeIntercept 0
NegativeSlope 0
AutoCenterOffset 0
PinningField 0
PinningMoment 0
PinRegionOneIntercept 0
PinRegionOneSlope 0
PinRegionTwoIntercept 0
PinRegionTwoSlope 0
PositiveIntercept 0
PositiveSlope 0
TotalOffset 0
BHMax 0
BCoercivity 0
BRetentivity 0
BNegativeCoercivity 0
BPositiveCoercivity 0
BNegativeRetentivity 0
BPositiveRetentivity 0
MomentYMean -5.9547143003413E-03
MomentYRMS 2.11343864347175E-04
YOffCorrection 0
Mrt 0
Ms1 0
Ms2 0
Ms3 0
Hc2 0
Hex2 0
HsatValue 0
HsatIntercept 0
HsatSlope 0
CenterH 0
Span .00190529
SpanAsPercentOfRange -35.9488679245283
RMSAsPercentOfRange -9.74933516230152
SpanAsPercentOfMean -44.315742981791
RMSAsPercentOfMean -12.0184321854848
