Version 1.25
******************************************** Units *******************************************
System CGS
TemperatureUnit K
MomentUnit emu
AppliedFieldUnit G
 
******************************************** Setup ********************************************
 
Experiment CustomField
Minor False
Acquisition Continuous
EditedPoint No
MaxField 15000
FieldIncrement 100
Points 293
MinField 0
RampRate 10
AverageTime 0.3
TimeInterval 0
TimeConstant 0.1
TimeConstantIndex 0
Sensitivity -0.0053
SensitivityIndex 5
SensitivityY -400
SensitivityIndexY 0
SaturationField 8000
ExperimentTime 100
Use735Domains True
AutoRangeEnabled False
NumberOfVertices 2
VertexPts
0
292
VertexField
-2751.3784
200.3342
StartAngle 0
EndAngle 0
AngleIncrement 0
StartTemp 0
FinishTemp 0
TempIncrement 0
TempPoints 0
LengthofSetPointsArray 293
SetPointArray
-2751.37845
-2741.26984
-2731.16124
-2721.05263
-2710.94403
-2700.83542
-2690.72682
-2680.61821
-2670.50961
-2660.401
-2650.2924
-2640.18379
-2630.07519
-2619.96658
-2609.85798
-2599.74937
-2589.64077
-2579.53216
-2569.42356
-2559.31495
-2549.20635
-2539.09774
-2528.98914
-2518.88053
-2508.77193
-2498.66332
-2488.55472
-2478.44612
-2468.33751
-2458.22891
-2448.1203
-2438.0117
-2427.90309
-2417.79449
-2407.68588
-2397.57728
-2387.46867
-2377.36007
-2367.25146
-2357.14286
-2347.03425
-2336.92565
-2326.81704
-2316.70844
-2306.59983
-2296.49123
-2286.38262
-2276.27402
-2266.16541
-2256.05681
-2245.9482
-2235.8396
-2225.73099
-2215.62239
-2205.51378
-2195.40518
-2185.29657
-2175.18797
-2165.07937
-2154.97076
-2144.86216
-2134.75355
-2124.64495
-2114.53634
-2104.42774
-2094.31913
-2084.21053
-2074.10192
-2063.99332
-2053.88471
-2043.77611
-2033.6675
-2023.5589
-2013.45029
-2003.34169
-1993.23308
-1983.12448
-1973.01587
-1962.90727
-1952.79866
-1942.69006
-1932.58145
-1922.47285
-1912.36424
-1902.25564
-1892.14703
-1882.03843
-1871.92982
-1861.82122
-1851.71261
-1841.60401
-1831.49541
-1821.3868
-1811.2782
-1801.16959
-1791.06099
-1780.95238
-1770.84378
-1760.73517
-1750.62657
-1740.51796
-1730.40936
-1720.30075
-1710.19215
-1700.08354
-1689.97494
-1679.86633
-1669.75773
-1659.64912
-1649.54052
-1639.43191
-1629.32331
-1619.2147
-1609.1061
-1598.99749
-1588.88889
-1578.78028
-1568.67168
-1558.56307
-1548.45447
-1538.34586
-1528.23726
-1518.12865
-1508.02005
-1497.91145
-1487.80284
-1477.69424
-1467.58563
-1457.47703
-1447.36842
-1437.25982
-1427.15121
-1417.04261
-1406.934
-1396.8254
-1386.71679
-1376.60819
-1366.49958
-1356.39098
-1346.28237
-1336.17377
-1326.06516
-1315.95656
-1305.84795
-1295.73935
-1285.63074
-1275.52214
-1265.41353
-1255.30493
-1245.19632
-1235.08772
-1224.97911
-1214.87051
-1204.7619
-1194.6533
-1184.5447
-1174.43609
-1164.32749
-1154.21888
-1144.11028
-1134.00167
-1123.89307
-1113.78446
-1103.67586
-1093.56725
-1083.45865
-1073.35004
-1063.24144
-1053.13283
-1043.02423
-1032.91562
-1022.80702
-1012.69841
-1002.58981
-992.4812
-982.3726
-972.26399
-962.15539
-952.04678
-941.93818
-931.82957
-921.72097
-911.61236
-901.50376
-891.39515
-881.28655
-871.17794
-861.06934
-850.96074
-840.85213
-830.74353
-820.63492
-810.52632
-800.41771
-790.30911
-780.2005
-770.0919
-759.98329
-749.87469
-739.76608
-729.65748
-719.54887
-709.44027
-699.33166
-689.22306
-679.11445
-669.00585
-658.89724
-648.78864
-638.68003
-628.57143
-618.46282
-608.35422
-598.24561
-588.13701
-578.0284
-567.9198
-557.81119
-547.70259
-537.59398
-527.48538
-517.37678
-507.26817
-497.15957
-487.05096
-476.94236
-466.83375
-456.72515
-446.61654
-436.50794
-426.39933
-416.29073
-406.18212
-396.07352
-385.96491
-375.85631
-365.7477
-355.6391
-345.53049
-335.42189
-325.31328
-315.20468
-305.09607
-294.98747
-284.87886
-274.77026
-264.66165
-254.55305
-244.44444
-234.33584
-224.22723
-214.11863
-204.01003
-193.90142
-183.79282
-173.68421
-163.57561
-153.467
-143.3584
-133.24979
-123.14119
-113.03258
-102.92398
-92.81537
-82.70677
-72.59816
-62.48956
-52.38095
-42.27235
-32.16374
-22.05514
-11.94653
-1.83793
8.27068
18.37928
28.48789
38.59649
48.7051
58.8137
68.92231
79.03091
89.13952
99.24812
109.35673
119.46533
129.57393
139.68254
149.79114
159.89975
170.00835
180.11696
190.22556
200.33417
FieldDomainFile C:\IDEASVSM\Default UserID\Experiments\FORCexp0382B\fdomain.ini
TempDomainFile C:\IDEASVSM\Default UserID\Experiments\FORCexp0382B\tdomain.ini
NumSelectedResults 0
ResultsSelected 
UserName1 
UserValue1 
UserName2 
UserValue2 
LinearBackgroundCorrection Off
MaxLinearFieldCorrection 
MinLinearFieldCorrection 
AutoLinearCorrection Off
FitOneRegion Off
BackgroundMode Off
BackgroundFilename 
AutoCenter Off
OffsetCorrection 
SmoothDeriv Off
DerivOrder 0
DerivPoints 0
MinExFieldOne 
MaxExFieldOne 
MinExFieldTwo 
MaxExFieldTwo 
MinPinFieldOne 
MaxPinFieldOne 
MinPinFieldTwo 
MaxPinFieldTwo 
HCenterStart 
Mass 
Volume 
Density 
MolarWeight 
NumberOfMoles 
Demagnetization 
SampleArea 
Thickness 
MomentScaling 0
XAxis 0
YAxis 0
SimpleSpinValve False
HsatMax 0
HsatMin 0
FieldAutoRange False
 
*************************************************** Experiment Data ********************************************
 
DataPoints 293
MomentX Data
-0.00485658
-0.0048659
-0.00489868
-0.00489521
-0.0048608
-0.00492123
-0.00487564
-0.00487012
-0.00486867
-0.0048712
-0.00483145
-0.00488322
-0.00490379
-0.00487955
-0.00488335
-0.00487572
-0.00489637
-0.00488505
-0.00484932
-0.00486682
-0.00485912
-0.00485141
-0.00479288
-0.00484098
-0.00482332
-0.00482484
-0.00480382
-0.00483449
-0.00483444
-0.00482399
-0.00481652
-0.00484319
-0.00481134
-0.00480867
-0.00483072
-0.00482124
-0.00482229
-0.0047956
-0.00478309
-0.00475991
-0.00478585
-0.00480241
-0.00477357
-0.00477658
-0.00480545
-0.00479577
-0.00477214
-0.00478211
-0.00478429
-0.00482305
-0.00479962
-0.00477678
-0.0047586
-0.00479398
-0.00477006
-0.00477339
-0.00476565
-0.00473577
-0.00478335
-0.00474456
-0.00476429
-0.00473046
-0.00472248
-0.00470785
-0.00470127
-0.00471514
-0.0047574
-0.00472862
-0.0047499
-0.00468918
-0.00468257
-0.00467364
-0.0046805
-0.00469467
-0.00468349
-0.00468128
-0.00467874
-0.00467298
-0.00466278
-0.00469989
-0.00467108
-0.00469633
-0.00468689
-0.00467095
-0.00465436
-0.00461966
-0.00463002
-0.00464026
-0.00465287
-0.0046659
-0.00461869
-0.00463589
-0.00460384
-0.00461938
-0.00462474
-0.00460898
-0.00460924
-0.00459564
-0.00457995
-0.00455263
-0.00460829
-0.00460052
-0.00460647
-0.0045265
-0.00454659
-0.00458345
-0.00458841
-0.0045318
-0.00458047
-0.00452349
-0.00454963
-0.00455247
-0.00455519
-0.00453302
-0.00451444
-0.00449385
-0.00451837
-0.00450687
-0.00450122
-0.0044912
-0.00451434
-0.00451095
-0.00449714
-0.00446834
-0.00447808
-0.00445034
-0.00450086
-0.00446993
-0.00445914
-0.00444354
-0.00440311
-0.00446993
-0.00444212
-0.00444201
-0.00443323
-0.00440883
-0.00442204
-0.00441618
-0.00439885
-0.00439251
-0.00440966
-0.00439536
-0.00440319
-0.00441187
-0.00436619
-0.0043705
-0.00438224
-0.00439717
-0.00438391
-0.00431501
-0.00433037
-0.00431867
-0.00431482
-0.0043261
-0.00432322
-0.00432109
-0.00426745
-0.00426899
-0.00429666
-0.00429876
-0.00425724
-0.00427683
-0.00422277
-0.00423118
-0.0042206
-0.00424577
-0.00423126
-0.00416119
-0.00421943
-0.00418575
-0.00417954
-0.00421369
-0.00420541
-0.00413578
-0.00423496
-0.00417958
-0.00404909
-0.00420217
-0.00415189
-0.00410387
-0.00416475
-0.00420284
-0.00414181
-0.00411854
-0.00418613
-0.00408295
-0.00408054
-0.0040616
-0.00408783
-0.00405491
-0.00405471
-0.00401119
-0.00400992
-0.00404498
-0.00408136
-0.004044
-0.00399013
-0.00400936
-0.0039523
-0.00396671
-0.00399803
-0.0040689
-0.00393785
-0.00388473
-0.00386648
-0.00384988
-0.0039145
-0.00396977
-0.00397136
-0.00396501
-0.00389111
-0.00386672
-0.00385343
-0.00385933
-0.0038725
-0.00383008
-0.0038043
-0.00386192
-0.00384663
-0.00383247
-0.00382026
-0.00386883
-0.00379598
-0.0037545
-0.00382221
-0.00372029
-0.00375085
-0.00372157
-0.00373175
-0.00375615
-0.00370283
-0.0037066
-0.00371229
-0.00368613
-0.00367836
-0.00356768
-0.00362425
-0.00363475
-0.00360039
-0.00358318
-0.00362625
-0.00361551
-0.00353092
-0.00353421
-0.00351829
-0.00344408
-0.00345148
-0.00347121
-0.00358086
-0.0034788
-0.00349982
-0.00348361
-0.00343154
-0.00348991
-0.0034391
-0.00356027
-0.00344671
-0.00345402
-0.00343919
-0.00332464
-0.00325406
-0.00327621
-0.00336154
-0.00334604
-0.00322794
-0.00332301
-0.00335394
-0.00326804
-0.0032423
-0.00318942
-0.00318125
-0.00322305
-0.00322105
-0.00318546
-0.00318684
-0.00302988
-0.00311888
-0.00309445
-0.00303582
-0.00295551
-0.00309855
-0.00299107
-0.00306202
-0.00300315
-0.0030373
-0.00304189
-0.0029269
-0.00293413
-0.00298793
-0.00295887
-0.00285183
-0.00283648
-0.00281791
MomentY Data
-0.00592868
-0.00594457
-0.00588099
-0.00592868
-0.00591278
-0.00600815
-0.00600815
-0.00572205
-0.00583331
-0.00565847
-0.00596046
-0.00603994
-0.00581741
-0.00572205
-0.0058651
-0.00616709
-0.00607173
-0.00602404
-0.00607173
-0.00588099
-0.00578562
-0.00599225
-0.00600815
-0.0058492
-0.00591278
-0.00562668
-0.00607173
-0.00572205
-0.00602404
-0.00562668
-0.00575384
-0.00592868
-0.00588099
-0.00575384
-0.00600815
-0.00607173
-0.0061353
-0.00575384
-0.00576973
-0.00594457
-0.0061353
-0.00599225
-0.00570615
-0.00578562
-0.0058651
-0.00575384
-0.00594457
-0.00603994
-0.00594457
-0.00592868
-0.00591278
-0.00562668
-0.00592868
-0.00565847
-0.0061353
-0.00581741
-0.00551542
-0.00583331
-0.00607173
-0.00589689
-0.00610352
-0.00610352
-0.00597636
-0.00602404
-0.00578562
-0.00561078
-0.00557899
-0.00603994
-0.00573794
-0.00581741
-0.00602404
-0.00599225
-0.00629425
-0.00583331
-0.00627836
-0.00597636
-0.00607173
-0.00570615
-0.00581741
-0.00570615
-0.00588099
-0.00603994
-0.00597636
-0.00591278
-0.00561078
-0.00562668
-0.00551542
-0.00583331
-0.00581741
-0.00603994
-0.00572205
-0.00562668
-0.00592868
-0.0058651
-0.00576973
-0.00610352
-0.00597636
-0.00607173
-0.00600815
-0.00573794
-0.00607173
-0.00581741
-0.00567436
-0.00600815
-0.00567436
-0.00597636
-0.00603994
-0.00623067
-0.00581741
-0.0058651
-0.0058492
-0.00603994
-0.00572205
-0.00573794
-0.00589689
-0.00581741
-0.00603994
-0.00607173
-0.00578562
-0.00591278
-0.00603994
-0.00589689
-0.00567436
-0.00610352
-0.00607173
-0.00626246
-0.00591278
-0.00594457
-0.00603994
-0.00597636
-0.00607173
-0.00546773
-0.00588099
-0.00581741
-0.00607173
-0.0058651
-0.00605583
-0.00616709
-0.00588099
-0.00591278
-0.00546773
-0.00594457
-0.00603994
-0.00589689
-0.00588099
-0.00597636
-0.00597636
-0.00597636
-0.00588099
-0.00583331
-0.00602404
-0.00592868
-0.00603994
-0.00629425
-0.00616709
-0.00591278
-0.0058492
-0.00600815
-0.00592868
-0.00535647
-0.00572205
-0.00583331
-0.0061353
-0.00578562
-0.00632604
-0.00603994
-0.00610352
-0.00599225
-0.00592868
-0.00588099
-0.00583331
-0.0058651
-0.00592868
-0.00591278
-0.00597636
-0.00616709
-0.00581741
-0.00591278
-0.00588099
-0.00596046
-0.00616709
-0.00596046
-0.00602404
-0.00570615
-0.00581741
-0.00583331
-0.00597636
-0.00592868
-0.0058651
-0.00592868
-0.00594457
-0.00581741
-0.00603994
-0.00602404
-0.00599225
-0.00619888
-0.0061353
-0.00597636
-0.00603994
-0.00583331
-0.00632604
-0.00576973
-0.00607173
-0.00626246
-0.00616709
-0.00603994
-0.00626246
-0.00632604
-0.0061353
-0.00602404
-0.00597636
-0.00616709
-0.00626246
-0.00610352
-0.00596046
-0.00562668
-0.00603994
-0.0061353
-0.00610352
-0.00635783
-0.0061353
-0.00572205
-0.00608762
-0.00600815
-0.00610352
-0.00592868
-0.00592868
-0.00626246
-0.00594457
-0.00651677
-0.00610352
-0.0058651
-0.0061353
-0.00616709
-0.00629425
-0.00610352
-0.00572205
-0.00594457
-0.00608762
-0.00576973
-0.00572205
-0.0061353
-0.00597636
-0.00616709
-0.00597636
-0.00623067
-0.00626246
-0.00591278
-0.00600815
-0.0058651
-0.0058492
-0.00570615
-0.00588099
-0.00600815
-0.00597636
-0.00607173
-0.00602404
-0.00583331
-0.00561078
-0.00627836
-0.00607173
-0.00583331
-0.00576973
-0.00623067
-0.00592868
-0.00607173
-0.0061353
-0.00594457
-0.00623067
-0.00596046
-0.00603994
-0.00570615
-0.00603994
-0.00626246
-0.00603994
-0.00616709
-0.00594457
-0.00610352
-0.00616709
-0.00632604
-0.00629425
-0.00651677
-0.00616709
-0.00597636
-0.00616709
-0.00596046
-0.00576973
-0.00603994
-0.00623067
-0.0061353
-0.00635783
-0.00594457
-0.00594457
Field Data
-2750.09
-2742.79
-2733.56
-2722.98
-2712.88
-2702.97
-2692.61
-2682.65
-2672.29
-2662.35
-2652.53
-2642.17
-2632.08
-2622.05
-2612.2
-2601.71
-2591.76
-2581.66
-2571.65
-2561.69
-2551.19
-2541.32
-2531.57
-2521.1
-2511.12
-2500.51
-2490.92
-2481.04
-2470.53
-2460.76
-2450.76
-2440.57
-2430.44
-2420.28
-2410.26
-2400.26
-2390.15
-2380.11
-2369.9
-2359.84
-2349.73
-2340.02
-2329.44
-2319.34
-2309.32
-2299.48
-2289.39
-2279.23
-2269.26
-2258.95
-2248.89
-2239.04
-2228.58
-2218.78
-2208.79
-2198.71
-2188.46
-2178.56
-2168.48
-2158.05
-2148.13
-2138.44
-2127.9
-2117.94
-2108.03
-2097.58
-2087.81
-2077.55
-2067.44
-2057.7
-2047.59
-2037.15
-2027.26
-2017.38
-2007.16
-1997
-1987.17
-1976.65
-1966.77
-1956.82
-1946.75
-1936.33
-1926.31
-1916.37
-1906.39
-1896.41
-1885.87
-1876.25
-1866.21
-1855.98
-1845.73
-1835.89
-1825.92
-1815.41
-1805.49
-1795.5
-1785.46
-1775.4
-1764.99
-1755.14
-1745.43
-1734.66
-1724.92
-1715
-1704.6
-1694.62
-1684.66
-1674.72
-1664.15
-1654.38
-1644.5
-1634.07
-1624.15
-1613.93
-1603.97
-1593.76
-1583.87
-1573.95
-1563.62
-1553.52
-1543.82
-1533.4
-1523.27
-1513.44
-1503.3
-1493.04
-1483.05
-1472.9
-1462.92
-1452.85
-1442.67
-1432.75
-1422.83
-1412.43
-1402.42
-1392.59
-1381.21
-1368.78
-1358.87
-1348.79
-1338.49
-1328.61
-1318.75
-1308.33
-1298.33
-1288.05
-1278.21
-1268.18
-1257.89
-1247.96
-1238.09
-1227.71
-1217.73
-1207.68
-1197.85
-1187.33
-1177.39
-1167.49
-1157.09
-1147.21
-1136.88
-1127.02
-1117.14
-1106.63
-1096.86
-1086.9
-1076.77
-1066.41
-1056.65
-1046.67
-1036.15
-1026.34
-1016.3
-1006.08
-996.079
-985.759
-975.907
-965.989
-955.673
-945.683
-935.714
-925.662
-915.226
-905.429
-895.487
-885.054
-875.198
-865.25
-855.006
-844.923
-834.782
-824.638
-814.971
-804.751
-794.424
-784.651
-774.569
-764.259
-754.263
-744.366
-734.058
-724.021
-713.936
-703.655
-693.834
-683.67
-673.64
-663.586
-653.622
-643.231
-633.355
-623.476
-612.99
-603.014
-593.194
-582.834
-572.897
-562.915
-552.909
-542.401
-532.615
-522.753
-512.274
-502.539
-492.338
-482.172
-472.175
-461.982
-451.985
-442.043
-431.963
-421.554
-411.719
-401.78
-391.258
-381.497
-371.595
-361.249
-351.18
-341.152
-331.272
-320.936
-311.073
-300.699
-288.697
-277.475
-267.011
-257.237
-247.366
-236.884
-226.979
-217.073
-206.741
-196.607
-186.731
-176.782
-166.309
-156.265
-146.27
-136.463
-126.375
-115.979
-106.045
-96.2279
-85.7173
-75.7697
-66.0456
-55.6384
-45.5641
-35.5345
-25.6122
-15.4226
-5.04149
4.92011
14.7466
24.8209
34.9589
45.1368
55.1225
65.3536
75.516
85.0623
95.0254
105.702
115.616
125.346
135.916
145.873
156.152
165.894
175.839
186.282
195.889
Time Data
0
0.3
0.6
0.9
1.2
1.5
1.8
2.1
2.4
2.7
3
3.3
3.6
3.9
4.2
4.5
4.8
5.1
5.4
5.7
6
6.3
6.6
6.9
7.2
7.5
7.8
8.1
8.4
8.7
9
9.3
9.6
9.9
10.2
10.5
10.8
11.1
11.4
11.7
12
12.3
12.6
12.9
13.2
13.5
13.8
14.1
14.4
14.7
15
15.3
15.6
15.9
16.2
16.5
16.8
17.1
17.4
17.7
18
18.3
18.6
18.9
19.2
19.5
19.8
20.1
20.4
20.7
21
21.3
21.6
21.9
22.2
22.5
22.8
23.1
23.4
23.7
24
24.3
24.6
24.9
25.2
25.5
25.8
26.1
26.4
26.7
27
27.3
27.6
27.9
28.2
28.5
28.8
29.1
29.4
29.7
30.0000000000001
30.3000000000001
30.6000000000001
30.9000000000001
31.2000000000001
31.5000000000001
31.8000000000001
32.1000000000001
32.4
32.7
33
33.3
33.6
33.9
34.2
34.5
34.8
35.1
35.4
35.7
36
36.3
36.6
36.9
37.2
37.5
37.8
38.1
38.4
38.7
39
39.3
39.6
39.9
40.2
40.5
40.8
41.1
41.4
41.7
42
42.3
42.6
42.8999999999999
43.1999999999999
43.4999999999999
43.7999999999999
44.0999999999999
44.3999999999999
44.6999999999999
44.9999999999999
45.2999999999999
45.5999999999999
45.8999999999999
46.1999999999999
46.4999999999999
46.7999999999999
47.0999999999999
47.3999999999999
47.6999999999999
47.9999999999999
48.2999999999999
48.5999999999999
48.8999999999999
49.1999999999999
49.4999999999999
49.7999999999999
50.0999999999999
50.3999999999999
50.6999999999999
50.9999999999999
51.2999999999999
51.5999999999999
51.8999999999999
52.1999999999999
52.4999999999999
52.7999999999999
53.0999999999999
53.3999999999998
53.6999999999998
53.9999999999998
54.2999999999998
54.5999999999998
54.8999999999998
55.1999999999998
55.4999999999998
55.7999999999998
56.0999999999998
56.3999999999998
56.6999999999998
56.9999999999998
57.2999999999998
57.5999999999998
57.8999999999998
58.1999999999998
58.4999999999998
58.7999999999998
59.0999999999998
59.3999999999998
59.6999999999998
59.9999999999998
60.2999999999998
60.5999999999998
60.8999999999998
61.1999999999998
61.4999999999998
61.7999999999998
62.0999999999998
62.3999999999998
62.6999999999998
62.9999999999998
63.2999999999998
63.5999999999998
63.8999999999998
64.1999999999997
64.4999999999997
64.7999999999997
65.0999999999997
65.3999999999997
65.6999999999997
65.9999999999997
66.2999999999997
66.5999999999997
66.8999999999997
67.1999999999997
67.4999999999997
67.7999999999997
68.0999999999997
68.3999999999997
68.6999999999997
68.9999999999997
69.2999999999997
69.5999999999997
69.8999999999997
70.1999999999997
70.4999999999997
70.7999999999997
71.0999999999997
71.3999999999997
71.6999999999997
71.9999999999997
72.2999999999997
72.5999999999997
72.8999999999997
73.1999999999997
73.4999999999997
73.7999999999997
74.0999999999997
74.3999999999997
74.6999999999996
74.9999999999996
75.2999999999996
75.5999999999996
75.8999999999996
76.1999999999996
76.4999999999996
76.7999999999996
77.0999999999996
77.3999999999996
77.6999999999996
77.9999999999996
78.2999999999996
78.5999999999996
78.8999999999996
79.1999999999996
79.4999999999996
79.7999999999996
80.0999999999996
80.3999999999996
80.6999999999996
80.9999999999996
81.2999999999996
81.5999999999996
81.8999999999996
82.1999999999996
82.4999999999996
82.7999999999996
83.0999999999996
83.3999999999996
83.6999999999996
83.9999999999996
84.2999999999996
84.5999999999996
84.8999999999996
85.1999999999995
85.4999999999995
85.7999999999995
86.0999999999995
86.3999999999995
86.6999999999995
86.9999999999995
87.2999999999995
87.5999999999995
Temperature Data
0
0
0
0
0
0
0
0
0
0
0
0
0
0
0
0
0
0
0
0
0
0
0
0
0
0
0
0
0
0
0
0
0
0
0
0
0
0
0
0
0
0
0
0
0
0
0
0
0
0
0
0
0
0
0
0
0
0
0
0
0
0
0
0
0
0
0
0
0
0
0
0
0
0
0
0
0
0
0
0
0
0
0
0
0
0
0
0
0
0
0
0
0
0
0
0
0
0
0
0
0
0
0
0
0
0
0
0
0
0
0
0
0
0
0
0
0
0
0
0
0
0
0
0
0
0
0
0
0
0
0
0
0
0
0
0
0
0
0
0
0
0
0
0
0
0
0
0
0
0
0
0
0
0
0
0
0
0
0
0
0
0
0
0
0
0
0
0
0
0
0
0
0
0
0
0
0
0
0
0
0
0
0
0
0
0
0
0
0
0
0
0
0
0
0
0
0
0
0
0
0
0
0
0
0
0
0
0
0
0
0
0
0
0
0
0
0
0
0
0
0
0
0
0
0
0
0
0
0
0
0
0
0
0
0
0
0
0
0
0
0
0
0
0
0
0
0
0
0
0
0
0
0
0
0
0
0
0
0
0
0
0
0
0
0
0
0
0
0
0
0
0
0
0
0
0
0
0
0
0
0
0
0
0
0
0
0
0
0
0
0
0
0
Angle Data
0
0
0
0
0
0
0
0
0
0
0
0
0
0
0
0
0
0
0
0
0
0
0
0
0
0
0
0
0
0
0
0
0
0
0
0
0
0
0
0
0
0
0
0
0
0
0
0
0
0
0
0
0
0
0
0
0
0
0
0
0
0
0
0
0
0
0
0
0
0
0
0
0
0
0
0
0
0
0
0
0
0
0
0
0
0
0
0
0
0
0
0
0
0
0
0
0
0
0
0
0
0
0
0
0
0
0
0
0
0
0
0
0
0
0
0
0
0
0
0
0
0
0
0
0
0
0
0
0
0
0
0
0
0
0
0
0
0
0
0
0
0
0
0
0
0
0
0
0
0
0
0
0
0
0
0
0
0
0
0
0
0
0
0
0
0
0
0
0
0
0
0
0
0
0
0
0
0
0
0
0
0
0
0
0
0
0
0
0
0
0
0
0
0
0
0
0
0
0
0
0
0
0
0
0
0
0
0
0
0
0
0
0
0
0
0
0
0
0
0
0
0
0
0
0
0
0
0
0
0
0
0
0
0
0
0
0
0
0
0
0
0
0
0
0
0
0
0
0
0
0
0
0
0
0
0
0
0
0
0
0
0
0
0
0
0
0
0
0
0
0
0
0
0
0
0
0
0
0
0
0
0
0
0
0
0
0
0
0
0
0
0
0
Bx Data
0
0
0
0
0
0
0
0
0
0
0
0
0
0
0
0
0
0
0
0
0
0
0
0
0
0
0
0
0
0
0
0
0
0
0
0
0
0
0
0
0
0
0
0
0
0
0
0
0
0
0
0
0
0
0
0
0
0
0
0
0
0
0
0
0
0
0
0
0
0
0
0
0
0
0
0
0
0
0
0
0
0
0
0
0
0
0
0
0
0
0
0
0
0
0
0
0
0
0
0
0
0
0
0
0
0
0
0
0
0
0
0
0
0
0
0
0
0
0
0
0
0
0
0
0
0
0
0
0
0
0
0
0
0
0
0
0
0
0
0
0
0
0
0
0
0
0
0
0
0
0
0
0
0
0
0
0
0
0
0
0
0
0
0
0
0
0
0
0
0
0
0
0
0
0
0
0
0
0
0
0
0
0
0
0
0
0
0
0
0
0
0
0
0
0
0
0
0
0
0
0
0
0
0
0
0
0
0
0
0
0
0
0
0
0
0
0
0
0
0
0
0
0
0
0
0
0
0
0
0
0
0
0
0
0
0
0
0
0
0
0
0
0
0
0
0
0
0
0
0
0
0
0
0
0
0
0
0
0
0
0
0
0
0
0
0
0
0
0
0
0
0
0
0
0
0
0
0
0
0
0
0
0
0
0
0
0
0
0
0
0
0
0
Hint Data
0
0
0
0
0
0
0
0
0
0
0
0
0
0
0
0
0
0
0
0
0
0
0
0
0
0
0
0
0
0
0
0
0
0
0
0
0
0
0
0
0
0
0
0
0
0
0
0
0
0
0
0
0
0
0
0
0
0
0
0
0
0
0
0
0
0
0
0
0
0
0
0
0
0
0
0
0
0
0
0
0
0
0
0
0
0
0
0
0
0
0
0
0
0
0
0
0
0
0
0
0
0
0
0
0
0
0
0
0
0
0
0
0
0
0
0
0
0
0
0
0
0
0
0
0
0
0
0
0
0
0
0
0
0
0
0
0
0
0
0
0
0
0
0
0
0
0
0
0
0
0
0
0
0
0
0
0
0
0
0
0
0
0
0
0
0
0
0
0
0
0
0
0
0
0
0
0
0
0
0
0
0
0
0
0
0
0
0
0
0
0
0
0
0
0
0
0
0
0
0
0
0
0
0
0
0
0
0
0
0
0
0
0
0
0
0
0
0
0
0
0
0
0
0
0
0
0
0
0
0
0
0
0
0
0
0
0
0
0
0
0
0
0
0
0
0
0
0
0
0
0
0
0
0
0
0
0
0
0
0
0
0
0
0
0
0
0
0
0
0
0
0
0
0
0
0
0
0
0
0
0
0
0
0
0
0
0
0
0
0
0
0
0
Torque Data
16.3044035812
16.3047071503
16.0760390244
16.1436770664
16.0406626064
16.2398492055
16.1776047715
15.3502574325
15.5882959799
15.0648276045
15.8102989638
15.9585482698
15.3118885128
15.0035012025
15.32081422
16.0449797239
15.7364669448
15.5520231064
15.6143644545
15.0652732731
14.7602158878
15.22822477
15.2100522955
14.74641812
14.8477001136
14.0695696068
15.1241936916
14.196634932
14.8825715412
13.8459090768
14.1012809184
14.4693585476
14.2933933356
13.9259038752
14.481203619
14.5737306498
14.664287295
13.6947721224
13.673683127
14.0282340688
14.416298469
14.021984845
13.292134056
13.4188198908
13.544392732
13.2308400032
13.6094391123
13.7664124462
13.4897749182
13.392591686
13.2971918142
12.5983615872
13.2125376744
12.5549000666
13.551589287
12.7907975411
12.0702760532
12.7082158336
13.1664250704
12.7257834645
13.1111544176
13.0520113088
12.717096444
12.7585552776
12.1962605286
11.7690599124
11.6478711119
12.548277347
11.8628466736
11.970484557
12.3347640636
12.2071120875
12.760081255
11.7680029278
12.6016730576
11.93479092
12.0655597041
11.2790613975
11.4415074657
11.165908443
11.4488172825
11.6953170202
11.5123220316
11.3310742086
10.6963348842
10.6704922188
10.4013651154
10.9447478875
10.8565087161
11.2100078412
10.5613593465
10.3299655452
10.8252953856
10.647561191
10.4171898177
10.95887016
10.6705517256
10.779749442
10.6043246685
10.0708880116
10.5977796939
10.0912284306
9.7878170512
10.30397725
9.672514056
10.1276591832
10.1752453204
10.4346276624
9.6810428515
9.703104138
9.6190094
9.8696847558
9.2934675075
9.2606335042
9.4584346533
9.2715553616
9.5664797678
9.5565994335
9.0465111444
9.1856219856
9.3245801708
9.042291126
8.6435823572
9.2373113088
9.127631709
9.3501032784
8.768948379
8.755757153
8.8359490248
8.682754626
8.7595027191
7.8338901575
8.3676490017
8.2166844063
8.5151155866
8.167679609
8.3643729543
8.4413894502
7.9915008813
7.9750985362
7.3185019277
7.8980151477
7.965170875
7.7150780937
7.6354657467
7.697850498
7.6390431156
7.5791002248
7.3976385111
7.2797375476
7.4583036836
7.2786997228
7.3550161362
7.60143984
7.3872487565
7.0204210774
6.886789588
7.0144550435
6.8600163412
6.1449959487
6.505284204
6.5742570362
6.853989042
6.4025406606
6.9387802344
6.564810786
6.5720872304
6.3901953225
6.264539722
6.1554558033
6.0441841565
6.019586734
6.025317484
5.9487297024
5.95292669244
6.07926447131
5.67725114087
5.71168043942
5.62030335627
5.63670569418
5.77063245226
5.51737132452
5.51335803304
5.16651368835
5.20941502867
5.16279434874
5.23049831928
5.12979037
5.0146956906
5.00927809164
4.96242003374
4.79725734758
4.92237594174
4.84785221404
4.760387214
4.86395739088
4.7522131857
4.56748691724
4.55570326422
4.34211763146
4.64368027032
4.17740568433
4.33482662928
4.4066112913
4.27893672306
4.1293257798
4.2186435544
4.19787157944
4.0101670566
3.87484927324
3.7851574878
3.84503260484
3.8388253554
3.68050800928
3.53570910924
3.27942041112
3.46026350618
3.4536523995
3.37469113968
3.44849334983
3.2677528095
2.99121880365
3.11852944788
3.01932969285
3.00499482976
2.85864349296
2.799374479
2.89314379572
2.68685647145
2.88069256111
2.63649480976
2.4724563654
2.5260195807
2.4778134202
2.4626756665
2.32847456944
2.12628516975
2.14746996793
2.1378503916
1.96835492896
1.8955549476
1.9690386408
1.85908423428
1.85443779591
1.72535720292
1.72885515825
1.67214570706
1.52098578886
1.4862120329
1.3893483484
1.3276455668
1.23865109895
1.21584175359
1.18124434705
1.11597167916
1.07337257286
1.00185206836
0.91154218715
0.8206887906
0.85676384068
0.76731487875
0.67654146049
0.61185101785
0.599564289693
0.508190442164
0.460053160581
0.40520956968
0.330746363488
0.283894870947
0.21180196587
0.154696151268
0.08800366899
0.0304502971106
-0.0308119920706
-0.089068579204
-0.153072724181
-0.207815628173
-0.275493361536
-0.339945418525
-0.413429487744
-0.475316583
-0.554331444771
-0.586030194086
-0.63171320472
-0.71301427744
-0.74711981916
-0.78419862268
-0.88106416762
-0.97293158184
-1.0178094582
-1.11795446937
-1.10736638874
-1.16447587273
dMdH Data
-1.27671232876711E-06
-3.55146262188511E-06
3.27977315690003E-07
3.40693069306929E-06
-6.09788092835503E-06
4.40057915057936E-06
5.54216867469808E-07
1.39961389961394E-07
-2.54527162977838E-07
4.04786150712841E-06
-4.99710424710415E-06
-2.03865213082258E-06
2.41674975074782E-06
-3.85786802030441E-07
7.27359389895133E-07
-2.07537688442211E-06
1.12079207920784E-06
3.56943056943068E-06
-1.75702811244981E-06
7.33333333333356E-07
7.81155015197595E-07
6.00307692307686E-06
-4.59407831900655E-06
1.76953907815632E-06
-1.43261074458111E-07
2.19186652763292E-06
-3.10425101214571E-06
4.75737392964525E-09
1.06960081883312E-06
7.46999999999987E-07
-2.61727183513242E-06
3.14412635735435E-06
2.62795275590531E-07
-2.20059880239522E-06
9.48000000000008E-07
-1.03857566765561E-07
2.65836653386457E-06
1.22526934378055E-06
2.30417495029825E-06
-2.56577645895153E-06
-1.7054582904222E-06
2.7258979206049E-06
-2.98019801980148E-07
-2.88123752495013E-06
9.83739837398335E-07
2.34192269573834E-06
-9.81299212598417E-07
-2.18655967903722E-07
-3.75945683802116E-06
2.32902584493039E-06
2.3187817258884E-06
1.73804971319307E-06
-3.61020408163273E-06
2.39439439439436E-06
-3.30357142857162E-07
7.55121951219513E-07
3.01818181818174E-06
-4.72023809523806E-06
3.71907957813999E-06
-1.98891129032256E-06
3.49122807017545E-06
7.57115749525567E-07
1.46887550200801E-06
6.63975782038438E-07
-1.3272727272727E-06
-4.32548618219044E-06
2.80506822612092E-06
-2.10484668644897E-06
6.23408624229958E-06
6.53808110781475E-07
8.55363984674332E-07
-6.93629929221431E-07
-1.4342105263158E-06
1.09393346379643E-06
2.17519685039357E-07
2.5839267548327E-07
5.47528517110231E-07
1.03238866396761E-06
-3.72964824120601E-06
2.86097318768619E-06
-2.42322456813819E-06
9.42115768463107E-07
1.60362173038227E-06
1.66232464929867E-06
3.47695390781557E-06
-9.82922201138508E-07
-1.06444906444907E-06
-1.2559760956175E-06
-1.2737047898338E-06
4.60585365853656E-06
-1.74796747967483E-06
3.21464393179543E-06
-1.47859181731689E-06
-5.40322580645096E-07
1.5775775775775E-06
-2.58964143425622E-08
1.35188866799204E-06
1.50720461095096E-06
2.77360406091373E-06
-5.73223480947474E-06
7.21448467966559E-07
-6.10882956878784E-07
8.06149193548376E-06
-1.93173076923071E-06
-3.69338677354714E-06
-4.97991967871499E-07
5.69517102615694E-06
-4.60454115421004E-06
5.83213920163766E-06
-2.64574898785422E-06
-2.72291466922384E-07
-2.74193548387047E-07
2.16927592954991E-06
1.86546184738953E-06
2.01665034280117E-06
-2.47927199191101E-06
1.15927419354843E-06
5.46950629235171E-07
9.92079207920835E-07
-2.38556701030932E-06
3.25335892514466E-07
1.3632773938795E-06
2.92980671414039E-06
-9.60552268244508E-07
2.70370370370371E-06
-5.05705705705706E-06
3.04729064039406E-06
1.08116232464931E-06
1.54915590863951E-06
3.9715127701376E-06
-6.73588709677419E-06
2.80342741935487E-06
1.05769230769438E-08
8.77122877122868E-07
2.48219735503556E-06
-1.16080843585243E-06
4.71440064360477E-07
1.7487386478304E-06
6.28968253968309E-07
-1.66504854368938E-06
1.44736842105262E-06
-7.94117647058866E-07
-8.33013435700534E-07
4.56800000000002E-06
-4.19260700389147E-07
-1.19308943089429E-06
-1.48853439680956E-06
1.28862973760927E-06
6.93856998992948E-06
-1.55623100303948E-06
1.12716763005781E-06
3.85771543086227E-07
-1.12238805970156E-06
2.92980671414059E-07
2.02471482889768E-07
5.39637826961778E-06
-1.55555555555594E-07
-2.66057692307686E-06
-2.12550607287506E-07
4.0193610842208E-06
-1.98681541582146E-06
5.47165991902839E-06
-8.00190294957219E-07
1.08290685772776E-06
-2.52710843373505E-06
1.43237907206322E-06
6.76351351351351E-06
-5.96721311475404E-06
3.37474949899794E-06
5.90304182509546E-07
-3.48114169215082E-06
8.24701195219153E-07
6.81311154598825E-06
-9.91700829916999E-06
5.36627906976754E-06
1.32450263905806E-05
-1.54345634200443E-05
4.87398216362928E-06
4.80680680680682E-06
-6.10693148761165E-06
-3.78929566255472E-06
5.8480260636259E-06
2.37521690313358E-06
-6.79843089921538E-06
9.88977283619282E-06
2.44521103896148E-07
1.90390028146356E-06
-2.56052323311201E-06
3.26490131905184E-06
1.97219209150656E-08
4.29022082018927E-06
1.31374780180021E-07
-3.43052837573384E-06
-3.52280429940931E-06
3.82277703878032E-06
5.34318587581831E-06
-1.86517943743942E-06
5.70828331332537E-06
-1.455996766697E-06
-3.03841676367866E-06
-7.06087476337555E-06
1.29945463559744E-05
5.16681256687088E-06
1.85826290601772E-06
1.63321526957889E-06
-6.44267198404783E-06
-5.49731450169093E-06
-1.59574468085115E-07
6.1110576460403E-07
7.4827865532604E-06
2.46887336774977E-06
1.26740415792485E-06
-5.91419406575747E-07
-1.34114052953159E-06
4.09459459459459E-06
2.59434436952805E-06
-5.77239030254453E-06
1.52808315010992E-06
1.34754472782642E-06
1.24770079705706E-06
-4.92496451024139E-06
6.95199923656836E-06
4.26091422701592E-06
-6.63758455053428E-06
1.00255754475703E-05
-3.05691707512255E-06
2.87255959972531E-06
-1.01830549164748E-06
-2.45423456045065E-06
5.28968253968258E-06
-3.6218656931503E-07
-5.78546009150996E-07
2.63205553878658E-06
7.38452765633935E-07
1.13390021514189E-05
-5.7129872752979E-06
-1.01488497970231E-06
3.4124540669381E-06
1.71619465496611E-06
-4.3593117408907E-06
1.0390866873065E-06
8.57649802291395E-06
-3.17139001349526E-07
1.32644559240127E-06
6.61290322580646E-06
-7.07186544342494E-07
-2.01862083077556E-06
-1.1108297031709E-05
9.73669147109325E-06
-2.12216052498735E-06
1.6363819907127E-06
5.03968253968254E-06
-5.75981843299785E-06
5.14479546375051E-06
-1.21791134787416E-05
1.08431204048506E-05
-7.27797690163276E-07
1.48374187093547E-06
1.16804323442439E-05
6.99643140364788E-06
-2.13062716429395E-06
-8.58969196698211E-06
1.57887767263244E-06
1.12362757597093E-05
-9.55707909445495E-06
-3.18075708805958E-06
8.25390114536094E-06
2.55501622941542E-06
5.27239371460476E-06
8.233978009131E-07
-4.10222187328254E-06
1.92657625244298E-07
3.57271924188884E-06
-1.40436717485044E-07
1.55802388255263E-05
-8.77885184454529E-06
2.40029868636951E-06
5.87139609641788E-06
7.84959584013446E-06
-1.40754152562386E-05
1.12588123147188E-05
-7.12127751402673E-06
5.5139276548714E-06
-3.44462376437363E-06
-4.7173689619729E-07
1.08789025543992E-05
-7.26122326001808E-07
-5.23397217628175E-06
2.98296037774584E-06
1.0763197586727E-05
1.46988413291199E-06
1.93296554595611E-06
1.93296554595611E-06
dMdT Data
0
0
0
0
0
0
0
0
0
0
0
0
0
0
0
0
0
0
0
0
0
0
0
0
0
0
0
0
0
0
0
0
0
0
0
0
0
0
0
0
0
0
0
0
0
0
0
0
0
0
0
0
0
0
0
0
0
0
0
0
0
0
0
0
0
0
0
0
0
0
0
0
0
0
0
0
0
0
0
0
0
0
0
0
0
0
0
0
0
0
0
0
0
0
0
0
0
0
0
0
0
0
0
0
0
0
0
0
0
0
0
0
0
0
0
0
0
0
0
0
0
0
0
0
0
0
0
0
0
0
0
0
0
0
0
0
0
0
0
0
0
0
0
0
0
0
0
0
0
0
0
0
0
0
0
0
0
0
0
0
0
0
0
0
0
0
0
0
0
0
0
0
0
0
0
0
0
0
0
0
0
0
0
0
0
0
0
0
0
0
0
0
0
0
0
0
0
0
0
0
0
0
0
0
0
0
0
0
0
0
0
0
0
0
0
0
0
0
0
0
0
0
0
0
0
0
0
0
0
0
0
0
0
0
0
0
0
0
0
0
0
0
0
0
0
0
0
0
0
0
0
0
0
0
0
0
0
0
0
0
0
0
0
0
0
0
0
0
0
0
0
0
0
0
0
0
0
0
0
0
0
0
0
0
0
0
0
0
0
0
0
0
0
 
*********************************************** Results ***************************************
 
TotalArea 0
AreaFirstQuad 0
AreaSecondQuad 0
AreaThirdQuad 0
AreaFourthQuad 0
Coercivity 0
PositiveCoercivity 0
NegativeCoercivity 0
Retentivity 2.58230781827497E-03
PositiveRetentivity -8.36765380821915E-03
NegativeRetentivity -3.20303817166921E-03
Magnetization 0.00492123
PositiveMagnetization -0.00281791
NegativeMagnetization -0.00492123
Flatness 2.24037814121203
Squareness 0.524728130624858
SStar 0
SFD1 0
SFD2 0
Slope 0
Intercept 0
SlopeAtHc 1.93296554595611E-06
dH1 -1011.31153827293
dH2 379.1955
InitialSlope -1.27671232876711E-06
FieldAtHalfMs 195.889
FieldAtMs 195.889
MomentMean -4.20803563139932E-03
MomentRMS 5.67522092998259E-04
SFD3 0
dH3 -2022.62307654586
UserField1 0
UserField2 0
CenterField 0
ExchangeField 0
ExchangeMoment 0
ExRegionOneIntercept 0
ExRegionOneSlope 0
ExRegionTwoIntercept 0
ExRegionTwoSlope 0
NegativeIntercept 0
NegativeSlope 0
AutoCenterOffset 0
PinningField 0
PinningMoment 0
PinRegionOneIntercept 0
PinRegionOneSlope 0
PinRegionTwoIntercept 0
PinRegionTwoSlope 0
PositiveIntercept 0
PositiveSlope 0
TotalOffset 0
BHMax 0
BCoercivity 0
BRetentivity 0
BNegativeCoercivity 0
BPositiveCoercivity 0
BNegativeRetentivity 0
BPositiveRetentivity 0
MomentYMean -5.95829481228669E-03
MomentYRMS 1.84064454755671E-04
YOffCorrection 0
Mrt 0
Ms1 0
Ms2 0
Ms3 0
Hc2 0
Hex2 0
HsatValue 0
HsatIntercept 0
HsatSlope 0
CenterH 0
Span .00210332
SpanAsPercentOfRange -39.6852830188679
RMSAsPercentOfRange -10.7079640188351
SpanAsPercentOfMean -49.9834170677061
RMSAsPercentOfMean -13.4866275552315
