Version 1.25
******************************************** Units *******************************************
System CGS
TemperatureUnit K
MomentUnit emu
AppliedFieldUnit G
 
******************************************** Setup ********************************************
 
Experiment CustomField
Minor False
Acquisition Continuous
EditedPoint No
MaxField 15000
FieldIncrement 100
Points 293
MinField 0
RampRate 10
AverageTime 0.3
TimeInterval 0
TimeConstant 0.1
TimeConstantIndex 0
Sensitivity -0.0053
SensitivityIndex 5
SensitivityY -400
SensitivityIndexY 0
SaturationField 8000
ExperimentTime 100
Use735Domains True
AutoRangeEnabled False
NumberOfVertices 2
VertexPts
0
292
VertexField
-1588.8889
1362.8237
StartAngle 0
EndAngle 0
AngleIncrement 0
StartTemp 0
FinishTemp 0
TempIncrement 0
TempPoints 0
LengthofSetPointsArray 293
SetPointArray
-1588.88889
-1578.78028
-1568.67168
-1558.56307
-1548.45447
-1538.34586
-1528.23726
-1518.12865
-1508.02005
-1497.91145
-1487.80284
-1477.69424
-1467.58563
-1457.47703
-1447.36842
-1437.25982
-1427.15121
-1417.04261
-1406.934
-1396.8254
-1386.71679
-1376.60819
-1366.49958
-1356.39098
-1346.28237
-1336.17377
-1326.06516
-1315.95656
-1305.84795
-1295.73935
-1285.63074
-1275.52214
-1265.41353
-1255.30493
-1245.19632
-1235.08772
-1224.97911
-1214.87051
-1204.7619
-1194.6533
-1184.5447
-1174.43609
-1164.32749
-1154.21888
-1144.11028
-1134.00167
-1123.89307
-1113.78446
-1103.67586
-1093.56725
-1083.45865
-1073.35004
-1063.24144
-1053.13283
-1043.02423
-1032.91562
-1022.80702
-1012.69841
-1002.58981
-992.4812
-982.3726
-972.26399
-962.15539
-952.04678
-941.93818
-931.82957
-921.72097
-911.61236
-901.50376
-891.39515
-881.28655
-871.17794
-861.06934
-850.96074
-840.85213
-830.74353
-820.63492
-810.52632
-800.41771
-790.30911
-780.2005
-770.0919
-759.98329
-749.87469
-739.76608
-729.65748
-719.54887
-709.44027
-699.33166
-689.22306
-679.11445
-669.00585
-658.89724
-648.78864
-638.68003
-628.57143
-618.46282
-608.35422
-598.24561
-588.13701
-578.0284
-567.9198
-557.81119
-547.70259
-537.59398
-527.48538
-517.37678
-507.26817
-497.15957
-487.05096
-476.94236
-466.83375
-456.72515
-446.61654
-436.50794
-426.39933
-416.29073
-406.18212
-396.07352
-385.96491
-375.85631
-365.7477
-355.6391
-345.53049
-335.42189
-325.31328
-315.20468
-305.09607
-294.98747
-284.87886
-274.77026
-264.66165
-254.55305
-244.44444
-234.33584
-224.22723
-214.11863
-204.01003
-193.90142
-183.79282
-173.68421
-163.57561
-153.467
-143.3584
-133.24979
-123.14119
-113.03258
-102.92398
-92.81537
-82.70677
-72.59816
-62.48956
-52.38095
-42.27235
-32.16374
-22.05514
-11.94653
-1.83793
8.27068
18.37928
28.48789
38.59649
48.7051
58.8137
68.92231
79.03091
89.13952
99.24812
109.35673
119.46533
129.57393
139.68254
149.79114
159.89975
170.00835
180.11696
190.22556
200.33417
210.44277
220.55138
230.65998
240.76859
250.87719
260.9858
271.0944
281.20301
291.31161
301.42022
311.52882
321.63743
331.74603
341.85464
351.96324
362.07185
372.18045
382.28906
392.39766
402.50627
412.61487
422.72348
432.83208
442.94069
453.04929
463.15789
473.2665
483.3751
493.48371
503.59231
513.70092
523.80952
533.91813
544.02673
554.13534
564.24394
574.35255
584.46115
594.56976
604.67836
614.78697
624.89557
635.00418
645.11278
655.22139
665.32999
675.4386
685.5472
695.65581
705.76441
715.87302
725.98162
736.09023
746.19883
756.30744
766.41604
776.52464
786.63325
796.74185
806.85046
816.95906
827.06767
837.17627
847.28488
857.39348
867.50209
877.61069
887.7193
897.8279
907.93651
918.04511
928.15372
938.26232
948.37093
958.47953
968.58814
978.69674
988.80535
998.91395
1009.02256
1019.13116
1029.23977
1039.34837
1049.45698
1059.56558
1069.67419
1079.78279
1089.8914
1100
1110.1086
1120.21721
1130.32581
1140.43442
1150.54302
1160.65163
1170.76023
1180.86884
1190.97744
1201.08605
1211.19465
1221.30326
1231.41186
1241.52047
1251.62907
1261.73768
1271.84628
1281.95489
1292.06349
1302.1721
1312.2807
1322.38931
1332.49791
1342.60652
1352.71512
1362.82373
FieldDomainFile C:\IDEASVSM\Default UserID\Experiments\FORCexp0267B\fdomain.ini
TempDomainFile C:\IDEASVSM\Default UserID\Experiments\FORCexp0267B\tdomain.ini
NumSelectedResults 0
ResultsSelected 
UserName1 
UserValue1 
UserName2 
UserValue2 
LinearBackgroundCorrection Off
MaxLinearFieldCorrection 
MinLinearFieldCorrection 
AutoLinearCorrection Off
FitOneRegion Off
BackgroundMode Off
BackgroundFilename 
AutoCenter Off
OffsetCorrection 
SmoothDeriv Off
DerivOrder 0
DerivPoints 0
MinExFieldOne 
MaxExFieldOne 
MinExFieldTwo 
MaxExFieldTwo 
MinPinFieldOne 
MaxPinFieldOne 
MinPinFieldTwo 
MaxPinFieldTwo 
HCenterStart 
Mass 
Volume 
Density 
MolarWeight 
NumberOfMoles 
Demagnetization 
SampleArea 
Thickness 
MomentScaling 0
XAxis 0
YAxis 0
SimpleSpinValve False
HsatMax 0
HsatMin 0
FieldAutoRange False
 
*************************************************** Experiment Data ********************************************
 
DataPoints 293
MomentX Data
-0.0043586
-0.00436466
-0.00434549
-0.00434615
-0.00427354
-0.00428909
-0.00432829
-0.00430444
-0.00430098
-0.00426868
-0.00428368
-0.0042813
-0.00425756
-0.00426243
-0.00424902
-0.00424479
-0.0042792
-0.00423619
-0.004248
-0.00419655
-0.00422338
-0.00422127
-0.00421227
-0.00419525
-0.00418841
-0.00417669
-0.00417891
-0.00417536
-0.00417813
-0.00414535
-0.00416015
-0.00414803
-0.00417077
-0.00413665
-0.00414503
-0.00414724
-0.00414519
-0.00415356
-0.00414654
-0.00408905
-0.00409197
-0.00407581
-0.00408797
-0.00409079
-0.00409896
-0.00403388
-0.00402469
-0.0040478
-0.00406605
-0.00403083
-0.00404429
-0.00399572
-0.00402229
-0.00403699
-0.00402307
-0.00399836
-0.00397631
-0.00398974
-0.00399873
-0.00398615
-0.0040004
-0.00395219
-0.00395369
-0.00393164
-0.00394709
-0.0039222
-0.00390272
-0.00393522
-0.00388675
-0.00391884
-0.00386168
-0.00390075
-0.00383812
-0.00387634
-0.0038366
-0.00382307
-0.00380774
-0.00385631
-0.00379089
-0.00382083
-0.00381244
-0.00378643
-0.00377233
-0.00378911
-0.00378413
-0.003763
-0.00377731
-0.00375978
-0.00372927
-0.00372232
-0.0037269
-0.00368626
-0.00368359
-0.00368593
-0.00370894
-0.00367403
-0.00367909
-0.00361703
-0.003671
-0.00363546
-0.00364111
-0.00362858
-0.00366639
-0.00359184
-0.00360475
-0.00356621
-0.00354857
-0.00357859
-0.00352598
-0.00352588
-0.00354642
-0.00353088
-0.00354103
-0.00347365
-0.00345668
-0.0034598
-0.00342251
-0.00345287
-0.00343094
-0.00346703
-0.00343557
-0.00342678
-0.00340333
-0.00340062
-0.00337579
-0.00338262
-0.00337863
-0.00333251
-0.0032857
-0.00334513
-0.00331501
-0.00326745
-0.00329275
-0.00328138
-0.00325381
-0.00326878
-0.00328242
-0.0032118
-0.00322335
-0.00320122
-0.00312538
-0.00316459
-0.00323427
-0.00315225
-0.0031277
-0.00313448
-0.00311852
-0.00314137
-0.00310346
-0.00307765
-0.00302851
-0.00303075
-0.00302244
-0.00298464
-0.00294575
-0.00291974
-0.00296931
-0.00300764
-0.00296187
-0.00290429
-0.00289107
-0.00287041
-0.00290644
-0.00286634
-0.00286071
-0.00283372
-0.00281058
-0.0028401
-0.00278613
-0.00274511
-0.00269225
-0.00272451
-0.00268888
-0.0026932
-0.0027178
-0.00261629
-0.00262651
-0.00264335
-0.00263146
-0.00254032
-0.00251143
-0.00257332
-0.00248616
-0.00247776
-0.00245502
-0.00239582
-0.00236947
-0.00237444
-0.00236579
-0.00237246
-0.00232993
-0.00229389
-0.00225205
-0.00220987
-0.00221166
-0.00216925
-0.00215781
-0.00218751
-0.00215935
-0.00209029
-0.00203328
-0.00205048
-0.00205765
-0.0019631
-0.00198004
-0.00189334
-0.00180878
-0.0017564
-0.00176935
-0.00177469
-0.00176728
-0.00168132
-0.0016464
-0.00151657
-0.00149675
-0.00149991
-0.00151366
-0.00141197
-0.00131948
-0.00119979
-0.00121377
-0.0011404
-0.00103184
-0.000991696
-0.000862352
-0.0008382
-0.000803989
-0.000682426
-0.00055271
-0.000522517
-0.000475512
-0.000320593
-0.000182628
-0.0000999171
-0.0000262636
-0.0000200427
0.000210262
0.000290126
0.000466821
0.000550565
0.000643347
0.000744906
0.000847892
0.00100813
0.00112966
0.0011806
0.00124605
0.00132206
0.00154404
0.00165674
0.00176707
0.00184363
0.00189663
0.0019689
0.00213021
0.00225878
0.00225537
0.00235774
0.00247227
0.00259861
0.0026984
0.00273182
0.00283939
0.00280111
0.00294114
0.00298214
0.00301226
0.00308353
0.00315499
0.00319966
0.00327497
0.00323362
0.00336123
0.00337931
0.00346373
0.00345347
0.00351234
0.00359187
0.00372204
0.00376486
0.00363691
0.00364196
0.00374745
0.00385991
0.0038313
0.00384524
0.00395
0.00402339
0.00402156
0.00400324
0.00408696
0.00401051
0.004021
MomentY Data
-0.00567436
-0.00576973
-0.00567436
-0.0058651
-0.0058492
-0.00565847
-0.00572205
-0.0058651
-0.0058492
-0.00607173
-0.00583331
-0.0055631
-0.00567436
-0.00576973
-0.00578562
-0.00588099
-0.00581741
-0.00594457
-0.00602404
-0.00602404
-0.00573794
-0.00581741
-0.00567436
-0.00581741
-0.00557899
-0.00592868
-0.00583331
-0.00551542
-0.0061353
-0.00572205
-0.00602404
-0.00596046
-0.00602404
-0.00607173
-0.00562668
-0.00572205
-0.00578562
-0.00588099
-0.00573794
-0.00581741
-0.00591278
-0.00607173
-0.00607173
-0.00596046
-0.00567436
-0.00600815
-0.00603994
-0.00603994
-0.00581741
-0.00591278
-0.00603994
-0.00592868
-0.00572205
-0.00592868
-0.00588099
-0.0061353
-0.00583331
-0.0058651
-0.00572205
-0.00588099
-0.00581741
-0.00572205
-0.00572205
-0.00546773
-0.00572205
-0.00610352
-0.00591278
-0.00610352
-0.00607173
-0.00616709
-0.00592868
-0.00594457
-0.00591278
-0.00597636
-0.00572205
-0.00561078
-0.00610352
-0.00576973
-0.00591278
-0.00619888
-0.00576973
-0.00597636
-0.00580152
-0.00588099
-0.00589689
-0.00576973
-0.00600815
-0.00562668
-0.00632604
-0.00597636
-0.00583331
-0.0055631
-0.00583331
-0.00623067
-0.00592868
-0.00576973
-0.00546773
-0.00588099
-0.00583331
-0.00597636
-0.00603994
-0.00591278
-0.0055631
-0.00572205
-0.00564257
-0.00607173
-0.0058651
-0.00597636
-0.00578562
-0.00594457
-0.00610352
-0.00567436
-0.00592868
-0.0061353
-0.00562668
-0.0058651
-0.00603994
-0.00588099
-0.00540415
-0.00578562
-0.00581741
-0.00581741
-0.00594457
-0.0061353
-0.00603994
-0.00600815
-0.00623067
-0.00603994
-0.00589689
-0.00594457
-0.00588099
-0.00594457
-0.0061353
-0.00597636
-0.0061353
-0.00597636
-0.0058651
-0.00557899
-0.00592868
-0.0061353
-0.00569026
-0.00583331
-0.00588099
-0.00603994
-0.0058492
-0.00607173
-0.00588099
-0.00594457
-0.00616709
-0.00605583
-0.00608762
-0.00592868
-0.00583331
-0.00565847
-0.0055631
-0.00594457
-0.00603994
-0.00602404
-0.00610352
-0.00603994
-0.00570615
-0.00607173
-0.00619888
-0.0061353
-0.00583331
-0.00591278
-0.00597636
-0.00607173
-0.00583331
-0.00607173
-0.00597636
-0.0061353
-0.00607173
-0.00603994
-0.00619888
-0.00605583
-0.00624657
-0.00589689
-0.00589689
-0.00603994
-0.00576973
-0.00591278
-0.00594457
-0.00588099
-0.00619888
-0.00607173
-0.00583331
-0.00602404
-0.00597636
-0.00600815
-0.00588099
-0.00581741
-0.00608762
-0.00629425
-0.00638962
-0.00600815
-0.00623067
-0.00624657
-0.00632604
-0.0061353
-0.00616709
-0.00632604
-0.00591278
-0.00626246
-0.00616709
-0.00632604
-0.00619888
-0.00632604
-0.00638962
-0.00623067
-0.00567436
-0.00594457
-0.00632604
-0.00638962
-0.00610352
-0.0064532
-0.00616709
-0.00626246
-0.00629425
-0.00592868
-0.00594457
-0.00619888
-0.00632604
-0.00603994
-0.00635783
-0.00638962
-0.00626246
-0.00623067
-0.0061353
-0.00632604
-0.00602404
-0.00588099
-0.00619888
-0.00642141
-0.00607173
-0.00607173
-0.00623067
-0.00623067
-0.00623067
-0.00626246
-0.00654856
-0.00667572
-0.0064532
-0.00667572
-0.0064532
-0.00648499
-0.00654856
-0.0067393
-0.00635783
-0.00632604
-0.00651677
-0.0064532
-0.00651677
-0.00635783
-0.00642141
-0.00642141
-0.00658035
-0.00670751
-0.00667572
-0.00648499
-0.0067393
-0.00651677
-0.00638962
-0.00685056
-0.00675519
-0.00626246
-0.00654856
-0.00670751
-0.0067393
-0.00635783
-0.00658035
-0.00648499
-0.0067393
-0.0067393
-0.00683467
-0.00677109
-0.00699361
-0.00665983
-0.0070254
-0.00693003
-0.00708898
-0.00680288
-0.00664393
-0.00651677
-0.00683467
-0.0070413
-0.00677109
-0.00680288
-0.00661214
-0.00642141
-0.00667572
-0.00658035
-0.00658035
Field Data
-1587.53
-1580.24
-1570.78
-1560.27
-1550.26
-1540.32
-1529.97
-1519.82
-1509.9
-1499.91
-1489.46
-1479.46
-1469.32
-1459.51
-1449.38
-1439.03
-1429.07
-1419.28
-1408.82
-1398.83
-1388.92
-1378.77
-1368.46
-1358.54
-1348.27
-1338.35
-1328.4
-1317.93
-1307.99
-1298.21
-1287.92
-1277.75
-1267.94
-1257.93
-1247.38
-1237.65
-1227.74
-1217.42
-1207.32
-1197.18
-1187.11
-1177.29
-1166.79
-1156.94
-1146.75
-1136.75
-1126.64
-1116.25
-1106.51
-1096.53
-1086.25
-1076.24
-1066.25
-1056.29
-1045.74
-1036.04
-1026.07
-1015.63
-1005.78
-995.357
-985.502
-975.659
-965.347
-955.405
-945.268
-935.312
-924.914
-914.999
-905.174
-894.704
-884.724
-874.941
-864.566
-854.48
-844.226
-834.397
-824.463
-814.074
-804.085
-794.17
-784.17
-773.885
-763.84
-753.95
-743.696
-733.58
-723.653
-713.613
-703.188
-693.082
-683.155
-673.194
-663.202
-652.828
-642.942
-633.101
-622.762
-612.605
-602.729
-592.634
-582.254
-572.313
-562.441
-552.078
-542.079
-531.788
-521.943
-512.098
-501.873
-491.741
-481.867
-471.667
-461.378
-451.361
-441.587
-431.119
-421.225
-411.406
-400.98
-390.973
-380.615
-370.854
-360.892
-350.761
-340.514
-330.641
-320.62
-310.27
-300.359
-290.39
-280.159
-270.034
-260.105
-250.001
-239.67
-229.817
-219.878
-209.532
-199.508
-189.268
-179.32
-169.548
-159.12
-149.062
-139.273
-128.958
-118.842
-108.726
-98.8298
-88.913
-78.5397
-68.565
-58.501
-48.4852
-38.2736
-28.2543
-18.0925
-8.32822
1.76402
12.4652
22.3052
32.3402
42.2813
52.5072
62.4397
72.3002
82.8881
92.7654
102.638
112.723
122.972
132.943
142.959
153.3
163.339
173.172
183.533
193.442
203.792
213.539
223.463
233.791
243.845
253.829
263.855
274.146
284.079
293.97
304.507
314.4
324.349
334.552
344.609
354.934
364.685
374.664
384.709
395.116
404.967
414.868
425.348
435.308
445.163
455.48
465.507
475.597
485.437
495.97
505.891
515.872
525.888
535.855
546.147
556.109
566.053
576.361
586.389
596.403
606.427
616.828
626.591
636.608
646.958
656.828
667.24
677.104
686.852
697.499
707.238
717.24
727.516
737.573
747.466
757.504
767.899
777.892
787.746
798.046
808.033
818.053
828.06
838.46
848.322
858.278
868.626
878.568
888.491
898.842
908.773
919.113
929.02
939.003
949.137
959.25
969.134
979.113
989.468
999.561
1009.25
1019.61
1029.78
1039.71
1049.91
1060.01
1070.09
1080.18
1090.02
1100.12
1110.5
1120.43
1130.28
1140.6
1150.59
1160.6
1170.79
1180.86
1190.7
1200.75
1211.09
1221.16
1231.28
1241.16
1251.23
1261.53
1271.51
1281.34
1291.64
1301.7
1311.82
1321.69
1332.09
1341.94
1351.84
Time Data
0
0.3
0.6
0.9
1.2
1.5
1.8
2.1
2.4
2.7
3
3.3
3.6
3.9
4.2
4.5
4.8
5.1
5.4
5.7
6
6.3
6.6
6.9
7.2
7.5
7.8
8.1
8.4
8.7
9
9.3
9.6
9.9
10.2
10.5
10.8
11.1
11.4
11.7
12
12.3
12.6
12.9
13.2
13.5
13.8
14.1
14.4
14.7
15
15.3
15.6
15.9
16.2
16.5
16.8
17.1
17.4
17.7
18
18.3
18.6
18.9
19.2
19.5
19.8
20.1
20.4
20.7
21
21.3
21.6
21.9
22.2
22.5
22.8
23.1
23.4
23.7
24
24.3
24.6
24.9
25.2
25.5
25.8
26.1
26.4
26.7
27
27.3
27.6
27.9
28.2
28.5
28.8
29.1
29.4
29.7
30.0000000000001
30.3000000000001
30.6000000000001
30.9000000000001
31.2000000000001
31.5000000000001
31.8000000000001
32.1000000000001
32.4
32.7
33
33.3
33.6
33.9
34.2
34.5
34.8
35.1
35.4
35.7
36
36.3
36.6
36.9
37.2
37.5
37.8
38.1
38.4
38.7
39
39.3
39.6
39.9
40.2
40.5
40.8
41.1
41.4
41.7
42
42.3
42.6
42.8999999999999
43.1999999999999
43.4999999999999
43.7999999999999
44.0999999999999
44.3999999999999
44.6999999999999
44.9999999999999
45.2999999999999
45.5999999999999
45.8999999999999
46.1999999999999
46.4999999999999
46.7999999999999
47.0999999999999
47.3999999999999
47.6999999999999
47.9999999999999
48.2999999999999
48.5999999999999
48.8999999999999
49.1999999999999
49.4999999999999
49.7999999999999
50.0999999999999
50.3999999999999
50.6999999999999
50.9999999999999
51.2999999999999
51.5999999999999
51.8999999999999
52.1999999999999
52.4999999999999
52.7999999999999
53.0999999999999
53.3999999999998
53.6999999999998
53.9999999999998
54.2999999999998
54.5999999999998
54.8999999999998
55.1999999999998
55.4999999999998
55.7999999999998
56.0999999999998
56.3999999999998
56.6999999999998
56.9999999999998
57.2999999999998
57.5999999999998
57.8999999999998
58.1999999999998
58.4999999999998
58.7999999999998
59.0999999999998
59.3999999999998
59.6999999999998
59.9999999999998
60.2999999999998
60.5999999999998
60.8999999999998
61.1999999999998
61.4999999999998
61.7999999999998
62.0999999999998
62.3999999999998
62.6999999999998
62.9999999999998
63.2999999999998
63.5999999999998
63.8999999999998
64.1999999999997
64.4999999999997
64.7999999999997
65.0999999999997
65.3999999999997
65.6999999999997
65.9999999999997
66.2999999999997
66.5999999999997
66.8999999999997
67.1999999999997
67.4999999999997
67.7999999999997
68.0999999999997
68.3999999999997
68.6999999999997
68.9999999999997
69.2999999999997
69.5999999999997
69.8999999999997
70.1999999999997
70.4999999999997
70.7999999999997
71.0999999999997
71.3999999999997
71.6999999999997
71.9999999999997
72.2999999999997
72.5999999999997
72.8999999999997
73.1999999999997
73.4999999999997
73.7999999999997
74.0999999999997
74.3999999999997
74.6999999999996
74.9999999999996
75.2999999999996
75.5999999999996
75.8999999999996
76.1999999999996
76.4999999999996
76.7999999999996
77.0999999999996
77.3999999999996
77.6999999999996
77.9999999999996
78.2999999999996
78.5999999999996
78.8999999999996
79.1999999999996
79.4999999999996
79.7999999999996
80.0999999999996
80.3999999999996
80.6999999999996
80.9999999999996
81.2999999999996
81.5999999999996
81.8999999999996
82.1999999999996
82.4999999999996
82.7999999999996
83.0999999999996
83.3999999999996
83.6999999999996
83.9999999999996
84.2999999999996
84.5999999999996
84.8999999999996
85.1999999999995
85.4999999999995
85.7999999999995
86.0999999999995
86.3999999999995
86.6999999999995
86.9999999999995
87.2999999999995
87.5999999999995
Temperature Data
0
0
0
0
0
0
0
0
0
0
0
0
0
0
0
0
0
0
0
0
0
0
0
0
0
0
0
0
0
0
0
0
0
0
0
0
0
0
0
0
0
0
0
0
0
0
0
0
0
0
0
0
0
0
0
0
0
0
0
0
0
0
0
0
0
0
0
0
0
0
0
0
0
0
0
0
0
0
0
0
0
0
0
0
0
0
0
0
0
0
0
0
0
0
0
0
0
0
0
0
0
0
0
0
0
0
0
0
0
0
0
0
0
0
0
0
0
0
0
0
0
0
0
0
0
0
0
0
0
0
0
0
0
0
0
0
0
0
0
0
0
0
0
0
0
0
0
0
0
0
0
0
0
0
0
0
0
0
0
0
0
0
0
0
0
0
0
0
0
0
0
0
0
0
0
0
0
0
0
0
0
0
0
0
0
0
0
0
0
0
0
0
0
0
0
0
0
0
0
0
0
0
0
0
0
0
0
0
0
0
0
0
0
0
0
0
0
0
0
0
0
0
0
0
0
0
0
0
0
0
0
0
0
0
0
0
0
0
0
0
0
0
0
0
0
0
0
0
0
0
0
0
0
0
0
0
0
0
0
0
0
0
0
0
0
0
0
0
0
0
0
0
0
0
0
0
0
0
0
0
0
0
0
0
0
0
0
0
0
0
0
0
0
Angle Data
0
0
0
0
0
0
0
0
0
0
0
0
0
0
0
0
0
0
0
0
0
0
0
0
0
0
0
0
0
0
0
0
0
0
0
0
0
0
0
0
0
0
0
0
0
0
0
0
0
0
0
0
0
0
0
0
0
0
0
0
0
0
0
0
0
0
0
0
0
0
0
0
0
0
0
0
0
0
0
0
0
0
0
0
0
0
0
0
0
0
0
0
0
0
0
0
0
0
0
0
0
0
0
0
0
0
0
0
0
0
0
0
0
0
0
0
0
0
0
0
0
0
0
0
0
0
0
0
0
0
0
0
0
0
0
0
0
0
0
0
0
0
0
0
0
0
0
0
0
0
0
0
0
0
0
0
0
0
0
0
0
0
0
0
0
0
0
0
0
0
0
0
0
0
0
0
0
0
0
0
0
0
0
0
0
0
0
0
0
0
0
0
0
0
0
0
0
0
0
0
0
0
0
0
0
0
0
0
0
0
0
0
0
0
0
0
0
0
0
0
0
0
0
0
0
0
0
0
0
0
0
0
0
0
0
0
0
0
0
0
0
0
0
0
0
0
0
0
0
0
0
0
0
0
0
0
0
0
0
0
0
0
0
0
0
0
0
0
0
0
0
0
0
0
0
0
0
0
0
0
0
0
0
0
0
0
0
0
0
0
0
0
0
Bx Data
0
0
0
0
0
0
0
0
0
0
0
0
0
0
0
0
0
0
0
0
0
0
0
0
0
0
0
0
0
0
0
0
0
0
0
0
0
0
0
0
0
0
0
0
0
0
0
0
0
0
0
0
0
0
0
0
0
0
0
0
0
0
0
0
0
0
0
0
0
0
0
0
0
0
0
0
0
0
0
0
0
0
0
0
0
0
0
0
0
0
0
0
0
0
0
0
0
0
0
0
0
0
0
0
0
0
0
0
0
0
0
0
0
0
0
0
0
0
0
0
0
0
0
0
0
0
0
0
0
0
0
0
0
0
0
0
0
0
0
0
0
0
0
0
0
0
0
0
0
0
0
0
0
0
0
0
0
0
0
0
0
0
0
0
0
0
0
0
0
0
0
0
0
0
0
0
0
0
0
0
0
0
0
0
0
0
0
0
0
0
0
0
0
0
0
0
0
0
0
0
0
0
0
0
0
0
0
0
0
0
0
0
0
0
0
0
0
0
0
0
0
0
0
0
0
0
0
0
0
0
0
0
0
0
0
0
0
0
0
0
0
0
0
0
0
0
0
0
0
0
0
0
0
0
0
0
0
0
0
0
0
0
0
0
0
0
0
0
0
0
0
0
0
0
0
0
0
0
0
0
0
0
0
0
0
0
0
0
0
0
0
0
0
Hint Data
0
0
0
0
0
0
0
0
0
0
0
0
0
0
0
0
0
0
0
0
0
0
0
0
0
0
0
0
0
0
0
0
0
0
0
0
0
0
0
0
0
0
0
0
0
0
0
0
0
0
0
0
0
0
0
0
0
0
0
0
0
0
0
0
0
0
0
0
0
0
0
0
0
0
0
0
0
0
0
0
0
0
0
0
0
0
0
0
0
0
0
0
0
0
0
0
0
0
0
0
0
0
0
0
0
0
0
0
0
0
0
0
0
0
0
0
0
0
0
0
0
0
0
0
0
0
0
0
0
0
0
0
0
0
0
0
0
0
0
0
0
0
0
0
0
0
0
0
0
0
0
0
0
0
0
0
0
0
0
0
0
0
0
0
0
0
0
0
0
0
0
0
0
0
0
0
0
0
0
0
0
0
0
0
0
0
0
0
0
0
0
0
0
0
0
0
0
0
0
0
0
0
0
0
0
0
0
0
0
0
0
0
0
0
0
0
0
0
0
0
0
0
0
0
0
0
0
0
0
0
0
0
0
0
0
0
0
0
0
0
0
0
0
0
0
0
0
0
0
0
0
0
0
0
0
0
0
0
0
0
0
0
0
0
0
0
0
0
0
0
0
0
0
0
0
0
0
0
0
0
0
0
0
0
0
0
0
0
0
0
0
0
0
Torque Data
9.0082167308
9.1175581352
8.9131712008
9.151139577
9.067780792
8.7158545104
8.7545648385
8.913896282
8.83170708
9.1070485443
8.6884819126
8.230383926
8.3374506352
8.4209786323
8.3855619156
8.4629210397
8.3134861087
8.4370093096
8.4867880328
8.4266078732
7.9695396248
8.0208703857
7.7651346856
7.9031841814
7.5219848473
7.934648878
7.748969004
7.2689374806
8.024911047
7.4284225305
7.7584815968
7.615977765
7.6381212776
7.6378113189
7.0186080984
7.0818951825
7.1032370988
7.1596348458
6.9275297208
6.9644869038
7.0191202658
7.1481870117
7.0844338467
6.8958945924
6.50707233
6.8297645125
6.8048380016
6.742083025
6.4370223391
6.4835406534
6.560884825
6.3806825632
6.1011358125
6.2624053972
6.1499864826
6.356416212
5.9853843917
5.956771513
5.755123449
5.85368456343
5.73306918982
5.58276958095
5.52376380135
5.22389658065
5.4088707594
5.70869549824
5.46881300092
5.58471469648
5.49597213102
5.51772009136
5.24524548432
5.20114802037
5.11198855348
5.1066800928
4.8307033833
4.68161799966
5.03212640976
4.69698718002
4.7543777063
4.9229645296
4.5244491741
4.6250153586
4.4314330368
4.4339724105
4.38549350544
4.2325585334
4.34781577195
4.01527199484
4.44839541552
4.14210754152
3.98505489305
3.7450455414
3.86866285862
4.06755583476
3.81179737656
3.65282183273
3.40509447026
3.60272387895
3.51590510299
3.54179413224
3.51677922476
3.38396086014
3.1289155271
3.1590179199
3.05871870303
3.22887315324
3.0612478893
3.06048200328
2.90364646626
2.92318879637
2.94108487184
2.67640835812
2.73536252104
2.7692351433
2.48466874116
2.5285560469
2.5441737265
2.41947457194
2.166956067
2.26202120826
2.21419350715
2.15740976814
2.14534775644
2.1520239633
2.05668412916
1.98654072415
1.9976774154
1.8740121838
1.77118398351
1.7262436823
1.64761227741
1.60523601538
1.5958222065
1.49409597636
1.470447351
1.37346912612
1.2896064578
1.16897693268
1.18281908944
1.1612159604
1.0203774232
0.98902604388
0.9357831288
0.90032553628
0.8146356316
0.78299815734
0.69890861358
0.64632931782
0.609492271282
0.53844201279
0.478119848514
0.4064999442
0.34125446831
0.274352049644
0.21291986416
0.167959664151
0.10927761445
0.0501695304088
-0.0107667313504
-0.075289060088
-0.12727681698
-0.196360962546
-0.262096704944
-0.32214742416
-0.364230126407
-0.427495176556
-0.495369125316
-0.563246462142
-0.59871927178
-0.68442362079
-0.73492494192
-0.8156451879
-0.86800844907
-0.925922802
-1.01251886032
-1.04870019276
-1.14645173181
-1.14070619538
-1.20173900688
-1.28976274766
-1.28932117499
-1.38235474898
-1.44955367165
-1.49276581071
-1.6356054824
-1.66454049258
-1.65712087149
-1.7708870388
-1.81984345452
-1.88896236
-1.90749322551
-1.94622615032
-2.09784864058
-2.2340433295
-2.3301985697
-2.2510375116
-2.39699482503
-2.46811975212
-2.56183744068
-2.5453396404
-2.62315939732
-2.75377582032
-2.63215088314
-2.8524252808
-2.87082356463
-3.00864564588
-3.00916571056
-3.1375260588
-3.23245125142
-3.21422819424
-2.98407783168
-3.18542755735
-3.45494776788
-3.55332518858
-3.45491580656
-3.7193728052
-3.61631373801
-3.73494993138
-3.81700314475
-3.65697582704
-3.72481406087
-3.94625659904
-4.09268218632
-3.96720171032
-4.2421984892
-4.32643726048
-4.30138317592
-4.34588609433
-4.3391173014
-4.5372889296
-4.38258548464
-4.33765943727
-4.63345203808
-4.86424376064
-4.66247539527
-4.72315019316
-4.90818536982
-4.97236127082
-5.03458697211
-5.12302419038
-5.4226005936
-5.5973241912
-5.4743915304
-5.72962361016
-5.6054173032
-5.69750469432
-5.81833662296
-6.0575658906
-5.77782424259
-5.81434560252
-6.0542096654
-6.0595741596
-6.18530752749
-6.0987484275
-6.22320675894
-6.28728600933
-6.5110457538
-6.70456540311
-6.73747041
-6.6121606539
-6.939996354
-6.7755509367
-6.7085259342
-7.2616621056
-7.2286612671
-6.7645840428
-7.1380613712
-7.3790659012
-7.48399265
-7.1235034669
-7.437637998
-7.396779594
-7.754171187
-7.82163158
-8.0019632893
-7.9957093374
-8.327291427
-7.9967908725
-8.508391686
-8.4626754348
-8.7285192944
-8.4434625408
-8.3130845339
-8.2211008581
-8.6903512517
-9.022299342
-8.7458106876
-8.855308896
-8.6739374948
-8.4871133829
-8.8926598548
-8.830434879
-8.895580344
dMdH Data
-8.31275720164674E-07
2.02642706131084E-06
-6.27973358706392E-08
7.25374625374625E-06
-1.5643863179074E-06
-3.78743961352665E-06
2.34975369458132E-06
3.4879032258059E-07
3.23323323323322E-06
-1.43540669856453E-06
2.37999999999974E-07
2.34122287968443E-06
-4.96432212028603E-07
1.32379072063182E-06
4.08695652173911E-07
-3.45481927710846E-06
4.39325842696635E-06
-1.12906309751435E-06
5.15015015015012E-06
-2.70736629667001E-06
2.07881773398975E-07
8.72938894277437E-07
1.71572580645155E-06
6.66017526777036E-07
1.1814516129032E-06
-2.23115577889434E-07
3.39063992359095E-07
-2.7867203219316E-07
3.35173824130885E-06
-1.43828960155488E-06
1.19174041297934E-06
-2.3180428134557E-06
3.40859140859136E-06
-7.94312796208503E-07
-2.27132579650553E-07
2.06861755802215E-07
-8.11046511627886E-07
6.9504950495048E-07
5.66962524654834E-06
-2.89970208540214E-07
1.64562118126277E-06
-1.15809523809522E-06
-2.86294416243718E-07
-8.0176643768392E-07
6.50799999999995E-06
9.09000989119699E-07
-2.22425409047157E-06
-1.87371663244353E-06
3.52905811623245E-06
-1.30933852140077E-06
4.85214785214781E-06
-2.65965965965966E-06
-1.47590361445777E-06
1.31943127962083E-06
2.54742268041234E-06
2.21163490471414E-06
-1.28639846743296E-06
-9.12690355329898E-07
1.20694617672454E-06
-1.4459665144597E-06
4.89789698262726E-06
-1.45461598138069E-07
2.21786360893181E-06
-1.52411956200062E-06
2.50000000000005E-06
1.8734371994614E-06
-3.27786182551686E-06
4.93333333333328E-06
-3.0649474689589E-06
5.72745490981966E-06
-3.99366247572319E-06
6.03662650602411E-06
-3.78941106484233E-06
3.87556075677783E-06
1.37653881371451E-06
1.54318502113951E-06
-4.67513716430839E-06
6.54920412453705E-06
-3.01966717095308E-06
8.39000000000005E-07
2.52892561983471E-06
1.40368342458935E-06
-1.69666329625886E-06
4.85664131070792E-07
2.08877026492688E-06
-1.441523118767E-06
1.74601593625498E-06
2.92661870503596E-06
6.87710271126057E-07
-4.61367986300001E-07
4.0799116554563E-06
2.6721377101679E-07
-2.25563909774434E-07
-2.32753388630387E-06
3.54740371913423E-06
-4.89409033755668E-07
6.11007187161569E-06
-5.46476306196842E-06
3.52055473006435E-06
-5.44315992292856E-07
1.26043657579717E-06
-3.83002431118313E-06
7.19386278104792E-06
-1.2911291129113E-06
3.74501992031871E-06
1.79177247333673E-06
-3.04926358557642E-06
5.14523227383863E-06
9.86971969998751E-09
-2.08021065424351E-06
1.52352941176471E-06
-9.8649042666926E-07
6.7265648397724E-06
1.73623900143235E-06
-2.98051203668294E-07
3.76895087932077E-06
-3.09196455850897E-06
2.10339535775944E-06
-3.60647546717297E-06
3.03726588144426E-06
9.00522487450082E-07
2.35394499096567E-06
2.67495804955084E-07
2.42314823850883E-06
-6.91785678112E-07
3.98163855902576E-07
4.456038647343E-06
4.72303501160327E-06
-5.96148058982848E-06
2.94399374450199E-06
4.69728395061731E-06
-2.54809144928999E-06
1.12529691211403E-06
2.66866711838154E-06
-1.51933421293008E-06
-1.37237146594221E-06
6.82582640634063E-06
-1.1522346368715E-06
2.1611328125E-06
7.62364294330516E-06
-4.01248465002047E-06
-6.68200997314921E-06
8.15470272419964E-06
2.50791704974971E-06
-6.57295201163319E-07
1.57769869513639E-06
-2.25879794385133E-06
3.83076332329581E-06
2.60265408196195E-06
4.73716175180512E-06
-2.24568157438333E-07
8.25715421303665E-07
3.77403702150599E-06
3.80841396059385E-06
2.59598973980217E-06
-4.87807278238108E-06
-3.92553265576157E-06
4.53516761392908E-06
5.38071502395065E-06
1.34349593495935E-06
2.0587942202292E-06
-3.62434740622268E-06
3.92141522995531E-06
5.66826076013127E-07
2.73718371279344E-06
2.18551365237678E-06
-2.98867099308514E-06
5.46664505803942E-06
4.06742687159149E-06
5.15757634891206E-06
-3.23538260956771E-06
3.55730830670927E-06
-4.17754569190636E-07
-2.45044327124212E-06
1.03234007932472E-05
-9.86391274973461E-07
-1.69946513270765E-06
1.14879227053141E-06
9.35056940597108E-06
2.91112454655382E-06
-5.99244771494967E-06
8.66918639347525E-06
8.41346153846152E-07
2.2681029323758E-06
5.75259935866292E-06
2.65277358300615E-06
-5.02476999292282E-07
8.20916769478962E-07
-6.74214090771239E-07
4.27480148758667E-06
3.53229442320887E-06
4.16028636770411E-06
4.08523002421303E-06
-1.83570915803485E-07
4.24992484216853E-06
1.13887506222002E-06
-2.85384837128857E-06
2.85859303623999E-06
6.97505302494698E-06
5.43988549618317E-06
-1.72690763052207E-06
-7.27549467275485E-07
9.16448580013566E-06
-1.68943851600678E-06
8.59266600594651E-06
8.59349593495932E-06
4.97294218171461E-06
-1.30531196451971E-06
-5.35016531409676E-07
7.39816293929708E-07
8.62446072037725E-06
3.39292654488924E-06
1.30325235896406E-05
1.9931617055511E-06
-3.06558013193625E-07
-1.37116074990029E-06
1.01547833033753E-05
9.22685554668795E-06
1.15075473512163E-05
-1.43193690463996E-06
7.32454826794455E-06
1.04888888888889E-05
4.06727456940223E-06
1.24225893200153E-05
2.44849959448499E-06
3.50954041854742E-06
1.14175824175824E-05
1.33192319539993E-05
3.01869626074786E-06
4.57425068119893E-06
1.54040966491001E-05
1.39457191953906E-05
8.23977884040645E-06
7.0854737854738E-06
6.22525768037623E-07
2.33716967728843E-05
7.75378640776694E-06
1.76925002503255E-05
8.35768463073854E-06
9.27170980313784E-06
9.76528846153839E-06
1.04427093895762E-05
1.60946163117718E-05
1.17442984151527E-05
5.12371756185877E-06
6.59578756424469E-06
7.34325185972368E-06
2.23522303896888E-05
1.08994197292069E-05
1.11365701019482E-05
7.66903736351794E-06
5.22991908427083E-06
7.14624740433101E-06
1.63203156616754E-05
1.28840565186892E-05
-3.29309512312908E-07
1.01426731397998E-05
1.182062132315E-05
1.21949806949807E-05
9.81219272369721E-06
3.36555891238666E-06
1.05460784313725E-05
-3.79009900990102E-06
1.38918650793652E-05
4.06342913776008E-06
3.06097560975615E-06
7.05643564356442E-06
6.88439306358372E-06
4.49848942598186E-06
7.64568527918787E-06
-4.00678294573645E-06
1.27737737737738E-05
1.80619380619378E-06
8.28459273797836E-06
-1.01886792452829E-06
5.98272357723568E-06
7.91343283582093E-06
1.25889748549324E-05
4.25223435948357E-06
-1.26432806324112E-05
5.11133603238854E-07
1.04756703078451E-05
1.09184466019418E-05
-2.86673346693383E-06
1.4181078331638E-06
1.01708737864076E-05
7.29522862823061E-06
-1.80830039525648E-07
-1.85612968591695E-06
8.05000000000009E-06
-7.76142131979681E-06
1.05959595959599E-06
1.05959595959599E-06
dMdT Data
0
0
0
0
0
0
0
0
0
0
0
0
0
0
0
0
0
0
0
0
0
0
0
0
0
0
0
0
0
0
0
0
0
0
0
0
0
0
0
0
0
0
0
0
0
0
0
0
0
0
0
0
0
0
0
0
0
0
0
0
0
0
0
0
0
0
0
0
0
0
0
0
0
0
0
0
0
0
0
0
0
0
0
0
0
0
0
0
0
0
0
0
0
0
0
0
0
0
0
0
0
0
0
0
0
0
0
0
0
0
0
0
0
0
0
0
0
0
0
0
0
0
0
0
0
0
0
0
0
0
0
0
0
0
0
0
0
0
0
0
0
0
0
0
0
0
0
0
0
0
0
0
0
0
0
0
0
0
0
0
0
0
0
0
0
0
0
0
0
0
0
0
0
0
0
0
0
0
0
0
0
0
0
0
0
0
0
0
0
0
0
0
0
0
0
0
0
0
0
0
0
0
0
0
0
0
0
0
0
0
0
0
0
0
0
0
0
0
0
0
0
0
0
0
0
0
0
0
0
0
0
0
0
0
0
0
0
0
0
0
0
0
0
0
0
0
0
0
0
0
0
0
0
0
0
0
0
0
0
0
0
0
0
0
0
0
0
0
0
0
0
0
0
0
0
0
0
0
0
0
0
0
0
0
0
0
0
0
0
0
0
0
0
 
*********************************************** Results ***************************************
 
TotalArea 0
AreaFirstQuad 0
AreaSecondQuad 0
AreaThirdQuad 0
AreaFourthQuad 0
Coercivity 0
PositiveCoercivity 0
NegativeCoercivity 0
Retentivity 1.35420250882935E-03
PositiveRetentivity -5.67827514403302E-03
NegativeRetentivity -2.96987012637432E-03
Magnetization 0.00422581
PositiveMagnetization 0.00408696
NegativeMagnetization -0.00436466
Flatness 3.19307681606767
Squareness 0.320459866588737
SStar 0
SFD1 0
SFD2 0
Slope 0
Intercept 0
SlopeAtHc 1.05959595959599E-06
dH1 -814.532697142343
dH2 69.1815
InitialSlope -8.31275720164674E-07
FieldAtHalfMs 963.819764552725
FieldAtMs 1332.09
MomentMean -2.0349641549488E-03
MomentRMS 2.52319732572542E-03
SFD3 0
dH3 -1629.06539428469
UserField1 0
UserField2 0
CenterField 0
ExchangeField 0
ExchangeMoment 0
ExRegionOneIntercept 0
ExRegionOneSlope 0
ExRegionTwoIntercept 0
ExRegionTwoSlope 0
NegativeIntercept 0
NegativeSlope 0
AutoCenterOffset 0
PinningField 0
PinningMoment 0
PinRegionOneIntercept 0
PinRegionOneSlope 0
PinRegionTwoIntercept 0
PinRegionTwoSlope 0
PositiveIntercept 0
PositiveSlope 0
TotalOffset 0
BHMax 0
BCoercivity 0
BRetentivity 0
BNegativeCoercivity 0
BPositiveCoercivity 0
BNegativeRetentivity 0
BPositiveRetentivity 0
MomentYMean -6.08170825938566E-03
MomentYRMS 3.29061603731037E-04
YOffCorrection 0
Mrt 0
Ms1 0
Ms2 0
Ms3 0
Hc2 0
Hex2 0
HsatValue 0
HsatIntercept 0
HsatSlope 0
CenterH 0
Span .00845162
SpanAsPercentOfRange -159.464528301887
RMSAsPercentOfRange -47.6074967118004
SpanAsPercentOfMean -415.320337679984
RMSAsPercentOfMean -123.992224609426
