Version 1.25
******************************************** Units *******************************************
System CGS
TemperatureUnit K
MomentUnit emu
AppliedFieldUnit G
 
******************************************** Setup ********************************************
 
Experiment CustomField
Minor False
Acquisition Continuous
EditedPoint No
MaxField 15000
FieldIncrement 100
Points 293
MinField 0
RampRate 10
AverageTime 0.3
TimeInterval 0
TimeConstant 0.1
TimeConstantIndex 0
Sensitivity -0.0053
SensitivityIndex 5
SensitivityY -400
SensitivityIndexY 0
SaturationField 8000
ExperimentTime 100
Use735Domains True
AutoRangeEnabled False
NumberOfVertices 2
VertexPts
0
292
VertexField
-2619.9666
331.746
StartAngle 0
EndAngle 0
AngleIncrement 0
StartTemp 0
FinishTemp 0
TempIncrement 0
TempPoints 0
LengthofSetPointsArray 293
SetPointArray
-2619.96658
-2609.85798
-2599.74937
-2589.64077
-2579.53216
-2569.42356
-2559.31495
-2549.20635
-2539.09774
-2528.98914
-2518.88053
-2508.77193
-2498.66332
-2488.55472
-2478.44612
-2468.33751
-2458.22891
-2448.1203
-2438.0117
-2427.90309
-2417.79449
-2407.68588
-2397.57728
-2387.46867
-2377.36007
-2367.25146
-2357.14286
-2347.03425
-2336.92565
-2326.81704
-2316.70844
-2306.59983
-2296.49123
-2286.38262
-2276.27402
-2266.16541
-2256.05681
-2245.9482
-2235.8396
-2225.73099
-2215.62239
-2205.51378
-2195.40518
-2185.29657
-2175.18797
-2165.07937
-2154.97076
-2144.86216
-2134.75355
-2124.64495
-2114.53634
-2104.42774
-2094.31913
-2084.21053
-2074.10192
-2063.99332
-2053.88471
-2043.77611
-2033.6675
-2023.5589
-2013.45029
-2003.34169
-1993.23308
-1983.12448
-1973.01587
-1962.90727
-1952.79866
-1942.69006
-1932.58145
-1922.47285
-1912.36424
-1902.25564
-1892.14703
-1882.03843
-1871.92982
-1861.82122
-1851.71261
-1841.60401
-1831.49541
-1821.3868
-1811.2782
-1801.16959
-1791.06099
-1780.95238
-1770.84378
-1760.73517
-1750.62657
-1740.51796
-1730.40936
-1720.30075
-1710.19215
-1700.08354
-1689.97494
-1679.86633
-1669.75773
-1659.64912
-1649.54052
-1639.43191
-1629.32331
-1619.2147
-1609.1061
-1598.99749
-1588.88889
-1578.78028
-1568.67168
-1558.56307
-1548.45447
-1538.34586
-1528.23726
-1518.12865
-1508.02005
-1497.91145
-1487.80284
-1477.69424
-1467.58563
-1457.47703
-1447.36842
-1437.25982
-1427.15121
-1417.04261
-1406.934
-1396.8254
-1386.71679
-1376.60819
-1366.49958
-1356.39098
-1346.28237
-1336.17377
-1326.06516
-1315.95656
-1305.84795
-1295.73935
-1285.63074
-1275.52214
-1265.41353
-1255.30493
-1245.19632
-1235.08772
-1224.97911
-1214.87051
-1204.7619
-1194.6533
-1184.5447
-1174.43609
-1164.32749
-1154.21888
-1144.11028
-1134.00167
-1123.89307
-1113.78446
-1103.67586
-1093.56725
-1083.45865
-1073.35004
-1063.24144
-1053.13283
-1043.02423
-1032.91562
-1022.80702
-1012.69841
-1002.58981
-992.4812
-982.3726
-972.26399
-962.15539
-952.04678
-941.93818
-931.82957
-921.72097
-911.61236
-901.50376
-891.39515
-881.28655
-871.17794
-861.06934
-850.96074
-840.85213
-830.74353
-820.63492
-810.52632
-800.41771
-790.30911
-780.2005
-770.0919
-759.98329
-749.87469
-739.76608
-729.65748
-719.54887
-709.44027
-699.33166
-689.22306
-679.11445
-669.00585
-658.89724
-648.78864
-638.68003
-628.57143
-618.46282
-608.35422
-598.24561
-588.13701
-578.0284
-567.9198
-557.81119
-547.70259
-537.59398
-527.48538
-517.37678
-507.26817
-497.15957
-487.05096
-476.94236
-466.83375
-456.72515
-446.61654
-436.50794
-426.39933
-416.29073
-406.18212
-396.07352
-385.96491
-375.85631
-365.7477
-355.6391
-345.53049
-335.42189
-325.31328
-315.20468
-305.09607
-294.98747
-284.87886
-274.77026
-264.66165
-254.55305
-244.44444
-234.33584
-224.22723
-214.11863
-204.01003
-193.90142
-183.79282
-173.68421
-163.57561
-153.467
-143.3584
-133.24979
-123.14119
-113.03258
-102.92398
-92.81537
-82.70677
-72.59816
-62.48956
-52.38095
-42.27235
-32.16374
-22.05514
-11.94653
-1.83793
8.27068
18.37928
28.48789
38.59649
48.7051
58.8137
68.92231
79.03091
89.13952
99.24812
109.35673
119.46533
129.57393
139.68254
149.79114
159.89975
170.00835
180.11696
190.22556
200.33417
210.44277
220.55138
230.65998
240.76859
250.87719
260.9858
271.0944
281.20301
291.31161
301.42022
311.52882
321.63743
331.74603
FieldDomainFile C:\IDEASVSM\Default UserID\Experiments\FORCexp0369B\fdomain.ini
TempDomainFile C:\IDEASVSM\Default UserID\Experiments\FORCexp0369B\tdomain.ini
NumSelectedResults 0
ResultsSelected 
UserName1 
UserValue1 
UserName2 
UserValue2 
LinearBackgroundCorrection Off
MaxLinearFieldCorrection 
MinLinearFieldCorrection 
AutoLinearCorrection Off
FitOneRegion Off
BackgroundMode Off
BackgroundFilename 
AutoCenter Off
OffsetCorrection 
SmoothDeriv Off
DerivOrder 0
DerivPoints 0
MinExFieldOne 
MaxExFieldOne 
MinExFieldTwo 
MaxExFieldTwo 
MinPinFieldOne 
MaxPinFieldOne 
MinPinFieldTwo 
MaxPinFieldTwo 
HCenterStart 
Mass 
Volume 
Density 
MolarWeight 
NumberOfMoles 
Demagnetization 
SampleArea 
Thickness 
MomentScaling 0
XAxis 0
YAxis 0
SimpleSpinValve False
HsatMax 0
HsatMin 0
FieldAutoRange False
 
*************************************************** Experiment Data ********************************************
 
DataPoints 293
MomentX Data
-0.00486777
-0.00475257
-0.00484382
-0.00485118
-0.0048811
-0.00482716
-0.00483826
-0.00482529
-0.0048377
-0.00487503
-0.00487841
-0.00488564
-0.00483754
-0.00486327
-0.00482437
-0.00486385
-0.00479093
-0.00485674
-0.00482273
-0.00484325
-0.00484094
-0.00481095
-0.00481133
-0.0048422
-0.00480928
-0.00479546
-0.00482097
-0.0048297
-0.00479431
-0.00474593
-0.00476757
-0.00478997
-0.00479422
-0.00475951
-0.00478627
-0.00476741
-0.00477415
-0.00474709
-0.00477701
-0.00477692
-0.00476871
-0.00472413
-0.00478654
-0.00478683
-0.00475944
-0.00472906
-0.00474134
-0.00472435
-0.00471989
-0.00473532
-0.00472885
-0.0047435
-0.0046947
-0.00470258
-0.00471087
-0.00470575
-0.00467527
-0.00471964
-0.00466889
-0.0047217
-0.00467527
-0.00468036
-0.00467002
-0.00467847
-0.00468034
-0.00467502
-0.00464148
-0.00467144
-0.00465215
-0.00463829
-0.00468598
-0.00467157
-0.00465202
-0.00462661
-0.00461317
-0.00466677
-0.00460113
-0.0045985
-0.00462558
-0.00462129
-0.00464103
-0.00459623
-0.00461586
-0.00458289
-0.00461828
-0.00459284
-0.00459577
-0.00458896
-0.00459713
-0.00456763
-0.00459013
-0.00455207
-0.00453882
-0.00454759
-0.00453435
-0.00454077
-0.00452584
-0.00458153
-0.00454593
-0.00452439
-0.00450932
-0.00453018
-0.00447757
-0.00452768
-0.00453547
-0.00450604
-0.00446141
-0.0044729
-0.00448781
-0.0045075
-0.00448977
-0.00447287
-0.00446361
-0.00446011
-0.00445336
-0.00445107
-0.00447863
-0.0044302
-0.00445419
-0.00441673
-0.00443484
-0.00443369
-0.00447018
-0.00439061
-0.00440949
-0.00440529
-0.00439171
-0.00433106
-0.00433685
-0.00440086
-0.0044006
-0.00440671
-0.00437469
-0.00437851
-0.00435301
-0.00434514
-0.00432365
-0.00439553
-0.00435808
-0.00435818
-0.00433806
-0.00430968
-0.00430727
-0.00430277
-0.0042813
-0.00430193
-0.00425375
-0.00424723
-0.00428663
-0.00428394
-0.00418886
-0.00419276
-0.00422928
-0.00417649
-0.00419925
-0.00423174
-0.00422935
-0.00416547
-0.00417475
-0.00418382
-0.00420756
-0.00417953
-0.0042197
-0.00415262
-0.00416134
-0.00412435
-0.00417129
-0.00416583
-0.00411631
-0.00409651
-0.00411345
-0.00412118
-0.00409037
-0.0040954
-0.00407345
-0.00411052
-0.00408887
-0.00408009
-0.00397781
-0.00406041
-0.00403118
-0.00400449
-0.00399517
-0.00398067
-0.00399224
-0.00403895
-0.00398648
-0.00403372
-0.0039868
-0.00397656
-0.00389485
-0.00395468
-0.00398674
-0.00393991
-0.00393657
-0.00383473
-0.00388447
-0.00386612
-0.00389758
-0.00385755
-0.0039139
-0.00386034
-0.00383843
-0.00386501
-0.0038032
-0.00378121
-0.00381776
-0.003839
-0.00383841
-0.00387395
-0.00376033
-0.00375892
-0.00374995
-0.00369854
-0.00374526
-0.00368974
-0.00371528
-0.00372434
-0.00376197
-0.0036956
-0.00357324
-0.00363207
-0.00363016
-0.00364907
-0.00370599
-0.00362292
-0.00363205
-0.00354033
-0.00357068
-0.00354057
-0.00363659
-0.00352442
-0.0035884
-0.00358643
-0.00356747
-0.00349315
-0.00347498
-0.00345829
-0.00348463
-0.00352489
-0.00355862
-0.00344562
-0.00342826
-0.00330952
-0.00329029
-0.00337283
-0.00342066
-0.0033892
-0.00339462
-0.00332391
-0.00327713
-0.00327418
-0.00329156
-0.00323481
-0.00336281
-0.00322012
-0.00329029
-0.00329224
-0.00324107
-0.00320623
-0.00312227
-0.00314593
-0.00306768
-0.00313098
-0.00311915
-0.00306542
-0.0030454
-0.00297138
-0.00298363
-0.00306625
-0.003049
-0.00302369
-0.00293908
-0.00293698
-0.0030152
-0.00311475
-0.00294523
-0.00288105
-0.00280592
-0.00290818
-0.00280991
-0.00287492
-0.00284037
-0.00280196
-0.0028678
-0.00263766
-0.00273182
-0.00262139
-0.00259782
-0.00263148
-0.00249282
-0.00263355
-0.002485
MomentY Data
-0.00607173
-0.00610352
-0.00594457
-0.00623067
-0.00573794
-0.0058492
-0.00608762
-0.00572205
-0.00592868
-0.00623067
-0.00557899
-0.00594457
-0.00597636
-0.00583331
-0.00592868
-0.00623067
-0.00581741
-0.00565847
-0.00583331
-0.00576973
-0.00591278
-0.0055631
-0.00596046
-0.00608762
-0.0061353
-0.00573794
-0.00589689
-0.00626246
-0.00597636
-0.0058651
-0.00572205
-0.00619888
-0.00610352
-0.00588099
-0.00583331
-0.00603994
-0.00594457
-0.00575384
-0.00607173
-0.00565847
-0.00588099
-0.00603994
-0.00616709
-0.00603994
-0.00594457
-0.00573794
-0.00597636
-0.00589689
-0.00576973
-0.00588099
-0.00592868
-0.00576973
-0.00581741
-0.00572205
-0.00588099
-0.0061353
-0.00588099
-0.0061353
-0.00596046
-0.00616709
-0.00591278
-0.00592868
-0.00562668
-0.00578562
-0.00542005
-0.00603994
-0.00592868
-0.00588099
-0.00592868
-0.00592868
-0.00632604
-0.00562668
-0.00591278
-0.00605583
-0.00623067
-0.00581741
-0.00626246
-0.00607173
-0.00619888
-0.00578562
-0.00578562
-0.00562668
-0.00561078
-0.00562668
-0.00578562
-0.00581741
-0.0058651
-0.00588099
-0.00607173
-0.00603994
-0.00591278
-0.00576973
-0.00573794
-0.00546773
-0.00607173
-0.00578562
-0.00619888
-0.0058492
-0.00626246
-0.00591278
-0.00603994
-0.00632604
-0.00619888
-0.00588099
-0.0061353
-0.0058651
-0.00602404
-0.00599225
-0.00623067
-0.00602404
-0.00597636
-0.00567436
-0.0061353
-0.0061353
-0.00616709
-0.0061353
-0.00581741
-0.00551542
-0.00607173
-0.00607173
-0.00578562
-0.00619888
-0.00572205
-0.00553131
-0.0061353
-0.00548363
-0.00576973
-0.00599225
-0.00610352
-0.00642141
-0.00596046
-0.00576973
-0.00581741
-0.00623067
-0.00589689
-0.00581741
-0.00602404
-0.00562668
-0.00578562
-0.00616709
-0.00592868
-0.0061353
-0.00565847
-0.00600815
-0.00583331
-0.00607173
-0.00588099
-0.00610352
-0.00583331
-0.00597636
-0.00610352
-0.00583331
-0.00608762
-0.00573794
-0.00583331
-0.00594457
-0.00576973
-0.00567436
-0.00591278
-0.00610352
-0.00591278
-0.00570615
-0.00562668
-0.00611941
-0.00597636
-0.00607173
-0.00570615
-0.00572205
-0.00597636
-0.00610352
-0.00597636
-0.0064532
-0.00597636
-0.00623067
-0.00626246
-0.00592868
-0.00607173
-0.00623067
-0.00596046
-0.00565847
-0.00589689
-0.0058492
-0.0058651
-0.00583331
-0.00570615
-0.00619888
-0.00603994
-0.00629425
-0.00607173
-0.00629425
-0.0061353
-0.00578562
-0.00578562
-0.00616709
-0.00589689
-0.00623067
-0.00616709
-0.00583331
-0.00600815
-0.00607173
-0.00629425
-0.00591278
-0.00561078
-0.00603994
-0.00576973
-0.00592868
-0.00572205
-0.0061353
-0.00599225
-0.00600815
-0.00607173
-0.00562668
-0.00591278
-0.00583331
-0.00603994
-0.0061353
-0.00578562
-0.0061353
-0.00576973
-0.0058651
-0.00619888
-0.00638962
-0.00616709
-0.00629425
-0.00597636
-0.00607173
-0.00603994
-0.00610352
-0.00632604
-0.00592868
-0.00572205
-0.00623067
-0.00607173
-0.00594457
-0.00600815
-0.00623067
-0.00616709
-0.00608762
-0.00594457
-0.00578562
-0.00583331
-0.00607173
-0.00599225
-0.00588099
-0.00619888
-0.00632604
-0.00607173
-0.00623067
-0.00607173
-0.00623067
-0.00597636
-0.00602404
-0.00576973
-0.00616709
-0.00599225
-0.00619888
-0.0058651
-0.00594457
-0.00545184
-0.00642141
-0.00626246
-0.0061353
-0.00629425
-0.0061353
-0.00626246
-0.00588099
-0.00562668
-0.00626246
-0.00623067
-0.00591278
-0.0061353
-0.0058492
-0.00597636
-0.00619888
-0.00588099
-0.00576973
-0.00599225
-0.00591278
-0.0061353
-0.00603994
-0.00588099
-0.00629425
-0.00607173
-0.00619888
-0.00626246
-0.00594457
-0.00597636
-0.00632604
-0.00610352
-0.0061353
-0.00607173
-0.00600815
-0.00610352
Field Data
-2619.36
-2612.94
-2603.52
-2593.53
-2583.54
-2573.08
-2562.95
-2552.97
-2542.96
-2532.91
-2522.41
-2512.71
-2502.31
-2492.43
-2482.43
-2472.11
-2462.18
-2452.18
-2441.95
-2431.84
-2422.01
-2411.82
-2401.46
-2391.54
-2381.57
-2371.21
-2361.42
-2350.94
-2341.22
-2331.13
-2320.68
-2310.89
-2300.96
-2290.68
-2280.63
-2270.57
-2260.77
-2250.29
-2240.2
-2230.06
-2220.31
-2210.22
-2199.85
-2189.86
-2180.04
-2169.65
-2159.7
-2149.68
-2139.62
-2129.4
-2119.32
-2109.47
-2098.93
-2089.21
-2079.2
-2069.01
-2058.81
-2048.63
-2038.82
-2028.64
-2018.42
-2008.55
-1998.49
-1988.72
-1978.08
-1968.31
-1958.23
-1948.01
-1937.86
-1928.06
-1917.82
-1907.6
-1897.63
-1887.42
-1877.71
-1867.56
-1857.07
-1847.26
-1837.52
-1826.92
-1816.99
-1807.13
-1796.85
-1786.67
-1776.9
-1766.78
-1756.2
-1746.29
-1736.31
-1726.32
-1716.41
-1705.76
-1696.03
-1686.12
-1675.76
-1665.86
-1656.02
-1645.75
-1635.55
-1625.58
-1615.5
-1605.25
-1595.28
-1585.39
-1575.14
-1565.11
-1554.74
-1545
-1534.84
-1524.58
-1514.59
-1504.72
-1494.69
-1484.14
-1474.36
-1464.55
-1454.01
-1444.1
-1434.21
-1423.86
-1413.89
-1403.81
-1393.79
-1383.45
-1373.49
-1363.44
-1353.55
-1343.56
-1333.25
-1323.16
-1313.47
-1303.01
-1292.93
-1282.88
-1273.15
-1262.58
-1252.69
-1242.7
-1232.51
-1222.58
-1212.22
-1202.37
-1192.33
-1182
-1172.13
-1162.2
-1151.86
-1141.8
-1131.86
-1121.78
-1111.56
-1101.59
-1091.71
-1081.39
-1071.27
-1061.12
-1051.13
-1041.29
-1030.97
-1020.94
-1010.93
-1001.01
-990.457
-980.701
-970.742
-960.292
-950.546
-940.247
-930.219
-920.116
-910.226
-900.195
-889.745
-879.91
-869.916
-859.566
-849.762
-839.81
-829.614
-819.342
-809.15
-799.239
-789.394
-779.253
-768.909
-758.978
-749.108
-738.686
-728.632
-718.953
-708.462
-698.714
-688.261
-678.369
-668.033
-658.168
-648.327
-637.857
-627.94
-618.164
-607.983
-597.589
-587.665
-577.869
-567.427
-557.417
-547.466
-537.313
-527.169
-517.053
-507.027
-497.149
-486.823
-476.86
-466.835
-456.907
-446.319
-436.607
-426.812
-416.359
-406.385
-396.203
-386.254
-376.01
-365.897
-355.952
-346.013
-335.811
-325.484
-315.683
-305.738
-295.326
-285.508
-275.446
-265.18
-255.124
-245.305
-235.145
-224.953
-214.948
-204.702
-194.747
-184.703
-174.416
-164.485
-154.658
-144.298
-134.227
-124.249
-114.332
-103.872
-94.0242
-84.1348
-73.6862
-63.8351
-53.5618
-43.6694
-33.911
-23.4614
-13.4074
-3.1872
6.72049
16.9558
26.8639
36.7659
47.2664
56.9484
66.9152
77.6525
87.1078
97.5943
107.508
117.481
127.763
137.814
147.709
157.81
168.211
177.917
187.909
198.465
208.242
218.227
228.464
238.445
248.63
258.689
268.467
279.056
288.675
299.069
308.982
318.936
Time Data
0
0.3
0.6
0.9
1.2
1.5
1.8
2.1
2.4
2.7
3
3.3
3.6
3.9
4.2
4.5
4.8
5.1
5.4
5.7
6
6.3
6.6
6.9
7.2
7.5
7.8
8.1
8.4
8.7
9
9.3
9.6
9.9
10.2
10.5
10.8
11.1
11.4
11.7
12
12.3
12.6
12.9
13.2
13.5
13.8
14.1
14.4
14.7
15
15.3
15.6
15.9
16.2
16.5
16.8
17.1
17.4
17.7
18
18.3
18.6
18.9
19.2
19.5
19.8
20.1
20.4
20.7
21
21.3
21.6
21.9
22.2
22.5
22.8
23.1
23.4
23.7
24
24.3
24.6
24.9
25.2
25.5
25.8
26.1
26.4
26.7
27
27.3
27.6
27.9
28.2
28.5
28.8
29.1
29.4
29.7
30.0000000000001
30.3000000000001
30.6000000000001
30.9000000000001
31.2000000000001
31.5000000000001
31.8000000000001
32.1000000000001
32.4
32.7
33
33.3
33.6
33.9
34.2
34.5
34.8
35.1
35.4
35.7
36
36.3
36.6
36.9
37.2
37.5
37.8
38.1
38.4
38.7
39
39.3
39.6
39.9
40.2
40.5
40.8
41.1
41.4
41.7
42
42.3
42.6
42.8999999999999
43.1999999999999
43.4999999999999
43.7999999999999
44.0999999999999
44.3999999999999
44.6999999999999
44.9999999999999
45.2999999999999
45.5999999999999
45.8999999999999
46.1999999999999
46.4999999999999
46.7999999999999
47.0999999999999
47.3999999999999
47.6999999999999
47.9999999999999
48.2999999999999
48.5999999999999
48.8999999999999
49.1999999999999
49.4999999999999
49.7999999999999
50.0999999999999
50.3999999999999
50.6999999999999
50.9999999999999
51.2999999999999
51.5999999999999
51.8999999999999
52.1999999999999
52.4999999999999
52.7999999999999
53.0999999999999
53.3999999999998
53.6999999999998
53.9999999999998
54.2999999999998
54.5999999999998
54.8999999999998
55.1999999999998
55.4999999999998
55.7999999999998
56.0999999999998
56.3999999999998
56.6999999999998
56.9999999999998
57.2999999999998
57.5999999999998
57.8999999999998
58.1999999999998
58.4999999999998
58.7999999999998
59.0999999999998
59.3999999999998
59.6999999999998
59.9999999999998
60.2999999999998
60.5999999999998
60.8999999999998
61.1999999999998
61.4999999999998
61.7999999999998
62.0999999999998
62.3999999999998
62.6999999999998
62.9999999999998
63.2999999999998
63.5999999999998
63.8999999999998
64.1999999999997
64.4999999999997
64.7999999999997
65.0999999999997
65.3999999999997
65.6999999999997
65.9999999999997
66.2999999999997
66.5999999999997
66.8999999999997
67.1999999999997
67.4999999999997
67.7999999999997
68.0999999999997
68.3999999999997
68.6999999999997
68.9999999999997
69.2999999999997
69.5999999999997
69.8999999999997
70.1999999999997
70.4999999999997
70.7999999999997
71.0999999999997
71.3999999999997
71.6999999999997
71.9999999999997
72.2999999999997
72.5999999999997
72.8999999999997
73.1999999999997
73.4999999999997
73.7999999999997
74.0999999999997
74.3999999999997
74.6999999999996
74.9999999999996
75.2999999999996
75.5999999999996
75.8999999999996
76.1999999999996
76.4999999999996
76.7999999999996
77.0999999999996
77.3999999999996
77.6999999999996
77.9999999999996
78.2999999999996
78.5999999999996
78.8999999999996
79.1999999999996
79.4999999999996
79.7999999999996
80.0999999999996
80.3999999999996
80.6999999999996
80.9999999999996
81.2999999999996
81.5999999999996
81.8999999999996
82.1999999999996
82.4999999999996
82.7999999999996
83.0999999999996
83.3999999999996
83.6999999999996
83.9999999999996
84.2999999999996
84.5999999999996
84.8999999999996
85.1999999999995
85.4999999999995
85.7999999999995
86.0999999999995
86.3999999999995
86.6999999999995
86.9999999999995
87.2999999999995
87.5999999999995
Temperature Data
0
0
0
0
0
0
0
0
0
0
0
0
0
0
0
0
0
0
0
0
0
0
0
0
0
0
0
0
0
0
0
0
0
0
0
0
0
0
0
0
0
0
0
0
0
0
0
0
0
0
0
0
0
0
0
0
0
0
0
0
0
0
0
0
0
0
0
0
0
0
0
0
0
0
0
0
0
0
0
0
0
0
0
0
0
0
0
0
0
0
0
0
0
0
0
0
0
0
0
0
0
0
0
0
0
0
0
0
0
0
0
0
0
0
0
0
0
0
0
0
0
0
0
0
0
0
0
0
0
0
0
0
0
0
0
0
0
0
0
0
0
0
0
0
0
0
0
0
0
0
0
0
0
0
0
0
0
0
0
0
0
0
0
0
0
0
0
0
0
0
0
0
0
0
0
0
0
0
0
0
0
0
0
0
0
0
0
0
0
0
0
0
0
0
0
0
0
0
0
0
0
0
0
0
0
0
0
0
0
0
0
0
0
0
0
0
0
0
0
0
0
0
0
0
0
0
0
0
0
0
0
0
0
0
0
0
0
0
0
0
0
0
0
0
0
0
0
0
0
0
0
0
0
0
0
0
0
0
0
0
0
0
0
0
0
0
0
0
0
0
0
0
0
0
0
0
0
0
0
0
0
0
0
0
0
0
0
0
0
0
0
0
0
Angle Data
0
0
0
0
0
0
0
0
0
0
0
0
0
0
0
0
0
0
0
0
0
0
0
0
0
0
0
0
0
0
0
0
0
0
0
0
0
0
0
0
0
0
0
0
0
0
0
0
0
0
0
0
0
0
0
0
0
0
0
0
0
0
0
0
0
0
0
0
0
0
0
0
0
0
0
0
0
0
0
0
0
0
0
0
0
0
0
0
0
0
0
0
0
0
0
0
0
0
0
0
0
0
0
0
0
0
0
0
0
0
0
0
0
0
0
0
0
0
0
0
0
0
0
0
0
0
0
0
0
0
0
0
0
0
0
0
0
0
0
0
0
0
0
0
0
0
0
0
0
0
0
0
0
0
0
0
0
0
0
0
0
0
0
0
0
0
0
0
0
0
0
0
0
0
0
0
0
0
0
0
0
0
0
0
0
0
0
0
0
0
0
0
0
0
0
0
0
0
0
0
0
0
0
0
0
0
0
0
0
0
0
0
0
0
0
0
0
0
0
0
0
0
0
0
0
0
0
0
0
0
0
0
0
0
0
0
0
0
0
0
0
0
0
0
0
0
0
0
0
0
0
0
0
0
0
0
0
0
0
0
0
0
0
0
0
0
0
0
0
0
0
0
0
0
0
0
0
0
0
0
0
0
0
0
0
0
0
0
0
0
0
0
0
Bx Data
0
0
0
0
0
0
0
0
0
0
0
0
0
0
0
0
0
0
0
0
0
0
0
0
0
0
0
0
0
0
0
0
0
0
0
0
0
0
0
0
0
0
0
0
0
0
0
0
0
0
0
0
0
0
0
0
0
0
0
0
0
0
0
0
0
0
0
0
0
0
0
0
0
0
0
0
0
0
0
0
0
0
0
0
0
0
0
0
0
0
0
0
0
0
0
0
0
0
0
0
0
0
0
0
0
0
0
0
0
0
0
0
0
0
0
0
0
0
0
0
0
0
0
0
0
0
0
0
0
0
0
0
0
0
0
0
0
0
0
0
0
0
0
0
0
0
0
0
0
0
0
0
0
0
0
0
0
0
0
0
0
0
0
0
0
0
0
0
0
0
0
0
0
0
0
0
0
0
0
0
0
0
0
0
0
0
0
0
0
0
0
0
0
0
0
0
0
0
0
0
0
0
0
0
0
0
0
0
0
0
0
0
0
0
0
0
0
0
0
0
0
0
0
0
0
0
0
0
0
0
0
0
0
0
0
0
0
0
0
0
0
0
0
0
0
0
0
0
0
0
0
0
0
0
0
0
0
0
0
0
0
0
0
0
0
0
0
0
0
0
0
0
0
0
0
0
0
0
0
0
0
0
0
0
0
0
0
0
0
0
0
0
0
Hint Data
0
0
0
0
0
0
0
0
0
0
0
0
0
0
0
0
0
0
0
0
0
0
0
0
0
0
0
0
0
0
0
0
0
0
0
0
0
0
0
0
0
0
0
0
0
0
0
0
0
0
0
0
0
0
0
0
0
0
0
0
0
0
0
0
0
0
0
0
0
0
0
0
0
0
0
0
0
0
0
0
0
0
0
0
0
0
0
0
0
0
0
0
0
0
0
0
0
0
0
0
0
0
0
0
0
0
0
0
0
0
0
0
0
0
0
0
0
0
0
0
0
0
0
0
0
0
0
0
0
0
0
0
0
0
0
0
0
0
0
0
0
0
0
0
0
0
0
0
0
0
0
0
0
0
0
0
0
0
0
0
0
0
0
0
0
0
0
0
0
0
0
0
0
0
0
0
0
0
0
0
0
0
0
0
0
0
0
0
0
0
0
0
0
0
0
0
0
0
0
0
0
0
0
0
0
0
0
0
0
0
0
0
0
0
0
0
0
0
0
0
0
0
0
0
0
0
0
0
0
0
0
0
0
0
0
0
0
0
0
0
0
0
0
0
0
0
0
0
0
0
0
0
0
0
0
0
0
0
0
0
0
0
0
0
0
0
0
0
0
0
0
0
0
0
0
0
0
0
0
0
0
0
0
0
0
0
0
0
0
0
0
0
0
Torque Data
15.9040466928
15.9481315488
15.4768068864
16.1594295651
14.8241975076
15.050459536
15.602265679
14.6082219885
15.0763960928
15.7817263497
14.0725001659
14.9369804847
14.9547053916
14.5391168433
14.7175330924
15.4029016137
14.3235105538
13.8755869646
14.2446513545
14.0310602032
14.3208122878
13.417195842
14.3138062716
14.5587867348
14.611646421
13.6058607074
13.9250339838
14.7226677124
13.9919735592
13.672310563
13.279046994
14.3249298032
14.0439553792
13.4714661732
13.3036217853
13.7141065658
13.4393055189
12.9478086136
13.601889546
12.6187276082
13.0576209069
13.3495961868
13.5666729365
13.2266230084
12.9594003828
12.449321521
12.907144692
12.6764264952
12.3450297026
12.522980106
12.5647700976
12.1710723431
12.2103363713
11.9545640805
12.227754408
12.693997053
12.1078410219
12.568959639
12.1523050572
12.5108054576
11.9344734076
11.908050214
11.2448637132
11.5059782064
10.721292504
11.8884743014
11.6097190364
11.4562273299
11.4889518248
11.4308507608
12.1322060328
10.733454768
11.2202687114
11.4298946586
11.6993913657
10.8643622196
11.6298265922
11.2160639598
11.3905659776
10.5698648904
10.5124136838
10.1681422284
10.081730043
10.0530203556
10.280468178
10.2780836398
10.30028862
10.2699140271
10.5424055163
10.4268692208
10.1487547198
9.8417746448
9.7317183782
9.2192489076
10.1747622648
9.6380329332
10.2654692576
9.6263209
10.242566453
9.6116969124
9.75752307
10.15487571
9.8889492864
9.3236627361
9.663956442
9.179526661
9.3658159496
9.25802625
9.5630815428
9.1841309032
9.0517350924
8.5383229792
9.170371557
9.105644142
9.0925108124
8.985453615
8.4585723141
7.964818022
8.7081358833
8.6452934778
8.1802302618
8.7020497328
7.9753360695
7.6522908195
8.426773197
7.4766004872
7.8096180415
8.05094741
8.13751804
8.4965528556
7.8288853962
7.5180158873
7.5215039113
7.9932019296
7.5076255035
7.3449455178
7.5462546676
6.992275236
7.1308345062
7.5397608922
7.1868644696
7.376900661
6.7467635351
7.1016333
6.8373976503
7.056564606
6.7740771414
6.968999136
6.6024902566
6.7041611208
6.7844286912
6.4259159629
6.6459156302
6.2049509366
6.2490500037
6.3079021184
6.0647362949
5.9086543244
6.0958987966
6.2313277088
5.9774066854
5.7119132115
5.57298459276
6.00131150641
5.80150365912
5.83063374516
5.4239580579
5.38014034635
5.55932362284
5.61594640832
5.43983825736
5.809138374
5.3174364282
5.4824288397
5.44781415336
5.09609175288
5.15952542826
5.2325789727
4.94488106244
4.63622212674
4.7714685435
4.6749087588
4.6298747494
4.54562431743
4.38751009035
4.70481354464
4.52456737352
4.6494743555
4.42405677336
4.52526992025
4.3466269086
4.04249369268
3.98201660682
4.18356267621
3.93931711737
4.10082761256
3.99829095843
3.72081761667
3.772757711
3.75332490372
3.82679699775
3.53341228742
3.2972590287
3.49029408786
3.27390058471
3.30474701956
3.1326278253
3.2965764489
3.15892844025
3.10653198195
3.07853104671
2.79729833532
2.87847729794
2.7816722066
2.8196553899
2.8032615171
2.58223213278
2.6787149271
2.46259000076
2.4419871709
2.5191318488
2.53158661286
2.38206318086
2.3667009425
2.18673219492
2.16124443696
2.08989775922
2.04962915472
2.05902480336
1.87158348844
1.7494481229
1.84007884842
1.73352748884
1.63740802822
1.593241217
1.58959345308
1.51281801245
1.4314734049
1.33724885521
1.24360744776
1.19409022362
1.18245120231
1.10678655175
1.02573875184
1.0196227768
0.97837269432
0.87613849554
0.83632414209
0.75440638077
0.71236496244
0.62077646592
0.566405541768
0.485435079604
0.454429427158
0.382515877975
0.332023170784
0.25612539794
0.20158631327
0.127907798976
0.086094412434
0.019959712512
-0.041232222297
-0.10672404415
-0.16481808567
-0.230244978114
-0.277973225736
-0.320430423312
-0.419053763392
-0.483827102175
-0.515049257684
-0.59877030879
-0.6288357936
-0.70210874916
-0.79198750544
-0.81048275586
-0.85224104857
-0.9456369725
-0.99459463658
-1.0915741701
-1.13495908546
-1.16717068035
-1.3107272085
-1.32501542271
-1.41622092032
-1.4932522747
-1.4779984391
-1.54601859204
-1.69833298068
-1.70322387712
-1.7711077275
-1.81586621937
-1.8564102033
-1.94663225472
dMdH Data
1.79439252336447E-05
-9.68683651804665E-06
-7.36736736736719E-07
-2.99499499499494E-06
5.15678776290635E-06
-1.09575518262585E-06
1.29959919839672E-06
-1.23976023976027E-06
-3.7144278606964E-06
-3.2190476190475E-07
-7.45360824742326E-07
4.62499999999993E-06
-2.6042510121457E-06
3.89000000000006E-06
-3.825581395349E-06
7.34340382678736E-06
-6.58100000000003E-06
3.32453567937439E-06
-2.02967359050456E-06
2.34994913530028E-07
2.94308145240436E-06
-3.66795366795696E-08
-3.11189516129027E-06
3.30190571715149E-06
1.33397683397685E-06
-2.60572012257409E-06
-8.3301526717559E-07
3.64094650205749E-06
4.7948463825572E-06
-2.07081339712912E-06
-2.28804902962213E-06
-4.27995971802617E-07
3.37645914396883E-06
-2.66268656716423E-06
1.87475149105368E-06
-6.8775510204079E-07
2.58206106870226E-06
-2.96531219028738E-06
8.87573964500335E-09
8.42051282051263E-07
4.41823587710596E-06
-6.01832208293157E-06
-2.90290290290309E-08
2.78920570264756E-06
2.92396535129936E-06
-1.23417085427132E-06
1.6956087824351E-06
4.43339960238611E-07
-1.50978473581219E-06
6.41865079365144E-07
-1.48730964467006E-06
4.62998102466802E-06
-8.10699588477387E-07
-8.28171828171831E-07
5.02453385672243E-07
2.98823529411759E-06
-4.35854616895883E-06
5.17329255861353E-06
-5.18762278978392E-06
4.54305283757338E-06
-5.15704154002033E-07
1.02783300198801E-06
-8.64892528147316E-07
-1.75751879699262E-07
5.44524053224119E-07
3.32738095238101E-06
-2.93150684931505E-06
1.90049261083741E-06
1.41428571428573E-06
-4.65722656250004E-06
1.4099804305284E-06
1.96088264794388E-06
2.48873653281096E-06
1.38414006179196E-06
-5.28078817733985E-06
6.25738798856049E-06
2.68093781855251E-07
-2.78028747433261E-06
4.04716981132048E-07
-1.98791540785496E-06
4.54361054766741E-06
-1.90953307392997E-06
3.2387033398822E-06
-3.62231320368473E-06
2.51383399209482E-06
-2.76937618147445E-07
6.87184661957646E-07
-8.18637274549102E-07
2.95295295295295E-06
-2.27043390514643E-06
3.5737089201878E-06
1.36176772867423E-06
-8.84964682139242E-07
1.27799227799224E-06
-6.48484848484846E-07
1.51727642276431E-06
-5.42259006815976E-06
3.49019607843138E-06
2.16048144433304E-06
1.49503968253968E-06
-2.03512195121953E-06
5.27683049147439E-06
-5.06673407482311E-06
-7.59999999999971E-07
2.93419740777657E-06
4.30376084860182E-06
-1.17967145790557E-06
-1.46751968503935E-06
-1.91910331384017E-06
1.77477477477483E-06
1.7122593718338E-06
9.23230309072836E-07
3.31753554502374E-07
6.90184049079721E-07
2.33435270132547E-07
-2.61480075901332E-06
4.88698284561049E-06
-2.42568250758351E-06
3.61932367149758E-06
-1.81644934804417E-06
1.14087301587311E-07
-3.64171656686629E-06
7.69535783365578E-06
-1.89558232931733E-06
4.17910447761217E-07
1.37310414560161E-06
6.07107107107104E-06
-5.61590688651743E-07
-6.34390485629347E-06
2.68317853457368E-08
-5.84130019120471E-07
3.17658730158739E-06
-3.80099502487637E-07
2.62076053442963E-06
7.44560075685901E-07
2.17290192113247E-06
-7.19519519519517E-06
3.675171736997E-06
-1.00704934541194E-08
1.9420849420849E-06
2.8812182741117E-06
2.40039840637408E-07
4.35624394966137E-07
2.17527862208716E-06
-2.07754279959715E-06
4.65957446808505E-06
6.481113320079E-07
-3.96378269617697E-06
2.66865079365045E-07
9.3033268101761E-06
-3.9117352056171E-07
-3.69635627530368E-06
5.11531007751946E-06
-2.2490118577075E-06
-3.20098522167489E-06
2.392392392393E-07
6.49186991869906E-06
-8.99224806201511E-07
-9.04287138584327E-07
-2.3716283716283E-06
2.8256048387097E-06
-3.80650052117881E-06
6.87576875768757E-06
-8.75589918666553E-07
3.53971291866037E-06
-4.81633490662842E-06
5.30148558112485E-07
4.93817311527726E-06
1.95981391665836E-06
-1.71284125379171E-06
-7.70611105572735E-07
2.94832535885167E-06
-5.11438739196706E-07
2.1963177906744E-06
-3.5816425120773E-06
2.20828233374138E-06
8.82234726688093E-07
1.00313848568067E-05
-8.04127725856698E-06
2.86793563579285E-06
2.69296740994849E-06
9.46673438293564E-07
1.42983926634452E-06
-1.11852281515852E-06
-4.70345383143691E-06
5.31610942249246E-06
-4.53271924774524E-06
4.66679928386705E-06
1.05796053311301E-06
7.78858068820891E-06
-6.13766926549043E-06
-3.06706208743894E-06
4.73412858875865E-06
3.23142414860608E-07
1.03233654333502E-05
-5.0543643938624E-06
1.75262655205351E-06
-3.17233034183728E-06
4.09472176759407E-06
-5.53481976230228E-06
5.1529728689629E-06
2.20777912132203E-06
-2.71335238873011E-06
5.91936410649299E-06
2.19680319680319E-06
-3.67299768867447E-06
-2.09199251452773E-06
5.81624605678199E-08
-3.51324634242786E-06
1.13325354079393E-05
1.42741445636799E-07
8.68680999418906E-07
5.16009234166417E-06
-4.660349127182E-06
5.59226430298146E-06
-2.41216471477146E-06
-9.32866556836901E-07
-3.84175599795812E-06
6.34937338563091E-06
1.22678965309805E-05
-5.77784325279902E-06
1.91979093376213E-07
-1.845958609918E-06
-5.62839909027986E-06
8.35294117647061E-06
-9.18603481235534E-07
8.99039404038424E-06
-2.93889803427909E-06
3.07213549637795E-06
-9.65510306686778E-06
1.07731463695736E-05
-6.51660215929921E-06
1.95786126018686E-07
1.84687317358267E-06
7.39061256961019E-06
1.8504939403198E-06
1.64271653543305E-06
-2.58437990580845E-06
-4.02398800599703E-06
-3.29201639664259E-06
1.13510798593672E-05
1.7283950617284E-06
1.15427238261884E-05
1.93636089014197E-06
-8.39930802889993E-06
-4.61679536679537E-06
3.12382087181011E-06
-5.43195029063931E-07
7.13018049813455E-06
4.47227533460801E-06
2.99559292430823E-07
-1.75743725605194E-06
5.43134965449916E-06
-1.2993472810143E-05
1.38894026262253E-05
-7.09332416804821E-06
-1.99827840629625E-07
4.89683815648447E-06
3.46528744778197E-06
8.21510342263362E-06
-2.38804403448231E-06
7.64510307943773E-06
-6.38871226572195E-06
1.19470813976974E-06
5.11689919527639E-06
2.06775459615781E-06
7.42665649957862E-06
-1.14088271725668E-06
-8.73795649001088E-06
1.6449721069947E-06
2.55303267195903E-06
8.48390654767871E-06
2.04240420151731E-07
-7.78231021788877E-06
-1.00606366851945E-05
1.67824967824968E-05
6.17056052302663E-06
7.74057284154133E-06
-1.02341873498799E-05
9.30939749905263E-06
-6.64927891991408E-06
3.46019028542813E-06
3.75207580345805E-06
-6.59653341348564E-06
2.25959744722631E-05
-9.36077144845408E-06
1.12937205972592E-05
2.22589479648693E-06
-3.49932425408046E-06
1.33403886857802E-05
-1.41965096338142E-05
1.49236487844084E-05
1.49236487844084E-05
dMdT Data
0
0
0
0
0
0
0
0
0
0
0
0
0
0
0
0
0
0
0
0
0
0
0
0
0
0
0
0
0
0
0
0
0
0
0
0
0
0
0
0
0
0
0
0
0
0
0
0
0
0
0
0
0
0
0
0
0
0
0
0
0
0
0
0
0
0
0
0
0
0
0
0
0
0
0
0
0
0
0
0
0
0
0
0
0
0
0
0
0
0
0
0
0
0
0
0
0
0
0
0
0
0
0
0
0
0
0
0
0
0
0
0
0
0
0
0
0
0
0
0
0
0
0
0
0
0
0
0
0
0
0
0
0
0
0
0
0
0
0
0
0
0
0
0
0
0
0
0
0
0
0
0
0
0
0
0
0
0
0
0
0
0
0
0
0
0
0
0
0
0
0
0
0
0
0
0
0
0
0
0
0
0
0
0
0
0
0
0
0
0
0
0
0
0
0
0
0
0
0
0
0
0
0
0
0
0
0
0
0
0
0
0
0
0
0
0
0
0
0
0
0
0
0
0
0
0
0
0
0
0
0
0
0
0
0
0
0
0
0
0
0
0
0
0
0
0
0
0
0
0
0
0
0
0
0
0
0
0
0
0
0
0
0
0
0
0
0
0
0
0
0
0
0
0
0
0
0
0
0
0
0
0
0
0
0
0
0
0
0
0
0
0
0
 
*********************************************** Results ***************************************
 
TotalArea 0
AreaFirstQuad 0
AreaSecondQuad 0
AreaThirdQuad 0
AreaFourthQuad 0
Coercivity 0
PositiveCoercivity 0
NegativeCoercivity 0
Retentivity 2.26318555869731E-02
PositiveRetentivity 4.21338299999996E-02
NegativeRetentivity -3.1298811739467E-03
Magnetization 0.00488564
PositiveMagnetization -0.002485
NegativeMagnetization -0.00488564
Flatness 1.13829538465897
Squareness 4.63232157649215
SStar 0
SFD1 0
SFD2 0
Slope 0
Intercept 0
SlopeAtHc 1.49236487844084E-05
dH1 630.627225991185
dH2 1789.8455
InitialSlope 1.79439252336447E-05
FieldAtHalfMs 318.936
FieldAtMs 318.936
MomentMean -4.11115784982935E-03
MomentRMS 6.24650706600627E-04
SFD3 0
dH3 1261.25445198237
UserField1 0
UserField2 0
CenterField 0
ExchangeField 0
ExchangeMoment 0
ExRegionOneIntercept 0
ExRegionOneSlope 0
ExRegionTwoIntercept 0
ExRegionTwoSlope 0
NegativeIntercept 0
NegativeSlope 0
AutoCenterOffset 0
PinningField 0
PinningMoment 0
PinRegionOneIntercept 0
PinRegionOneSlope 0
PinRegionTwoIntercept 0
PinRegionTwoSlope 0
PositiveIntercept 0
PositiveSlope 0
TotalOffset 0
BHMax 0
BCoercivity 0
BRetentivity 0
BNegativeCoercivity 0
BPositiveCoercivity 0
BNegativeRetentivity 0
BPositiveRetentivity 0
MomentYMean -5.97174788395905E-03
MomentYRMS 1.99965123898254E-04
YOffCorrection 0
Mrt 0
Ms1 0
Ms2 0
Ms3 0
Hc2 0
Hex2 0
HsatValue 0
HsatIntercept 0
HsatSlope 0
CenterH 0
Span .00240064
SpanAsPercentOfRange -45.2950943396227
RMSAsPercentOfRange -11.7858623886911
SpanAsPercentOfMean -58.3932820798804
RMSAsPercentOfMean -15.1940336376662
