Version 1.25
******************************************** Units *******************************************
System CGS
TemperatureUnit K
MomentUnit emu
AppliedFieldUnit G
 
******************************************** Setup ********************************************
 
Experiment CustomField
Minor False
Acquisition Continuous
EditedPoint No
MaxField 15000
FieldIncrement 100
Points 293
MinField 0
RampRate 10
AverageTime 0.3
TimeInterval 0
TimeConstant 0.1
TimeConstantIndex 0
Sensitivity -0.0053
SensitivityIndex 5
SensitivityY -400
SensitivityIndexY 0
SaturationField 8000
ExperimentTime 100
Use735Domains True
AutoRangeEnabled False
NumberOfVertices 2
VertexPts
0
292
VertexField
-2023.5589
928.1537
StartAngle 0
EndAngle 0
AngleIncrement 0
StartTemp 0
FinishTemp 0
TempIncrement 0
TempPoints 0
LengthofSetPointsArray 293
SetPointArray
-2023.5589
-2013.45029
-2003.34169
-1993.23308
-1983.12448
-1973.01587
-1962.90727
-1952.79866
-1942.69006
-1932.58145
-1922.47285
-1912.36424
-1902.25564
-1892.14703
-1882.03843
-1871.92982
-1861.82122
-1851.71261
-1841.60401
-1831.49541
-1821.3868
-1811.2782
-1801.16959
-1791.06099
-1780.95238
-1770.84378
-1760.73517
-1750.62657
-1740.51796
-1730.40936
-1720.30075
-1710.19215
-1700.08354
-1689.97494
-1679.86633
-1669.75773
-1659.64912
-1649.54052
-1639.43191
-1629.32331
-1619.2147
-1609.1061
-1598.99749
-1588.88889
-1578.78028
-1568.67168
-1558.56307
-1548.45447
-1538.34586
-1528.23726
-1518.12865
-1508.02005
-1497.91145
-1487.80284
-1477.69424
-1467.58563
-1457.47703
-1447.36842
-1437.25982
-1427.15121
-1417.04261
-1406.934
-1396.8254
-1386.71679
-1376.60819
-1366.49958
-1356.39098
-1346.28237
-1336.17377
-1326.06516
-1315.95656
-1305.84795
-1295.73935
-1285.63074
-1275.52214
-1265.41353
-1255.30493
-1245.19632
-1235.08772
-1224.97911
-1214.87051
-1204.7619
-1194.6533
-1184.5447
-1174.43609
-1164.32749
-1154.21888
-1144.11028
-1134.00167
-1123.89307
-1113.78446
-1103.67586
-1093.56725
-1083.45865
-1073.35004
-1063.24144
-1053.13283
-1043.02423
-1032.91562
-1022.80702
-1012.69841
-1002.58981
-992.4812
-982.3726
-972.26399
-962.15539
-952.04678
-941.93818
-931.82957
-921.72097
-911.61236
-901.50376
-891.39515
-881.28655
-871.17794
-861.06934
-850.96074
-840.85213
-830.74353
-820.63492
-810.52632
-800.41771
-790.30911
-780.2005
-770.0919
-759.98329
-749.87469
-739.76608
-729.65748
-719.54887
-709.44027
-699.33166
-689.22306
-679.11445
-669.00585
-658.89724
-648.78864
-638.68003
-628.57143
-618.46282
-608.35422
-598.24561
-588.13701
-578.0284
-567.9198
-557.81119
-547.70259
-537.59398
-527.48538
-517.37678
-507.26817
-497.15957
-487.05096
-476.94236
-466.83375
-456.72515
-446.61654
-436.50794
-426.39933
-416.29073
-406.18212
-396.07352
-385.96491
-375.85631
-365.7477
-355.6391
-345.53049
-335.42189
-325.31328
-315.20468
-305.09607
-294.98747
-284.87886
-274.77026
-264.66165
-254.55305
-244.44444
-234.33584
-224.22723
-214.11863
-204.01003
-193.90142
-183.79282
-173.68421
-163.57561
-153.467
-143.3584
-133.24979
-123.14119
-113.03258
-102.92398
-92.81537
-82.70677
-72.59816
-62.48956
-52.38095
-42.27235
-32.16374
-22.05514
-11.94653
-1.83793
8.27068
18.37928
28.48789
38.59649
48.7051
58.8137
68.92231
79.03091
89.13952
99.24812
109.35673
119.46533
129.57393
139.68254
149.79114
159.89975
170.00835
180.11696
190.22556
200.33417
210.44277
220.55138
230.65998
240.76859
250.87719
260.9858
271.0944
281.20301
291.31161
301.42022
311.52882
321.63743
331.74603
341.85464
351.96324
362.07185
372.18045
382.28906
392.39766
402.50627
412.61487
422.72348
432.83208
442.94069
453.04929
463.15789
473.2665
483.3751
493.48371
503.59231
513.70092
523.80952
533.91813
544.02673
554.13534
564.24394
574.35255
584.46115
594.56976
604.67836
614.78697
624.89557
635.00418
645.11278
655.22139
665.32999
675.4386
685.5472
695.65581
705.76441
715.87302
725.98162
736.09023
746.19883
756.30744
766.41604
776.52464
786.63325
796.74185
806.85046
816.95906
827.06767
837.17627
847.28488
857.39348
867.50209
877.61069
887.7193
897.8279
907.93651
918.04511
928.15372
FieldDomainFile C:\IDEASVSM\Default UserID\Experiments\FORCexp0310B\fdomain.ini
TempDomainFile C:\IDEASVSM\Default UserID\Experiments\FORCexp0310B\tdomain.ini
NumSelectedResults 0
ResultsSelected 
UserName1 
UserValue1 
UserName2 
UserValue2 
LinearBackgroundCorrection Off
MaxLinearFieldCorrection 
MinLinearFieldCorrection 
AutoLinearCorrection Off
FitOneRegion Off
BackgroundMode Off
BackgroundFilename 
AutoCenter Off
OffsetCorrection 
SmoothDeriv Off
DerivOrder 0
DerivPoints 0
MinExFieldOne 
MaxExFieldOne 
MinExFieldTwo 
MaxExFieldTwo 
MinPinFieldOne 
MaxPinFieldOne 
MinPinFieldTwo 
MaxPinFieldTwo 
HCenterStart 
Mass 
Volume 
Density 
MolarWeight 
NumberOfMoles 
Demagnetization 
SampleArea 
Thickness 
MomentScaling 0
XAxis 0
YAxis 0
SimpleSpinValve False
HsatMax 0
HsatMin 0
FieldAutoRange False
 
*************************************************** Experiment Data ********************************************
 
DataPoints 293
MomentX Data
-0.00463774
-0.00466587
-0.0046421
-0.00462768
-0.00466175
-0.00461975
-0.00463957
-0.00460914
-0.00463459
-0.00458587
-0.00459196
-0.00458259
-0.00462532
-0.00461207
-0.0046254
-0.00459803
-0.00460585
-0.00457511
-0.00458437
-0.00463772
-0.00461312
-0.00458989
-0.0045612
-0.00460171
-0.00455434
-0.00452148
-0.00453066
-0.0045496
-0.0045527
-0.00452023
-0.00452565
-0.00453031
-0.00447818
-0.00450107
-0.00450512
-0.0045281
-0.00452438
-0.0044889
-0.00452257
-0.00451856
-0.00451163
-0.0044769
-0.00450125
-0.00445183
-0.0044948
-0.00446347
-0.00446633
-0.00444208
-0.00448553
-0.00442648
-0.0044096
-0.00447031
-0.00446757
-0.00444367
-0.00441683
-0.00441718
-0.00439819
-0.00438684
-0.00438722
-0.00439984
-0.00439966
-0.00439052
-0.00437456
-0.00440982
-0.00433746
-0.00437795
-0.00436102
-0.00434543
-0.0043443
-0.00437723
-0.00436814
-0.00433172
-0.0043202
-0.00429946
-0.00433464
-0.00428917
-0.0042942
-0.00427613
-0.00428874
-0.00427652
-0.00429582
-0.00425569
-0.00424554
-0.00426587
-0.00425393
-0.00421847
-0.00422505
-0.00420171
-0.00423039
-0.00420016
-0.00420615
-0.00422856
-0.00423678
-0.00418881
-0.0041502
-0.0041572
-0.00415099
-0.00420082
-0.00421878
-0.00417894
-0.00413677
-0.00409216
-0.00407749
-0.00414153
-0.00412828
-0.00413369
-0.00414846
-0.00407221
-0.00406157
-0.0040466
-0.00409007
-0.00405754
-0.00406259
-0.00402122
-0.00402572
-0.00402409
-0.0040064
-0.00403178
-0.00404405
-0.00398152
-0.00399128
-0.00402479
-0.00403325
-0.00395999
-0.00398489
-0.00394
-0.00393333
-0.00395174
-0.00398758
-0.00393101
-0.0039489
-0.00386996
-0.00385059
-0.00391227
-0.00391049
-0.0038827
-0.00384733
-0.00384639
-0.00379848
-0.00380946
-0.00386644
-0.00385511
-0.00380398
-0.00383564
-0.00379311
-0.00378345
-0.003735
-0.00374258
-0.0037717
-0.00374248
-0.00372832
-0.00372767
-0.00367427
-0.00370539
-0.00368935
-0.003695
-0.00368946
-0.00369629
-0.0036254
-0.00366327
-0.00366969
-0.00364257
-0.00360003
-0.00362266
-0.00358907
-0.0036306
-0.00358002
-0.0035851
-0.00355899
-0.00354982
-0.00351352
-0.0034746
-0.00345426
-0.00347754
-0.00345964
-0.00346836
-0.00342112
-0.00348127
-0.00345723
-0.00349058
-0.00344476
-0.00339254
-0.00342658
-0.00337819
-0.00334328
-0.00333744
-0.0033733
-0.00329031
-0.00330717
-0.00331104
-0.00337117
-0.00323778
-0.00325385
-0.00321757
-0.00321128
-0.00322718
-0.00320057
-0.00324696
-0.00315372
-0.00312639
-0.00317097
-0.00316027
-0.00311044
-0.00312404
-0.00297801
-0.00305894
-0.00299702
-0.00303456
-0.00304984
-0.00290541
-0.00289704
-0.00290604
-0.00292733
-0.00295362
-0.00292148
-0.00298786
-0.00285256
-0.00283305
-0.00273633
-0.00278274
-0.00281299
-0.00277081
-0.00278141
-0.00280511
-0.00276055
-0.00264887
-0.00269059
-0.00257914
-0.00264233
-0.00258038
-0.00259142
-0.002532
-0.00254619
-0.00246588
-0.00250459
-0.00246902
-0.00250696
-0.00244425
-0.00234476
-0.00230124
-0.00231989
-0.00228217
-0.00221709
-0.00233238
-0.0022415
-0.00221626
-0.00206199
-0.00202475
-0.00211327
-0.00197685
-0.00191717
-0.00200566
-0.00198901
-0.00182009
-0.00185147
-0.0018758
-0.00182302
-0.00166675
-0.00156743
-0.00161818
-0.00154505
-0.00149121
-0.00133585
-0.00132977
-0.00122789
-0.00120128
-0.00111676
-0.0010057
-0.000977445
-0.000882071
-0.00077757
-0.000716991
-0.000548535
-0.000459745
-0.000422112
-0.000351685
-0.000227581
-0.000136112
0.0000317887
0.0000826539
0.000180517
0.000272727
0.000408421
0.000545647
0.000677521
0.000713774
0.000922107
0.00110047
0.00118919
0.00116961
0.00133834
0.00151458
0.00157285
MomentY Data
-0.00597636
-0.0055631
-0.00600815
-0.00588099
-0.00597636
-0.00597636
-0.00553131
-0.00597636
-0.00540415
-0.00603994
-0.00575384
-0.00588099
-0.00578562
-0.00562668
-0.00592868
-0.00540415
-0.0058492
-0.00567436
-0.00562668
-0.0058651
-0.00592868
-0.00572205
-0.00567436
-0.00572205
-0.00600815
-0.00592868
-0.00572205
-0.00596046
-0.00600815
-0.00648499
-0.0055631
-0.00629425
-0.00607173
-0.00599225
-0.0061353
-0.00583331
-0.00616709
-0.00576973
-0.00603994
-0.00599225
-0.00619888
-0.00597636
-0.00603994
-0.0061353
-0.00619888
-0.00629425
-0.00610352
-0.00599225
-0.00596046
-0.00557899
-0.00591278
-0.00599225
-0.0061353
-0.00594457
-0.00602404
-0.00603994
-0.00588099
-0.00591278
-0.00602404
-0.00607173
-0.00632604
-0.00626246
-0.00596046
-0.00588099
-0.00603994
-0.0061353
-0.00608762
-0.00562668
-0.00600815
-0.00629425
-0.00576973
-0.00592868
-0.0061353
-0.00616709
-0.00599225
-0.00591278
-0.00603994
-0.00619888
-0.00629425
-0.00567436
-0.00597636
-0.00607173
-0.00589689
-0.00591278
-0.00616709
-0.00576973
-0.00603994
-0.00607173
-0.00611941
-0.00597636
-0.00594457
-0.00610352
-0.00583331
-0.00608762
-0.00597636
-0.00600815
-0.00603994
-0.0064532
-0.00589689
-0.00603994
-0.00591278
-0.00578562
-0.00576973
-0.00596046
-0.00632604
-0.00592868
-0.00597636
-0.00623067
-0.00576973
-0.00596046
-0.00597636
-0.00592868
-0.00603994
-0.00597636
-0.00597636
-0.00581741
-0.00591278
-0.00610352
-0.00619888
-0.00578562
-0.00592868
-0.00607173
-0.00603994
-0.00600815
-0.00648499
-0.0061353
-0.00602404
-0.00603994
-0.00626246
-0.00603994
-0.00596046
-0.00619888
-0.0061512
-0.00567436
-0.00599225
-0.0061353
-0.00597636
-0.00572205
-0.00600815
-0.0058651
-0.00592868
-0.00607173
-0.00597636
-0.00597636
-0.00591278
-0.00610352
-0.00603994
-0.00607173
-0.00596046
-0.00591278
-0.00623067
-0.00632604
-0.00607173
-0.00602404
-0.00632604
-0.00610352
-0.00599225
-0.00583331
-0.0061353
-0.00619888
-0.00623067
-0.00597636
-0.00621478
-0.00562668
-0.00629425
-0.0061353
-0.0061353
-0.00603994
-0.00567436
-0.00632604
-0.00591278
-0.00597636
-0.00607173
-0.00619888
-0.00578562
-0.00619888
-0.00638962
-0.00581741
-0.00654856
-0.00588099
-0.00602404
-0.00619888
-0.00600815
-0.00588099
-0.00619888
-0.00632604
-0.00591278
-0.00610352
-0.00600815
-0.00594457
-0.00629425
-0.00607173
-0.0061353
-0.00616709
-0.00632604
-0.00629425
-0.00623067
-0.0061353
-0.00611941
-0.00616709
-0.00635783
-0.00592868
-0.00603994
-0.00603994
-0.00616709
-0.00603994
-0.00603994
-0.0061353
-0.00623067
-0.00608762
-0.00573794
-0.00575384
-0.00581741
-0.00578562
-0.00616709
-0.00592868
-0.00594457
-0.00629425
-0.00607173
-0.00596046
-0.00600815
-0.00583331
-0.00607173
-0.00588099
-0.00616709
-0.00592868
-0.00608762
-0.0058651
-0.0061512
-0.00616709
-0.00594457
-0.00607173
-0.00623067
-0.00616709
-0.00648499
-0.00624657
-0.00623067
-0.00605583
-0.00619888
-0.00623067
-0.00632604
-0.00642141
-0.00629425
-0.00626246
-0.00623067
-0.00635783
-0.00661214
-0.00616709
-0.00616709
-0.00626246
-0.00610352
-0.00626246
-0.00623067
-0.00651677
-0.00635783
-0.00626246
-0.00623067
-0.00635783
-0.00619888
-0.0061353
-0.00626246
-0.00616709
-0.00632604
-0.00651677
-0.00638962
-0.00642141
-0.00638962
-0.0061353
-0.00651677
-0.00629425
-0.00629425
-0.00635783
-0.00623067
-0.00623067
-0.0061353
-0.00616709
-0.00623067
-0.00626246
-0.00635783
-0.00626246
-0.00607173
-0.0064532
-0.00661214
-0.0064532
-0.00651677
-0.00670751
-0.0067393
-0.00648499
-0.00661214
-0.00651677
-0.00664393
-0.00658035
-0.00667572
Field Data
-2022.88
-2016.72
-2007.24
-1996.95
-1986.8
-1976.55
-1965.15
-1953.14
-1939.8
-1929.41
-1919.47
-1909.33
-1899.43
-1888.93
-1879.1
-1869.23
-1858.64
-1848.73
-1838.41
-1828.63
-1818.51
-1808.53
-1798.6
-1788.13
-1778.16
-1768.37
-1757.75
-1747.89
-1738.11
-1727.73
-1717.7
-1707.39
-1697.58
-1687.58
-1677.24
-1667.12
-1657.17
-1647.23
-1636.8
-1627.04
-1616.99
-1606.56
-1596.66
-1586.79
-1576.44
-1566.47
-1556.26
-1546.35
-1536.37
-1526.13
-1515.87
-1506.09
-1496.08
-1485.53
-1475.72
-1465.85
-1455.29
-1445.61
-1435.6
-1425.05
-1415.32
-1404.95
-1395.13
-1385.15
-1374.91
-1364.97
-1354.73
-1344.72
-1334.63
-1324.58
-1314.54
-1304.23
-1294.31
-1284.38
-1274.28
-1264
-1254.06
-1244.12
-1233.71
-1223.74
-1213.85
-1203.59
-1193.36
-1183.57
-1173.6
-1163.14
-1153.22
-1143.09
-1133.05
-1123.07
-1112.85
-1102.79
-1092.9
-1082.63
-1072.56
-1062.41
-1052.62
-1042.62
-1032.21
-1022.26
-1012.12
-1001.96
-992.133
-981.841
-971.896
-961.851
-951.827
-941.456
-931.566
-921.613
-911.273
-901.277
-891.359
-881.077
-870.984
-860.83
-850.871
-841.032
-830.836
-820.489
-810.685
-800.815
-790.331
-780.382
-770.489
-760.156
-750.08
-740.156
-730.03
-719.715
-709.97
-699.675
-689.776
-679.753
-669.431
-659.346
-649.631
-639.347
-629.101
-619.339
-609.096
-598.904
-589.018
-579.081
-568.536
-558.52
-548.479
-538.463
-528.515
-518.612
-508.225
-498.183
-488.254
-478.336
-467.848
-457.971
-447.98
-437.537
-427.739
-417.882
-407.566
-397.466
-387.596
-377.358
-367.088
-357.205
-347.325
-336.858
-326.961
-316.916
-306.631
-296.795
-286.545
-276.527
-266.692
-256.337
-246.27
-236.434
-226.189
-215.896
-206.15
-196.113
-185.76
-175.865
-165.756
-155.826
-145.452
-135.185
-125.468
-115.478
-105.214
-95.1226
-85.2813
-75.2102
-64.7824
-54.7837
-45.039
-34.7176
-24.7577
-14.8674
-4.64735
5.8684
15.9732
25.9008
35.7037
45.6653
56.0612
66.0692
76.2642
85.9546
96.5321
106.058
116.302
126.624
136.668
146.529
156.547
166.634
177.02
186.956
196.768
207.166
217.158
227.09
237.173
247.54
257.37
267.333
277.753
287.493
297.8
307.875
317.887
327.862
337.898
348.379
358.169
368.085
378.404
388.416
398.28
408.483
418.852
428.702
438.631
449.159
458.767
469.223
479.145
488.995
499.505
509.205
519.334
529.581
539.485
549.703
559.783
569.571
580.164
589.838
600.041
610.073
620.039
630.09
640.411
650.307
660.356
670.614
680.538
690.59
700.82
710.799
720.826
730.794
741.247
751.298
761.314
771.12
781.18
791.55
801.447
811.48
821.696
831.71
841.648
851.721
862.022
872.049
882.245
892.065
902.121
912.509
922.366
Time Data
0
0.3
0.6
0.9
1.2
1.5
1.8
2.1
2.4
2.7
3
3.3
3.6
3.9
4.2
4.5
4.8
5.1
5.4
5.7
6
6.3
6.6
6.9
7.2
7.5
7.8
8.1
8.4
8.7
9
9.3
9.6
9.9
10.2
10.5
10.8
11.1
11.4
11.7
12
12.3
12.6
12.9
13.2
13.5
13.8
14.1
14.4
14.7
15
15.3
15.6
15.9
16.2
16.5
16.8
17.1
17.4
17.7
18
18.3
18.6
18.9
19.2
19.5
19.8
20.1
20.4
20.7
21
21.3
21.6
21.9
22.2
22.5
22.8
23.1
23.4
23.7
24
24.3
24.6
24.9
25.2
25.5
25.8
26.1
26.4
26.7
27
27.3
27.6
27.9
28.2
28.5
28.8
29.1
29.4
29.7
30.0000000000001
30.3000000000001
30.6000000000001
30.9000000000001
31.2000000000001
31.5000000000001
31.8000000000001
32.1000000000001
32.4
32.7
33
33.3
33.6
33.9
34.2
34.5
34.8
35.1
35.4
35.7
36
36.3
36.6
36.9
37.2
37.5
37.8
38.1
38.4
38.7
39
39.3
39.6
39.9
40.2
40.5
40.8
41.1
41.4
41.7
42
42.3
42.6
42.8999999999999
43.1999999999999
43.4999999999999
43.7999999999999
44.0999999999999
44.3999999999999
44.6999999999999
44.9999999999999
45.2999999999999
45.5999999999999
45.8999999999999
46.1999999999999
46.4999999999999
46.7999999999999
47.0999999999999
47.3999999999999
47.6999999999999
47.9999999999999
48.2999999999999
48.5999999999999
48.8999999999999
49.1999999999999
49.4999999999999
49.7999999999999
50.0999999999999
50.3999999999999
50.6999999999999
50.9999999999999
51.2999999999999
51.5999999999999
51.8999999999999
52.1999999999999
52.4999999999999
52.7999999999999
53.0999999999999
53.3999999999998
53.6999999999998
53.9999999999998
54.2999999999998
54.5999999999998
54.8999999999998
55.1999999999998
55.4999999999998
55.7999999999998
56.0999999999998
56.3999999999998
56.6999999999998
56.9999999999998
57.2999999999998
57.5999999999998
57.8999999999998
58.1999999999998
58.4999999999998
58.7999999999998
59.0999999999998
59.3999999999998
59.6999999999998
59.9999999999998
60.2999999999998
60.5999999999998
60.8999999999998
61.1999999999998
61.4999999999998
61.7999999999998
62.0999999999998
62.3999999999998
62.6999999999998
62.9999999999998
63.2999999999998
63.5999999999998
63.8999999999998
64.1999999999997
64.4999999999997
64.7999999999997
65.0999999999997
65.3999999999997
65.6999999999997
65.9999999999997
66.2999999999997
66.5999999999997
66.8999999999997
67.1999999999997
67.4999999999997
67.7999999999997
68.0999999999997
68.3999999999997
68.6999999999997
68.9999999999997
69.2999999999997
69.5999999999997
69.8999999999997
70.1999999999997
70.4999999999997
70.7999999999997
71.0999999999997
71.3999999999997
71.6999999999997
71.9999999999997
72.2999999999997
72.5999999999997
72.8999999999997
73.1999999999997
73.4999999999997
73.7999999999997
74.0999999999997
74.3999999999997
74.6999999999996
74.9999999999996
75.2999999999996
75.5999999999996
75.8999999999996
76.1999999999996
76.4999999999996
76.7999999999996
77.0999999999996
77.3999999999996
77.6999999999996
77.9999999999996
78.2999999999996
78.5999999999996
78.8999999999996
79.1999999999996
79.4999999999996
79.7999999999996
80.0999999999996
80.3999999999996
80.6999999999996
80.9999999999996
81.2999999999996
81.5999999999996
81.8999999999996
82.1999999999996
82.4999999999996
82.7999999999996
83.0999999999996
83.3999999999996
83.6999999999996
83.9999999999996
84.2999999999996
84.5999999999996
84.8999999999996
85.1999999999995
85.4999999999995
85.7999999999995
86.0999999999995
86.3999999999995
86.6999999999995
86.9999999999995
87.2999999999995
87.5999999999995
Temperature Data
0
0
0
0
0
0
0
0
0
0
0
0
0
0
0
0
0
0
0
0
0
0
0
0
0
0
0
0
0
0
0
0
0
0
0
0
0
0
0
0
0
0
0
0
0
0
0
0
0
0
0
0
0
0
0
0
0
0
0
0
0
0
0
0
0
0
0
0
0
0
0
0
0
0
0
0
0
0
0
0
0
0
0
0
0
0
0
0
0
0
0
0
0
0
0
0
0
0
0
0
0
0
0
0
0
0
0
0
0
0
0
0
0
0
0
0
0
0
0
0
0
0
0
0
0
0
0
0
0
0
0
0
0
0
0
0
0
0
0
0
0
0
0
0
0
0
0
0
0
0
0
0
0
0
0
0
0
0
0
0
0
0
0
0
0
0
0
0
0
0
0
0
0
0
0
0
0
0
0
0
0
0
0
0
0
0
0
0
0
0
0
0
0
0
0
0
0
0
0
0
0
0
0
0
0
0
0
0
0
0
0
0
0
0
0
0
0
0
0
0
0
0
0
0
0
0
0
0
0
0
0
0
0
0
0
0
0
0
0
0
0
0
0
0
0
0
0
0
0
0
0
0
0
0
0
0
0
0
0
0
0
0
0
0
0
0
0
0
0
0
0
0
0
0
0
0
0
0
0
0
0
0
0
0
0
0
0
0
0
0
0
0
0
Angle Data
0
0
0
0
0
0
0
0
0
0
0
0
0
0
0
0
0
0
0
0
0
0
0
0
0
0
0
0
0
0
0
0
0
0
0
0
0
0
0
0
0
0
0
0
0
0
0
0
0
0
0
0
0
0
0
0
0
0
0
0
0
0
0
0
0
0
0
0
0
0
0
0
0
0
0
0
0
0
0
0
0
0
0
0
0
0
0
0
0
0
0
0
0
0
0
0
0
0
0
0
0
0
0
0
0
0
0
0
0
0
0
0
0
0
0
0
0
0
0
0
0
0
0
0
0
0
0
0
0
0
0
0
0
0
0
0
0
0
0
0
0
0
0
0
0
0
0
0
0
0
0
0
0
0
0
0
0
0
0
0
0
0
0
0
0
0
0
0
0
0
0
0
0
0
0
0
0
0
0
0
0
0
0
0
0
0
0
0
0
0
0
0
0
0
0
0
0
0
0
0
0
0
0
0
0
0
0
0
0
0
0
0
0
0
0
0
0
0
0
0
0
0
0
0
0
0
0
0
0
0
0
0
0
0
0
0
0
0
0
0
0
0
0
0
0
0
0
0
0
0
0
0
0
0
0
0
0
0
0
0
0
0
0
0
0
0
0
0
0
0
0
0
0
0
0
0
0
0
0
0
0
0
0
0
0
0
0
0
0
0
0
0
0
Bx Data
0
0
0
0
0
0
0
0
0
0
0
0
0
0
0
0
0
0
0
0
0
0
0
0
0
0
0
0
0
0
0
0
0
0
0
0
0
0
0
0
0
0
0
0
0
0
0
0
0
0
0
0
0
0
0
0
0
0
0
0
0
0
0
0
0
0
0
0
0
0
0
0
0
0
0
0
0
0
0
0
0
0
0
0
0
0
0
0
0
0
0
0
0
0
0
0
0
0
0
0
0
0
0
0
0
0
0
0
0
0
0
0
0
0
0
0
0
0
0
0
0
0
0
0
0
0
0
0
0
0
0
0
0
0
0
0
0
0
0
0
0
0
0
0
0
0
0
0
0
0
0
0
0
0
0
0
0
0
0
0
0
0
0
0
0
0
0
0
0
0
0
0
0
0
0
0
0
0
0
0
0
0
0
0
0
0
0
0
0
0
0
0
0
0
0
0
0
0
0
0
0
0
0
0
0
0
0
0
0
0
0
0
0
0
0
0
0
0
0
0
0
0
0
0
0
0
0
0
0
0
0
0
0
0
0
0
0
0
0
0
0
0
0
0
0
0
0
0
0
0
0
0
0
0
0
0
0
0
0
0
0
0
0
0
0
0
0
0
0
0
0
0
0
0
0
0
0
0
0
0
0
0
0
0
0
0
0
0
0
0
0
0
0
Hint Data
0
0
0
0
0
0
0
0
0
0
0
0
0
0
0
0
0
0
0
0
0
0
0
0
0
0
0
0
0
0
0
0
0
0
0
0
0
0
0
0
0
0
0
0
0
0
0
0
0
0
0
0
0
0
0
0
0
0
0
0
0
0
0
0
0
0
0
0
0
0
0
0
0
0
0
0
0
0
0
0
0
0
0
0
0
0
0
0
0
0
0
0
0
0
0
0
0
0
0
0
0
0
0
0
0
0
0
0
0
0
0
0
0
0
0
0
0
0
0
0
0
0
0
0
0
0
0
0
0
0
0
0
0
0
0
0
0
0
0
0
0
0
0
0
0
0
0
0
0
0
0
0
0
0
0
0
0
0
0
0
0
0
0
0
0
0
0
0
0
0
0
0
0
0
0
0
0
0
0
0
0
0
0
0
0
0
0
0
0
0
0
0
0
0
0
0
0
0
0
0
0
0
0
0
0
0
0
0
0
0
0
0
0
0
0
0
0
0
0
0
0
0
0
0
0
0
0
0
0
0
0
0
0
0
0
0
0
0
0
0
0
0
0
0
0
0
0
0
0
0
0
0
0
0
0
0
0
0
0
0
0
0
0
0
0
0
0
0
0
0
0
0
0
0
0
0
0
0
0
0
0
0
0
0
0
0
0
0
0
0
0
0
0
Torque Data
12.0894591168
11.219215032
12.059799006
11.7440429805
11.873832048
11.812574358
10.8698538465
11.6726677704
10.48297017
11.6535206354
11.0443232648
11.2287506367
10.9893801966
10.6284046524
11.140582588
10.1015993045
10.871557088
10.4903595628
10.3441447788
10.725097813
10.7813638668
10.3484990865
10.205903896
10.2317692665
10.683452004
10.4840998516
10.0579333875
10.4182284294
10.4428255965
11.2043117727
9.55573687
10.7467395075
10.3072474134
10.112401255
10.290370572
9.7248277672
10.2199165353
9.5040723479
9.886173792
9.74963044
10.0235269712
9.6013809216
9.6437306004
9.735432687
9.7721623872
9.8597537975
9.4986640352
9.2661157875
9.1574719302
8.5142640087
8.9630058186
9.0248678025
9.178899624
8.8308370721
8.8897963088
8.853646049
8.5585459371
8.5475738958
8.648111824
8.6525188365
8.9533709328
8.798443177
8.3156165598
8.1460532985
8.3043739054
8.374500441
8.2470814426
7.5663091296
8.0186572345
8.337237665
7.5845408742
7.7323623164
7.940980143
7.9208870542
7.63580433
7.47375392
7.5744471564
7.7121505856
7.7652791675
6.9439413064
7.254404586
7.3078735107
7.0371126504
6.9981890246
7.237696824
6.7110037522
6.9653796068
6.9405338457
6.9335975005
6.7118706252
6.6154147245
6.7309008208
6.375224499
6.5906400406
6.4100046816
6.3831186415
6.3577616428
6.728235384
6.0868288269
6.1743890644
5.9844428936
5.7969598152
5.72433953409
5.85222400686
6.14825297184
5.70250678668
5.68846080972
5.86590165552
5.37488429718
5.49323742198
5.44609550628
5.34338292436
5.38375487846
5.26563333972
5.20531393824
5.0078010503
5.03101303138
5.13325563264
5.15025266368
4.74703756818
4.8062919458
4.86233245995
4.77355182014
4.6886521133
4.99661346011
4.6637851068
4.5185119232
4.47049783064
4.5717836738
4.3470354171
4.2317477862
4.337201364
4.2429501312
3.85716323308
4.01139790975
4.0452855138
3.88242872316
3.65837550135
3.77973317315
3.6324851689
3.61113527328
3.63638338392
3.52018361448
3.46079652516
3.36162829008
3.4089379904
3.31278025126
3.26940195099
3.1501925169
3.06643866136
3.16658226075
3.15152558532
2.96454645942
2.88151519744
2.95962516192
2.79523515792
2.684408155
2.55228895747
2.6243070867
2.59040037216
2.53940924922
2.37539990376
2.40882386888
2.12327271144
2.310543644
2.1915598365
2.1309430725
2.03460210852
1.85529441996
2.00482329264
1.81304164418
1.7737537662
1.73982387285
1.71415768976
1.54297856904
1.58900230256
1.5735717174
1.37543351594
1.48121223784
1.26968221704
1.241855846
1.21568095344
1.116073944
1.03426030635
1.02750155328
0.98576150904
0.86002567656
0.8251043512
0.7538305642
0.68646705446
0.6622432195
0.577558744098
0.52322635989
0.463828072318
0.409816053696
0.344822303725
0.28062314613
0.21300289128
0.151502516957
0.091688593866
0.0295470612505
-0.034791865712
-0.096477169608
-0.156439277952
-0.220187931233
-0.275815672082
-0.338606284328
-0.40535436276
-0.475177063014
-0.523258942052
-0.553895397874
-0.61024076272
-0.67657641782
-0.73259834688
-0.84284385612
-0.86872355172
-0.93060459979
-1.0488360545
-1.0748176446
-1.11434375976
-1.1822116592
-1.20846349946
-1.31852474334
-1.3355140191
-1.46266723657
-1.4675854472
-1.5667707594
-1.5679347783
-1.7085142536
-1.77299520537
-1.770292946
-1.86933387375
-1.98064899429
-2.02195446158
-2.19126515102
-2.17617381003
-2.23163284323
-2.22906018555
-2.34568098752
-2.42009191872
-2.5195352112
-2.62303682103
-2.636359201
-2.68472912692
-2.73296501277
-2.85567656497
-3.03343163138
-2.89374047107
-2.95493033805
-3.0623116277
-3.0487387576
-3.1888759443
-3.23579877378
-3.45115757337
-3.42995391755
-3.44249304938
-3.48782314461
-3.62123559093
-3.59636701632
-3.6188330814
-3.75773276086
-3.76237509757
-3.92239151556
-4.1061516093
-4.09198293382
-4.17588787287
-4.21942390472
-4.1144180742
-4.43490962226
-4.3467461075
-4.411136285
-4.51913920617
-4.49122893342
-4.55333625198
-4.5477727191
-4.63332238282
-4.74349630038
-4.8291081552
-4.9666096394
-4.957050213
-4.86616979331
-5.236642736
-5.43316898944
-5.367190972
-5.48482643696
-5.71292712471
-5.8094248646
-5.65522904451
-5.8335274543
-5.81338243005
-5.99362877553
-6.00462859815
-6.15745715352
dMdH Data
-4.56655844155844E-06
2.50738396624474E-06
1.40136054421763E-06
-3.35665024630536E-06
4.09756097560979E-06
-1.73859649122811E-06
2.53372189841796E-06
-1.90779610194899E-06
4.68912415784417E-06
-6.12676056338051E-07
9.24063116370786E-07
-4.31616161616163E-06
1.2619047619047E-06
-1.35605289928785E-06
2.77304964539007E-06
-7.38432483474938E-07
3.10191725529761E-06
-8.97286821705398E-07
-5.45501022494887E-06
2.43083003952563E-06
2.32765531062123E-06
2.88922457200406E-06
-3.86914995224463E-06
4.7512537612839E-06
3.35648621041873E-06
-8.64406779661038E-07
-1.92089249492905E-06
-3.16973415132898E-07
3.12813102119461E-06
-5.40378863409763E-07
-4.51988360814753E-07
5.31396534148819E-06
-2.28900000000002E-06
-3.91682785299748E-07
-2.27075098814232E-06
3.73869346733721E-07
3.56941649899395E-06
-3.22818791946311E-06
4.10860655737754E-07
6.89552238805934E-07
3.32981783317353E-06
-2.45959595959602E-06
5.00709219858147E-06
-4.15169082125606E-06
3.14242728184557E-06
-2.80117531831572E-07
2.4470232088799E-06
-4.35370741482961E-06
5.7666015625001E-06
1.64522417153996E-06
-6.20756646216773E-06
2.73726273726295E-07
2.26540284360185E-06
2.73598369011217E-06
-3.54609929077662E-08
1.79829545454546E-06
1.17252066115695E-06
-3.79620379619858E-08
-1.19620853080574E-06
1.84994861254538E-08
8.8138862102214E-07
1.62525458248471E-06
-3.53306613226449E-06
7.06640625000004E-06
-4.07344064386322E-06
1.65332031250001E-06
1.55744255744258E-06
1.11992071357803E-07
-3.27661691542287E-06
9.05378486055759E-07
3.53249272550929E-06
1.16129032258065E-06
2.08862034239681E-06
-3.48316831683165E-06
4.42315175097275E-06
-5.06036217303782E-07
1.81790744466793E-06
-1.21133525456291E-06
1.22567703109331E-06
-1.95146612740138E-06
3.91130604288493E-06
9.92179863147646E-07
-2.07660878447394E-06
1.19759277833494E-06
3.39005736137675E-06
-6.63306451612894E-07
2.30404738400789E-06
-2.85657370517926E-06
3.02905811623246E-06
-5.86105675146768E-07
-2.22763419483107E-06
-8.31142568250744E-07
4.67088607594934E-06
3.83416087388281E-06
-6.89655172413808E-07
6.34320735444273E-07
-4.98299999999998E-06
-1.72526416906823E-06
4.00402010050251E-06
4.15877712031561E-06
4.39074803149604E-06
1.49282588786003E-06
-6.22230858919552E-06
1.33232780291606E-06
-5.38576406172224E-07
-1.47346368715083E-06
7.35223218590301E-06
1.0758341759353E-06
1.50406912488693E-06
-4.20406189555127E-06
3.2543017206883E-06
-5.09175236942881E-07
4.02353627698888E-06
-4.45853561874584E-07
1.60527870789823E-07
1.77628275931316E-06
-2.57953044008541E-06
-1.20341310317771E-06
6.04329757417617E-06
-9.95512035903719E-07
-3.39513677811559E-06
-8.0694391453644E-07
7.3635541260428E-06
-2.51693116344888E-06
4.34433368818342E-06
6.61969035331515E-07
-1.85509875050381E-06
-3.53940351570221E-06
5.48424624333495E-06
-1.83581323755768E-06
7.66779990286541E-06
1.95676330942518E-06
-6.15384615384618E-06
1.72447200154993E-07
2.75557759048088E-06
3.64076170869791E-06
9.14041229093792E-08
4.67597111067734E-06
-1.1247695144438E-06
-5.56282339158446E-06
1.11165620094191E-06
5.17196034796683E-06
-3.18607225520778E-06
4.03319108582262E-06
9.64456869009619E-07
4.82521661189125E-06
-7.56789137380195E-07
-2.92722155207074E-06
2.95062102393213E-06
1.36324251468183E-06
6.47281418043823E-08
5.37818511431166E-06
-3.13772938092356E-06
1.52936689549959E-06
-5.72036043332979E-07
5.54499049144236E-07
-6.5402662070288E-07
7.2351500306185E-06
-3.84193973825711E-06
-6.22334238076776E-07
2.68514851485152E-06
4.31003039513675E-06
-2.2103926548154E-06
3.27069133398248E-06
-4.20216533441258E-06
5.11943319838054E-06
-4.85334861947049E-07
2.63817318379305E-06
9.12891986062735E-07
3.52941176470587E-06
3.95689304595366E-06
1.98439024390246E-06
-2.3238171291675E-06
1.82003050330452E-06
-8.42105263157918E-07
4.69255984901164E-06
-6.11529076860509E-06
2.34651049292337E-06
-3.24006606431557E-06
4.70141596552435E-06
5.20274982564511E-06
-3.28793586400076E-06
4.89034866093985E-06
3.45335839351073E-06
5.88116817724069E-07
-3.45671871987661E-06
8.08317911756114E-06
-1.73510342698364E-06
-3.87387387387387E-07
-5.85833982852692E-06
1.3218185781953E-05
-1.63291435074634E-06
3.6023870282293E-06
6.03195304858162E-07
-1.59020672687451E-06
2.73071515798334E-06
-4.49454531362027E-06
9.36153977449574E-06
2.76331354963953E-06
-4.36201388447217E-06
1.01752133704203E-06
4.93131976882276E-06
-1.36991820782464E-06
1.4896612226994E-05
-8.12419691615803E-06
5.95619426889447E-06
-3.75099920063949E-06
-1.4987739087788E-06
1.49044415091224E-05
7.91302292602237E-07
-9.44792618020333E-07
-2.07828973057401E-06
-2.54698701801977E-06
3.19992035045798E-06
-6.73156880640909E-06
1.35056897584348E-05
1.93417269753147E-06
9.31253610629694E-06
-4.67089371980679E-06
-3.08295964125559E-06
4.05654933641087E-06
-1.06084867894315E-06
-2.38622633910594E-06
4.41931964693047E-06
1.0772643966432E-05
-4.24415055951172E-06
1.11863896416742E-05
-6.06429942418427E-06
6.36036960985624E-06
-1.0711167167944E-06
5.89776674937967E-06
-1.41729924091089E-06
8.05112781954882E-06
-3.85711438820247E-06
3.39376013739147E-06
-3.87538304392236E-06
6.32412263009279E-06
9.64143812384918E-06
4.34678385936876E-06
-1.89071370640712E-06
3.69695187689892E-06
6.27640081010706E-06
-1.17045685279188E-05
9.15298620203449E-06
2.39741641337387E-06
1.60564113238967E-05
3.56159143075746E-06
-8.92158838943763E-06
1.38497461928934E-05
5.67840152235967E-06
-9.12268041237113E-06
1.64379504393327E-06
1.64848248267784E-05
-3.16841680129242E-06
-2.3810921902525E-06
5.23611111111108E-06
1.59654679199019E-05
9.37600302086286E-06
-5.24602026049205E-06
7.16749975497397E-06
5.36682615629989E-06
1.55890026088701E-05
6.04914933837415E-07
9.87113651777938E-06
2.68896523848016E-06
8.41078714299933E-06
1.08266718658608E-05
2.84713825070537E-06
9.48806207719854E-06
1.02151515151515E-05
6.07064836155931E-06
1.68002393537448E-05
8.90750401284112E-06
3.60021046589497E-06
7.00696448114612E-06
1.23905750798723E-05
9.32786049357532E-06
1.66899304174951E-05
4.9050337512054E-06
9.88815802768511E-06
9.19067078640485E-06
1.32824980422866E-05
1.37034152186938E-05
1.32696719661904E-05
3.59902710215428E-06
2.02245413066692E-05
1.77882716665006E-05
8.70145154962726E-06
-1.99389002036658E-06
1.67790373906127E-05
1.69657296881016E-05
5.9115349497819E-06
5.9115349497819E-06
dMdT Data
0
0
0
0
0
0
0
0
0
0
0
0
0
0
0
0
0
0
0
0
0
0
0
0
0
0
0
0
0
0
0
0
0
0
0
0
0
0
0
0
0
0
0
0
0
0
0
0
0
0
0
0
0
0
0
0
0
0
0
0
0
0
0
0
0
0
0
0
0
0
0
0
0
0
0
0
0
0
0
0
0
0
0
0
0
0
0
0
0
0
0
0
0
0
0
0
0
0
0
0
0
0
0
0
0
0
0
0
0
0
0
0
0
0
0
0
0
0
0
0
0
0
0
0
0
0
0
0
0
0
0
0
0
0
0
0
0
0
0
0
0
0
0
0
0
0
0
0
0
0
0
0
0
0
0
0
0
0
0
0
0
0
0
0
0
0
0
0
0
0
0
0
0
0
0
0
0
0
0
0
0
0
0
0
0
0
0
0
0
0
0
0
0
0
0
0
0
0
0
0
0
0
0
0
0
0
0
0
0
0
0
0
0
0
0
0
0
0
0
0
0
0
0
0
0
0
0
0
0
0
0
0
0
0
0
0
0
0
0
0
0
0
0
0
0
0
0
0
0
0
0
0
0
0
0
0
0
0
0
0
0
0
0
0
0
0
0
0
0
0
0
0
0
0
0
0
0
0
0
0
0
0
0
0
0
0
0
0
0
0
0
0
0
 
*********************************************** Results ***************************************
 
TotalArea 0
AreaFirstQuad 0
AreaSecondQuad 0
AreaThirdQuad 0
AreaFourthQuad 0
Coercivity 0
PositiveCoercivity 0
NegativeCoercivity 0
Retentivity 5.35454925902272E-03
PositiveRetentivity -1.38753397402597E-02
NegativeRetentivity -3.1662412222143E-03
Magnetization 0.00311936
PositiveMagnetization 0.00157285
NegativeMagnetization -0.00466587
Flatness 1.59131797450159
Squareness 1.71655379918404
SStar 0
SFD1 0
SFD2 0
Slope 0
Intercept 0
SlopeAtHc 5.9115349497819E-06
dH1 -586.278411581585
dH2 73.5456000000001
InitialSlope -4.56655844155844E-06
FieldAtHalfMs 855.313219912352
FieldAtMs 922.366
MomentMean -3.30861532559727E-03
MomentRMS 1.39214483879837E-03
SFD3 0
dH3 -1172.55682316317
UserField1 0
UserField2 0
CenterField 0
ExchangeField 0
ExchangeMoment 0
ExRegionOneIntercept 0
ExRegionOneSlope 0
ExRegionTwoIntercept 0
ExRegionTwoSlope 0
NegativeIntercept 0
NegativeSlope 0
AutoCenterOffset 0
PinningField 0
PinningMoment 0
PinRegionOneIntercept 0
PinRegionOneSlope 0
PinRegionTwoIntercept 0
PinRegionTwoSlope 0
PositiveIntercept 0
PositiveSlope 0
TotalOffset 0
BHMax 0
BCoercivity 0
BRetentivity 0
BNegativeCoercivity 0
BPositiveCoercivity 0
BNegativeRetentivity 0
BPositiveRetentivity 0
MomentYMean -6.07796470989761E-03
MomentYRMS 2.29260731520832E-04
YOffCorrection 0
Mrt 0
Ms1 0
Ms2 0
Ms3 0
Hc2 0
Hex2 0
HsatValue 0
HsatIntercept 0
HsatSlope 0
CenterH 0
Span .00623872
SpanAsPercentOfRange -117.711698113208
RMSAsPercentOfRange -26.2668837509127
SpanAsPercentOfMean -188.559847128006
RMSAsPercentOfMean -42.0763582888579
