Version 1.25
******************************************** Units *******************************************
System CGS
TemperatureUnit K
MomentUnit emu
AppliedFieldUnit G
 
******************************************** Setup ********************************************
 
Experiment CustomField
Minor False
Acquisition Continuous
EditedPoint No
MaxField 15000
FieldIncrement 100
Points 293
MinField 0
RampRate 10
AverageTime 0.3
TimeInterval 0
TimeConstant 0.1
TimeConstantIndex 0
Sensitivity -0.0053
SensitivityIndex 5
SensitivityY -400
SensitivityIndexY 0
SaturationField 8000
ExperimentTime 100
Use735Domains True
AutoRangeEnabled False
NumberOfVertices 2
VertexPts
0
292
VertexField
-1720.3008
1231.4119
StartAngle 0
EndAngle 0
AngleIncrement 0
StartTemp 0
FinishTemp 0
TempIncrement 0
TempPoints 0
LengthofSetPointsArray 293
SetPointArray
-1720.30075
-1710.19215
-1700.08354
-1689.97494
-1679.86633
-1669.75773
-1659.64912
-1649.54052
-1639.43191
-1629.32331
-1619.2147
-1609.1061
-1598.99749
-1588.88889
-1578.78028
-1568.67168
-1558.56307
-1548.45447
-1538.34586
-1528.23726
-1518.12865
-1508.02005
-1497.91145
-1487.80284
-1477.69424
-1467.58563
-1457.47703
-1447.36842
-1437.25982
-1427.15121
-1417.04261
-1406.934
-1396.8254
-1386.71679
-1376.60819
-1366.49958
-1356.39098
-1346.28237
-1336.17377
-1326.06516
-1315.95656
-1305.84795
-1295.73935
-1285.63074
-1275.52214
-1265.41353
-1255.30493
-1245.19632
-1235.08772
-1224.97911
-1214.87051
-1204.7619
-1194.6533
-1184.5447
-1174.43609
-1164.32749
-1154.21888
-1144.11028
-1134.00167
-1123.89307
-1113.78446
-1103.67586
-1093.56725
-1083.45865
-1073.35004
-1063.24144
-1053.13283
-1043.02423
-1032.91562
-1022.80702
-1012.69841
-1002.58981
-992.4812
-982.3726
-972.26399
-962.15539
-952.04678
-941.93818
-931.82957
-921.72097
-911.61236
-901.50376
-891.39515
-881.28655
-871.17794
-861.06934
-850.96074
-840.85213
-830.74353
-820.63492
-810.52632
-800.41771
-790.30911
-780.2005
-770.0919
-759.98329
-749.87469
-739.76608
-729.65748
-719.54887
-709.44027
-699.33166
-689.22306
-679.11445
-669.00585
-658.89724
-648.78864
-638.68003
-628.57143
-618.46282
-608.35422
-598.24561
-588.13701
-578.0284
-567.9198
-557.81119
-547.70259
-537.59398
-527.48538
-517.37678
-507.26817
-497.15957
-487.05096
-476.94236
-466.83375
-456.72515
-446.61654
-436.50794
-426.39933
-416.29073
-406.18212
-396.07352
-385.96491
-375.85631
-365.7477
-355.6391
-345.53049
-335.42189
-325.31328
-315.20468
-305.09607
-294.98747
-284.87886
-274.77026
-264.66165
-254.55305
-244.44444
-234.33584
-224.22723
-214.11863
-204.01003
-193.90142
-183.79282
-173.68421
-163.57561
-153.467
-143.3584
-133.24979
-123.14119
-113.03258
-102.92398
-92.81537
-82.70677
-72.59816
-62.48956
-52.38095
-42.27235
-32.16374
-22.05514
-11.94653
-1.83793
8.27068
18.37928
28.48789
38.59649
48.7051
58.8137
68.92231
79.03091
89.13952
99.24812
109.35673
119.46533
129.57393
139.68254
149.79114
159.89975
170.00835
180.11696
190.22556
200.33417
210.44277
220.55138
230.65998
240.76859
250.87719
260.9858
271.0944
281.20301
291.31161
301.42022
311.52882
321.63743
331.74603
341.85464
351.96324
362.07185
372.18045
382.28906
392.39766
402.50627
412.61487
422.72348
432.83208
442.94069
453.04929
463.15789
473.2665
483.3751
493.48371
503.59231
513.70092
523.80952
533.91813
544.02673
554.13534
564.24394
574.35255
584.46115
594.56976
604.67836
614.78697
624.89557
635.00418
645.11278
655.22139
665.32999
675.4386
685.5472
695.65581
705.76441
715.87302
725.98162
736.09023
746.19883
756.30744
766.41604
776.52464
786.63325
796.74185
806.85046
816.95906
827.06767
837.17627
847.28488
857.39348
867.50209
877.61069
887.7193
897.8279
907.93651
918.04511
928.15372
938.26232
948.37093
958.47953
968.58814
978.69674
988.80535
998.91395
1009.02256
1019.13116
1029.23977
1039.34837
1049.45698
1059.56558
1069.67419
1079.78279
1089.8914
1100
1110.1086
1120.21721
1130.32581
1140.43442
1150.54302
1160.65163
1170.76023
1180.86884
1190.97744
1201.08605
1211.19465
1221.30326
1231.41186
FieldDomainFile C:\IDEASVSM\Default UserID\Experiments\FORCexp0280B\fdomain.ini
TempDomainFile C:\IDEASVSM\Default UserID\Experiments\FORCexp0280B\tdomain.ini
NumSelectedResults 0
ResultsSelected 
UserName1 
UserValue1 
UserName2 
UserValue2 
LinearBackgroundCorrection Off
MaxLinearFieldCorrection 
MinLinearFieldCorrection 
AutoLinearCorrection Off
FitOneRegion Off
BackgroundMode Off
BackgroundFilename 
AutoCenter Off
OffsetCorrection 
SmoothDeriv Off
DerivOrder 0
DerivPoints 0
MinExFieldOne 
MaxExFieldOne 
MinExFieldTwo 
MaxExFieldTwo 
MinPinFieldOne 
MaxPinFieldOne 
MinPinFieldTwo 
MaxPinFieldTwo 
HCenterStart 
Mass 
Volume 
Density 
MolarWeight 
NumberOfMoles 
Demagnetization 
SampleArea 
Thickness 
MomentScaling 0
XAxis 0
YAxis 0
SimpleSpinValve False
HsatMax 0
HsatMin 0
FieldAutoRange False
 
*************************************************** Experiment Data ********************************************
 
DataPoints 293
MomentX Data
-0.00448303
-0.00446069
-0.00448501
-0.00442445
-0.00448159
-0.00445333
-0.00446043
-0.004422
-0.00443022
-0.00444185
-0.00442622
-0.00441326
-0.00441406
-0.00438309
-0.00441592
-0.00439544
-0.00440454
-0.00436258
-0.00437637
-0.00434953
-0.00438591
-0.004363
-0.00436026
-0.00432997
-0.00435249
-0.00433552
-0.00434439
-0.00432029
-0.00431973
-0.00427347
-0.00430179
-0.00430672
-0.00428771
-0.00426328
-0.00430476
-0.00429723
-0.00425729
-0.00430079
-0.00427444
-0.00424976
-0.00421257
-0.0042556
-0.00426836
-0.00428552
-0.00423162
-0.00424466
-0.0042158
-0.00423144
-0.00420609
-0.00421464
-0.00417035
-0.00418778
-0.00419551
-0.00422006
-0.00416965
-0.00413418
-0.00416757
-0.00414454
-0.00410609
-0.00413077
-0.00416204
-0.00411235
-0.00411201
-0.00408201
-0.00411277
-0.00407616
-0.00406684
-0.00407785
-0.0040795
-0.0040409
-0.00406674
-0.00408941
-0.00403477
-0.00406704
-0.00401608
-0.00400456
-0.00401324
-0.00402439
-0.00399742
-0.00398848
-0.00396101
-0.00399552
-0.00398348
-0.00398892
-0.00393458
-0.00394774
-0.0039321
-0.00395954
-0.00391103
-0.00394184
-0.00389478
-0.00388566
-0.0039012
-0.00390079
-0.0039177
-0.00386657
-0.00384335
-0.00383472
-0.00384639
-0.00383977
-0.00384785
-0.00381935
-0.0037609
-0.00383062
-0.00382491
-0.00379375
-0.00378623
-0.00377272
-0.00373193
-0.00372159
-0.0037675
-0.00380098
-0.00370808
-0.00370943
-0.00369578
-0.00369215
-0.00368602
-0.00367903
-0.00368613
-0.00363873
-0.00368679
-0.00364872
-0.00363756
-0.00360454
-0.0036155
-0.00357652
-0.00360346
-0.00356241
-0.00362074
-0.00356143
-0.00353406
-0.00348492
-0.00350262
-0.00350347
-0.00353313
-0.00348665
-0.0034844
-0.00344995
-0.00341968
-0.00344655
-0.00340404
-0.00343029
-0.00343601
-0.00340717
-0.00338798
-0.00341695
-0.00337531
-0.00335004
-0.00336739
-0.00337372
-0.00331575
-0.00335689
-0.00325177
-0.00331204
-0.00330701
-0.00326244
-0.00320622
-0.00317385
-0.00312263
-0.00321929
-0.0031659
-0.00317065
-0.00309125
-0.00310485
-0.00308349
-0.00309274
-0.00308753
-0.00301642
-0.00308082
-0.00308999
-0.0030584
-0.00304109
-0.00300109
-0.00297518
-0.00298863
-0.00301111
-0.00296034
-0.00291502
-0.00289122
-0.00281269
-0.00286834
-0.00285203
-0.00281543
-0.00280198
-0.00283457
-0.00276142
-0.00280414
-0.00268765
-0.0026959
-0.00273194
-0.00269726
-0.00269066
-0.00259043
-0.00266044
-0.00265988
-0.00264007
-0.00260588
-0.0025702
-0.00253175
-0.00250053
-0.00243521
-0.00246418
-0.00240414
-0.0024905
-0.00237015
-0.0023008
-0.00227558
-0.0023459
-0.00225853
-0.00220432
-0.00219952
-0.0022501
-0.00219699
-0.00219729
-0.00217086
-0.00208864
-0.0020875
-0.00195184
-0.00194154
-0.00196451
-0.00195826
-0.00181846
-0.00183202
-0.00180291
-0.0018201
-0.00167295
-0.00164071
-0.0016844
-0.00162816
-0.00160434
-0.00158217
-0.00145277
-0.00136013
-0.00132766
-0.00119338
-0.00112961
-0.00110213
-0.000991907
-0.000956658
-0.00089169
-0.000760168
-0.000752793
-0.00065
-0.000577105
-0.000376001
-0.000308525
-0.000291603
-0.000109823
0.000031985
0.0000884197
0.000225163
0.000365901
0.000454179
0.000550858
0.000787328
0.000855042
0.000974571
0.00104407
0.00107545
0.00129989
0.00130664
0.00137367
0.00160339
0.00166021
0.00176711
0.00186879
0.00188692
0.00206477
0.00207007
0.00221128
0.00228189
0.00236434
0.00235216
0.00255001
0.00266263
0.00266998
0.00285879
0.00287659
0.00289553
0.0029721
0.00291026
0.00309294
0.00310439
0.00326537
0.00325477
0.00336764
0.0033514
0.00332301
0.00335373
0.00338275
0.0035003
0.0035627
0.00361865
MomentY Data
-0.00588099
-0.00581741
-0.00561078
-0.00581741
-0.0055631
-0.0061353
-0.00591278
-0.00600815
-0.0055631
-0.00594457
-0.0061353
-0.00600815
-0.00561078
-0.00578562
-0.00578562
-0.00562668
-0.00591278
-0.00583331
-0.00597636
-0.00603994
-0.00572205
-0.00592868
-0.00607173
-0.00562668
-0.00616709
-0.00562668
-0.00576973
-0.0058651
-0.00618299
-0.00549952
-0.00551542
-0.00562668
-0.00589689
-0.00588099
-0.00594457
-0.00592868
-0.00594457
-0.00567436
-0.00572205
-0.00597636
-0.00592868
-0.00599225
-0.00570615
-0.00591278
-0.00594457
-0.00588099
-0.00599225
-0.00576973
-0.00572205
-0.00600815
-0.00607173
-0.00551542
-0.00576973
-0.00583331
-0.00594457
-0.00583331
-0.00581741
-0.00603994
-0.00572205
-0.00610352
-0.00578562
-0.00583331
-0.00562668
-0.00597636
-0.00597636
-0.00565847
-0.00588099
-0.00567436
-0.00602404
-0.00583331
-0.00610352
-0.00581741
-0.00576973
-0.00602404
-0.0061353
-0.00610352
-0.00603994
-0.00592868
-0.00594457
-0.00603994
-0.00588099
-0.0055631
-0.00603994
-0.00581741
-0.00632604
-0.00600815
-0.00589689
-0.00583331
-0.00591278
-0.00602404
-0.00576973
-0.00591278
-0.00607173
-0.00597636
-0.00599225
-0.00600815
-0.00572205
-0.00603994
-0.00578562
-0.00578562
-0.00588099
-0.0061353
-0.0058492
-0.00607173
-0.00599225
-0.00607173
-0.00588099
-0.00581741
-0.00610352
-0.00597636
-0.00583331
-0.00629425
-0.00588099
-0.00608762
-0.00592868
-0.00581741
-0.00603994
-0.00594457
-0.00603994
-0.00616709
-0.00567436
-0.00572205
-0.0058651
-0.00597636
-0.00607173
-0.00599225
-0.00578562
-0.00623067
-0.00607173
-0.00551542
-0.00588099
-0.00632604
-0.00597636
-0.00603994
-0.00603994
-0.00583331
-0.0055631
-0.00573794
-0.0058651
-0.00546773
-0.0055631
-0.00542005
-0.00596046
-0.00608762
-0.00608762
-0.00610352
-0.00603994
-0.00623067
-0.00616709
-0.00596046
-0.0058651
-0.00623067
-0.00603994
-0.00616709
-0.00610352
-0.00610352
-0.00572205
-0.00567436
-0.00594457
-0.00599225
-0.0058651
-0.00623067
-0.00626246
-0.00594457
-0.00603994
-0.00602404
-0.00597636
-0.00581741
-0.0058492
-0.00616709
-0.00591278
-0.00570615
-0.00603994
-0.0061353
-0.00610352
-0.00626246
-0.0061353
-0.00597636
-0.00619888
-0.00594457
-0.0061353
-0.00607173
-0.00600815
-0.00607173
-0.00603994
-0.00603994
-0.00642141
-0.00632604
-0.00576973
-0.00592868
-0.00576973
-0.00588099
-0.0058651
-0.00591278
-0.0058651
-0.00578562
-0.0058651
-0.00608762
-0.00588099
-0.0061353
-0.00603994
-0.00626246
-0.00616709
-0.00626246
-0.00642141
-0.00610352
-0.00594457
-0.00629425
-0.00567436
-0.00607173
-0.00626246
-0.00592868
-0.00589689
-0.00578562
-0.00576973
-0.00607173
-0.00607173
-0.00611941
-0.00623067
-0.00611941
-0.00600815
-0.00629425
-0.00619888
-0.00629425
-0.00626246
-0.00597636
-0.00616709
-0.00626246
-0.0064532
-0.00623067
-0.00597636
-0.00597636
-0.00638962
-0.00629425
-0.00597636
-0.00605583
-0.00611941
-0.00648499
-0.00654856
-0.00635783
-0.00635783
-0.00602404
-0.00638962
-0.00642141
-0.00635783
-0.00638962
-0.00670751
-0.00626246
-0.00651677
-0.00648499
-0.00642141
-0.00658035
-0.00661214
-0.00664393
-0.00626246
-0.00642141
-0.00626246
-0.00651677
-0.0067393
-0.00658035
-0.00651677
-0.00638962
-0.00654856
-0.00658035
-0.00658035
-0.00638962
-0.00661214
-0.00670751
-0.00642141
-0.00699361
-0.00689824
-0.00658035
-0.00667572
-0.00667572
-0.00664393
-0.00680288
-0.00670751
-0.0070254
-0.00654856
-0.00632604
-0.00654856
-0.00683467
-0.00642141
-0.00664393
-0.0067393
-0.00651677
-0.00664393
-0.00670751
-0.00705719
-0.00693003
-0.00677109
-0.0067393
-0.0067393
Field Data
-1719.08
-1711.75
-1702.38
-1691.86
-1681.83
-1671.84
-1661.52
-1651.4
-1641.41
-1631.47
-1620.83
-1611.09
-1601.22
-1590.82
-1580.83
-1570.93
-1560.7
-1550.44
-1540.17
-1530.41
-1520.42
-1510.37
-1499.94
-1490.19
-1480.13
-1469.85
-1459.74
-1449.95
-1439.53
-1429.53
-1419.36
-1409.34
-1399.51
-1389.13
-1379.03
-1369.11
-1359.09
-1348.65
-1338.84
-1328.96
-1318.49
-1308.55
-1298.68
-1288.35
-1278.24
-1268.2
-1258.07
-1248.11
-1238.14
-1227.81
-1217.91
-1207.91
-1197.77
-1187.6
-1177.57
-1167.46
-1157.43
-1147.41
-1137.39
-1127.06
-1117.05
-1107.17
-1096.78
-1086.82
-1076.48
-1066.62
-1056.8
-1046.3
-1036.51
-1026.47
-1016.24
-1006.08
-996.14
-986.209
-975.701
-965.941
-955.944
-945.642
-935.71
-925.223
-915.693
-905.353
-895.109
-885.305
-875.315
-865.239
-855.023
-844.964
-835.105
-824.624
-814.723
-804.837
-794.562
-784.418
-774.218
-764.386
-754.208
-744.146
-734.023
-724.107
-714.152
-703.737
-693.817
-683.842
-673.407
-663.676
-653.494
-643.43
-633.3
-623.209
-613.23
-603.361
-593.094
-582.903
-572.629
-562.716
-552.847
-542.81
-532.457
-522.541
-512.514
-502.271
-492.224
-482.365
-472.1
-462.02
-452.068
-442.036
-431.665
-421.606
-411.52
-401.639
-391.546
-381.271
-371.407
-361.383
-350.967
-341.19
-331.2
-320.853
-310.781
-300.97
-290.894
-280.492
-270.405
-260.621
-250.307
-240.374
-230.129
-220.125
-210.314
-199.995
-189.907
-179.941
-169.981
-159.542
-149.732
-139.736
-129.346
-119.357
-109.148
-99.2898
-89.397
-78.9482
-69.1382
-59.1189
-48.8559
-38.7473
-28.6388
-18.8807
-8.86973
1.43436
11.8811
21.7144
31.7258
41.6635
52.0096
61.9781
72.2144
82.0232
91.9212
102.039
112.572
122.279
132.203
142.75
152.593
162.953
172.824
182.662
193.128
203.024
212.907
223.058
233.376
243.291
253.272
263.549
273.525
283.48
293.922
303.639
314.093
323.86
333.822
344.178
354.156
364.148
374.266
384.614
394.398
404.349
414.59
424.662
434.647
444.592
455.156
465.059
475.125
484.946
495.071
505.548
515.318
525.301
535.682
545.589
555.528
565.824
575.855
585.718
595.771
606.097
616.291
626.233
636.204
646.127
656.693
666.478
676.312
686.624
696.799
706.502
716.837
727.051
736.993
747.171
757.357
767.163
777.486
787.326
797.285
807.635
817.515
827.477
837.803
847.89
857.77
867.921
878.141
888.206
898.036
908.436
918.218
928.748
938.482
948.295
958.866
968.729
978.658
988.947
998.954
1008.88
1018.99
1029.31
1039.09
1049.5
1059.4
1069.26
1079.68
1089.58
1099.48
1109.77
1119.97
1129.82
1139.85
1150.22
1160.36
1170.26
1180.22
1190.23
1200.68
1210.39
1220.43
Time Data
0
0.3
0.6
0.9
1.2
1.5
1.8
2.1
2.4
2.7
3
3.3
3.6
3.9
4.2
4.5
4.8
5.1
5.4
5.7
6
6.3
6.6
6.9
7.2
7.5
7.8
8.1
8.4
8.7
9
9.3
9.6
9.9
10.2
10.5
10.8
11.1
11.4
11.7
12
12.3
12.6
12.9
13.2
13.5
13.8
14.1
14.4
14.7
15
15.3
15.6
15.9
16.2
16.5
16.8
17.1
17.4
17.7
18
18.3
18.6
18.9
19.2
19.5
19.8
20.1
20.4
20.7
21
21.3
21.6
21.9
22.2
22.5
22.8
23.1
23.4
23.7
24
24.3
24.6
24.9
25.2
25.5
25.8
26.1
26.4
26.7
27
27.3
27.6
27.9
28.2
28.5
28.8
29.1
29.4
29.7
30.0000000000001
30.3000000000001
30.6000000000001
30.9000000000001
31.2000000000001
31.5000000000001
31.8000000000001
32.1000000000001
32.4
32.7
33
33.3
33.6
33.9
34.2
34.5
34.8
35.1
35.4
35.7
36
36.3
36.6
36.9
37.2
37.5
37.8
38.1
38.4
38.7
39
39.3
39.6
39.9
40.2
40.5
40.8
41.1
41.4
41.7
42
42.3
42.6
42.8999999999999
43.1999999999999
43.4999999999999
43.7999999999999
44.0999999999999
44.3999999999999
44.6999999999999
44.9999999999999
45.2999999999999
45.5999999999999
45.8999999999999
46.1999999999999
46.4999999999999
46.7999999999999
47.0999999999999
47.3999999999999
47.6999999999999
47.9999999999999
48.2999999999999
48.5999999999999
48.8999999999999
49.1999999999999
49.4999999999999
49.7999999999999
50.0999999999999
50.3999999999999
50.6999999999999
50.9999999999999
51.2999999999999
51.5999999999999
51.8999999999999
52.1999999999999
52.4999999999999
52.7999999999999
53.0999999999999
53.3999999999998
53.6999999999998
53.9999999999998
54.2999999999998
54.5999999999998
54.8999999999998
55.1999999999998
55.4999999999998
55.7999999999998
56.0999999999998
56.3999999999998
56.6999999999998
56.9999999999998
57.2999999999998
57.5999999999998
57.8999999999998
58.1999999999998
58.4999999999998
58.7999999999998
59.0999999999998
59.3999999999998
59.6999999999998
59.9999999999998
60.2999999999998
60.5999999999998
60.8999999999998
61.1999999999998
61.4999999999998
61.7999999999998
62.0999999999998
62.3999999999998
62.6999999999998
62.9999999999998
63.2999999999998
63.5999999999998
63.8999999999998
64.1999999999997
64.4999999999997
64.7999999999997
65.0999999999997
65.3999999999997
65.6999999999997
65.9999999999997
66.2999999999997
66.5999999999997
66.8999999999997
67.1999999999997
67.4999999999997
67.7999999999997
68.0999999999997
68.3999999999997
68.6999999999997
68.9999999999997
69.2999999999997
69.5999999999997
69.8999999999997
70.1999999999997
70.4999999999997
70.7999999999997
71.0999999999997
71.3999999999997
71.6999999999997
71.9999999999997
72.2999999999997
72.5999999999997
72.8999999999997
73.1999999999997
73.4999999999997
73.7999999999997
74.0999999999997
74.3999999999997
74.6999999999996
74.9999999999996
75.2999999999996
75.5999999999996
75.8999999999996
76.1999999999996
76.4999999999996
76.7999999999996
77.0999999999996
77.3999999999996
77.6999999999996
77.9999999999996
78.2999999999996
78.5999999999996
78.8999999999996
79.1999999999996
79.4999999999996
79.7999999999996
80.0999999999996
80.3999999999996
80.6999999999996
80.9999999999996
81.2999999999996
81.5999999999996
81.8999999999996
82.1999999999996
82.4999999999996
82.7999999999996
83.0999999999996
83.3999999999996
83.6999999999996
83.9999999999996
84.2999999999996
84.5999999999996
84.8999999999996
85.1999999999995
85.4999999999995
85.7999999999995
86.0999999999995
86.3999999999995
86.6999999999995
86.9999999999995
87.2999999999995
87.5999999999995
Temperature Data
0
0
0
0
0
0
0
0
0
0
0
0
0
0
0
0
0
0
0
0
0
0
0
0
0
0
0
0
0
0
0
0
0
0
0
0
0
0
0
0
0
0
0
0
0
0
0
0
0
0
0
0
0
0
0
0
0
0
0
0
0
0
0
0
0
0
0
0
0
0
0
0
0
0
0
0
0
0
0
0
0
0
0
0
0
0
0
0
0
0
0
0
0
0
0
0
0
0
0
0
0
0
0
0
0
0
0
0
0
0
0
0
0
0
0
0
0
0
0
0
0
0
0
0
0
0
0
0
0
0
0
0
0
0
0
0
0
0
0
0
0
0
0
0
0
0
0
0
0
0
0
0
0
0
0
0
0
0
0
0
0
0
0
0
0
0
0
0
0
0
0
0
0
0
0
0
0
0
0
0
0
0
0
0
0
0
0
0
0
0
0
0
0
0
0
0
0
0
0
0
0
0
0
0
0
0
0
0
0
0
0
0
0
0
0
0
0
0
0
0
0
0
0
0
0
0
0
0
0
0
0
0
0
0
0
0
0
0
0
0
0
0
0
0
0
0
0
0
0
0
0
0
0
0
0
0
0
0
0
0
0
0
0
0
0
0
0
0
0
0
0
0
0
0
0
0
0
0
0
0
0
0
0
0
0
0
0
0
0
0
0
0
0
Angle Data
0
0
0
0
0
0
0
0
0
0
0
0
0
0
0
0
0
0
0
0
0
0
0
0
0
0
0
0
0
0
0
0
0
0
0
0
0
0
0
0
0
0
0
0
0
0
0
0
0
0
0
0
0
0
0
0
0
0
0
0
0
0
0
0
0
0
0
0
0
0
0
0
0
0
0
0
0
0
0
0
0
0
0
0
0
0
0
0
0
0
0
0
0
0
0
0
0
0
0
0
0
0
0
0
0
0
0
0
0
0
0
0
0
0
0
0
0
0
0
0
0
0
0
0
0
0
0
0
0
0
0
0
0
0
0
0
0
0
0
0
0
0
0
0
0
0
0
0
0
0
0
0
0
0
0
0
0
0
0
0
0
0
0
0
0
0
0
0
0
0
0
0
0
0
0
0
0
0
0
0
0
0
0
0
0
0
0
0
0
0
0
0
0
0
0
0
0
0
0
0
0
0
0
0
0
0
0
0
0
0
0
0
0
0
0
0
0
0
0
0
0
0
0
0
0
0
0
0
0
0
0
0
0
0
0
0
0
0
0
0
0
0
0
0
0
0
0
0
0
0
0
0
0
0
0
0
0
0
0
0
0
0
0
0
0
0
0
0
0
0
0
0
0
0
0
0
0
0
0
0
0
0
0
0
0
0
0
0
0
0
0
0
0
Bx Data
0
0
0
0
0
0
0
0
0
0
0
0
0
0
0
0
0
0
0
0
0
0
0
0
0
0
0
0
0
0
0
0
0
0
0
0
0
0
0
0
0
0
0
0
0
0
0
0
0
0
0
0
0
0
0
0
0
0
0
0
0
0
0
0
0
0
0
0
0
0
0
0
0
0
0
0
0
0
0
0
0
0
0
0
0
0
0
0
0
0
0
0
0
0
0
0
0
0
0
0
0
0
0
0
0
0
0
0
0
0
0
0
0
0
0
0
0
0
0
0
0
0
0
0
0
0
0
0
0
0
0
0
0
0
0
0
0
0
0
0
0
0
0
0
0
0
0
0
0
0
0
0
0
0
0
0
0
0
0
0
0
0
0
0
0
0
0
0
0
0
0
0
0
0
0
0
0
0
0
0
0
0
0
0
0
0
0
0
0
0
0
0
0
0
0
0
0
0
0
0
0
0
0
0
0
0
0
0
0
0
0
0
0
0
0
0
0
0
0
0
0
0
0
0
0
0
0
0
0
0
0
0
0
0
0
0
0
0
0
0
0
0
0
0
0
0
0
0
0
0
0
0
0
0
0
0
0
0
0
0
0
0
0
0
0
0
0
0
0
0
0
0
0
0
0
0
0
0
0
0
0
0
0
0
0
0
0
0
0
0
0
0
0
Hint Data
0
0
0
0
0
0
0
0
0
0
0
0
0
0
0
0
0
0
0
0
0
0
0
0
0
0
0
0
0
0
0
0
0
0
0
0
0
0
0
0
0
0
0
0
0
0
0
0
0
0
0
0
0
0
0
0
0
0
0
0
0
0
0
0
0
0
0
0
0
0
0
0
0
0
0
0
0
0
0
0
0
0
0
0
0
0
0
0
0
0
0
0
0
0
0
0
0
0
0
0
0
0
0
0
0
0
0
0
0
0
0
0
0
0
0
0
0
0
0
0
0
0
0
0
0
0
0
0
0
0
0
0
0
0
0
0
0
0
0
0
0
0
0
0
0
0
0
0
0
0
0
0
0
0
0
0
0
0
0
0
0
0
0
0
0
0
0
0
0
0
0
0
0
0
0
0
0
0
0
0
0
0
0
0
0
0
0
0
0
0
0
0
0
0
0
0
0
0
0
0
0
0
0
0
0
0
0
0
0
0
0
0
0
0
0
0
0
0
0
0
0
0
0
0
0
0
0
0
0
0
0
0
0
0
0
0
0
0
0
0
0
0
0
0
0
0
0
0
0
0
0
0
0
0
0
0
0
0
0
0
0
0
0
0
0
0
0
0
0
0
0
0
0
0
0
0
0
0
0
0
0
0
0
0
0
0
0
0
0
0
0
0
0
Torque Data
10.1098922892
9.9579515675
9.5516796564
9.8422432826
9.356188473
10.257239952
9.8242022256
9.92185891
9.131327971
9.6983876179
9.944278299
9.6796703835
8.9840931516
9.2038800084
9.1460816646
8.8391204124
9.228075746
9.0441971564
9.2046103812
9.2435845754
8.699919261
8.9545004116
9.1072306962
8.3848222692
9.1280949217
8.270375598
8.4223056702
8.504101745
8.9005995947
7.8617288256
7.8283665312
7.9299051912
8.2527565239
8.1694596387
8.1977403671
8.1170150748
8.0792056413
7.652725614
7.660909422
7.9423433856
7.8169052932
7.8411587375
7.410462882
7.617730113
7.5985871568
7.458271518
7.5386699575
7.2012577103
7.084698987
7.3768666515
7.3948206843
6.6621309722
6.9108095021
6.927638956
7.0001472949
6.8101560926
6.7332448563
6.9302875554
6.5082024495
6.8790332512
6.462826821
6.4584658327
6.1712300904
6.4952275752
6.4334320128
6.0354372714
6.215030232
5.937082868
6.2439777004
5.9877177157
6.2026411648
5.8527798528
5.7474588422
5.94096246436
5.9862183453
5.89564021232
5.77384440336
5.60640881256
5.5623935947
5.58829140662
5.38518137607
5.0365692743
5.40640465346
5.15018216005
5.5372777026
5.19848569785
5.04197657847
4.92893695084
4.9377921419
4.96756796096
4.70073173479
4.75882411686
4.82436593226
4.68796435848
4.6393078105
4.5925457459
4.3156158864
4.49459719124
4.24677814926
4.18940794134
4.19992077048
4.3176376161
4.0582743964
4.15210398666
4.03522309575
4.02966147948
3.84319167906
3.7430961163
3.865359216
3.72452133924
3.5771606913
3.79770497425
3.48797988306
3.54849196086
3.39493409972
3.27354968556
3.33916270918
3.2267720417
3.21600833258
3.22255737569
2.90818894104
2.87401977555
2.8869429824
2.8827868914
2.866463733
2.768539345
2.61549366216
2.75418044412
2.62095333045
2.32533416452
2.4201450048
2.54078437956
2.34001985256
2.30285396374
2.24327599558
2.10805906773
1.9524645177
1.9577277486
1.94252112
1.75433757369
1.7289057811
1.6312724485
1.73386205124
1.70752870904
1.6461228861
1.59070548592
1.51183926158
1.49769107058
1.41922625461
1.3120462575
1.2335126414
1.24610284665
1.14702688558
1.10971234169
1.03748243312
0.97376778784
0.8567739906
0.79291236896
0.76890635122
0.71521698325
0.6401639348
0.618641978166
0.55984513662
0.469313101274
0.417590579708
0.356134618356
0.291980446524
0.225408930493
0.16751406896
0.116438976163
0.0524447621494
-0.008184673314
-0.071761131134
-0.13322435832
-0.193639054816
-0.26091600221
-0.31909449888
-0.370403437716
-0.447648399872
-0.487592654024
-0.56396413836
-0.61955325747
-0.6763494618
-0.74244507267
-0.79849818782
-0.862201435
-0.97986221613
-1.03084719612
-0.99714781752
-1.08294454616
-1.11429641544
-1.19398211376
-1.2487208457
-1.31889288124
-1.3687735776
-1.40758927542
-1.4854656072
-1.60438616338
-1.60859778975
-1.739234844
-1.77527124468
-1.90152709194
-1.93703979937
-2.0281602956
-2.14360792902
-2.10069730656
-2.10530513292
-2.292038549
-2.12372001976
-2.33527236222
-2.46990169908
-2.39725582932
-2.4447916251
-2.45693296044
-2.50779583531
-2.69944258416
-2.76358433988
-2.84588669519
-2.96034708375
-2.96758340186
-2.97446082865
-3.182045499
-3.19439444384
-3.30637581925
-3.35468709772
-3.26063627604
-3.42599117352
-3.54345016704
-3.716107486
-3.64941557106
-3.56054197356
-3.62225386692
-3.93786529942
-3.94166706025
-3.80218413744
-3.91283527041
-4.01857371113
-4.32210316522
-4.42886971072
-4.36543866592
-4.43012958617
-4.25599630808
-4.58031603194
-4.66869256191
-4.68567620519
-4.77413876502
-5.07997965107
-4.80432760098
-5.06669744022
-5.10580123674
-5.11969387185
-5.31452097225
-5.4055236321
-5.49769926461
-5.24670777538
-5.4446493249
-5.3717503142
-5.65604153517
-5.9180556413
-5.8447063521
-5.85229406372
-5.80456083432
-6.01300566608
-6.1114869018
-6.1755400287
-6.0592446979
-6.34015623324
-6.49775945479
-6.28436426778
-6.91630962867
-6.89102444096
-6.638783508
-6.8024919228
-6.8713853532
-6.9036412237
-7.13962256
-7.105936094
-7.511979204
-7.0703492608
-6.8927266632
-7.2000107488
-7.5849117259
-7.1917865577
-7.5064449926
-7.681791105
-7.4957191894
-7.7093506148
-7.8495306526
-8.3290367818
-8.2483296069
-8.1299123412
-8.157181327
-8.224843899
dMdH Data
3.04774897680767E-06
-2.59551760939175E-06
5.75665399239535E-06
-5.69690927218344E-06
2.82882882882878E-06
-6.87984496123984E-07
3.79743083003956E-06
-8.22822822822884E-07
-1.17002012072428E-06
1.468984962406E-06
1.33059548254622E-06
-8.10536980750215E-08
2.97788461538459E-06
-3.2862862862863E-06
2.06868686868696E-06
-8.89540566959979E-07
4.08966861598447E-06
-1.34274586173325E-06
2.75000000000002E-06
-3.64164164164163E-06
2.27960199004972E-06
2.62703739213747E-07
3.10666666666672E-06
-2.23856858846918E-06
1.65077821011668E-06
-8.77349159248301E-07
2.46169560776303E-06
5.37428023032764E-08
4.62600000000002E-06
-2.78466076696164E-06
-4.92015968063894E-07
1.93387589013225E-06
2.35356454720617E-06
-4.10693069306925E-06
7.59072580645194E-07
3.98602794411174E-06
-4.16666666666667E-06
2.68603465851164E-06
2.49797570850206E-06
3.55205348615093E-06
-4.32897384305836E-06
-1.29280648429583E-06
-1.66118102613748E-06
5.33135509396642E-06
-1.29880478087647E-06
2.84896347482725E-06
-1.57028112449807E-06
2.54262788365104E-06
-8.27686350435651E-07
4.4737373737375E-06
-1.74300000000006E-06
-7.62327416173569E-07
-2.41396263520155E-06
5.02592223330019E-06
3.50840751730956E-06
-3.32901296111661E-06
2.29840319361272E-06
3.83732534930147E-06
-2.38915779283636E-06
-3.12387612387612E-06
5.02935222672069E-06
3.27237728584901E-08
3.01204819277112E-06
-2.9748549323018E-06
3.71298174442189E-06
9.49083503054924E-07
-1.0485714285714E-06
-1.68539325842671E-07
3.84462151394421E-06
-2.52590420332356E-06
-2.23129921259841E-06
5.49698189134805E-06
-3.24942100493404E-06
4.84963837076517E-06
1.18032786885247E-06
-8.68260478143486E-07
-1.0823141137643E-06
2.71546516310917E-06
8.52484027843973E-07
2.88247639034628E-06
-3.33752417794968E-06
1.17532213978912E-06
-5.54875560995485E-07
5.43943943943949E-06
-1.30607383882492E-06
1.53093187157399E-06
-2.72790535838554E-06
4.920377320215E-06
-2.93960499952295E-06
4.75305524694475E-06
9.22516690269075E-07
-1.5124087591241E-06
4.04179810725717E-08
-1.65784313725487E-06
5.20036615134251E-06
2.28139123599922E-06
8.57682369310311E-07
-1.15282031018474E-06
6.67607906413844E-07
-8.11652435961806E-07
2.73643783005278E-06
5.8921370967742E-06
-6.98947368421048E-06
5.47196933397216E-07
3.20213749871546E-06
7.38558240031428E-07
1.34240858505563E-06
4.02665350444223E-06
1.02467545337431E-06
-4.60066138891677E-06
-3.392440976796E-06
9.04840751923644E-06
-1.3246982631736E-07
1.32859645707612E-06
3.66185816604471E-07
6.2113689330226E-07
6.96423234034084E-07
-6.85791558002547E-07
4.780153287616E-06
-4.7930587413982E-06
3.71668456506886E-06
1.11077933711552E-06
3.34922405923526E-06
-1.06770579639552E-06
3.86706349206344E-06
-2.70699356913184E-06
4.09190590111647E-06
-5.62433709381932E-06
5.89621234715178E-06
2.71366250247869E-06
4.97318085214049E-06
-1.75369067670665E-06
-8.27250608272238E-08
-3.00689375506896E-06
4.63687150837991E-06
2.16013824884801E-07
3.52357573897925E-06
3.03003003003001E-06
-2.5968879868561E-06
4.22061159650516E-06
-2.6755682397309E-06
-5.67685589519678E-07
2.77254374158816E-06
1.90244869634183E-06
-2.96095666394114E-06
4.03723094822575E-06
2.54404510218464E-06
-1.69350902879455E-06
-6.32746901239519E-07
5.90867393741719E-06
-3.98682042833607E-06
1.04203013481364E-05
-6.04756170981335E-06
5.0502008032129E-07
4.26956605038796E-06
5.73088685015291E-06
3.23829531812724E-06
4.92974013474498E-06
-9.67664430873963E-06
5.22969928494465E-06
-4.81832383193685E-07
8.02603913957629E-06
-1.30158487099E-06
2.17737003058106E-06
-9.23218188895446E-07
5.0764883562314E-07
7.03460419840529E-06
-6.37087599544938E-06
-9.39732119982348E-07
3.15553837440325E-06
1.67991545104905E-06
3.82894568066211E-06
2.63492418618369E-06
-1.34346844597158E-06
-2.26209283838313E-06
4.90716308560713E-06
4.54632091086926E-06
2.3250588591581E-06
8.00607617649455E-06
-5.62234794908062E-06
1.61201051612009E-06
3.47479350612364E-06
1.38559802204594E-06
-3.28395808141877E-06
6.93562150374511E-06
-4.34014020115819E-06
1.12442084942085E-05
-8.3578158241313E-07
-3.66334620857896E-06
3.31358685266579E-06
6.66936135812432E-07
1.01416573914803E-05
-6.89685745246776E-06
5.42740841248443E-08
1.99798285426121E-06
3.42550846608556E-06
3.47183030067142E-06
3.85425020048113E-06
3.13611250627826E-06
6.25550660792949E-06
-2.98137285170317E-06
5.74325616988711E-06
-8.84201904371867E-06
1.20809074483036E-05
6.69660100424876E-06
2.52756063339345E-06
-7.03763010408326E-06
8.63510575212495E-06
5.23869346733669E-06
4.90596892886355E-07
-5.08290624057887E-06
5.18601699052831E-06
-2.97855440826436E-08
2.64697045568352E-06
8.26747109100051E-06
1.07913669064764E-07
1.36988791275371E-05
1.0232465726207E-06
-2.33886569595763E-06
6.17283950617302E-07
1.33435143647991E-05
-1.38792221084953E-06
2.91595712711607E-06
-1.65590983527599E-06
1.48531341475724E-05
3.24378710131805E-06
-4.24339549339551E-06
5.60661947961316E-06
2.41508668762041E-06
2.20531184720981E-06
1.25314739492543E-05
9.08769864626244E-06
3.2659424663046E-06
1.3467054457928E-05
6.42648392623197E-06
2.6007950028393E-06
1.12644864588656E-05
3.5844010575554E-06
6.30023273855701E-06
1.29259950859951E-05
7.6007420385448E-07
9.94610546686015E-06
7.13677305658896E-06
2.0227720780527E-05
6.62959324032227E-06
1.66129982328688E-06
1.85376300224352E-05
1.37370919306403E-05
5.73523373983738E-06
1.37306255648158E-05
1.35978743961352E-05
8.93502024291498E-06
9.7047781569966E-06
2.29004454774356E-05
6.71299692673739E-06
1.20980769230769E-05
6.84651758447439E-06
3.07045009784737E-06
2.22990561351216E-05
6.86673448626661E-07
6.44519230769226E-06
2.34839501124516E-05
5.39601139601137E-06
1.09821245120198E-05
1.03617650056048E-05
1.71506952984581E-06
1.80320389333873E-05
5.33789908349256E-07
1.37243658275829E-05
7.05606075746981E-06
8.30646786218009E-06
-1.20474777448072E-06
1.91715116279071E-05
1.15153374233129E-05
7.06051873198856E-07
1.9071717171717E-05
1.80527383367143E-06
1.81765834932819E-06
7.73434343434356E-06
-6.2464646464646E-06
1.77531584062197E-05
1.1225490196078E-06
1.6343147208122E-05
-1.0568295114656E-06
1.08842815814849E-05
-1.60157790927022E-06
-2.86767676767675E-06
3.08433734939759E-06
2.89910089910088E-06
1.12488038277512E-05
6.42636457260551E-06
5.57270916334667E-06
5.57270916334667E-06
dMdT Data
0
0
0
0
0
0
0
0
0
0
0
0
0
0
0
0
0
0
0
0
0
0
0
0
0
0
0
0
0
0
0
0
0
0
0
0
0
0
0
0
0
0
0
0
0
0
0
0
0
0
0
0
0
0
0
0
0
0
0
0
0
0
0
0
0
0
0
0
0
0
0
0
0
0
0
0
0
0
0
0
0
0
0
0
0
0
0
0
0
0
0
0
0
0
0
0
0
0
0
0
0
0
0
0
0
0
0
0
0
0
0
0
0
0
0
0
0
0
0
0
0
0
0
0
0
0
0
0
0
0
0
0
0
0
0
0
0
0
0
0
0
0
0
0
0
0
0
0
0
0
0
0
0
0
0
0
0
0
0
0
0
0
0
0
0
0
0
0
0
0
0
0
0
0
0
0
0
0
0
0
0
0
0
0
0
0
0
0
0
0
0
0
0
0
0
0
0
0
0
0
0
0
0
0
0
0
0
0
0
0
0
0
0
0
0
0
0
0
0
0
0
0
0
0
0
0
0
0
0
0
0
0
0
0
0
0
0
0
0
0
0
0
0
0
0
0
0
0
0
0
0
0
0
0
0
0
0
0
0
0
0
0
0
0
0
0
0
0
0
0
0
0
0
0
0
0
0
0
0
0
0
0
0
0
0
0
0
0
0
0
0
0
0
 
*********************************************** Results ***************************************
 
TotalArea 0
AreaFirstQuad 0
AreaSecondQuad 0
AreaThirdQuad 0
AreaFourthQuad 0
Coercivity 0
PositiveCoercivity 0
NegativeCoercivity 0
Retentivity 1.89989695728845E-03
PositiveRetentivity 7.56294311050537E-04
NegativeRetentivity -3.04349960352637E-03
Magnetization 0.00405183
PositiveMagnetization 0.00361865
NegativeMagnetization -0.00448501
Flatness 2.60192877400576
Squareness 0.468898487174549
SStar 0
SFD1 0
SFD2 0
Slope 0
Intercept 0
SlopeAtHc 5.57270916334667E-06
dH1 311.688556332234
dH2 73.5994999999999
InitialSlope 3.04774897680767E-06
FieldAtHalfMs 942.556112854052
FieldAtMs 1220.43
MomentMean -2.48459329795222E-03
MomentRMS 2.21208995856851E-03
SFD3 0
dH3 623.377112664467
UserField1 0
UserField2 0
CenterField 0
ExchangeField 0
ExchangeMoment 0
ExRegionOneIntercept 0
ExRegionOneSlope 0
ExRegionTwoIntercept 0
ExRegionTwoSlope 0
NegativeIntercept 0
NegativeSlope 0
AutoCenterOffset 0
PinningField 0
PinningMoment 0
PinRegionOneIntercept 0
PinRegionOneSlope 0
PinRegionTwoIntercept 0
PinRegionTwoSlope 0
PositiveIntercept 0
PositiveSlope 0
TotalOffset 0
BHMax 0
BCoercivity 0
BRetentivity 0
BNegativeCoercivity 0
BPositiveCoercivity 0
BNegativeRetentivity 0
BPositiveRetentivity 0
MomentYMean -6.07389648464164E-03
MomentYRMS 3.15301269492246E-04
YOffCorrection 0
Mrt 0
Ms1 0
Ms2 0
Ms3 0
Hc2 0
Hex2 0
HsatValue 0
HsatIntercept 0
HsatSlope 0
CenterH 0
Span .00810366
SpanAsPercentOfRange -152.899245283019
RMSAsPercentOfRange -41.7375463880851
SpanAsPercentOfMean -326.156397776609
RMSAsPercentOfMean -89.0322758413498
