Version 1.25
******************************************** Units *******************************************
System CGS
TemperatureUnit K
MomentUnit emu
AppliedFieldUnit G
 
******************************************** Setup ********************************************
 
Experiment CustomField
Minor False
Acquisition Continuous
EditedPoint No
MaxField 15000
FieldIncrement 100
Points 293
MinField 0
RampRate 10
AverageTime 0.3
TimeInterval 0
TimeConstant 0.1
TimeConstantIndex 0
Sensitivity -0.0053
SensitivityIndex 5
SensitivityY -400
SensitivityIndexY 0
SaturationField 8000
ExperimentTime 100
Use735Domains True
AutoRangeEnabled False
NumberOfVertices 2
VertexPts
0
292
VertexField
-2427.9031
523.8095
StartAngle 0
EndAngle 0
AngleIncrement 0
StartTemp 0
FinishTemp 0
TempIncrement 0
TempPoints 0
LengthofSetPointsArray 293
SetPointArray
-2427.90309
-2417.79449
-2407.68588
-2397.57728
-2387.46867
-2377.36007
-2367.25146
-2357.14286
-2347.03425
-2336.92565
-2326.81704
-2316.70844
-2306.59983
-2296.49123
-2286.38262
-2276.27402
-2266.16541
-2256.05681
-2245.9482
-2235.8396
-2225.73099
-2215.62239
-2205.51378
-2195.40518
-2185.29657
-2175.18797
-2165.07937
-2154.97076
-2144.86216
-2134.75355
-2124.64495
-2114.53634
-2104.42774
-2094.31913
-2084.21053
-2074.10192
-2063.99332
-2053.88471
-2043.77611
-2033.6675
-2023.5589
-2013.45029
-2003.34169
-1993.23308
-1983.12448
-1973.01587
-1962.90727
-1952.79866
-1942.69006
-1932.58145
-1922.47285
-1912.36424
-1902.25564
-1892.14703
-1882.03843
-1871.92982
-1861.82122
-1851.71261
-1841.60401
-1831.49541
-1821.3868
-1811.2782
-1801.16959
-1791.06099
-1780.95238
-1770.84378
-1760.73517
-1750.62657
-1740.51796
-1730.40936
-1720.30075
-1710.19215
-1700.08354
-1689.97494
-1679.86633
-1669.75773
-1659.64912
-1649.54052
-1639.43191
-1629.32331
-1619.2147
-1609.1061
-1598.99749
-1588.88889
-1578.78028
-1568.67168
-1558.56307
-1548.45447
-1538.34586
-1528.23726
-1518.12865
-1508.02005
-1497.91145
-1487.80284
-1477.69424
-1467.58563
-1457.47703
-1447.36842
-1437.25982
-1427.15121
-1417.04261
-1406.934
-1396.8254
-1386.71679
-1376.60819
-1366.49958
-1356.39098
-1346.28237
-1336.17377
-1326.06516
-1315.95656
-1305.84795
-1295.73935
-1285.63074
-1275.52214
-1265.41353
-1255.30493
-1245.19632
-1235.08772
-1224.97911
-1214.87051
-1204.7619
-1194.6533
-1184.5447
-1174.43609
-1164.32749
-1154.21888
-1144.11028
-1134.00167
-1123.89307
-1113.78446
-1103.67586
-1093.56725
-1083.45865
-1073.35004
-1063.24144
-1053.13283
-1043.02423
-1032.91562
-1022.80702
-1012.69841
-1002.58981
-992.4812
-982.3726
-972.26399
-962.15539
-952.04678
-941.93818
-931.82957
-921.72097
-911.61236
-901.50376
-891.39515
-881.28655
-871.17794
-861.06934
-850.96074
-840.85213
-830.74353
-820.63492
-810.52632
-800.41771
-790.30911
-780.2005
-770.0919
-759.98329
-749.87469
-739.76608
-729.65748
-719.54887
-709.44027
-699.33166
-689.22306
-679.11445
-669.00585
-658.89724
-648.78864
-638.68003
-628.57143
-618.46282
-608.35422
-598.24561
-588.13701
-578.0284
-567.9198
-557.81119
-547.70259
-537.59398
-527.48538
-517.37678
-507.26817
-497.15957
-487.05096
-476.94236
-466.83375
-456.72515
-446.61654
-436.50794
-426.39933
-416.29073
-406.18212
-396.07352
-385.96491
-375.85631
-365.7477
-355.6391
-345.53049
-335.42189
-325.31328
-315.20468
-305.09607
-294.98747
-284.87886
-274.77026
-264.66165
-254.55305
-244.44444
-234.33584
-224.22723
-214.11863
-204.01003
-193.90142
-183.79282
-173.68421
-163.57561
-153.467
-143.3584
-133.24979
-123.14119
-113.03258
-102.92398
-92.81537
-82.70677
-72.59816
-62.48956
-52.38095
-42.27235
-32.16374
-22.05514
-11.94653
-1.83793
8.27068
18.37928
28.48789
38.59649
48.7051
58.8137
68.92231
79.03091
89.13952
99.24812
109.35673
119.46533
129.57393
139.68254
149.79114
159.89975
170.00835
180.11696
190.22556
200.33417
210.44277
220.55138
230.65998
240.76859
250.87719
260.9858
271.0944
281.20301
291.31161
301.42022
311.52882
321.63743
331.74603
341.85464
351.96324
362.07185
372.18045
382.28906
392.39766
402.50627
412.61487
422.72348
432.83208
442.94069
453.04929
463.15789
473.2665
483.3751
493.48371
503.59231
513.70092
523.80952
FieldDomainFile C:\IDEASVSM\Default UserID\Experiments\FORCexp0350B\fdomain.ini
TempDomainFile C:\IDEASVSM\Default UserID\Experiments\FORCexp0350B\tdomain.ini
NumSelectedResults 0
ResultsSelected 
UserName1 
UserValue1 
UserName2 
UserValue2 
LinearBackgroundCorrection Off
MaxLinearFieldCorrection 
MinLinearFieldCorrection 
AutoLinearCorrection Off
FitOneRegion Off
BackgroundMode Off
BackgroundFilename 
AutoCenter Off
OffsetCorrection 
SmoothDeriv Off
DerivOrder 0
DerivPoints 0
MinExFieldOne 
MaxExFieldOne 
MinExFieldTwo 
MaxExFieldTwo 
MinPinFieldOne 
MaxPinFieldOne 
MinPinFieldTwo 
MaxPinFieldTwo 
HCenterStart 
Mass 
Volume 
Density 
MolarWeight 
NumberOfMoles 
Demagnetization 
SampleArea 
Thickness 
MomentScaling 0
XAxis 0
YAxis 0
SimpleSpinValve False
HsatMax 0
HsatMin 0
FieldAutoRange False
 
*************************************************** Experiment Data ********************************************
 
DataPoints 293
MomentX Data
-0.00475451
-0.00477887
-0.00479
-0.00481847
-0.00482671
-0.00480854
-0.00478286
-0.00482668
-0.00479103
-0.00479849
-0.00477835
-0.0048193
-0.00478436
-0.00476869
-0.00478389
-0.00475447
-0.00475842
-0.00477822
-0.00477415
-0.00473008
-0.00472364
-0.00473652
-0.0047603
-0.00474298
-0.00474794
-0.00474048
-0.00474477
-0.00472166
-0.00472805
-0.00475342
-0.00473999
-0.00471453
-0.00471946
-0.00469184
-0.00470183
-0.00467422
-0.00466687
-0.00468837
-0.00469952
-0.0046779
-0.00469865
-0.00468414
-0.00468772
-0.00469205
-0.00466284
-0.00469854
-0.00464545
-0.00464986
-0.00463599
-0.00464854
-0.00462484
-0.00466512
-0.00464944
-0.00463074
-0.00461462
-0.0046397
-0.00463038
-0.00463754
-0.00463678
-0.00464699
-0.0046136
-0.00458305
-0.00461741
-0.00457941
-0.00461973
-0.00460074
-0.00461423
-0.00460052
-0.00458169
-0.00456068
-0.00457104
-0.00454729
-0.00457892
-0.00454882
-0.00454596
-0.00455501
-0.00455466
-0.00454317
-0.00452361
-0.00453786
-0.00453333
-0.0045195
-0.0045532
-0.00453138
-0.00449449
-0.00450958
-0.00448382
-0.00450588
-0.00452182
-0.00450745
-0.00447882
-0.00444361
-0.00444097
-0.0044348
-0.00443956
-0.00444732
-0.0044481
-0.00444354
-0.00442445
-0.00442668
-0.00443306
-0.00439101
-0.004389
-0.00440747
-0.0044186
-0.0043909
-0.00437517
-0.00439853
-0.0044359
-0.00442507
-0.00435579
-0.00436942
-0.00434703
-0.00437485
-0.00439859
-0.00431665
-0.00432243
-0.00429469
-0.00434588
-0.00429923
-0.00430646
-0.00426658
-0.0043152
-0.00429367
-0.00429378
-0.00425397
-0.00426987
-0.00429266
-0.00427023
-0.00424578
-0.00422834
-0.00421347
-0.00421348
-0.00424459
-0.00428418
-0.00422808
-0.00421948
-0.00426219
-0.00419859
-0.00425896
-0.00417333
-0.00418351
-0.00415363
-0.00423192
-0.00414561
-0.00411627
-0.00416412
-0.00413038
-0.00412303
-0.00413772
-0.0041405
-0.00410313
-0.00410652
-0.004099
-0.00406173
-0.00409442
-0.00406967
-0.00406062
-0.00404224
-0.00403673
-0.00400576
-0.00399312
-0.00403216
-0.00400249
-0.00401259
-0.00401279
-0.00396774
-0.00400161
-0.00397908
-0.0040188
-0.00397847
-0.00390512
-0.00394441
-0.00394
-0.00391431
-0.00396627
-0.00394868
-0.00385184
-0.00384246
-0.0038362
-0.0038444
-0.00387789
-0.00386737
-0.00386161
-0.00383342
-0.00388856
-0.00386008
-0.00383823
-0.00371415
-0.00375106
-0.00372422
-0.00375305
-0.0037527
-0.00372964
-0.00374884
-0.00374501
-0.00368792
-0.00373664
-0.0037166
-0.0036724
-0.00364118
-0.00367073
-0.00361261
-0.0036923
-0.00372861
-0.00364658
-0.00359511
-0.00361379
-0.00353122
-0.00358394
-0.00365184
-0.00358524
-0.00349305
-0.0034524
-0.00350192
-0.00348394
-0.00347591
-0.00350082
-0.00349083
-0.00343135
-0.00342167
-0.00347554
-0.00341879
-0.00348442
-0.00343384
-0.00336634
-0.00336817
-0.00338049
-0.00331223
-0.00334179
-0.0033345
-0.00323097
-0.00320532
-0.0032323
-0.00324572
-0.00321295
-0.00321968
-0.00316243
-0.00314045
-0.00317853
-0.00324033
-0.00316426
-0.00308957
-0.00304885
-0.00309623
-0.00307367
-0.0030849
-0.00308457
-0.00310469
-0.00303006
-0.00297003
-0.00295126
-0.00298604
-0.00294756
-0.00300842
-0.00290298
-0.00286594
-0.00290162
-0.00284312
-0.00279313
-0.00281122
-0.00276444
-0.00278274
-0.00285124
-0.00280554
-0.00267351
-0.00274114
-0.00268235
-0.00264639
-0.00264477
-0.002578
-0.00256894
-0.00253863
-0.00255314
-0.00255633
-0.00245335
-0.00247741
-0.00250678
-0.00247157
-0.0024794
-0.00237337
-0.00231795
-0.00228347
-0.00221358
-0.00225188
-0.00216799
-0.00219212
-0.00217041
-0.00206716
-0.00218595
-0.00204024
-0.00194392
-0.0018844
MomentY Data
-0.00623067
-0.0058651
-0.00588099
-0.00578562
-0.00600815
-0.0058492
-0.00581741
-0.00619888
-0.00578562
-0.00578562
-0.00596046
-0.00572205
-0.00599225
-0.00569026
-0.00581741
-0.0058492
-0.00576973
-0.00578562
-0.00597636
-0.00573794
-0.00583331
-0.00578562
-0.00576973
-0.00592868
-0.00542005
-0.00610352
-0.00638962
-0.00567436
-0.00597636
-0.00594457
-0.00565847
-0.00591278
-0.00588099
-0.00610352
-0.00607173
-0.00588099
-0.00570615
-0.00578562
-0.00594457
-0.00603994
-0.0058651
-0.00578562
-0.0058651
-0.00610352
-0.00592868
-0.00592868
-0.00561078
-0.00578562
-0.0058651
-0.00572205
-0.0055631
-0.00581741
-0.00588099
-0.00629425
-0.00623067
-0.00603994
-0.00592868
-0.00616709
-0.00591278
-0.00565847
-0.0061353
-0.00605583
-0.00562668
-0.00608762
-0.00565847
-0.00592868
-0.00592868
-0.00592868
-0.00583331
-0.00597636
-0.00603994
-0.00632604
-0.00578562
-0.00581741
-0.00632604
-0.00572205
-0.00578562
-0.00607173
-0.00589689
-0.0058651
-0.00603994
-0.00597636
-0.00589689
-0.00567436
-0.00583331
-0.00619888
-0.0058651
-0.00572205
-0.00616709
-0.00597636
-0.00632604
-0.00569026
-0.00623067
-0.00608762
-0.00588099
-0.00591278
-0.00623067
-0.00591278
-0.0058651
-0.00602404
-0.00580152
-0.0061353
-0.00572205
-0.00578562
-0.00567436
-0.00611941
-0.00576973
-0.0058651
-0.00600815
-0.00602404
-0.00588099
-0.00607173
-0.00607173
-0.00562668
-0.00596046
-0.00626246
-0.00610352
-0.0058651
-0.00572205
-0.00583331
-0.0058492
-0.00616709
-0.00592868
-0.00578562
-0.00553131
-0.00592868
-0.00581741
-0.00561078
-0.00607173
-0.00597636
-0.00607173
-0.00576973
-0.00583331
-0.0061353
-0.00619888
-0.00588099
-0.00616709
-0.00589689
-0.00626246
-0.00611941
-0.0061353
-0.00626246
-0.00588099
-0.0061353
-0.00626246
-0.0058651
-0.00600815
-0.00603994
-0.00567436
-0.00603994
-0.00607173
-0.00623067
-0.00597636
-0.00578562
-0.00592868
-0.00576973
-0.00591278
-0.00591278
-0.00600815
-0.00592868
-0.00603994
-0.00603994
-0.00588099
-0.00578562
-0.00603994
-0.0061353
-0.0061353
-0.00588099
-0.00626246
-0.00626246
-0.00626246
-0.00619888
-0.00599225
-0.00597636
-0.00611941
-0.00597636
-0.00618299
-0.00592868
-0.00573794
-0.00642141
-0.00629425
-0.00616709
-0.00607173
-0.00629425
-0.0058651
-0.00623067
-0.0058492
-0.00602404
-0.00610352
-0.00610352
-0.0058651
-0.00596046
-0.00589689
-0.00623067
-0.00610352
-0.00597636
-0.00607173
-0.00616709
-0.0061353
-0.00551542
-0.00591278
-0.00610352
-0.00619888
-0.00583331
-0.00599225
-0.00626246
-0.00623067
-0.00588099
-0.00610352
-0.00596046
-0.00607173
-0.00623067
-0.00629425
-0.0058651
-0.00611941
-0.00592868
-0.00588099
-0.00581741
-0.00638962
-0.00619888
-0.00607173
-0.00638962
-0.00623067
-0.00591278
-0.0055631
-0.00607173
-0.0058492
-0.0061353
-0.00561078
-0.00603994
-0.00635783
-0.00592868
-0.00616709
-0.0061353
-0.00565847
-0.00591278
-0.00576973
-0.00642141
-0.00610352
-0.00610352
-0.00616709
-0.00600815
-0.00594457
-0.0058651
-0.00597636
-0.00626246
-0.00572205
-0.00588099
-0.0061353
-0.00635783
-0.00591278
-0.00589689
-0.00619888
-0.00623067
-0.00651677
-0.00619888
-0.00607173
-0.00605583
-0.00607173
-0.0061353
-0.00619888
-0.00658035
-0.00635783
-0.00597636
-0.00610352
-0.00600815
-0.00597636
-0.0061353
-0.00642141
-0.00616709
-0.00599225
-0.0061353
-0.00632604
-0.00616709
-0.00616709
-0.00616709
-0.00603994
-0.00610352
-0.00623067
-0.00623067
-0.00648499
-0.00619888
-0.00629425
-0.00635783
-0.00638962
-0.0061353
-0.00623067
-0.00648499
-0.00616709
-0.00616709
-0.00592868
-0.00600815
-0.00616709
Field Data
-2427.2
-2420.79
-2411.15
-2401.25
-2391.11
-2380.42
-2370.75
-2360.87
-2350.49
-2340.41
-2330.22
-2320.18
-2310.26
-2300.1
-2289.92
-2279.83
-2269.95
-2259.49
-2249.64
-2239.84
-2229.18
-2219.26
-2209.41
-2199.39
-2188.98
-2178.77
-2168.97
-2159.01
-2148.65
-2138.67
-2128.66
-2118.74
-2108.36
-2098.26
-2088.46
-2078.21
-2068.07
-2058.13
-2048.15
-2037.59
-2027.73
-2017.71
-2007.68
-1997.69
-1987.3
-1977.41
-1967.49
-1957.07
-1947.24
-1937.4
-1927.06
-1916.76
-1906.93
-1896.74
-1886.59
-1876.67
-1866.49
-1856.4
-1846.41
-1836.45
-1826.4
-1816.08
-1806.13
-1796.22
-1785.68
-1775.95
-1765.84
-1755.54
-1745.48
-1735.3
-1725.41
-1715.53
-1705.13
-1695.01
-1685.14
-1675.23
-1664.87
-1654.83
-1645.04
-1634.75
-1624.59
-1614.65
-1604.65
-1594.24
-1584.17
-1574.11
-1564.13
-1554.22
-1543.86
-1533.91
-1523.93
-1513.98
-1503.79
-1493.44
-1483.41
-1473.83
-1463.22
-1453.31
-1443.1
-1433.16
-1423.2
-1413.1
-1402.86
-1392.94
-1382.9
-1372.74
-1362.6
-1352.56
-1342.38
-1332.54
-1322.25
-1312.15
-1302.15
-1292.17
-1282.28
-1271.7
-1261.84
-1251.99
-1241.71
-1231.81
-1221.32
-1211.34
-1201.41
-1191.33
-1181.5
-1170.92
-1161.12
-1151.28
-1140.79
-1131.08
-1120.78
-1110.61
-1100.9
-1090.52
-1080.53
-1070.31
-1060.31
-1050.46
-1040.13
-1030.07
-1020.13
-1010.17
-999.743
-989.763
-979.955
-969.505
-959.605
-949.773
-939.45
-929.306
-919.285
-909.141
-899.254
-889.223
-878.783
-868.982
-858.972
-848.484
-838.68
-828.82
-818.439
-808.353
-798.545
-788.35
-778.102
-768.13
-758.243
-747.899
-737.849
-728.083
-717.627
-707.703
-697.677
-687.726
-677.414
-667.363
-657.237
-647.238
-637.314
-626.934
-617.004
-607.001
-596.779
-586.762
-576.732
-566.798
-556.404
-546.525
-536.619
-526.345
-516.164
-503.03
-492.705
-482.66
-472.556
-462.535
-452.541
-442.451
-432.084
-422.289
-412.299
-401.848
-392.037
-382.177
-371.722
-361.743
-351.849
-341.557
-331.533
-321.461
-311.433
-301.262
-291.121
-281.261
-271.054
-261.095
-250.953
-240.855
-230.902
-220.544
-210.712
-200.407
-190.48
-180.521
-170.211
-160.164
-150.206
-140.286
-129.875
-119.861
-110.085
-99.5919
-89.8124
-79.6313
-69.6428
-59.4759
-49.182
-39.4716
-29.5552
-19.3811
-9.00682
1.12187
10.9844
21.1974
31.1149
41.2431
51.342
61.4633
71.576
81.4552
91.5968
101.613
111.475
122.059
131.865
141.816
152.264
162.148
172.106
182.179
192.647
202.533
212.674
222.72
232.473
242.902
252.838
262.739
273.005
283.158
292.873
303.119
313.397
323.346
333.263
343.655
353.615
363.892
373.796
383.702
394.166
403.896
413.877
424.113
434.217
444.204
454.192
464.646
474.391
484.331
494.815
504.629
515.063
Time Data
0
0.3
0.6
0.9
1.2
1.5
1.8
2.1
2.4
2.7
3
3.3
3.6
3.9
4.2
4.5
4.8
5.1
5.4
5.7
6
6.3
6.6
6.9
7.2
7.5
7.8
8.1
8.4
8.7
9
9.3
9.6
9.9
10.2
10.5
10.8
11.1
11.4
11.7
12
12.3
12.6
12.9
13.2
13.5
13.8
14.1
14.4
14.7
15
15.3
15.6
15.9
16.2
16.5
16.8
17.1
17.4
17.7
18
18.3
18.6
18.9
19.2
19.5
19.8
20.1
20.4
20.7
21
21.3
21.6
21.9
22.2
22.5
22.8
23.1
23.4
23.7
24
24.3
24.6
24.9
25.2
25.5
25.8
26.1
26.4
26.7
27
27.3
27.6
27.9
28.2
28.5
28.8
29.1
29.4
29.7
30.0000000000001
30.3000000000001
30.6000000000001
30.9000000000001
31.2000000000001
31.5000000000001
31.8000000000001
32.1000000000001
32.4
32.7
33
33.3
33.6
33.9
34.2
34.5
34.8
35.1
35.4
35.7
36
36.3
36.6
36.9
37.2
37.5
37.8
38.1
38.4
38.7
39
39.3
39.6
39.9
40.2
40.5
40.8
41.1
41.4
41.7
42
42.3
42.6
42.8999999999999
43.1999999999999
43.4999999999999
43.7999999999999
44.0999999999999
44.3999999999999
44.6999999999999
44.9999999999999
45.2999999999999
45.5999999999999
45.8999999999999
46.1999999999999
46.4999999999999
46.7999999999999
47.0999999999999
47.3999999999999
47.6999999999999
47.9999999999999
48.2999999999999
48.5999999999999
48.8999999999999
49.1999999999999
49.4999999999999
49.7999999999999
50.0999999999999
50.3999999999999
50.6999999999999
50.9999999999999
51.2999999999999
51.5999999999999
51.8999999999999
52.1999999999999
52.4999999999999
52.7999999999999
53.0999999999999
53.3999999999998
53.6999999999998
53.9999999999998
54.2999999999998
54.5999999999998
54.8999999999998
55.1999999999998
55.4999999999998
55.7999999999998
56.0999999999998
56.3999999999998
56.6999999999998
56.9999999999998
57.2999999999998
57.5999999999998
57.8999999999998
58.1999999999998
58.4999999999998
58.7999999999998
59.0999999999998
59.3999999999998
59.6999999999998
59.9999999999998
60.2999999999998
60.5999999999998
60.8999999999998
61.1999999999998
61.4999999999998
61.7999999999998
62.0999999999998
62.3999999999998
62.6999999999998
62.9999999999998
63.2999999999998
63.5999999999998
63.8999999999998
64.1999999999997
64.4999999999997
64.7999999999997
65.0999999999997
65.3999999999997
65.6999999999997
65.9999999999997
66.2999999999997
66.5999999999997
66.8999999999997
67.1999999999997
67.4999999999997
67.7999999999997
68.0999999999997
68.3999999999997
68.6999999999997
68.9999999999997
69.2999999999997
69.5999999999997
69.8999999999997
70.1999999999997
70.4999999999997
70.7999999999997
71.0999999999997
71.3999999999997
71.6999999999997
71.9999999999997
72.2999999999997
72.5999999999997
72.8999999999997
73.1999999999997
73.4999999999997
73.7999999999997
74.0999999999997
74.3999999999997
74.6999999999996
74.9999999999996
75.2999999999996
75.5999999999996
75.8999999999996
76.1999999999996
76.4999999999996
76.7999999999996
77.0999999999996
77.3999999999996
77.6999999999996
77.9999999999996
78.2999999999996
78.5999999999996
78.8999999999996
79.1999999999996
79.4999999999996
79.7999999999996
80.0999999999996
80.3999999999996
80.6999999999996
80.9999999999996
81.2999999999996
81.5999999999996
81.8999999999996
82.1999999999996
82.4999999999996
82.7999999999996
83.0999999999996
83.3999999999996
83.6999999999996
83.9999999999996
84.2999999999996
84.5999999999996
84.8999999999996
85.1999999999995
85.4999999999995
85.7999999999995
86.0999999999995
86.3999999999995
86.6999999999995
86.9999999999995
87.2999999999995
87.5999999999995
Temperature Data
0
0
0
0
0
0
0
0
0
0
0
0
0
0
0
0
0
0
0
0
0
0
0
0
0
0
0
0
0
0
0
0
0
0
0
0
0
0
0
0
0
0
0
0
0
0
0
0
0
0
0
0
0
0
0
0
0
0
0
0
0
0
0
0
0
0
0
0
0
0
0
0
0
0
0
0
0
0
0
0
0
0
0
0
0
0
0
0
0
0
0
0
0
0
0
0
0
0
0
0
0
0
0
0
0
0
0
0
0
0
0
0
0
0
0
0
0
0
0
0
0
0
0
0
0
0
0
0
0
0
0
0
0
0
0
0
0
0
0
0
0
0
0
0
0
0
0
0
0
0
0
0
0
0
0
0
0
0
0
0
0
0
0
0
0
0
0
0
0
0
0
0
0
0
0
0
0
0
0
0
0
0
0
0
0
0
0
0
0
0
0
0
0
0
0
0
0
0
0
0
0
0
0
0
0
0
0
0
0
0
0
0
0
0
0
0
0
0
0
0
0
0
0
0
0
0
0
0
0
0
0
0
0
0
0
0
0
0
0
0
0
0
0
0
0
0
0
0
0
0
0
0
0
0
0
0
0
0
0
0
0
0
0
0
0
0
0
0
0
0
0
0
0
0
0
0
0
0
0
0
0
0
0
0
0
0
0
0
0
0
0
0
0
Angle Data
0
0
0
0
0
0
0
0
0
0
0
0
0
0
0
0
0
0
0
0
0
0
0
0
0
0
0
0
0
0
0
0
0
0
0
0
0
0
0
0
0
0
0
0
0
0
0
0
0
0
0
0
0
0
0
0
0
0
0
0
0
0
0
0
0
0
0
0
0
0
0
0
0
0
0
0
0
0
0
0
0
0
0
0
0
0
0
0
0
0
0
0
0
0
0
0
0
0
0
0
0
0
0
0
0
0
0
0
0
0
0
0
0
0
0
0
0
0
0
0
0
0
0
0
0
0
0
0
0
0
0
0
0
0
0
0
0
0
0
0
0
0
0
0
0
0
0
0
0
0
0
0
0
0
0
0
0
0
0
0
0
0
0
0
0
0
0
0
0
0
0
0
0
0
0
0
0
0
0
0
0
0
0
0
0
0
0
0
0
0
0
0
0
0
0
0
0
0
0
0
0
0
0
0
0
0
0
0
0
0
0
0
0
0
0
0
0
0
0
0
0
0
0
0
0
0
0
0
0
0
0
0
0
0
0
0
0
0
0
0
0
0
0
0
0
0
0
0
0
0
0
0
0
0
0
0
0
0
0
0
0
0
0
0
0
0
0
0
0
0
0
0
0
0
0
0
0
0
0
0
0
0
0
0
0
0
0
0
0
0
0
0
0
Bx Data
0
0
0
0
0
0
0
0
0
0
0
0
0
0
0
0
0
0
0
0
0
0
0
0
0
0
0
0
0
0
0
0
0
0
0
0
0
0
0
0
0
0
0
0
0
0
0
0
0
0
0
0
0
0
0
0
0
0
0
0
0
0
0
0
0
0
0
0
0
0
0
0
0
0
0
0
0
0
0
0
0
0
0
0
0
0
0
0
0
0
0
0
0
0
0
0
0
0
0
0
0
0
0
0
0
0
0
0
0
0
0
0
0
0
0
0
0
0
0
0
0
0
0
0
0
0
0
0
0
0
0
0
0
0
0
0
0
0
0
0
0
0
0
0
0
0
0
0
0
0
0
0
0
0
0
0
0
0
0
0
0
0
0
0
0
0
0
0
0
0
0
0
0
0
0
0
0
0
0
0
0
0
0
0
0
0
0
0
0
0
0
0
0
0
0
0
0
0
0
0
0
0
0
0
0
0
0
0
0
0
0
0
0
0
0
0
0
0
0
0
0
0
0
0
0
0
0
0
0
0
0
0
0
0
0
0
0
0
0
0
0
0
0
0
0
0
0
0
0
0
0
0
0
0
0
0
0
0
0
0
0
0
0
0
0
0
0
0
0
0
0
0
0
0
0
0
0
0
0
0
0
0
0
0
0
0
0
0
0
0
0
0
0
Hint Data
0
0
0
0
0
0
0
0
0
0
0
0
0
0
0
0
0
0
0
0
0
0
0
0
0
0
0
0
0
0
0
0
0
0
0
0
0
0
0
0
0
0
0
0
0
0
0
0
0
0
0
0
0
0
0
0
0
0
0
0
0
0
0
0
0
0
0
0
0
0
0
0
0
0
0
0
0
0
0
0
0
0
0
0
0
0
0
0
0
0
0
0
0
0
0
0
0
0
0
0
0
0
0
0
0
0
0
0
0
0
0
0
0
0
0
0
0
0
0
0
0
0
0
0
0
0
0
0
0
0
0
0
0
0
0
0
0
0
0
0
0
0
0
0
0
0
0
0
0
0
0
0
0
0
0
0
0
0
0
0
0
0
0
0
0
0
0
0
0
0
0
0
0
0
0
0
0
0
0
0
0
0
0
0
0
0
0
0
0
0
0
0
0
0
0
0
0
0
0
0
0
0
0
0
0
0
0
0
0
0
0
0
0
0
0
0
0
0
0
0
0
0
0
0
0
0
0
0
0
0
0
0
0
0
0
0
0
0
0
0
0
0
0
0
0
0
0
0
0
0
0
0
0
0
0
0
0
0
0
0
0
0
0
0
0
0
0
0
0
0
0
0
0
0
0
0
0
0
0
0
0
0
0
0
0
0
0
0
0
0
0
0
0
Torque Data
15.123082224
14.198175429
14.1799490385
13.892720025
14.3661475465
13.923552664
13.7916247575
14.6347498256
13.5990419538
13.5407229042
13.8891831012
13.276185969
13.843655485
13.088167026
13.3214035072
13.335181636
13.0969986135
13.0725505338
13.4446585104
12.8520675296
13.0034979858
12.8397950412
12.7476991593
13.0394795052
11.864381049
13.2981662704
13.8588940914
12.2509999836
12.841105914
12.7134735219
12.0449587502
12.5276434972
12.3992440764
12.8067718752
12.6805652358
12.2219322279
11.8007176305
11.9075580906
12.1753710455
12.3069213446
11.892839223
11.6737033302
11.775243968
12.1929408688
11.782065764
11.7234311188
11.0391535422
11.3228633334
11.420757324
11.08589967
10.720427486
11.1505787916
11.2146362607
11.938555745
11.7547197153
11.3349741998
11.0658219332
11.448585876
10.9174161198
10.3914972315
11.20551192
10.9978717464
10.1625155484
10.9347047964
10.1042167096
10.529039246
10.4691002912
10.4080348872
10.1819259388
10.370777508
10.4213728754
10.8525114012
9.8652342306
9.8605681241
10.6602630456
9.5857498215
9.6323051694
10.0476809559
9.7006199256
9.587972225
9.8124261246
9.649729674
9.4624445385
9.0462916864
9.2409547027
9.7577189968
9.173778863
8.893324551
9.5211235674
9.1671983676
9.6404421372
8.6149398348
9.3696192393
9.0914952128
8.7239193759
8.7144325474
9.1168409574
8.5931023018
8.46392581
8.6334131664
8.256723264
8.66979243
8.027235063
8.0590215228
7.847072444
8.4003588834
7.861834098
7.932899656
8.065220397
8.0272742616
7.7761390275
7.9670205195
7.9063032195
7.2706270956
7.6429786488
7.963970382
7.7016656768
7.343046549
7.1051267055
7.1855295911
7.143744944
7.4704428006
7.1227754388
6.8925826746
6.535242765
6.9420099856
6.7547110992
6.4595787984
6.9265688667
6.7597412688
6.8050735494
6.4079198353
6.421890979
6.690667356
6.6980758064
6.2944824069
6.5390271979
6.1944470694
6.5137725198
6.3034206587
6.258803589
6.3261492182
5.87947858557
6.0724929339
6.1369289893
5.6862437755
5.76545078075
5.73657193362
5.330777502
5.61295248164
5.58165031305
5.66455755447
5.37426563544
5.14470637326
5.21002319644
5.01379151486
5.07891246216
5.01689922552
5.038915242
4.9138085576
4.94332245366
4.88240361882
4.69623515955
4.561093527
4.69968939388
4.712707989
4.6520482779
4.39838654001
4.62074984854
4.55959066418
4.49411038242
4.38696597264
4.18065500325
4.11009815736
4.14537400574
3.98840153868
4.06368979863
3.83726698584
3.65686949316
4.02580025694
3.883577427
3.74342979709
3.62348095767
3.6932267185
3.3825908532
3.53153129466
3.2545182768
3.292288461
3.27526479888
3.2125572344
3.0273534764
2.9982901938
2.90542718745
3.0072951822
2.88425499712
2.7642756726
2.74770676593
2.72863513759
2.6509649652
2.32910119638
2.43783328122
2.45268730496
2.43019031856
2.22935691587
2.2274511545
2.26540106778
2.19225500883
2.00869330143
2.02351829616
1.91605543206
1.89093708909
1.87706410554
1.83238835425
1.6496238911
1.65869055814
1.5479487046
1.47585208347
1.40115228555
1.47537603724
1.36712579072
1.27938637176
1.28052457534
1.1868180216
1.06738095838
0.9469008141
0.97247256372
0.8785849352
0.8606966958
0.7287000525
0.72395324834
0.69990171555
0.590448505692
0.553881153916
0.48856191489
0.394071694516
0.351667912002
0.28376686086
0.253463326956
0.180390754304
0.118292931472
0.0555458695538
-0.0067403632405
-0.065297534708
-0.12432487074
-0.185953843764
-0.258283264026
-0.2937814911
-0.361465052667
-0.4391402328
-0.517878314216
-0.541591727104
-0.59920068357
-0.691020148
-0.76050934953
-0.85933387605
-0.87910036608
-0.92450589672
-0.98194072284
-1.04498116338
-1.1177228187
-1.19419563536
-1.33273802655
-1.35214513742
-1.3310548992
-1.41890360496
-1.4593916513
-1.51105090968
-1.6119825867
-1.75307703705
-1.74626087022
-1.75496823425
-1.8597260007
-1.98256195788
-1.99410388314
-2.05526291467
-2.11935131395
-2.1358133831
-2.22102209984
-2.32899952332
-2.39072054034
-2.55616256834
-2.50370283648
-2.60504530725
-2.69643835479
-2.77448162754
-2.7253248012
-2.82992046864
-3.01322466354
-2.92561199219
-2.98691286679
-2.9335997942
-3.03188672635
-3.17643987667
dMdH Data
-3.80031201248061E-06
-1.15456431535269E-06
-2.87575757575756E-06
-8.1262327416171E-07
1.69971936389145E-06
2.65563598759048E-06
-4.43522267206473E-06
3.43448940269745E-06
-7.40079365079364E-07
1.97644749754661E-06
-4.07868525896421E-06
3.52217741935504E-06
1.5423228346456E-06
-1.49312377210218E-06
2.91575817641221E-06
-3.99797570850194E-07
-1.89292543021027E-06
4.13197969543163E-07
4.49693877551026E-06
6.04127579737311E-07
-1.29838709677423E-06
-2.41421319796947E-06
1.7285429141717E-06
-4.76464937560048E-07
7.30656219392743E-07
-4.37755102040775E-07
2.32028112449807E-06
-6.1679536679538E-07
-2.54208416833669E-06
1.34165834165832E-06
2.56653225806456E-06
-4.74951830443196E-07
2.73465346534655E-06
-1.01938775510199E-06
2.69365853658536E-06
7.24852071005898E-07
-2.16297786720319E-06
-1.11723446893793E-06
2.04734848484853E-06
-2.10446247464513E-06
1.44810379241523E-06
-3.56929212362954E-07
-4.33433433433377E-07
2.81135707410969E-06
-3.60970677451981E-06
5.35181451612904E-06
-4.23224568138177E-07
1.41098677517795E-06
-1.27540650406497E-06
2.29206963249511E-06
-3.91067961165052E-06
1.59511698880975E-06
1.83513248282629E-06
1.58817733990152E-06
-2.52822580645168E-06
9.15520628683704E-07
-7.09613478691778E-07
7.60760760760583E-08
-1.02510040160643E-06
3.32238805970154E-06
2.9602713178294E-06
-3.45326633165833E-06
3.83451059535818E-06
-3.82542694497154E-06
1.95169578622815E-06
-1.33432245301685E-06
1.33106796116507E-06
1.87176938369783E-06
2.06385068762279E-06
-1.0475227502528E-06
2.40384615384616E-06
-3.04134615384623E-06
2.97430830039521E-06
2.89766970618074E-07
-9.13218970736625E-07
3.37837837837502E-08
1.144422310757E-06
1.99795709908071E-06
-1.38483965014581E-06
4.45866141732278E-07
1.39134808853124E-06
-3.37000000000002E-06
2.09606147934682E-06
3.66335650446869E-06
-1.49999999999995E-06
2.58116232464932E-06
-2.22603430877899E-06
-1.53861003861001E-06
1.44422110552772E-06
2.86873747494989E-06
3.53869346733666E-06
2.59077526987235E-07
5.96135265700468E-07
-4.74576271186477E-07
-8.10020876826697E-07
-7.35155513666081E-08
4.60141271442964E-07
1.86973555337906E-06
-2.24346076458733E-07
-6.40562248996009E-07
4.16336633663361E-06
1.9628906250002E-07
-1.8618951612904E-06
-1.10856573705178E-06
2.72637795275591E-06
1.55128205128198E-06
-2.32669322709165E-06
-3.67092337917492E-06
1.10060975609762E-06
6.73275024295432E-06
-1.34950495049503E-06
2.23899999999997E-06
-2.78757515030055E-06
-2.40040444893834E-06
7.74480151228739E-06
-5.86206896551754E-07
2.81624365482237E-06
-4.97957198443577E-06
4.71212121212113E-06
-6.89227836034276E-07
3.99599198396792E-06
-4.89627391742204E-06
2.13591269841263E-06
-1.11902339775532E-08
3.76275992438561E-06
-1.62244897959182E-06
-2.31605691056912E-06
2.13822688274551E-06
2.51802265705454E-06
1.6932038834952E-06
1.46214355948861E-06
-1.02986611739864E-09
-2.99710982658956E-06
-3.96296296296295E-06
5.48923679060663E-06
8.6000000000001E-07
-4.33604060913706E-06
6.15682478218781E-06
-6.00099403578515E-06
8.61468812877266E-06
-1.02208835341359E-06
2.86563728781047E-06
-7.8446893787575E-06
8.79995921696575E-06
2.80765550239234E-06
-4.83333333333338E-06
3.43165174938975E-06
7.12002324905609E-07
-1.4481466876972E-06
-2.77417423410832E-07
3.68395110410096E-06
-3.42874481642544E-07
7.49676004386355E-07
3.56992337164751E-06
-3.33537394143446E-06
2.47252747252743E-06
8.6289092295958E-07
1.87474500203998E-06
5.58823529411794E-07
2.98333493883053E-06
1.2532222883204E-06
-3.98042414355626E-06
2.91025012260913E-06
-9.85558157689288E-07
-2.00561572402407E-08
4.55648831799331E-06
-3.27436194895591E-06
2.24179104477611E-06
-4.06717182060206E-06
3.85711553175217E-06
7.39117291414747E-06
-3.91881109116295E-06
4.43171540548671E-07
2.49127230411172E-06
-5.16963486220282E-06
1.73711238396202E-06
9.68496849684981E-06
9.45183393792841E-07
6.03082851637735E-07
-8.2578046324269E-07
-3.34799560131961E-06
1.02915280766973E-06
5.75022461814917E-07
2.81056829511466E-06
-5.55063418562514E-06
2.74004233211468E-06
2.21176232412186E-06
1.2525741974561E-05
-3.59256375316335E-06
2.636283272763E-06
-2.19506624029238E-06
3.38983050847545E-08
2.29566948730709E-06
-1.90023752969116E-06
3.82197385490452E-07
5.71242745647388E-06
-4.82854311199208E-06
1.93305681489339E-06
4.51250638080651E-06
3.12512512512514E-06
-2.82748062386377E-06
5.92396289878706E-06
-8.0821501014199E-06
-3.47297943567669E-06
8.22026255135785E-06
5.20214271275521E-06
-1.81500194325691E-06
8.23723064644854E-06
-5.23431294678316E-06
-6.7710410849621E-06
6.54802870907482E-06
9.09081944581399E-06
4.12271805273837E-06
-4.85157245027919E-06
1.80540214881012E-06
7.9175704989154E-07
-2.46682511388393E-06
1.00371747211897E-06
5.74242131685653E-06
9.84540276647698E-07
-5.22755943716645E-06
5.71673214465597E-06
-6.59001907822067E-06
4.90591658583898E-06
6.71842340997314E-06
-1.83771841735329E-07
-1.24193548387094E-06
6.55652675055227E-06
-2.95186738566004E-06
7.45703764320792E-07
9.8664836892815E-06
2.62283347819422E-06
-2.6500083488032E-06
-1.34354507683837E-06
3.22320471333446E-06
-6.53785251459595E-07
5.89574064920086E-06
2.21653019240854E-06
-3.74283720427362E-06
-5.95703991023954E-06
7.51034931466953E-06
7.5731075089252E-06
3.9870752961911E-06
-4.77741366271743E-06
2.22744416579452E-06
-1.11200229727987E-06
3.26045073261118E-08
-1.9895774620032E-06
7.55425540529597E-06
5.91918434960953E-06
1.87396417803159E-06
-3.52666801865751E-06
3.63567649281935E-06
-6.20640424230061E-06
1.05959200080394E-05
3.54517611026032E-06
-3.60987454471876E-06
5.87467362924282E-06
4.96277176610743E-06
-1.72812380588461E-06
4.7319441634635E-06
-1.8045557637314E-06
-6.81863428230142E-06
4.68573772172665E-06
1.26598906894238E-05
-6.80656199677938E-06
5.93778406221595E-06
3.50282485875704E-06
1.59558751108081E-07
6.87287699433865E-06
8.84247511223886E-07
2.94901731854447E-06
-1.45843803397328E-06
-3.21669859836615E-07
9.90954580446497E-06
-2.41566265060242E-06
-2.85783789043495E-06
3.55512924071082E-06
-7.90430042398536E-07
1.01328363914373E-05
5.69578622816032E-06
3.45456367097485E-06
6.82786244626808E-06
-3.79057798891527E-06
8.39991989586461E-06
-2.4158990788947E-06
2.07671704610678E-06
1.05951770138532E-05
-1.19507042253521E-05
1.38983212514308E-05
9.81455064194006E-06
5.70442783208742E-06
5.70442783208742E-06
dMdT Data
0
0
0
0
0
0
0
0
0
0
0
0
0
0
0
0
0
0
0
0
0
0
0
0
0
0
0
0
0
0
0
0
0
0
0
0
0
0
0
0
0
0
0
0
0
0
0
0
0
0
0
0
0
0
0
0
0
0
0
0
0
0
0
0
0
0
0
0
0
0
0
0
0
0
0
0
0
0
0
0
0
0
0
0
0
0
0
0
0
0
0
0
0
0
0
0
0
0
0
0
0
0
0
0
0
0
0
0
0
0
0
0
0
0
0
0
0
0
0
0
0
0
0
0
0
0
0
0
0
0
0
0
0
0
0
0
0
0
0
0
0
0
0
0
0
0
0
0
0
0
0
0
0
0
0
0
0
0
0
0
0
0
0
0
0
0
0
0
0
0
0
0
0
0
0
0
0
0
0
0
0
0
0
0
0
0
0
0
0
0
0
0
0
0
0
0
0
0
0
0
0
0
0
0
0
0
0
0
0
0
0
0
0
0
0
0
0
0
0
0
0
0
0
0
0
0
0
0
0
0
0
0
0
0
0
0
0
0
0
0
0
0
0
0
0
0
0
0
0
0
0
0
0
0
0
0
0
0
0
0
0
0
0
0
0
0
0
0
0
0
0
0
0
0
0
0
0
0
0
0
0
0
0
0
0
0
0
0
0
0
0
0
0
 
*********************************************** Results ***************************************
 
TotalArea 0
AreaFirstQuad 0
AreaSecondQuad 0
AreaThirdQuad 0
AreaFourthQuad 0
Coercivity 0
PositiveCoercivity 0
NegativeCoercivity 0
Retentivity 5.40297084055365E-03
PositiveRetentivity -1.39786273166929E-02
NegativeRetentivity -3.17268563558565E-03
Magnetization 0.00482671
PositiveMagnetization -0.0018844
NegativeMagnetization -0.00482671
Flatness 1.58721131933049
Squareness 1.11938998625433
SStar 0
SFD1 0
SFD2 0
Slope 0
Intercept 0
SlopeAtHc 5.70442783208742E-06
dH1 -710.858848274791
dH2 134.045
InitialSlope -3.80031201248061E-06
FieldAtHalfMs 515.063
FieldAtMs 515.063
MomentMean -3.93318317406143E-03
MomentRMS 7.45973721747742E-04
SFD3 0
dH3 -1421.71769654958
UserField1 0
UserField2 0
CenterField 0
ExchangeField 0
ExchangeMoment 0
ExRegionOneIntercept 0
ExRegionOneSlope 0
ExRegionTwoIntercept 0
ExRegionTwoSlope 0
NegativeIntercept 0
NegativeSlope 0
AutoCenterOffset 0
PinningField 0
PinningMoment 0
PinRegionOneIntercept 0
PinRegionOneSlope 0
PinRegionTwoIntercept 0
PinRegionTwoSlope 0
PositiveIntercept 0
PositiveSlope 0
TotalOffset 0
BHMax 0
BCoercivity 0
BRetentivity 0
BNegativeCoercivity 0
BPositiveCoercivity 0
BNegativeRetentivity 0
BPositiveRetentivity 0
MomentYMean -6.00245215017065E-03
MomentYRMS 2.05085351544927E-04
YOffCorrection 0
Mrt 0
Ms1 0
Ms2 0
Ms3 0
Hc2 0
Hex2 0
HsatValue 0
HsatIntercept 0
HsatSlope 0
CenterH 0
Span .00294231
SpanAsPercentOfRange -55.5152830188679
RMSAsPercentOfRange -14.0749758820329
SpanAsPercentOfMean -74.8073473771564
RMSAsPercentOfMean -18.9661576574234
