Version 1.25
******************************************** Units *******************************************
System CGS
TemperatureUnit K
MomentUnit emu
AppliedFieldUnit G
 
******************************************** Setup ********************************************
 
Experiment CustomField
Minor False
Acquisition Continuous
EditedPoint No
MaxField 15000
FieldIncrement 100
Points 293
MinField 0
RampRate 10
AverageTime 0.3
TimeInterval 0
TimeConstant 0.1
TimeConstantIndex 0
Sensitivity -0.0053
SensitivityIndex 5
SensitivityY -400
SensitivityIndexY 0
SaturationField 8000
ExperimentTime 100
Use735Domains True
AutoRangeEnabled False
NumberOfVertices 2
VertexPts
0
292
VertexField
-1750.6266
1201.086
StartAngle 0
EndAngle 0
AngleIncrement 0
StartTemp 0
FinishTemp 0
TempIncrement 0
TempPoints 0
LengthofSetPointsArray 293
SetPointArray
-1750.62657
-1740.51796
-1730.40936
-1720.30075
-1710.19215
-1700.08354
-1689.97494
-1679.86633
-1669.75773
-1659.64912
-1649.54052
-1639.43191
-1629.32331
-1619.2147
-1609.1061
-1598.99749
-1588.88889
-1578.78028
-1568.67168
-1558.56307
-1548.45447
-1538.34586
-1528.23726
-1518.12865
-1508.02005
-1497.91145
-1487.80284
-1477.69424
-1467.58563
-1457.47703
-1447.36842
-1437.25982
-1427.15121
-1417.04261
-1406.934
-1396.8254
-1386.71679
-1376.60819
-1366.49958
-1356.39098
-1346.28237
-1336.17377
-1326.06516
-1315.95656
-1305.84795
-1295.73935
-1285.63074
-1275.52214
-1265.41353
-1255.30493
-1245.19632
-1235.08772
-1224.97911
-1214.87051
-1204.7619
-1194.6533
-1184.5447
-1174.43609
-1164.32749
-1154.21888
-1144.11028
-1134.00167
-1123.89307
-1113.78446
-1103.67586
-1093.56725
-1083.45865
-1073.35004
-1063.24144
-1053.13283
-1043.02423
-1032.91562
-1022.80702
-1012.69841
-1002.58981
-992.4812
-982.3726
-972.26399
-962.15539
-952.04678
-941.93818
-931.82957
-921.72097
-911.61236
-901.50376
-891.39515
-881.28655
-871.17794
-861.06934
-850.96074
-840.85213
-830.74353
-820.63492
-810.52632
-800.41771
-790.30911
-780.2005
-770.0919
-759.98329
-749.87469
-739.76608
-729.65748
-719.54887
-709.44027
-699.33166
-689.22306
-679.11445
-669.00585
-658.89724
-648.78864
-638.68003
-628.57143
-618.46282
-608.35422
-598.24561
-588.13701
-578.0284
-567.9198
-557.81119
-547.70259
-537.59398
-527.48538
-517.37678
-507.26817
-497.15957
-487.05096
-476.94236
-466.83375
-456.72515
-446.61654
-436.50794
-426.39933
-416.29073
-406.18212
-396.07352
-385.96491
-375.85631
-365.7477
-355.6391
-345.53049
-335.42189
-325.31328
-315.20468
-305.09607
-294.98747
-284.87886
-274.77026
-264.66165
-254.55305
-244.44444
-234.33584
-224.22723
-214.11863
-204.01003
-193.90142
-183.79282
-173.68421
-163.57561
-153.467
-143.3584
-133.24979
-123.14119
-113.03258
-102.92398
-92.81537
-82.70677
-72.59816
-62.48956
-52.38095
-42.27235
-32.16374
-22.05514
-11.94653
-1.83793
8.27068
18.37928
28.48789
38.59649
48.7051
58.8137
68.92231
79.03091
89.13952
99.24812
109.35673
119.46533
129.57393
139.68254
149.79114
159.89975
170.00835
180.11696
190.22556
200.33417
210.44277
220.55138
230.65998
240.76859
250.87719
260.9858
271.0944
281.20301
291.31161
301.42022
311.52882
321.63743
331.74603
341.85464
351.96324
362.07185
372.18045
382.28906
392.39766
402.50627
412.61487
422.72348
432.83208
442.94069
453.04929
463.15789
473.2665
483.3751
493.48371
503.59231
513.70092
523.80952
533.91813
544.02673
554.13534
564.24394
574.35255
584.46115
594.56976
604.67836
614.78697
624.89557
635.00418
645.11278
655.22139
665.32999
675.4386
685.5472
695.65581
705.76441
715.87302
725.98162
736.09023
746.19883
756.30744
766.41604
776.52464
786.63325
796.74185
806.85046
816.95906
827.06767
837.17627
847.28488
857.39348
867.50209
877.61069
887.7193
897.8279
907.93651
918.04511
928.15372
938.26232
948.37093
958.47953
968.58814
978.69674
988.80535
998.91395
1009.02256
1019.13116
1029.23977
1039.34837
1049.45698
1059.56558
1069.67419
1079.78279
1089.8914
1100
1110.1086
1120.21721
1130.32581
1140.43442
1150.54302
1160.65163
1170.76023
1180.86884
1190.97744
1201.08605
FieldDomainFile C:\IDEASVSM\Default UserID\Experiments\FORCexp0283B\fdomain.ini
TempDomainFile C:\IDEASVSM\Default UserID\Experiments\FORCexp0283B\tdomain.ini
NumSelectedResults 0
ResultsSelected 
UserName1 
UserValue1 
UserName2 
UserValue2 
LinearBackgroundCorrection Off
MaxLinearFieldCorrection 
MinLinearFieldCorrection 
AutoLinearCorrection Off
FitOneRegion Off
BackgroundMode Off
BackgroundFilename 
AutoCenter Off
OffsetCorrection 
SmoothDeriv Off
DerivOrder 0
DerivPoints 0
MinExFieldOne 
MaxExFieldOne 
MinExFieldTwo 
MaxExFieldTwo 
MinPinFieldOne 
MaxPinFieldOne 
MinPinFieldTwo 
MaxPinFieldTwo 
HCenterStart 
Mass 
Volume 
Density 
MolarWeight 
NumberOfMoles 
Demagnetization 
SampleArea 
Thickness 
MomentScaling 0
XAxis 0
YAxis 0
SimpleSpinValve False
HsatMax 0
HsatMin 0
FieldAutoRange False
 
*************************************************** Experiment Data ********************************************
 
DataPoints 293
MomentX Data
-0.0044459
-0.00444699
-0.00447524
-0.00445868
-0.00450117
-0.00444754
-0.00447686
-0.0044953
-0.00448156
-0.00448041
-0.00446142
-0.00442673
-0.00441246
-0.00441052
-0.00442424
-0.00446575
-0.00441341
-0.00438635
-0.00437035
-0.00442543
-0.00440164
-0.00440454
-0.00437096
-0.00441002
-0.0043994
-0.00439132
-0.00436186
-0.00441043
-0.00437416
-0.00438238
-0.00431393
-0.00428677
-0.00433007
-0.00430424
-0.00430593
-0.00432287
-0.00429514
-0.00430306
-0.00431571
-0.00429504
-0.00428156
-0.00426998
-0.00428045
-0.00428872
-0.00427621
-0.00426399
-0.00426758
-0.00422287
-0.00421162
-0.004241
-0.00424165
-0.0042571
-0.00422149
-0.00422541
-0.00419069
-0.00420248
-0.00417369
-0.0041924
-0.00417631
-0.00421747
-0.00414071
-0.00416531
-0.00412811
-0.00415638
-0.00412724
-0.00414017
-0.00413219
-0.00413111
-0.00411191
-0.00412278
-0.0041063
-0.00411018
-0.00409277
-0.00409811
-0.00406983
-0.00401841
-0.00404159
-0.00404843
-0.00403609
-0.00403627
-0.00404611
-0.00400025
-0.00402918
-0.00400113
-0.00401723
-0.00399124
-0.00401611
-0.0039502
-0.00397489
-0.00395247
-0.00397588
-0.00394518
-0.0039557
-0.0039371
-0.00392122
-0.00391012
-0.0039356
-0.00389696
-0.00389668
-0.00387322
-0.00388086
-0.00386174
-0.00384758
-0.00387449
-0.00384616
-0.00383995
-0.0038408
-0.00382514
-0.00382919
-0.00379683
-0.00375143
-0.00377259
-0.00374696
-0.00372196
-0.00375597
-0.00373111
-0.00371248
-0.00372747
-0.00375124
-0.00372392
-0.00372257
-0.00368056
-0.00365129
-0.00367307
-0.0036209
-0.00366772
-0.00362129
-0.00362355
-0.00360094
-0.00359635
-0.00354786
-0.0035605
-0.00359436
-0.00354022
-0.0035746
-0.00353048
-0.00353325
-0.00348456
-0.0034517
-0.00350979
-0.00352039
-0.00343309
-0.00344928
-0.00342149
-0.00344624
-0.00342187
-0.00339525
-0.00344267
-0.00337081
-0.00336367
-0.00337692
-0.0033448
-0.0032966
-0.00330898
-0.0032854
-0.00330385
-0.00324233
-0.00325742
-0.00323866
-0.00327435
-0.0033132
-0.00327157
-0.00322735
-0.00324557
-0.0032263
-0.00319353
-0.00315212
-0.00311044
-0.00312978
-0.00305091
-0.00307491
-0.00309141
-0.00312481
-0.00307529
-0.00302493
-0.00302447
-0.00298658
-0.00297451
-0.00297268
-0.00294502
-0.00297266
-0.00290485
-0.00291002
-0.00291331
-0.00287431
-0.0028802
-0.00283375
-0.00279577
-0.00275418
-0.00273267
-0.00282014
-0.00283928
-0.00276565
-0.00263236
-0.0026313
-0.00261384
-0.00258204
-0.00267817
-0.00262658
-0.00259579
-0.00249778
-0.00252731
-0.00248136
-0.00244335
-0.00245961
-0.00241729
-0.00242781
-0.00240789
-0.00235408
-0.00233033
-0.00240623
-0.00225651
-0.00227834
-0.00225686
-0.00219611
-0.00215315
-0.00221065
-0.00207921
-0.00214892
-0.0020793
-0.00205833
-0.00202196
-0.00188277
-0.00192998
-0.0018879
-0.00179939
-0.00178701
-0.0017353
-0.00156633
-0.00158686
-0.0017127
-0.00159433
-0.00150945
-0.00144754
-0.00137386
-0.00132441
-0.00127673
-0.00122029
-0.00113882
-0.00101991
-0.00103717
-0.000930936
-0.000912035
-0.000865975
-0.000623752
-0.000621611
-0.000480257
-0.000424725
-0.000369478
-0.000223827
-0.0000177259
-0.0000173441
0.000208751
0.000225251
0.000457312
0.000464863
0.000598145
0.000725286
0.000760664
0.000912468
0.00100708
0.00110927
0.00126438
0.00138707
0.00146473
0.00154981
0.00163419
0.00175366
0.0018774
0.00204535
0.00207002
0.00216869
0.00220268
0.00232516
0.00240443
0.00251734
0.00255241
0.00268663
0.00271021
0.00282412
0.00282251
0.00287902
0.00285979
0.00295834
0.00309371
0.00314427
0.00325775
0.0032333
0.00325263
0.00325366
0.00343426
0.00344257
0.00356758
MomentY Data
-0.0058651
-0.00576973
-0.00597636
-0.00592868
-0.0058651
-0.00600815
-0.00567436
-0.0055631
-0.00576973
-0.00588099
-0.00611941
-0.00567436
-0.00607173
-0.00600815
-0.0058651
-0.00602404
-0.00619888
-0.00616709
-0.00594457
-0.00594457
-0.00596046
-0.00597636
-0.0061353
-0.0061353
-0.00626246
-0.0061353
-0.00589689
-0.00603994
-0.00572205
-0.00567436
-0.00588099
-0.00583331
-0.00557899
-0.00583331
-0.00592868
-0.00588099
-0.00616709
-0.00572205
-0.00596046
-0.00578562
-0.00596046
-0.00567436
-0.00567436
-0.00583331
-0.0055631
-0.00591278
-0.00545184
-0.00591278
-0.00573794
-0.00623067
-0.00610352
-0.0061353
-0.00597636
-0.00602404
-0.00592868
-0.00567436
-0.00588099
-0.00611941
-0.00597636
-0.00603994
-0.00597636
-0.00603994
-0.0061353
-0.00588099
-0.00589689
-0.00619888
-0.00638962
-0.0061353
-0.0061353
-0.00569026
-0.0055631
-0.00600815
-0.00592868
-0.00618299
-0.00591278
-0.00616709
-0.00589689
-0.00602404
-0.00594457
-0.00603994
-0.00616709
-0.00607173
-0.00588099
-0.00588099
-0.00605583
-0.00588099
-0.0061353
-0.00572205
-0.00597636
-0.00623067
-0.00592868
-0.00592868
-0.00597636
-0.00623067
-0.00616709
-0.00610352
-0.00616709
-0.00607173
-0.00607173
-0.00576973
-0.00592868
-0.00619888
-0.00602404
-0.0058651
-0.00580152
-0.00583331
-0.0058651
-0.00592868
-0.00642141
-0.00583331
-0.00610352
-0.00616709
-0.0061353
-0.00600815
-0.00602404
-0.00605583
-0.0058651
-0.00576973
-0.00551542
-0.00597636
-0.00638962
-0.00623067
-0.00619888
-0.00632604
-0.00570615
-0.00561078
-0.00588099
-0.00561078
-0.00626246
-0.00588099
-0.00588099
-0.00600815
-0.00588099
-0.00597636
-0.00588099
-0.00561078
-0.00597636
-0.00603994
-0.00610352
-0.00602404
-0.00607173
-0.00567436
-0.00581741
-0.00642141
-0.00635783
-0.00603994
-0.00616709
-0.00597636
-0.00592868
-0.00626246
-0.0061353
-0.00600815
-0.00583331
-0.00619888
-0.00610352
-0.00578562
-0.00591278
-0.00602404
-0.00616709
-0.0061353
-0.00616709
-0.0061353
-0.00623067
-0.00605583
-0.00626246
-0.00576973
-0.00616709
-0.0061353
-0.0061353
-0.00567436
-0.00594457
-0.00576973
-0.00588099
-0.00599225
-0.0058651
-0.00616709
-0.00610352
-0.00607173
-0.00594457
-0.0061353
-0.00619888
-0.00603994
-0.00638962
-0.00607173
-0.00626246
-0.00626246
-0.00588099
-0.00597636
-0.00602404
-0.00592868
-0.00626246
-0.00602404
-0.00619888
-0.00562668
-0.00592868
-0.00632604
-0.00576973
-0.00619888
-0.00589689
-0.00596046
-0.0061353
-0.00588099
-0.00592868
-0.00619888
-0.00607173
-0.00610352
-0.00623067
-0.00600815
-0.00599225
-0.00616709
-0.00589689
-0.00632604
-0.00635783
-0.00591278
-0.00629425
-0.00638962
-0.00591278
-0.00626246
-0.00626246
-0.00616709
-0.00616709
-0.00638962
-0.00599225
-0.00638962
-0.00632604
-0.0064532
-0.00648499
-0.00632604
-0.0061353
-0.00603994
-0.00591278
-0.00626246
-0.0064532
-0.00619888
-0.00626246
-0.00581741
-0.0061353
-0.0061353
-0.00638962
-0.00626246
-0.00610352
-0.00623067
-0.00629425
-0.00635783
-0.00619888
-0.00654856
-0.00629425
-0.00603994
-0.00632604
-0.00642141
-0.00664393
-0.00683467
-0.00632604
-0.00629425
-0.00651677
-0.00635783
-0.00626246
-0.0061353
-0.00648499
-0.00667572
-0.00651677
-0.00626246
-0.00635783
-0.00638962
-0.00654856
-0.00651677
-0.00658035
-0.00664393
-0.00654856
-0.00638962
-0.0064532
-0.00658035
-0.00683467
-0.00667572
-0.00680288
-0.00667572
-0.0067393
-0.00654856
-0.00658035
-0.00670751
-0.0067393
-0.00664393
-0.00685056
-0.00651677
-0.00642141
-0.00675519
-0.00686646
-0.00658035
-0.0064532
-0.00638962
-0.00686646
-0.00664393
-0.00683467
Field Data
-1750.01
-1743.49
-1734.31
-1723.92
-1713.79
-1703.73
-1693.78
-1683.3
-1673.4
-1663.46
-1652.99
-1643.02
-1632.99
-1622.88
-1612.65
-1602.89
-1592.64
-1582.43
-1572.52
-1562.18
-1552.45
-1542.34
-1531.95
-1522.03
-1512.23
-1501.81
-1491.67
-1481.72
-1471.78
-1461.39
-1451.53
-1441.57
-1431.17
-1421.21
-1410.87
-1401.05
-1391.06
-1380.67
-1370.78
-1360.88
-1350.55
-1340.56
-1330.66
-1320.66
-1310.32
-1300.16
-1290.41
-1280.05
-1269.83
-1260.09
-1249.97
-1239.58
-1229.55
-1219.45
-1209.51
-1199.57
-1189.17
-1179.37
-1169.43
-1159.09
-1149.04
-1139.08
-1128.96
-1118.7
-1108.81
-1098.82
-1088.54
-1078.54
-1068.35
-1058.41
-1048.32
-1038.16
-1028.14
-1018.15
-1007.84
-997.888
-987.96
-977.758
-967.62
-957.634
-947.572
-937.215
-927.386
-917.05
-907.128
-897.369
-886.733
-876.97
-866.953
-856.812
-846.602
-836.719
-826.729
-816.43
-805.149
-792.944
-782.961
-772.903
-762.621
-752.662
-742.773
-732.276
-722.53
-712.449
-702.306
-692.066
-682.184
-672.27
-661.828
-651.753
-641.61
-631.745
-621.749
-611.331
-601.565
-591.535
-581.337
-571.297
-561.328
-551.123
-540.99
-530.974
-521.122
-510.663
-500.712
-490.495
-480.542
-470.473
-460.181
-450.403
-440.495
-430.048
-420.068
-410.13
-400.153
-389.641
-379.644
-369.807
-359.735
-349.714
-339.326
-329.497
-319.501
-309.264
-299.216
-289.329
-279.205
-268.973
-258.683
-248.795
-238.732
-228.648
-218.724
-208.471
-198.43
-188.406
-178.43
-168.178
-158.093
-148.241
-137.981
-127.735
-117.898
-107.954
-97.546
-87.5949
-77.7537
-67.3362
-57.4027
-46.9886
-37.213
-27.3344
-17.0437
-7.26235
2.92414
13.3482
23.5554
33.3149
43.1822
53.5231
63.3801
73.6146
83.6929
93.9752
104.076
113.776
124.175
134.2
144.322
154.163
164.099
174.687
184.44
194.245
204.676
214.707
224.567
235.02
244.913
255.01
265.15
274.968
285.179
295.422
305.24
315.266
325.667
335.588
345.463
355.821
365.907
375.826
385.802
396.355
406.217
416.227
426.257
436.262
446.652
456.436
466.361
476.64
486.779
496.72
506.74
516.991
526.957
536.975
547.2
557.217
567.238
577.505
587.341
597.66
607.706
617.603
627.789
637.885
647.765
657.871
668.391
678.08
688.157
698.387
708.336
718.758
728.447
738.382
748.857
758.806
768.714
778.792
789.117
799.093
808.949
819.331
829.314
839.233
849.556
859.538
869.768
879.717
889.648
899.899
909.983
919.909
929.866
940.154
950.173
960.092
970.459
980.313
990.351
1000.43
1010.82
1020.79
1030.85
1040.89
1050.9
1061.18
1071.05
1080.92
1091.35
1101.35
1111.18
1121.54
1131.59
1141.59
1151.76
1161.73
1171.84
1181.99
1191.94
Time Data
0
0.3
0.6
0.9
1.2
1.5
1.8
2.1
2.4
2.7
3
3.3
3.6
3.9
4.2
4.5
4.8
5.1
5.4
5.7
6
6.3
6.6
6.9
7.2
7.5
7.8
8.1
8.4
8.7
9
9.3
9.6
9.9
10.2
10.5
10.8
11.1
11.4
11.7
12
12.3
12.6
12.9
13.2
13.5
13.8
14.1
14.4
14.7
15
15.3
15.6
15.9
16.2
16.5
16.8
17.1
17.4
17.7
18
18.3
18.6
18.9
19.2
19.5
19.8
20.1
20.4
20.7
21
21.3
21.6
21.9
22.2
22.5
22.8
23.1
23.4
23.7
24
24.3
24.6
24.9
25.2
25.5
25.8
26.1
26.4
26.7
27
27.3
27.6
27.9
28.2
28.5
28.8
29.1
29.4
29.7
30.0000000000001
30.3000000000001
30.6000000000001
30.9000000000001
31.2000000000001
31.5000000000001
31.8000000000001
32.1000000000001
32.4
32.7
33
33.3
33.6
33.9
34.2
34.5
34.8
35.1
35.4
35.7
36
36.3
36.6
36.9
37.2
37.5
37.8
38.1
38.4
38.7
39
39.3
39.6
39.9
40.2
40.5
40.8
41.1
41.4
41.7
42
42.3
42.6
42.8999999999999
43.1999999999999
43.4999999999999
43.7999999999999
44.0999999999999
44.3999999999999
44.6999999999999
44.9999999999999
45.2999999999999
45.5999999999999
45.8999999999999
46.1999999999999
46.4999999999999
46.7999999999999
47.0999999999999
47.3999999999999
47.6999999999999
47.9999999999999
48.2999999999999
48.5999999999999
48.8999999999999
49.1999999999999
49.4999999999999
49.7999999999999
50.0999999999999
50.3999999999999
50.6999999999999
50.9999999999999
51.2999999999999
51.5999999999999
51.8999999999999
52.1999999999999
52.4999999999999
52.7999999999999
53.0999999999999
53.3999999999998
53.6999999999998
53.9999999999998
54.2999999999998
54.5999999999998
54.8999999999998
55.1999999999998
55.4999999999998
55.7999999999998
56.0999999999998
56.3999999999998
56.6999999999998
56.9999999999998
57.2999999999998
57.5999999999998
57.8999999999998
58.1999999999998
58.4999999999998
58.7999999999998
59.0999999999998
59.3999999999998
59.6999999999998
59.9999999999998
60.2999999999998
60.5999999999998
60.8999999999998
61.1999999999998
61.4999999999998
61.7999999999998
62.0999999999998
62.3999999999998
62.6999999999998
62.9999999999998
63.2999999999998
63.5999999999998
63.8999999999998
64.1999999999997
64.4999999999997
64.7999999999997
65.0999999999997
65.3999999999997
65.6999999999997
65.9999999999997
66.2999999999997
66.5999999999997
66.8999999999997
67.1999999999997
67.4999999999997
67.7999999999997
68.0999999999997
68.3999999999997
68.6999999999997
68.9999999999997
69.2999999999997
69.5999999999997
69.8999999999997
70.1999999999997
70.4999999999997
70.7999999999997
71.0999999999997
71.3999999999997
71.6999999999997
71.9999999999997
72.2999999999997
72.5999999999997
72.8999999999997
73.1999999999997
73.4999999999997
73.7999999999997
74.0999999999997
74.3999999999997
74.6999999999996
74.9999999999996
75.2999999999996
75.5999999999996
75.8999999999996
76.1999999999996
76.4999999999996
76.7999999999996
77.0999999999996
77.3999999999996
77.6999999999996
77.9999999999996
78.2999999999996
78.5999999999996
78.8999999999996
79.1999999999996
79.4999999999996
79.7999999999996
80.0999999999996
80.3999999999996
80.6999999999996
80.9999999999996
81.2999999999996
81.5999999999996
81.8999999999996
82.1999999999996
82.4999999999996
82.7999999999996
83.0999999999996
83.3999999999996
83.6999999999996
83.9999999999996
84.2999999999996
84.5999999999996
84.8999999999996
85.1999999999995
85.4999999999995
85.7999999999995
86.0999999999995
86.3999999999995
86.6999999999995
86.9999999999995
87.2999999999995
87.5999999999995
Temperature Data
0
0
0
0
0
0
0
0
0
0
0
0
0
0
0
0
0
0
0
0
0
0
0
0
0
0
0
0
0
0
0
0
0
0
0
0
0
0
0
0
0
0
0
0
0
0
0
0
0
0
0
0
0
0
0
0
0
0
0
0
0
0
0
0
0
0
0
0
0
0
0
0
0
0
0
0
0
0
0
0
0
0
0
0
0
0
0
0
0
0
0
0
0
0
0
0
0
0
0
0
0
0
0
0
0
0
0
0
0
0
0
0
0
0
0
0
0
0
0
0
0
0
0
0
0
0
0
0
0
0
0
0
0
0
0
0
0
0
0
0
0
0
0
0
0
0
0
0
0
0
0
0
0
0
0
0
0
0
0
0
0
0
0
0
0
0
0
0
0
0
0
0
0
0
0
0
0
0
0
0
0
0
0
0
0
0
0
0
0
0
0
0
0
0
0
0
0
0
0
0
0
0
0
0
0
0
0
0
0
0
0
0
0
0
0
0
0
0
0
0
0
0
0
0
0
0
0
0
0
0
0
0
0
0
0
0
0
0
0
0
0
0
0
0
0
0
0
0
0
0
0
0
0
0
0
0
0
0
0
0
0
0
0
0
0
0
0
0
0
0
0
0
0
0
0
0
0
0
0
0
0
0
0
0
0
0
0
0
0
0
0
0
0
Angle Data
0
0
0
0
0
0
0
0
0
0
0
0
0
0
0
0
0
0
0
0
0
0
0
0
0
0
0
0
0
0
0
0
0
0
0
0
0
0
0
0
0
0
0
0
0
0
0
0
0
0
0
0
0
0
0
0
0
0
0
0
0
0
0
0
0
0
0
0
0
0
0
0
0
0
0
0
0
0
0
0
0
0
0
0
0
0
0
0
0
0
0
0
0
0
0
0
0
0
0
0
0
0
0
0
0
0
0
0
0
0
0
0
0
0
0
0
0
0
0
0
0
0
0
0
0
0
0
0
0
0
0
0
0
0
0
0
0
0
0
0
0
0
0
0
0
0
0
0
0
0
0
0
0
0
0
0
0
0
0
0
0
0
0
0
0
0
0
0
0
0
0
0
0
0
0
0
0
0
0
0
0
0
0
0
0
0
0
0
0
0
0
0
0
0
0
0
0
0
0
0
0
0
0
0
0
0
0
0
0
0
0
0
0
0
0
0
0
0
0
0
0
0
0
0
0
0
0
0
0
0
0
0
0
0
0
0
0
0
0
0
0
0
0
0
0
0
0
0
0
0
0
0
0
0
0
0
0
0
0
0
0
0
0
0
0
0
0
0
0
0
0
0
0
0
0
0
0
0
0
0
0
0
0
0
0
0
0
0
0
0
0
0
0
Bx Data
0
0
0
0
0
0
0
0
0
0
0
0
0
0
0
0
0
0
0
0
0
0
0
0
0
0
0
0
0
0
0
0
0
0
0
0
0
0
0
0
0
0
0
0
0
0
0
0
0
0
0
0
0
0
0
0
0
0
0
0
0
0
0
0
0
0
0
0
0
0
0
0
0
0
0
0
0
0
0
0
0
0
0
0
0
0
0
0
0
0
0
0
0
0
0
0
0
0
0
0
0
0
0
0
0
0
0
0
0
0
0
0
0
0
0
0
0
0
0
0
0
0
0
0
0
0
0
0
0
0
0
0
0
0
0
0
0
0
0
0
0
0
0
0
0
0
0
0
0
0
0
0
0
0
0
0
0
0
0
0
0
0
0
0
0
0
0
0
0
0
0
0
0
0
0
0
0
0
0
0
0
0
0
0
0
0
0
0
0
0
0
0
0
0
0
0
0
0
0
0
0
0
0
0
0
0
0
0
0
0
0
0
0
0
0
0
0
0
0
0
0
0
0
0
0
0
0
0
0
0
0
0
0
0
0
0
0
0
0
0
0
0
0
0
0
0
0
0
0
0
0
0
0
0
0
0
0
0
0
0
0
0
0
0
0
0
0
0
0
0
0
0
0
0
0
0
0
0
0
0
0
0
0
0
0
0
0
0
0
0
0
0
0
Hint Data
0
0
0
0
0
0
0
0
0
0
0
0
0
0
0
0
0
0
0
0
0
0
0
0
0
0
0
0
0
0
0
0
0
0
0
0
0
0
0
0
0
0
0
0
0
0
0
0
0
0
0
0
0
0
0
0
0
0
0
0
0
0
0
0
0
0
0
0
0
0
0
0
0
0
0
0
0
0
0
0
0
0
0
0
0
0
0
0
0
0
0
0
0
0
0
0
0
0
0
0
0
0
0
0
0
0
0
0
0
0
0
0
0
0
0
0
0
0
0
0
0
0
0
0
0
0
0
0
0
0
0
0
0
0
0
0
0
0
0
0
0
0
0
0
0
0
0
0
0
0
0
0
0
0
0
0
0
0
0
0
0
0
0
0
0
0
0
0
0
0
0
0
0
0
0
0
0
0
0
0
0
0
0
0
0
0
0
0
0
0
0
0
0
0
0
0
0
0
0
0
0
0
0
0
0
0
0
0
0
0
0
0
0
0
0
0
0
0
0
0
0
0
0
0
0
0
0
0
0
0
0
0
0
0
0
0
0
0
0
0
0
0
0
0
0
0
0
0
0
0
0
0
0
0
0
0
0
0
0
0
0
0
0
0
0
0
0
0
0
0
0
0
0
0
0
0
0
0
0
0
0
0
0
0
0
0
0
0
0
0
0
0
0
Torque Data
10.263983651
10.0594665577
10.3648609116
10.2205700256
10.051549729
10.2362653995
9.6111174808
9.36436623
9.655066182
9.7827916254
10.1153235359
9.3230869672
9.9150743727
9.750506472
9.458353515
9.6558734756
9.8725842432
9.7589882287
9.3479552164
9.2864883626
9.253316127
9.2175790824
9.398972835
9.338110659
9.4702798858
9.214054893
8.7962139063
8.9494998968
8.421598749
8.2924529604
8.5364334147
8.4091246967
7.9844831183
8.2903585051
8.3645967516
8.2395610395
8.5787922154
7.9002627735
8.1704793588
7.8735345456
8.049899253
7.6068200416
7.5506438776
7.7038191846
7.289441192
7.6875600448
7.0351088544
7.568654039
7.2862083502
7.8512049603
7.6292168944
7.605195174
7.348233438
7.346015578
7.1707977468
6.8067920252
6.9934968783
7.2170485717
6.9889346748
7.0008340546
6.8670766944
6.8799748552
6.926508288
6.579063513
6.5385306009
6.8114533216
6.9553569548
6.617166462
6.554647755
6.0226280866
5.831908992
6.237421004
6.0955130552
6.2952112685
5.9591361952
6.15406510592
5.8258914444
5.89005330232
5.7520848234
5.78405190196
5.84376180548
5.69051643195
5.45394779214
5.3931618795
5.49341295624
5.27741811531
5.4403729749
5.0180661885
5.18122323108
5.33851282404
5.01923234536
4.96063920092
4.94083012644
5.0869059081
4.96542634641
4.83974956288
4.82859095349
4.69285833219
4.63042880433
4.34265652126
4.40366342964
4.53929105088
4.3525496212
4.1785846299
4.07444230512
4.03703551846
4.0010773784
3.9856737036
4.24986893748
3.80187729243
3.9160794672
3.89602827205
3.8146166397
3.67296834765
3.6238516226
3.58223539905
3.4095996387
3.29622943981
3.09595967776
3.29370945228
3.4567205238
3.30832377258
3.23037274336
3.23047456452
2.8571377788
2.7520595361
2.82606269658
2.63972049894
2.88186510526
2.64881553897
2.59054669005
2.5837928912
2.47041570732
2.4510845268
2.35329579147
2.18618992998
2.26888921584
2.23361209158
2.1956497672
2.10669112456
2.06029585398
1.86968459692
1.85866831241
1.98591094224
1.90236446128
1.74752980026
1.72188236345
1.60747947828
1.53364872844
1.5580687357
1.4646924396
1.3737514812
1.27588489644
1.29228671248
1.2111214736
1.09004552172
1.0550173354
1.01311099912
0.97497375937
0.9095030073
0.85094124529
0.7836925455
0.73458353166
0.65375107182
0.61087792316
0.505398922377
0.479514065733
0.41312778786
0.35218278531
0.266630232296
0.22121528341
0.157712107712
0.100233829263
0.0435178167875
-0.017150373514
-0.082319550738
-0.143770855008
-0.202279077777
-0.256699610654
-0.32838027543
-0.392885634288
-0.444627767124
-0.534765827698
-0.570592041096
-0.65177178696
-0.71251764896
-0.73027193325
-0.802027512
-0.86940150088
-0.91398309484
-1.02766342354
-1.05232147548
-1.1433214272
-1.0929544566
-1.21345850768
-1.35824507028
-1.29569095691
-1.4568607776
-1.44422502057
-1.5199769046
-1.626774795
-1.61708405832
-1.69073503372
-1.83128552736
-1.8533348652
-1.92423233632
-2.02912360689
-2.0162630422
-2.07010066175
-2.19438013089
-2.15771332923
-2.37749030904
-2.45286352966
-2.3435599169
-2.55683135225
-2.65953236374
-2.52036386446
-2.73207332452
-2.79714028392
-2.81488189124
-2.87609025949
-3.0455484768
-2.91690146275
-3.1738520464
-3.2056575096
-3.3362463212
-3.41731087543
-3.396925329
-3.35723616
-3.36555724698
-3.35395350164
-3.6166019623
-3.7902289412
-3.7048226208
-3.80573451676
-3.59284986823
-3.8516738517
-3.9136158405
-4.1389721993
-4.11989082266
-4.07953783632
-4.2248927136
-4.33143219725
-4.44022582021
-4.39088986368
-4.70682988848
-4.58502752975
-4.45978297708
-4.73729933628
-4.87260443646
-5.10728200602
-5.32278631864
-4.99198570668
-5.02969111525
-5.27173457473
-5.20916721173
-5.19354575244
-5.1489462249
-5.50936216444
-5.73803501736
-5.66807800936
-5.50919252382
-5.65623074384
-5.75001264838
-5.95907827448
-5.99483537393
-6.1188437331
-6.24631736522
-6.22226490088
-6.13462304504
-6.2625660188
-6.45080264955
-6.76872226917
-6.6785905596
-6.8764871616
-6.8145082188
-6.947207405
-6.8163306184
-6.915289815
-7.1178754618
-7.218127265
-7.1815568156
-7.476358656
-7.1772446395
-7.1353423638
-7.5762157926
-7.7700174714
-7.5120617565
-7.432537632
-7.4230132426
-8.0463924864
-7.8530588207
-8.1465165598
dMdH Data
-1.67177914110368E-07
-3.07734204793032E-06
1.59384023099141E-06
-4.19447186574527E-06
5.33101391650101E-06
-2.94673366834172E-06
-1.7595419847328E-06
1.3878787878788E-06
1.1569416498995E-07
1.81375358166188E-06
3.47943831494478E-06
1.42273180458627E-06
1.91889218595428E-07
-1.34115347018573E-06
-4.25307377049179E-06
5.1063414634146E-06
2.65034280117537E-06
1.61453077699287E-06
-5.3268858800774E-06
2.44501541623844E-06
-2.86844708209702E-07
3.23195380173248E-06
-3.93749999999993E-06
1.0836734693877E-06
7.75431861804274E-07
2.90532544378696E-06
-4.88140703517581E-06
3.64889336016092E-06
-7.91145332050034E-07
6.94219066937114E-06
2.72690763052208E-06
-4.16346153846164E-06
2.59337349397591E-06
-1.63442940038718E-07
-1.72505091649696E-06
2.77577577577578E-06
-7.62271414821934E-07
-1.27906976744188E-06
2.08787878787886E-06
1.30493707647624E-06
1.15915915915922E-06
-1.0575757575758E-06
-8.27000000000033E-07
1.20986460348164E-06
1.20275590551186E-06
-3.68205128205166E-07
4.315637065637E-06
1.10078277886497E-06
-3.01642710472278E-06
-6.42292490118198E-08
-1.48700673724736E-06
3.5503489531406E-06
-3.88118811881205E-07
3.49295774647879E-06
-1.18611670020114E-06
2.76826923076926E-06
-1.90918367346934E-06
1.61871227364186E-06
-3.98065764023207E-06
7.6378109452737E-06
-2.46987951807233E-06
3.67588932806331E-06
-2.75536062378172E-06
2.94641051567241E-06
-1.29429429429433E-06
7.76264591439721E-07
1.07999999999966E-07
1.88420019627089E-06
-1.09356136820932E-06
1.63330029732407E-06
-3.81889763779485E-07
1.73752495009979E-06
-5.34534534534566E-07
2.74296799224059E-06
5.16680064308681E-06
-2.33481063658343E-06
-6.70456773181743E-07
1.21720260406396E-06
-1.80252353294411E-08
-9.77936791890333E-07
4.42792314376751E-06
-2.94333095940581E-06
2.71381578947368E-06
-1.62265672243499E-06
2.66318270314581E-06
-2.33828506957499E-06
6.75099866844211E-06
-2.46480982330037E-06
2.21082733458244E-06
-2.29285014691484E-06
3.1063442274613E-06
-1.05305305305305E-06
1.80600058258087E-06
1.40767662441276E-06
9.09463334698891E-07
-2.5523389762597E-06
3.84171803539471E-06
2.72320560202364E-08
2.35565819861432E-06
-7.72575589038297E-07
1.82147280175288E-06
1.45290375538679E-06
-2.66937803789304E-06
2.79305925268661E-06
6.06445312499998E-07
-8.60149767253745E-08
1.57958442606418E-06
-3.8785673242676E-07
3.2119106699752E-06
4.47599329586907E-06
-2.14495691839839E-06
2.5640256102441E-06
2.39969283931659E-06
-3.48249027237357E-06
2.47856430707872E-06
1.82682878995881E-06
-1.49302788844621E-06
-2.38439161400338E-06
2.67711905928468E-06
1.33228066712699E-07
4.19428913738024E-06
2.97097036134789E-06
-2.08241705708003E-06
5.24268917696715E-06
-4.58255848096314E-06
4.66492514819652E-06
-2.24451286125736E-07
2.19685192382434E-06
4.69421149519337E-07
4.89402503027855E-06
-1.20991672250406E-06
-3.39278557114229E-06
5.4477762125176E-06
-3.44592562894655E-06
4.19710806697107E-06
-2.77083124937484E-07
4.94967978042088E-06
3.26250992851469E-06
-5.7968266640056E-06
-1.0204081632653E-06
8.8818801505748E-06
-1.61964785914362E-06
2.71466249877892E-06
-2.46317675159236E-06
2.46485283705878E-06
2.62939549585146E-06
-4.63448006254891E-06
6.98347910592807E-06
7.22087378640786E-07
-1.31670476001191E-06
3.18524395081313E-06
4.85691253526808E-06
-1.20745147761633E-06
2.34837167612788E-06
-1.8405826017558E-06
6.16680032076987E-06
-1.47190792040579E-06
1.8601883986118E-06
-3.62261469752337E-06
-3.78654970760233E-06
4.06304899472965E-06
4.49527294906986E-06
-1.83226065969431E-06
1.85146041506534E-06
3.29310327501483E-06
4.20782018453034E-06
4.00095992320616E-06
-1.94694719887251E-06
7.57338608233068E-06
-2.45509227055118E-06
-1.67027716478044E-06
-3.24564898403411E-06
5.06269584464312E-06
4.94380301752617E-06
4.41286792286182E-08
3.71208558664473E-06
1.23674368563962E-06
1.85461068377365E-07
2.67481553829938E-06
-2.80409861012476E-06
6.62562899995112E-06
-5.1298334044433E-07
-3.19967322486212E-07
3.86108031047046E-06
-6.07216494845331E-07
4.46677565150495E-06
3.78852867830424E-06
4.1088717644734E-06
2.18575348033738E-06
-8.80334138486315E-06
-1.80770683792972E-06
7.54947195734646E-06
1.35940846506884E-05
1.01620170645171E-07
1.74060412720566E-06
3.22515212981746E-06
-9.19640294652255E-06
5.21479834226223E-06
3.04942061998611E-06
9.66568047337283E-06
-3.00774088409046E-06
4.50004896680052E-06
3.71082690617983E-06
-1.65614178040336E-06
4.22102533413127E-06
-1.0114412075762E-06
2.00786211067428E-06
5.44911392405064E-06
2.29291368990156E-06
-7.52528256989893E-06
1.50942635346304E-05
-2.18825180433035E-06
2.03544015919643E-06
6.16000811194486E-06
4.29170829170828E-06
-5.73280159521437E-06
1.31374312843578E-05
-6.70933589990374E-06
7.11569910057235E-06
2.11284634760704E-06
3.53828193404028E-06
1.37281783213335E-05
-4.7490192133588E-06
4.19960079840319E-06
8.63427958247978E-06
1.24222356010437E-06
5.16170892393689E-06
1.65251833740831E-05
-2.04951582310076E-06
-1.25576289791437E-05
1.15291711308075E-05
8.62952419682795E-06
5.99961236553933E-06
7.3342623929922E-06
4.99646357482068E-06
4.68093461613979E-06
5.59033280507132E-06
8.24595141700405E-06
1.17662774589353E-05
-1.6406844106464E-06
1.09643926101764E-05
1.87565743772949E-06
4.50244379276642E-06
2.4346466981606E-05
2.05430819420455E-07
1.45891216843844E-05
5.58953195772525E-06
5.27417661097851E-06
1.46397627902301E-05
2.08014836495761E-05
3.78845008930345E-08
2.18978305084747E-05
1.65396952686447E-06
2.35451501623377E-05
7.2731650934309E-07
1.3350896524091E-05
1.2817925194072E-05
3.42710452387868E-06
1.52077739931878E-05
9.24848484848483E-06
1.02713840586994E-05
1.56187695096163E-05
1.19685884303971E-05
7.70130900436339E-06
8.57142857142853E-06
8.47444009239731E-06
1.16125583203732E-05
1.23505339854277E-05
1.6932150418389E-05
2.37966624867369E-06
1.00131926121372E-05
3.3861326957561E-06
1.21519992062706E-05
7.62945139557257E-06
1.13249749247744E-05
3.48608349900602E-06
1.33685258964141E-05
2.35564435564432E-06
1.10807392996109E-05
-1.63120567375886E-07
5.72543059777096E-06
-1.84372003835093E-06
9.85499999999998E-06
1.37711088504576E-05
4.88030888030891E-06
1.12915422885573E-05
-2.44499999999996E-06
1.90068829891834E-06
1.03309929789363E-07
1.78635014836797E-05
8.18719211822619E-07
1.25638190954773E-05
1.25638190954773E-05
dMdT Data
0
0
0
0
0
0
0
0
0
0
0
0
0
0
0
0
0
0
0
0
0
0
0
0
0
0
0
0
0
0
0
0
0
0
0
0
0
0
0
0
0
0
0
0
0
0
0
0
0
0
0
0
0
0
0
0
0
0
0
0
0
0
0
0
0
0
0
0
0
0
0
0
0
0
0
0
0
0
0
0
0
0
0
0
0
0
0
0
0
0
0
0
0
0
0
0
0
0
0
0
0
0
0
0
0
0
0
0
0
0
0
0
0
0
0
0
0
0
0
0
0
0
0
0
0
0
0
0
0
0
0
0
0
0
0
0
0
0
0
0
0
0
0
0
0
0
0
0
0
0
0
0
0
0
0
0
0
0
0
0
0
0
0
0
0
0
0
0
0
0
0
0
0
0
0
0
0
0
0
0
0
0
0
0
0
0
0
0
0
0
0
0
0
0
0
0
0
0
0
0
0
0
0
0
0
0
0
0
0
0
0
0
0
0
0
0
0
0
0
0
0
0
0
0
0
0
0
0
0
0
0
0
0
0
0
0
0
0
0
0
0
0
0
0
0
0
0
0
0
0
0
0
0
0
0
0
0
0
0
0
0
0
0
0
0
0
0
0
0
0
0
0
0
0
0
0
0
0
0
0
0
0
0
0
0
0
0
0
0
0
0
0
0
 
*********************************************** Results ***************************************
 
TotalArea 0
AreaFirstQuad 0
AreaSecondQuad 0
AreaThirdQuad 0
AreaFourthQuad 0
Coercivity 0
PositiveCoercivity 0
NegativeCoercivity 0
Retentivity 8.49538324658308E-04
PositiveRetentivity -4.73846302147229E-03
NegativeRetentivity -3.03938637215567E-03
Magnetization 0.004034375
PositiveMagnetization 0.00356758
NegativeMagnetization -0.00450117
Flatness 4.57769188738853
Squareness 0.210574952665111
SStar 0
SFD1 0
SFD2 0
Slope 0
Intercept 0
SlopeAtHc 1.25638190954773E-05
dH1 -2540.82104439184
dH2 100.352
InitialSlope -1.67177914110368E-07
FieldAtHalfMs 942.59357063197
FieldAtMs 1191.94
MomentMean -2.57311466211604E-03
MomentRMS 2.14611989741024E-03
SFD3 0
dH3 -5081.64208878367
UserField1 0
UserField2 0
CenterField 0
ExchangeField 0
ExchangeMoment 0
ExRegionOneIntercept 0
ExRegionOneSlope 0
ExRegionTwoIntercept 0
ExRegionTwoSlope 0
NegativeIntercept 0
NegativeSlope 0
AutoCenterOffset 0
PinningField 0
PinningMoment 0
PinRegionOneIntercept 0
PinRegionOneSlope 0
PinRegionTwoIntercept 0
PinRegionTwoSlope 0
PositiveIntercept 0
PositiveSlope 0
TotalOffset 0
BHMax 0
BCoercivity 0
BRetentivity 0
BNegativeCoercivity 0
BPositiveCoercivity 0
BNegativeRetentivity 0
BPositiveRetentivity 0
MomentYMean -6.10633624573379E-03
MomentYRMS 2.80533312137318E-04
YOffCorrection 0
Mrt 0
Ms1 0
Ms2 0
Ms3 0
Hc2 0
Hex2 0
HsatValue 0
HsatIntercept 0
HsatSlope 0
CenterH 0
Span .00806875
SpanAsPercentOfRange -152.240566037736
RMSAsPercentOfRange -40.4928282530234
SpanAsPercentOfMean -313.579107794774
RMSAsPercentOfMean -83.4055290659044
