Version 1.25
******************************************** Units *******************************************
System CGS
TemperatureUnit K
MomentUnit emu
AppliedFieldUnit G
 
******************************************** Setup ********************************************
 
Experiment CustomField
Minor False
Acquisition Continuous
EditedPoint No
MaxField 15000
FieldIncrement 100
Points 293
MinField 0
RampRate 10
AverageTime 0.3
TimeInterval 0
TimeConstant 0.1
TimeConstantIndex 0
Sensitivity -0.0053
SensitivityIndex 5
SensitivityY -400
SensitivityIndexY 0
SaturationField 8000
ExperimentTime 100
Use735Domains True
AutoRangeEnabled False
NumberOfVertices 2
VertexPts
0
292
VertexField
-1134.0017
1817.7109
StartAngle 0
EndAngle 0
AngleIncrement 0
StartTemp 0
FinishTemp 0
TempIncrement 0
TempPoints 0
LengthofSetPointsArray 293
SetPointArray
-1134.00167
-1123.89307
-1113.78446
-1103.67586
-1093.56725
-1083.45865
-1073.35004
-1063.24144
-1053.13283
-1043.02423
-1032.91562
-1022.80702
-1012.69841
-1002.58981
-992.4812
-982.3726
-972.26399
-962.15539
-952.04678
-941.93818
-931.82957
-921.72097
-911.61236
-901.50376
-891.39515
-881.28655
-871.17794
-861.06934
-850.96074
-840.85213
-830.74353
-820.63492
-810.52632
-800.41771
-790.30911
-780.2005
-770.0919
-759.98329
-749.87469
-739.76608
-729.65748
-719.54887
-709.44027
-699.33166
-689.22306
-679.11445
-669.00585
-658.89724
-648.78864
-638.68003
-628.57143
-618.46282
-608.35422
-598.24561
-588.13701
-578.0284
-567.9198
-557.81119
-547.70259
-537.59398
-527.48538
-517.37678
-507.26817
-497.15957
-487.05096
-476.94236
-466.83375
-456.72515
-446.61654
-436.50794
-426.39933
-416.29073
-406.18212
-396.07352
-385.96491
-375.85631
-365.7477
-355.6391
-345.53049
-335.42189
-325.31328
-315.20468
-305.09607
-294.98747
-284.87886
-274.77026
-264.66165
-254.55305
-244.44444
-234.33584
-224.22723
-214.11863
-204.01003
-193.90142
-183.79282
-173.68421
-163.57561
-153.467
-143.3584
-133.24979
-123.14119
-113.03258
-102.92398
-92.81537
-82.70677
-72.59816
-62.48956
-52.38095
-42.27235
-32.16374
-22.05514
-11.94653
-1.83793
8.27068
18.37928
28.48789
38.59649
48.7051
58.8137
68.92231
79.03091
89.13952
99.24812
109.35673
119.46533
129.57393
139.68254
149.79114
159.89975
170.00835
180.11696
190.22556
200.33417
210.44277
220.55138
230.65998
240.76859
250.87719
260.9858
271.0944
281.20301
291.31161
301.42022
311.52882
321.63743
331.74603
341.85464
351.96324
362.07185
372.18045
382.28906
392.39766
402.50627
412.61487
422.72348
432.83208
442.94069
453.04929
463.15789
473.2665
483.3751
493.48371
503.59231
513.70092
523.80952
533.91813
544.02673
554.13534
564.24394
574.35255
584.46115
594.56976
604.67836
614.78697
624.89557
635.00418
645.11278
655.22139
665.32999
675.4386
685.5472
695.65581
705.76441
715.87302
725.98162
736.09023
746.19883
756.30744
766.41604
776.52464
786.63325
796.74185
806.85046
816.95906
827.06767
837.17627
847.28488
857.39348
867.50209
877.61069
887.7193
897.8279
907.93651
918.04511
928.15372
938.26232
948.37093
958.47953
968.58814
978.69674
988.80535
998.91395
1009.02256
1019.13116
1029.23977
1039.34837
1049.45698
1059.56558
1069.67419
1079.78279
1089.8914
1100
1110.1086
1120.21721
1130.32581
1140.43442
1150.54302
1160.65163
1170.76023
1180.86884
1190.97744
1201.08605
1211.19465
1221.30326
1231.41186
1241.52047
1251.62907
1261.73768
1271.84628
1281.95489
1292.06349
1302.1721
1312.2807
1322.38931
1332.49791
1342.60652
1352.71512
1362.82373
1372.93233
1383.04094
1393.14954
1403.25815
1413.36675
1423.47536
1433.58396
1443.69256
1453.80117
1463.90977
1474.01838
1484.12698
1494.23559
1504.34419
1514.4528
1524.5614
1534.67001
1544.77861
1554.88722
1564.99582
1575.10443
1585.21303
1595.32164
1605.43024
1615.53885
1625.64745
1635.75606
1645.86466
1655.97327
1666.08187
1676.19048
1686.29908
1696.40769
1706.51629
1716.6249
1726.7335
1736.84211
1746.95071
1757.05931
1767.16792
1777.27652
1787.38513
1797.49373
1807.60234
1817.71094
FieldDomainFile C:\IDEASVSM\Default UserID\Experiments\FORCexp0222B\fdomain.ini
TempDomainFile C:\IDEASVSM\Default UserID\Experiments\FORCexp0222B\tdomain.ini
NumSelectedResults 0
ResultsSelected 
UserName1 
UserValue1 
UserName2 
UserValue2 
LinearBackgroundCorrection Off
MaxLinearFieldCorrection 
MinLinearFieldCorrection 
AutoLinearCorrection Off
FitOneRegion Off
BackgroundMode Off
BackgroundFilename 
AutoCenter Off
OffsetCorrection 
SmoothDeriv Off
DerivOrder 0
DerivPoints 0
MinExFieldOne 
MaxExFieldOne 
MinExFieldTwo 
MaxExFieldTwo 
MinPinFieldOne 
MaxPinFieldOne 
MinPinFieldTwo 
MaxPinFieldTwo 
HCenterStart 
Mass 
Volume 
Density 
MolarWeight 
NumberOfMoles 
Demagnetization 
SampleArea 
Thickness 
MomentScaling 0
XAxis 0
YAxis 0
SimpleSpinValve False
HsatMax 0
HsatMin 0
FieldAutoRange False
 
*************************************************** Experiment Data ********************************************
 
DataPoints 293
MomentX Data
-0.00316725
-0.00317316
-0.00319094
-0.00318286
-0.00317526
-0.0031631
-0.0031805
-0.00319672
-0.00315341
-0.0031373
-0.00310754
-0.0031212
-0.00309504
-0.00311763
-0.00305326
-0.00308953
-0.00304562
-0.00308735
-0.00305159
-0.00303362
-0.00300872
-0.00303956
-0.00299958
-0.00300277
-0.00297011
-0.00297022
-0.00299505
-0.00300228
-0.00296208
-0.00295302
-0.00295753
-0.00293734
-0.00292044
-0.00292288
-0.00292692
-0.00285397
-0.0028439
-0.00284365
-0.00285736
-0.00280608
-0.00281385
-0.00278937
-0.00278787
-0.00276687
-0.00278011
-0.00277412
-0.00281269
-0.00273015
-0.00273668
-0.00272807
-0.00274064
-0.00275717
-0.00270653
-0.00269842
-0.00267417
-0.0026592
-0.00265145
-0.00265012
-0.00263694
-0.00262321
-0.00260027
-0.00258639
-0.00256036
-0.00257242
-0.0025025
-0.00250227
-0.00250338
-0.00254903
-0.00247048
-0.00248402
-0.00248078
-0.00246359
-0.00249789
-0.00248354
-0.002464
-0.00244178
-0.00239407
-0.0023676
-0.00239326
-0.00235999
-0.00240809
-0.00237037
-0.00234466
-0.00230503
-0.00230836
-0.00229317
-0.00227383
-0.00229847
-0.00231043
-0.00225411
-0.00223791
-0.00221302
-0.00218061
-0.00216497
-0.00219757
-0.00220654
-0.00219095
-0.0021511
-0.00212505
-0.00209062
-0.00210205
-0.00210035
-0.00207712
-0.00205304
-0.00202184
-0.00200165
-0.00199284
-0.00199726
-0.00197203
-0.00196521
-0.00189731
-0.00198277
-0.00190551
-0.00189673
-0.00185097
-0.00186044
-0.00181189
-0.00183196
-0.00184271
-0.00179689
-0.00177156
-0.00178924
-0.00176958
-0.00173714
-0.00166363
-0.00165371
-0.00169981
-0.0016398
-0.00163065
-0.00157205
-0.00156476
-0.001594
-0.0016071
-0.00156954
-0.00152541
-0.00150569
-0.00146187
-0.00149524
-0.00142858
-0.00143816
-0.00147608
-0.00138386
-0.00134793
-0.00135751
-0.00133845
-0.00129919
-0.00124349
-0.00125478
-0.00120871
-0.00117378
-0.00111998
-0.00108032
-0.0010649
-0.00105432
-0.00103457
-0.000974548
-0.000963309
-0.000969977
-0.000890295
-0.000892119
-0.000875657
-0.000814911
-0.000749327
-0.000729464
-0.000724676
-0.000729751
-0.000643623
-0.000537372
-0.000478071
-0.000481924
-0.000469775
-0.000359761
-0.000371609
-0.000368848
-0.000244853
-0.000145564
-0.0000318955
-0.000032668
0.0000296096
0.000057322
0.000103028
0.000212566
0.000332259
0.000439888
0.000426528
0.000537787
0.000652892
0.000778553
0.000895157
0.000902339
0.00104661
0.00120703
0.00126094
0.00136503
0.00150644
0.00154146
0.00167074
0.00178776
0.00190979
0.00197263
0.00219136
0.00218936
0.00232623
0.00242174
0.00246707
0.00261259
0.00275344
0.00275981
0.00288739
0.00295691
0.00298431
0.00307979
0.00322475
0.00320836
0.00337612
0.00346369
0.00337657
0.00341186
0.0035296
0.0036264
0.00360076
0.00374196
0.00380859
0.0037247
0.00378826
0.00389511
0.00388262
0.00397387
0.00394939
0.00401575
0.0040664
0.0040559
0.00408921
0.00410677
0.00407836
0.00412615
0.00415457
0.00409643
0.0041805
0.00421947
0.00426094
0.00422654
0.00427583
0.00427473
0.00427893
0.00428572
0.00427571
0.00425987
0.00427964
0.00433616
0.00427916
0.00436094
0.00436436
0.0044141
0.00428109
0.00430394
0.00435618
0.00438736
0.00444789
0.00444224
0.0043983
0.00438235
0.00442921
0.00442147
0.00445672
0.00445578
0.00439017
0.00439402
0.00451108
0.00447498
0.00456338
0.00447167
0.0044362
0.00447858
0.00451457
0.00452259
0.00455208
0.00455158
0.00449837
0.00448312
0.00450529
0.00451946
0.00456664
0.00454233
0.00448227
0.00458538
0.00462289
0.00459921
0.00465677
0.0046411
0.00466314
0.00463428
0.0045691
MomentY Data
-0.00594457
-0.00623067
-0.00596046
-0.00602404
-0.00602404
-0.00602404
-0.0064532
-0.00635783
-0.00578562
-0.00610352
-0.00592868
-0.0061353
-0.00603994
-0.00603994
-0.00632604
-0.00610352
-0.00619888
-0.00616709
-0.00607173
-0.00621478
-0.00607173
-0.00589689
-0.00607173
-0.00607173
-0.00635783
-0.00635783
-0.00632604
-0.00616709
-0.00623067
-0.00670751
-0.00594457
-0.00608762
-0.00619888
-0.00626246
-0.0061353
-0.00623067
-0.00629425
-0.00607173
-0.00602404
-0.00583331
-0.00597636
-0.00626246
-0.0061353
-0.00603994
-0.00600815
-0.00610352
-0.00610352
-0.00597636
-0.00623067
-0.0061353
-0.00616709
-0.00616709
-0.00603994
-0.00597636
-0.00602404
-0.00616709
-0.00629425
-0.00642141
-0.00610352
-0.0061353
-0.00610352
-0.00638962
-0.00623067
-0.00635783
-0.00635783
-0.00632604
-0.00610352
-0.0061353
-0.00642141
-0.0061353
-0.0061353
-0.00610352
-0.00635783
-0.00603994
-0.00619888
-0.00607173
-0.0061353
-0.00594457
-0.00623067
-0.00607173
-0.00616709
-0.00651677
-0.00683467
-0.00658035
-0.00638962
-0.00642141
-0.00600815
-0.00616709
-0.00611941
-0.00658035
-0.0061353
-0.00596046
-0.00629425
-0.00607173
-0.00623067
-0.00642141
-0.00623067
-0.00642141
-0.00597636
-0.00651677
-0.00638962
-0.0061353
-0.00619888
-0.00638962
-0.0061353
-0.00600815
-0.00576973
-0.0064532
-0.00626246
-0.00619888
-0.00632604
-0.00623067
-0.00607173
-0.00635783
-0.00632604
-0.00619888
-0.00623067
-0.00623067
-0.00629425
-0.00607173
-0.00626246
-0.0061353
-0.00658035
-0.00648499
-0.00632604
-0.00623067
-0.00597636
-0.00619888
-0.00635783
-0.00661214
-0.00626246
-0.00623067
-0.00600815
-0.0061353
-0.00607173
-0.00610352
-0.00619888
-0.00632604
-0.00623067
-0.00632604
-0.0061353
-0.00611941
-0.00623067
-0.00661214
-0.00616709
-0.00619888
-0.00642141
-0.0064532
-0.00661214
-0.00607173
-0.00654856
-0.00635783
-0.00635783
-0.00642141
-0.00638962
-0.00610352
-0.00648499
-0.00607173
-0.00677109
-0.00664393
-0.00651677
-0.00648499
-0.00623067
-0.00638962
-0.00629425
-0.00632604
-0.00648499
-0.00629425
-0.00610352
-0.00651677
-0.00658035
-0.00629425
-0.00607173
-0.00642141
-0.00667572
-0.00658035
-0.00658035
-0.00623067
-0.00648499
-0.0061353
-0.00658035
-0.00664393
-0.00642141
-0.00642141
-0.00664393
-0.0067393
-0.00626246
-0.00658035
-0.00658035
-0.0064532
-0.00619888
-0.00664393
-0.00642141
-0.00642141
-0.00642141
-0.00670751
-0.00670751
-0.00667572
-0.00654856
-0.00686646
-0.00664393
-0.00705719
-0.00693003
-0.00686646
-0.0067393
-0.00642141
-0.00642141
-0.00693003
-0.00683467
-0.00683467
-0.00664393
-0.0067393
-0.0070413
-0.00664393
-0.00689824
-0.00699361
-0.00689824
-0.00654856
-0.0070254
-0.00664393
-0.0067393
-0.00720024
-0.0067393
-0.00715256
-0.00696182
-0.00651677
-0.00705719
-0.00651677
-0.00642141
-0.00721614
-0.00686646
-0.00686646
-0.00694593
-0.00680288
-0.00699361
-0.00726382
-0.00683467
-0.00726382
-0.00694593
-0.00697772
-0.00729561
-0.00694593
-0.00658035
-0.00688235
-0.00680288
-0.00689824
-0.00683467
-0.0067393
-0.00667572
-0.00677109
-0.00724792
-0.00694593
-0.00693003
-0.00693003
-0.00658035
-0.0070413
-0.00724792
-0.00677109
-0.00677109
-0.00699361
-0.0067393
-0.00720024
-0.00686646
-0.00677109
-0.00689824
-0.00694593
-0.00689824
-0.00694593
-0.00715256
-0.00667572
-0.00720024
-0.00708898
-0.00708898
-0.00708898
-0.00724792
-0.00683467
-0.00693003
-0.00693003
-0.00651677
-0.00686646
-0.0067393
-0.00705719
-0.00661214
-0.00658035
-0.00708898
-0.00705719
-0.00691414
-0.00680288
-0.00686646
-0.00664393
-0.00681877
-0.00675519
-0.00667572
Field Data
-1132.69
-1125.48
-1116
-1105.58
-1095.51
-1085.14
-1075.36
-1065.46
-1054.89
-1045.01
-1034.97
-1024.66
-1014.7
-1004.35
-994.468
-984.543
-974.179
-964.196
-954.275
-944.151
-933.702
-923.942
-913.99
-903.598
-893.691
-883.711
-873.405
-863.347
-853.192
-843.196
-833.36
-823.154
-812.807
-802.914
-792.992
-782.543
-772.694
-762.735
-752.429
-742.33
-732.42
-722.386
-711.961
-702.12
-691.836
-682.039
-672.016
-661.608
-651.685
-641.744
-631.453
-621.282
-611.486
-601.452
-590.989
-580.884
-571.025
-560.944
-551.089
-540.534
-530.758
-520.861
-510.388
-500.51
-490.512
-480.316
-470.236
-460.287
-450.238
-439.881
-429.904
-420.11
-409.629
-399.748
-389.456
-379.503
-369.642
-359.172
-349.319
-339.484
-329.079
-319.082
-309.147
-298.951
-288.676
-278.755
-268.873
-258.415
-248.627
-238.155
-228.301
-218.422
-208.261
-198.011
-188.259
-178.128
-167.848
-157.935
-147.953
-137.638
-127.553
-117.534
-107.377
-97.3469
-87.0834
-77.1461
-67.2538
-56.9393
-46.8788
-36.9556
-26.83
-16.9238
-6.84422
3.44614
13.2726
23.7597
33.6581
43.86
53.717
63.7285
74.1295
83.7049
94.1726
104.311
114.32
124.28
134.284
144.291
154.745
164.648
174.602
184.861
194.918
204.819
215.124
225.159
235.095
245.019
255.528
265.354
275.315
285.801
295.645
305.995
315.718
325.66
335.959
346.061
356.08
365.955
376.449
386.229
396.18
406.581
416.567
426.545
436.692
446.771
457.026
466.802
476.896
487.156
497.248
507.382
517.188
527.198
537.435
547.624
557.574
567.614
577.958
588.003
597.936
608.144
617.957
628.022
638.266
648.353
658.298
668.269
678.787
688.591
698.437
709.113
718.758
729.193
739.128
748.998
758.955
769.094
779.295
789.35
799.165
809.542
819.586
829.869
839.698
849.612
860.005
870.015
879.912
890.041
900.35
910.221
920.192
930.569
940.427
950.406
960.699
970.73
980.905
990.999
1000.77
1010.94
1021.33
1031.17
1041.13
1051.38
1061.39
1071.3
1081.54
1091.54
1101.53
1111.71
1121.98
1131.94
1142.12
1152.04
1161.97
1172.43
1182.24
1192.22
1202.68
1212.61
1222.45
1232.63
1242.81
1252.78
1262.62
1273.29
1282.92
1293.05
1303.28
1313.15
1323.38
1333.56
1343.27
1353.55
1363.65
1373.54
1383.76
1394.05
1403.95
1413.89
1424.22
1434.11
1444.18
1454.43
1464.39
1474.5
1484.57
1494.46
1504.62
1514.98
1524.85
1534.67
1545.15
1555.1
1564.92
1575.27
1585.49
1595.6
1605.18
1615.76
1625.65
1635.69
1645.6
1655.71
1666.06
1675.87
1685.68
1696.25
1706.08
1716.03
1726.18
1736.54
1746.62
1756.42
1766.62
1776.56
1786.92
1796.74
1806.79
Time Data
0
0.3
0.6
0.9
1.2
1.5
1.8
2.1
2.4
2.7
3
3.3
3.6
3.9
4.2
4.5
4.8
5.1
5.4
5.7
6
6.3
6.6
6.9
7.2
7.5
7.8
8.1
8.4
8.7
9
9.3
9.6
9.9
10.2
10.5
10.8
11.1
11.4
11.7
12
12.3
12.6
12.9
13.2
13.5
13.8
14.1
14.4
14.7
15
15.3
15.6
15.9
16.2
16.5
16.8
17.1
17.4
17.7
18
18.3
18.6
18.9
19.2
19.5
19.8
20.1
20.4
20.7
21
21.3
21.6
21.9
22.2
22.5
22.8
23.1
23.4
23.7
24
24.3
24.6
24.9
25.2
25.5
25.8
26.1
26.4
26.7
27
27.3
27.6
27.9
28.2
28.5
28.8
29.1
29.4
29.7
30.0000000000001
30.3000000000001
30.6000000000001
30.9000000000001
31.2000000000001
31.5000000000001
31.8000000000001
32.1000000000001
32.4
32.7
33
33.3
33.6
33.9
34.2
34.5
34.8
35.1
35.4
35.7
36
36.3
36.6
36.9
37.2
37.5
37.8
38.1
38.4
38.7
39
39.3
39.6
39.9
40.2
40.5
40.8
41.1
41.4
41.7
42
42.3
42.6
42.8999999999999
43.1999999999999
43.4999999999999
43.7999999999999
44.0999999999999
44.3999999999999
44.6999999999999
44.9999999999999
45.2999999999999
45.5999999999999
45.8999999999999
46.1999999999999
46.4999999999999
46.7999999999999
47.0999999999999
47.3999999999999
47.6999999999999
47.9999999999999
48.2999999999999
48.5999999999999
48.8999999999999
49.1999999999999
49.4999999999999
49.7999999999999
50.0999999999999
50.3999999999999
50.6999999999999
50.9999999999999
51.2999999999999
51.5999999999999
51.8999999999999
52.1999999999999
52.4999999999999
52.7999999999999
53.0999999999999
53.3999999999998
53.6999999999998
53.9999999999998
54.2999999999998
54.5999999999998
54.8999999999998
55.1999999999998
55.4999999999998
55.7999999999998
56.0999999999998
56.3999999999998
56.6999999999998
56.9999999999998
57.2999999999998
57.5999999999998
57.8999999999998
58.1999999999998
58.4999999999998
58.7999999999998
59.0999999999998
59.3999999999998
59.6999999999998
59.9999999999998
60.2999999999998
60.5999999999998
60.8999999999998
61.1999999999998
61.4999999999998
61.7999999999998
62.0999999999998
62.3999999999998
62.6999999999998
62.9999999999998
63.2999999999998
63.5999999999998
63.8999999999998
64.1999999999997
64.4999999999997
64.7999999999997
65.0999999999997
65.3999999999997
65.6999999999997
65.9999999999997
66.2999999999997
66.5999999999997
66.8999999999997
67.1999999999997
67.4999999999997
67.7999999999997
68.0999999999997
68.3999999999997
68.6999999999997
68.9999999999997
69.2999999999997
69.5999999999997
69.8999999999997
70.1999999999997
70.4999999999997
70.7999999999997
71.0999999999997
71.3999999999997
71.6999999999997
71.9999999999997
72.2999999999997
72.5999999999997
72.8999999999997
73.1999999999997
73.4999999999997
73.7999999999997
74.0999999999997
74.3999999999997
74.6999999999996
74.9999999999996
75.2999999999996
75.5999999999996
75.8999999999996
76.1999999999996
76.4999999999996
76.7999999999996
77.0999999999996
77.3999999999996
77.6999999999996
77.9999999999996
78.2999999999996
78.5999999999996
78.8999999999996
79.1999999999996
79.4999999999996
79.7999999999996
80.0999999999996
80.3999999999996
80.6999999999996
80.9999999999996
81.2999999999996
81.5999999999996
81.8999999999996
82.1999999999996
82.4999999999996
82.7999999999996
83.0999999999996
83.3999999999996
83.6999999999996
83.9999999999996
84.2999999999996
84.5999999999996
84.8999999999996
85.1999999999995
85.4999999999995
85.7999999999995
86.0999999999995
86.3999999999995
86.6999999999995
86.9999999999995
87.2999999999995
87.5999999999995
Temperature Data
0
0
0
0
0
0
0
0
0
0
0
0
0
0
0
0
0
0
0
0
0
0
0
0
0
0
0
0
0
0
0
0
0
0
0
0
0
0
0
0
0
0
0
0
0
0
0
0
0
0
0
0
0
0
0
0
0
0
0
0
0
0
0
0
0
0
0
0
0
0
0
0
0
0
0
0
0
0
0
0
0
0
0
0
0
0
0
0
0
0
0
0
0
0
0
0
0
0
0
0
0
0
0
0
0
0
0
0
0
0
0
0
0
0
0
0
0
0
0
0
0
0
0
0
0
0
0
0
0
0
0
0
0
0
0
0
0
0
0
0
0
0
0
0
0
0
0
0
0
0
0
0
0
0
0
0
0
0
0
0
0
0
0
0
0
0
0
0
0
0
0
0
0
0
0
0
0
0
0
0
0
0
0
0
0
0
0
0
0
0
0
0
0
0
0
0
0
0
0
0
0
0
0
0
0
0
0
0
0
0
0
0
0
0
0
0
0
0
0
0
0
0
0
0
0
0
0
0
0
0
0
0
0
0
0
0
0
0
0
0
0
0
0
0
0
0
0
0
0
0
0
0
0
0
0
0
0
0
0
0
0
0
0
0
0
0
0
0
0
0
0
0
0
0
0
0
0
0
0
0
0
0
0
0
0
0
0
0
0
0
0
0
0
Angle Data
0
0
0
0
0
0
0
0
0
0
0
0
0
0
0
0
0
0
0
0
0
0
0
0
0
0
0
0
0
0
0
0
0
0
0
0
0
0
0
0
0
0
0
0
0
0
0
0
0
0
0
0
0
0
0
0
0
0
0
0
0
0
0
0
0
0
0
0
0
0
0
0
0
0
0
0
0
0
0
0
0
0
0
0
0
0
0
0
0
0
0
0
0
0
0
0
0
0
0
0
0
0
0
0
0
0
0
0
0
0
0
0
0
0
0
0
0
0
0
0
0
0
0
0
0
0
0
0
0
0
0
0
0
0
0
0
0
0
0
0
0
0
0
0
0
0
0
0
0
0
0
0
0
0
0
0
0
0
0
0
0
0
0
0
0
0
0
0
0
0
0
0
0
0
0
0
0
0
0
0
0
0
0
0
0
0
0
0
0
0
0
0
0
0
0
0
0
0
0
0
0
0
0
0
0
0
0
0
0
0
0
0
0
0
0
0
0
0
0
0
0
0
0
0
0
0
0
0
0
0
0
0
0
0
0
0
0
0
0
0
0
0
0
0
0
0
0
0
0
0
0
0
0
0
0
0
0
0
0
0
0
0
0
0
0
0
0
0
0
0
0
0
0
0
0
0
0
0
0
0
0
0
0
0
0
0
0
0
0
0
0
0
0
Bx Data
0
0
0
0
0
0
0
0
0
0
0
0
0
0
0
0
0
0
0
0
0
0
0
0
0
0
0
0
0
0
0
0
0
0
0
0
0
0
0
0
0
0
0
0
0
0
0
0
0
0
0
0
0
0
0
0
0
0
0
0
0
0
0
0
0
0
0
0
0
0
0
0
0
0
0
0
0
0
0
0
0
0
0
0
0
0
0
0
0
0
0
0
0
0
0
0
0
0
0
0
0
0
0
0
0
0
0
0
0
0
0
0
0
0
0
0
0
0
0
0
0
0
0
0
0
0
0
0
0
0
0
0
0
0
0
0
0
0
0
0
0
0
0
0
0
0
0
0
0
0
0
0
0
0
0
0
0
0
0
0
0
0
0
0
0
0
0
0
0
0
0
0
0
0
0
0
0
0
0
0
0
0
0
0
0
0
0
0
0
0
0
0
0
0
0
0
0
0
0
0
0
0
0
0
0
0
0
0
0
0
0
0
0
0
0
0
0
0
0
0
0
0
0
0
0
0
0
0
0
0
0
0
0
0
0
0
0
0
0
0
0
0
0
0
0
0
0
0
0
0
0
0
0
0
0
0
0
0
0
0
0
0
0
0
0
0
0
0
0
0
0
0
0
0
0
0
0
0
0
0
0
0
0
0
0
0
0
0
0
0
0
0
0
Hint Data
0
0
0
0
0
0
0
0
0
0
0
0
0
0
0
0
0
0
0
0
0
0
0
0
0
0
0
0
0
0
0
0
0
0
0
0
0
0
0
0
0
0
0
0
0
0
0
0
0
0
0
0
0
0
0
0
0
0
0
0
0
0
0
0
0
0
0
0
0
0
0
0
0
0
0
0
0
0
0
0
0
0
0
0
0
0
0
0
0
0
0
0
0
0
0
0
0
0
0
0
0
0
0
0
0
0
0
0
0
0
0
0
0
0
0
0
0
0
0
0
0
0
0
0
0
0
0
0
0
0
0
0
0
0
0
0
0
0
0
0
0
0
0
0
0
0
0
0
0
0
0
0
0
0
0
0
0
0
0
0
0
0
0
0
0
0
0
0
0
0
0
0
0
0
0
0
0
0
0
0
0
0
0
0
0
0
0
0
0
0
0
0
0
0
0
0
0
0
0
0
0
0
0
0
0
0
0
0
0
0
0
0
0
0
0
0
0
0
0
0
0
0
0
0
0
0
0
0
0
0
0
0
0
0
0
0
0
0
0
0
0
0
0
0
0
0
0
0
0
0
0
0
0
0
0
0
0
0
0
0
0
0
0
0
0
0
0
0
0
0
0
0
0
0
0
0
0
0
0
0
0
0
0
0
0
0
0
0
0
0
0
0
0
Torque Data
6.7333549933
7.0124944716
6.65187336
6.6600581432
6.5993960604
6.5369267656
6.939513152
6.7740135518
6.1031926818
6.3782394352
6.1360059396
6.286596498
6.128727118
6.066213739
6.29104434672
6.00917789136
6.03881871952
5.94628350964
5.79410014575
5.86769075178
5.66918644446
5.44838434038
5.5495005027
5.48640308454
5.68193545053
5.61848430713
5.5251949662
5.32433865023
5.31595779864
5.65574560196
4.9539668552
5.01104875348
5.03849305616
5.02821680844
4.8652438176
4.87576719381
4.8635292095
4.63112098155
4.53266239316
4.3302410123
4.3772055912
4.52391342956
4.3680943233
4.2407626728
4.1566544634
4.16283867728
4.10166309632
3.95400758688
4.06043417895
3.9372919632
3.89422748177
3.83150200938
3.69333875084
3.59449367472
3.56014137556
3.58236390756
3.59417410625
3.60205141104
3.36358273328
3.3163382502
3.23949206816
3.32810386282
3.18005919996
3.1821574933
3.11859190896
3.03849822864
2.87009483072
2.8239988311
2.89116279558
2.6988018993
2.6375900112
2.5641497872
2.60435154507
2.41445393512
2.41419100928
2.30423975019
2.2678645626
2.13512309604
2.17649141373
2.06125518732
2.02945981011
2.07938400514
2.11291772649
1.96720221285
1.84452994312
1.79000014455
1.61542931495
1.59366856235
1.52145055007
1.56714325425
1.4006951253
1.30189559412
1.31084679925
1.20226932903
1.17297970353
1.14383292048
1.04580549816
1.01416538835
0.88422039108
0.89695518926
0.81501519986
0.7211063502
0.66561713776
0.622009699178
0.53428278402
0.463505340715
0.388036267474
0.36744069076
0.293576609848
0.229083329728
0.1697276532
0.105446612946
0.0415562559006
-0.0219099722762
-0.083962998504
-0.147283529136
-0.209712513927
-0.2732771862
-0.33810822725
-0.386942245305
-0.46423302857
-0.51355467297
-0.61968866841
-0.67645579189
-0.7231928928
-0.7743476676
-0.80252952624
-0.89444259408
-0.98384240335
-1.08867562672
-1.09343804092
-1.15180788687
-1.1710965817
-1.2566260107
-1.30617484452
-1.37426245968
-1.4573256936
-1.54999999476
-1.59211064376
-1.67864001816
-1.6891401195
-1.74893349741
-1.84206643215
-2.0232817793
-1.94706132062
-2.0187272608
-2.15733048219
-2.2332008452
-2.3544508112
-2.22197995215
-2.46519886344
-2.45557832307
-2.5188450894
-2.61082329921
-2.66170483454
-2.6034259384
-2.83194325308
-2.71267288383
-3.09456417834
-3.10139981186
-3.10782154592
-3.15920178844
-3.09818819616
-3.24197817484
-3.255310569
-3.33507563592
-3.48526060065
-3.446882362
-3.40316406048
-3.69900988678
-3.8031659253
-3.70103788275
-3.63050594928
-3.90514196304
-4.12530790404
-4.1326045677
-4.2000136731
-4.03967358651
-4.26905594702
-4.1000307957
-4.46665603545
-4.57495040263
-4.48495033617
-4.55350530933
-4.77537783894
-4.9142503849
-4.62875953488
-4.9286689893
-4.99418953425
-4.9631174008
-4.8307561896
-5.2443861455
-5.13176612265
-5.19840109422
-5.26289773626
-5.56635461619
-5.63228273198
-5.67177182064
-5.6317943428
-5.9739231969
-5.84607373416
-6.28118844479
-6.2394525105
-6.24999608766
-6.2014499456
-5.97556508229
-6.03886734207
-6.58634209218
-6.56606063433
-6.6346192091
-6.51706415665
-6.6786395607
-7.046721801
-6.7166145942
-7.0453794592
-7.2116008237
-7.1819646112
-6.8850250128
-7.456689306
-7.117642209
-7.288822522
-7.8593499696
-7.423541129
-7.9515724776
-7.8110228036
-7.3765926338
-8.0601578428
-7.5075797108
-7.4614857777
-8.4604190202
-8.1178036704
-8.1863309412
-8.3537310924
-8.2492403168
-8.5493385445
-8.9536024466
-8.4941962227
-9.0999684196
-8.7700701366
-8.8846610988
-9.3596839812
-8.9814347865
-8.576038548
-9.0375579025
-9.0027953344
-9.1992169344
-9.1808071709
-9.121979515
-9.103345578
-9.3003629586
-10.0293817792
-9.6829737165
-9.7294156185
-9.7983001167
-9.371866077
-10.097998743
-10.4673011056
-9.8480764287
-9.9155164851
-10.312077945
-10.004962601
-10.7604706704
-10.3314130452
-10.2580659282
-10.518781264
-10.6597103931
-10.658815536
-10.801615743
-11.1931841952
-10.5160614444
-11.4159085176
-11.311176488
-11.3790889164
-11.4540903248
-11.782581148
-11.1794013723
-11.404057368
-11.4741199713
-10.8573298262
-11.5072943202
-11.360303224
-11.9707585375
-11.2808398112
-11.2920780105
-12.2368554964
-12.2550927226
-12.0763752068
-11.9487144896
-12.1304255652
-11.8033402808
-12.1845964884
-12.1373200806
-12.0616241388
dMdH Data
-8.19694868238558E-07
-1.87552742616036E-06
7.75431861804232E-07
7.54716981132077E-07
1.17261330761816E-06
-1.77914110429447E-06
-1.63838383838386E-06
4.09744560075688E-06
1.63056680161943E-06
2.96414342629481E-06
-1.32492725509215E-06
2.62650602409641E-06
-2.1826086956522E-06
6.5138635903663E-06
-3.65440806045343E-06
4.23678116557311E-06
-4.18010618050686E-06
3.60447535530692E-06
1.77499012248123E-06
2.38300315819697E-06
-3.1598360655738E-06
4.01728295819938E-06
-3.06966897613561E-07
3.2966589280307E-06
-1.10220440881543E-08
-2.40927614981563E-06
-7.18830781467489E-07
3.9586410635155E-06
9.06362545018006E-07
-4.58519723464789E-07
1.97824808935918E-06
1.63332366869627E-06
-2.46639037703452E-07
-4.07175972586157E-07
6.98152933295055E-06
1.02243882627678E-06
2.51029219801002E-08
-1.33029303318456E-06
5.07773046836327E-06
-7.84056508577214E-07
2.43970500298987E-06
1.43884892086309E-07
2.13392947871153E-06
-1.28743679502142E-06
6.11411656629578E-07
-3.84814925670955E-06
7.93043812451958E-06
-6.58067116799336E-07
8.66110049290827E-07
-1.22145564085122E-06
-1.62520892734248E-06
5.16945692119232E-06
8.08251943392464E-07
2.31769091082864E-06
1.48144482929243E-06
7.86083781316555E-07
1.31931356016259E-07
1.33739218670729E-06
1.30080530554239E-06
2.34656301145663E-06
1.40244518540971E-06
2.48543874725487E-06
-1.22089491799963E-06
6.99339867973598E-06
2.25578658297307E-08
-1.10119047619039E-07
-4.58840084430595E-06
7.81669817892326E-06
-1.30732837694311E-06
3.24746917911181E-07
1.75515621809274E-06
-3.27258849346438E-06
1.45228215767637E-06
1.89856198989504E-06
2.23249271576407E-06
4.83825169861072E-06
2.52817574021011E-06
-2.6042829595047E-06
3.3828164717844E-06
-4.62277751081209E-06
3.77313193958185E-06
2.58782083543029E-06
3.88681836014126E-06
-3.24087591240892E-07
1.53109565567987E-06
1.95709370572759E-06
-2.35609103078982E-06
-1.22190437270128E-06
5.37815126050419E-06
1.64400243555917E-06
2.51948577791275E-06
3.18964668831809E-06
1.52585365853658E-06
-3.34290401968825E-06
-8.8540124370744E-07
1.51653696498053E-06
4.0199737718148E-06
2.60969745541977E-06
3.33785748909353E-06
-1.13336638572135E-06
1.69677612536169E-07
2.28709264546617E-06
2.40077367124955E-06
3.03989867004432E-06
2.0317390035523E-06
8.90591672310758E-07
-4.28522953124221E-07
2.50782764276127E-06
6.8727829732347E-07
6.70577546021963E-06
-8.62692051442532E-06
7.66500191476232E-06
8.53225737486358E-07
4.65681435633992E-06
-9.03014179325089E-07
4.9048331043401E-06
-1.96728060459327E-06
-1.09059551587703E-06
4.57673675273436E-06
2.43534275550428E-06
-1.84639806169979E-06
1.87815852575065E-06
3.19971593150792E-06
7.34439004895597E-06
9.95983935742956E-07
-4.60815673730507E-06
5.99680223843308E-06
8.75263057202992E-07
5.91739876805009E-06
7.32368896925866E-07
-2.85018032946682E-06
-1.30257532067217E-06
3.79355620644381E-06
4.28238719068412E-06
1.96512207274539E-06
4.41022544283413E-06
-3.36255542120111E-06
6.34313445618041E-06
-9.74964380215746E-07
-3.80684670213834E-06
8.79458325386231E-06
3.64993904916701E-06
-9.2560386473429E-07
1.96030031883163E-06
3.94890364111848E-06
5.40829206719099E-06
-1.11760047515343E-06
4.59826329973051E-06
3.53721518987343E-06
5.12673908900322E-06
4.05521472392639E-06
1.54959300572808E-06
1.01720988366502E-06
1.977768876427E-06
6.01543395470034E-06
1.1076180151769E-06
-6.61573568806433E-07
7.77006338371526E-06
-1.86579378068738E-07
1.63086982365763E-06
5.92066276803119E-06
6.49861276258423E-06
1.96003552397869E-06
4.88272486232912E-07
-5.06993006993008E-07
8.41340236397386E-06
1.04280105996662E-05
5.95989949748748E-06
-3.83764940239041E-07
1.17449729311679E-06
1.09521154803384E-05
-1.19279170441961E-06
2.70474137931035E-07
1.2635789259146E-05
9.86477893691003E-06
1.1096105037095E-05
-7.65837216218896E-08
6.26220211161384E-06
2.77929996991275E-06
4.34550294732838E-06
1.11727866177071E-05
1.21565102579728E-05
1.00813975271637E-05
-1.38517366511146E-06
1.0662098706277E-05
1.15858077503774E-05
1.27316109422492E-05
1.17107562518831E-05
7.08353881053358E-07
1.41428291343987E-05
1.59542516161113E-05
5.49261334691803E-06
1.00308374289293E-05
1.407905217045E-05
3.40562092774481E-06
1.31529148438296E-05
1.18035101876135E-05
1.17415568170884E-05
6.27772227772228E-06
2.21006365565322E-05
-1.97452858130104E-07
1.32767484722088E-05
9.6758180528822E-06
4.54618393340689E-06
1.40233208056279E-05
1.42878880097382E-05
6.3834051508171E-07
1.23948314388419E-05
6.93051540225297E-06
2.6928746928747E-06
9.4590846047156E-06
1.48357384095795E-05
-1.61160275319569E-06
1.61462945139557E-05
8.89939024390245E-06
-8.7469879518072E-06
3.44292682926828E-06
1.17622377622378E-05
9.76791120080743E-06
-2.50390624999999E-06
0.00001412
6.66966966966969E-06
-8.24066797642432E-06
6.18889970788704E-06
1.07279116465863E-05
-1.2269155206287E-06
9.19858870967737E-06
-2.4652567975831E-06
6.34416826003827E-06
5.16309887869526E-06
-1.05210420841684E-06
3.18451242829826E-06
1.76837865055389E-06
-2.88719512195122E-06
4.69449901768177E-06
2.79174852652259E-06
-5.83149448345033E-06
8.54369918699197E-06
3.65229615745079E-06
4.30633437175489E-06
-3.39585389930906E-06
4.81818181818185E-06
-1.1144883485313E-07
4.10557184750753E-07
6.66994106090342E-07
-1.03089598352209E-06
-1.54085603112845E-06
1.95742574257429E-06
5.71486349848339E-06
-5.5772994129159E-06
7.94752186588925E-06
3.45454545454593E-07
5.00402414486914E-06
-1.28760890609874E-05
2.31041456016177E-06
5.18768619662358E-06
3.04195121951215E-06
6.07730923694782E-06
-5.58852621167194E-07
-4.3634558093347E-06
-1.61274014155709E-06
4.61220472440953E-06
-7.47104247104238E-07
3.57142857142858E-06
-9.5723014256579E-08
-6.26049618320616E-06
3.86934673366897E-07
1.19205702647655E-05
-3.48792270531403E-06
8.64970645792559E-06
-9.07121661721078E-06
-3.70250521920654E-06
4.00567107750474E-06
3.63902932254795E-06
7.98804780876504E-07
2.97578203834516E-06
-4.94559841740481E-08
-5.14106280193247E-06
-1.55453618756368E-06
2.25993883792047E-06
1.34058656575213E-06
4.79959308240085E-06
-2.44321608040205E-06
-5.91724137931027E-06
9.9527027027028E-06
3.7212301587302E-06
-2.41632653061219E-06
5.64313725490205E-06
-1.57645875251506E-06
2.12741312741303E-06
-2.93890020366595E-06
-6.48557213930349E-06
-6.48557213930349E-06
dMdT Data
0
0
0
0
0
0
0
0
0
0
0
0
0
0
0
0
0
0
0
0
0
0
0
0
0
0
0
0
0
0
0
0
0
0
0
0
0
0
0
0
0
0
0
0
0
0
0
0
0
0
0
0
0
0
0
0
0
0
0
0
0
0
0
0
0
0
0
0
0
0
0
0
0
0
0
0
0
0
0
0
0
0
0
0
0
0
0
0
0
0
0
0
0
0
0
0
0
0
0
0
0
0
0
0
0
0
0
0
0
0
0
0
0
0
0
0
0
0
0
0
0
0
0
0
0
0
0
0
0
0
0
0
0
0
0
0
0
0
0
0
0
0
0
0
0
0
0
0
0
0
0
0
0
0
0
0
0
0
0
0
0
0
0
0
0
0
0
0
0
0
0
0
0
0
0
0
0
0
0
0
0
0
0
0
0
0
0
0
0
0
0
0
0
0
0
0
0
0
0
0
0
0
0
0
0
0
0
0
0
0
0
0
0
0
0
0
0
0
0
0
0
0
0
0
0
0
0
0
0
0
0
0
0
0
0
0
0
0
0
0
0
0
0
0
0
0
0
0
0
0
0
0
0
0
0
0
0
0
0
0
0
0
0
0
0
0
0
0
0
0
0
0
0
0
0
0
0
0
0
0
0
0
0
0
0
0
0
0
0
0
0
0
0
 
*********************************************** Results ***************************************
 
TotalArea 0
AreaFirstQuad 0
AreaSecondQuad 0
AreaThirdQuad 0
AreaFourthQuad 0
Coercivity 0
PositiveCoercivity 0
NegativeCoercivity 0
Retentivity 1.09801992248108E-03
PositiveRetentivity -4.09571018030513E-03
NegativeRetentivity -1.89967033534298E-03
Magnetization 0.00392993
PositiveMagnetization 0.00466314
NegativeMagnetization -0.00319672
Flatness 2.73008731121244
Squareness 0.279399358889618
SStar 0
SFD1 0
SFD2 0
Slope 0
Intercept 0
SlopeAtHc -6.48557213930349E-06
dH1 -669.773573696155
dH2 24.9955
InitialSlope -8.19694868238558E-07
FieldAtHalfMs 900.901891320281
FieldAtMs 1786.92
MomentMean 7.1643280204777E-05
MomentRMS 2.9075590575593E-03
SFD3 0
dH3 -1339.54714739231
UserField1 0
UserField2 0
CenterField 0
ExchangeField 0
ExchangeMoment 0
ExRegionOneIntercept 0
ExRegionOneSlope 0
ExRegionTwoIntercept 0
ExRegionTwoSlope 0
NegativeIntercept 0
NegativeSlope 0
AutoCenterOffset 0
PinningField 0
PinningMoment 0
PinRegionOneIntercept 0
PinRegionOneSlope 0
PinRegionTwoIntercept 0
PinRegionTwoSlope 0
PositiveIntercept 0
PositiveSlope 0
TotalOffset 0
BHMax 0
BCoercivity 0
BRetentivity 0
BNegativeCoercivity 0
BPositiveCoercivity 0
BNegativeRetentivity 0
BPositiveRetentivity 0
MomentYMean -6.4587294880546E-03
MomentYRMS 3.553776991187E-04
YOffCorrection 0
Mrt 0
Ms1 0
Ms2 0
Ms3 0
Hc2 0
Hex2 0
HsatValue 0
HsatIntercept 0
HsatSlope 0
CenterH 0
Span .00785986
SpanAsPercentOfRange -148.299245283019
RMSAsPercentOfRange -54.8596048596095
SpanAsPercentOfMean 10970.82654163
RMSAsPercentOfMean 4058.38349283934
