Version 1.25
******************************************** Units *******************************************
System CGS
TemperatureUnit K
MomentUnit emu
AppliedFieldUnit G
 
******************************************** Setup ********************************************
 
Experiment CustomField
Minor False
Acquisition Continuous
EditedPoint No
MaxField 15000
FieldIncrement 100
Points 293
MinField 0
RampRate 10
AverageTime 0.3
TimeInterval 0
TimeConstant 0.1
TimeConstantIndex 0
Sensitivity -0.0053
SensitivityIndex 5
SensitivityY -400
SensitivityIndexY 0
SaturationField 8000
ExperimentTime 100
Use735Domains True
AutoRangeEnabled False
NumberOfVertices 2
VertexPts
0
292
VertexField
-2741.2698
210.4428
StartAngle 0
EndAngle 0
AngleIncrement 0
StartTemp 0
FinishTemp 0
TempIncrement 0
TempPoints 0
LengthofSetPointsArray 293
SetPointArray
-2741.26984
-2731.16124
-2721.05263
-2710.94403
-2700.83542
-2690.72682
-2680.61821
-2670.50961
-2660.401
-2650.2924
-2640.18379
-2630.07519
-2619.96658
-2609.85798
-2599.74937
-2589.64077
-2579.53216
-2569.42356
-2559.31495
-2549.20635
-2539.09774
-2528.98914
-2518.88053
-2508.77193
-2498.66332
-2488.55472
-2478.44612
-2468.33751
-2458.22891
-2448.1203
-2438.0117
-2427.90309
-2417.79449
-2407.68588
-2397.57728
-2387.46867
-2377.36007
-2367.25146
-2357.14286
-2347.03425
-2336.92565
-2326.81704
-2316.70844
-2306.59983
-2296.49123
-2286.38262
-2276.27402
-2266.16541
-2256.05681
-2245.9482
-2235.8396
-2225.73099
-2215.62239
-2205.51378
-2195.40518
-2185.29657
-2175.18797
-2165.07937
-2154.97076
-2144.86216
-2134.75355
-2124.64495
-2114.53634
-2104.42774
-2094.31913
-2084.21053
-2074.10192
-2063.99332
-2053.88471
-2043.77611
-2033.6675
-2023.5589
-2013.45029
-2003.34169
-1993.23308
-1983.12448
-1973.01587
-1962.90727
-1952.79866
-1942.69006
-1932.58145
-1922.47285
-1912.36424
-1902.25564
-1892.14703
-1882.03843
-1871.92982
-1861.82122
-1851.71261
-1841.60401
-1831.49541
-1821.3868
-1811.2782
-1801.16959
-1791.06099
-1780.95238
-1770.84378
-1760.73517
-1750.62657
-1740.51796
-1730.40936
-1720.30075
-1710.19215
-1700.08354
-1689.97494
-1679.86633
-1669.75773
-1659.64912
-1649.54052
-1639.43191
-1629.32331
-1619.2147
-1609.1061
-1598.99749
-1588.88889
-1578.78028
-1568.67168
-1558.56307
-1548.45447
-1538.34586
-1528.23726
-1518.12865
-1508.02005
-1497.91145
-1487.80284
-1477.69424
-1467.58563
-1457.47703
-1447.36842
-1437.25982
-1427.15121
-1417.04261
-1406.934
-1396.8254
-1386.71679
-1376.60819
-1366.49958
-1356.39098
-1346.28237
-1336.17377
-1326.06516
-1315.95656
-1305.84795
-1295.73935
-1285.63074
-1275.52214
-1265.41353
-1255.30493
-1245.19632
-1235.08772
-1224.97911
-1214.87051
-1204.7619
-1194.6533
-1184.5447
-1174.43609
-1164.32749
-1154.21888
-1144.11028
-1134.00167
-1123.89307
-1113.78446
-1103.67586
-1093.56725
-1083.45865
-1073.35004
-1063.24144
-1053.13283
-1043.02423
-1032.91562
-1022.80702
-1012.69841
-1002.58981
-992.4812
-982.3726
-972.26399
-962.15539
-952.04678
-941.93818
-931.82957
-921.72097
-911.61236
-901.50376
-891.39515
-881.28655
-871.17794
-861.06934
-850.96074
-840.85213
-830.74353
-820.63492
-810.52632
-800.41771
-790.30911
-780.2005
-770.0919
-759.98329
-749.87469
-739.76608
-729.65748
-719.54887
-709.44027
-699.33166
-689.22306
-679.11445
-669.00585
-658.89724
-648.78864
-638.68003
-628.57143
-618.46282
-608.35422
-598.24561
-588.13701
-578.0284
-567.9198
-557.81119
-547.70259
-537.59398
-527.48538
-517.37678
-507.26817
-497.15957
-487.05096
-476.94236
-466.83375
-456.72515
-446.61654
-436.50794
-426.39933
-416.29073
-406.18212
-396.07352
-385.96491
-375.85631
-365.7477
-355.6391
-345.53049
-335.42189
-325.31328
-315.20468
-305.09607
-294.98747
-284.87886
-274.77026
-264.66165
-254.55305
-244.44444
-234.33584
-224.22723
-214.11863
-204.01003
-193.90142
-183.79282
-173.68421
-163.57561
-153.467
-143.3584
-133.24979
-123.14119
-113.03258
-102.92398
-92.81537
-82.70677
-72.59816
-62.48956
-52.38095
-42.27235
-32.16374
-22.05514
-11.94653
-1.83793
8.27068
18.37928
28.48789
38.59649
48.7051
58.8137
68.92231
79.03091
89.13952
99.24812
109.35673
119.46533
129.57393
139.68254
149.79114
159.89975
170.00835
180.11696
190.22556
200.33417
210.44277
FieldDomainFile C:\IDEASVSM\Default UserID\Experiments\FORCexp0381B\fdomain.ini
TempDomainFile C:\IDEASVSM\Default UserID\Experiments\FORCexp0381B\tdomain.ini
NumSelectedResults 0
ResultsSelected 
UserName1 
UserValue1 
UserName2 
UserValue2 
LinearBackgroundCorrection Off
MaxLinearFieldCorrection 
MinLinearFieldCorrection 
AutoLinearCorrection Off
FitOneRegion Off
BackgroundMode Off
BackgroundFilename 
AutoCenter Off
OffsetCorrection 
SmoothDeriv Off
DerivOrder 0
DerivPoints 0
MinExFieldOne 
MaxExFieldOne 
MinExFieldTwo 
MaxExFieldTwo 
MinPinFieldOne 
MaxPinFieldOne 
MinPinFieldTwo 
MaxPinFieldTwo 
HCenterStart 
Mass 
Volume 
Density 
MolarWeight 
NumberOfMoles 
Demagnetization 
SampleArea 
Thickness 
MomentScaling 0
XAxis 0
YAxis 0
SimpleSpinValve False
HsatMax 0
HsatMin 0
FieldAutoRange False
 
*************************************************** Experiment Data ********************************************
 
DataPoints 293
MomentX Data
-0.00485185
-0.0048782
-0.00488476
-0.00490955
-0.00488532
-0.00491332
-0.00486017
-0.00486906
-0.00487847
-0.00490834
-0.00486467
-0.00486691
-0.00487741
-0.00487757
-0.00485352
-0.00486902
-0.00485269
-0.00490444
-0.00485167
-0.00483117
-0.00484726
-0.00483833
-0.00488924
-0.00485002
-0.00486677
-0.00483984
-0.00483927
-0.00481364
-0.00483278
-0.0048653
-0.00484623
-0.00483661
-0.004802
-0.00481484
-0.00479504
-0.00479733
-0.00479646
-0.00480916
-0.00478593
-0.00477162
-0.00478132
-0.00478734
-0.00480125
-0.0047646
-0.0047795
-0.0047957
-0.00479383
-0.00478406
-0.00476668
-0.00479002
-0.00475272
-0.00475597
-0.00473421
-0.00479068
-0.00473458
-0.00474189
-0.00476582
-0.00477433
-0.00479849
-0.00471909
-0.00473045
-0.00471606
-0.00474087
-0.00472381
-0.00473164
-0.00472261
-0.00473422
-0.00470618
-0.00470693
-0.00470658
-0.00469554
-0.00470501
-0.00466113
-0.00470439
-0.00468199
-0.00466627
-0.00466792
-0.0046714
-0.00470923
-0.00469839
-0.0046725
-0.00466272
-0.00466832
-0.00466344
-0.00461067
-0.00463792
-0.00468564
-0.00461577
-0.0046293
-0.00468344
-0.00465009
-0.00462716
-0.0045988
-0.00463507
-0.00460277
-0.00458113
-0.00458286
-0.00460295
-0.00459714
-0.00457688
-0.00456714
-0.0046018
-0.00453495
-0.00457843
-0.00455279
-0.00456311
-0.00455355
-0.00451473
-0.00450858
-0.00452677
-0.00454258
-0.00454394
-0.00454044
-0.00449051
-0.0045404
-0.00450592
-0.00452163
-0.00450366
-0.004493
-0.00447062
-0.00448071
-0.00450534
-0.00444465
-0.00451238
-0.00449743
-0.00449781
-0.00442175
-0.00442837
-0.00446342
-0.00446397
-0.00446137
-0.00444769
-0.00441002
-0.00440714
-0.00438869
-0.0043829
-0.00443649
-0.00446324
-0.00440379
-0.00441048
-0.00439094
-0.00441061
-0.0044047
-0.00436611
-0.00438283
-0.00437955
-0.00436035
-0.0043907
-0.0043374
-0.00431933
-0.00435817
-0.00430629
-0.00432783
-0.00435652
-0.00432164
-0.00425581
-0.00426184
-0.0042761
-0.00432144
-0.00431407
-0.00431297
-0.00427549
-0.00426798
-0.004213
-0.00422561
-0.00423343
-0.0041976
-0.0042272
-0.00421215
-0.0042006
-0.00417788
-0.0041678
-0.00415952
-0.00416103
-0.00411447
-0.00418812
-0.00414677
-0.0041765
-0.0041855
-0.00417329
-0.0041404
-0.00414833
-0.00406415
-0.00409888
-0.00410527
-0.00413348
-0.0040777
-0.00404765
-0.00406992
-0.00403554
-0.00410064
-0.00400838
-0.00410674
-0.00406854
-0.00401793
-0.00401192
-0.00400156
-0.00402319
-0.00407917
-0.00398526
-0.00397358
-0.00395293
-0.00398598
-0.00397775
-0.00398698
-0.00390681
-0.00389924
-0.00384638
-0.0038957
-0.0038749
-0.00388374
-0.00394857
-0.00391279
-0.00386727
-0.00390429
-0.00391123
-0.00384869
-0.00383229
-0.00378442
-0.0038053
-0.00381179
-0.00376906
-0.00382142
-0.00378641
-0.00374829
-0.0036657
-0.00373535
-0.00373547
-0.00364865
-0.00374919
-0.00364781
-0.00365776
-0.00371299
-0.00367922
-0.00366316
-0.00361772
-0.00368454
-0.00358271
-0.00355199
-0.0035791
-0.00360871
-0.00355528
-0.00357794
-0.00355784
-0.00360431
-0.00349745
-0.0034842
-0.00350442
-0.00354509
-0.00350223
-0.00353861
-0.00353954
-0.00342068
-0.00338172
-0.00340684
-0.00333244
-0.00342745
-0.00341995
-0.00331468
-0.00339278
-0.00333721
-0.00335881
-0.00326299
-0.00338599
-0.00339122
-0.00332207
-0.00318464
-0.0032453
-0.00327066
-0.00330371
-0.00314334
-0.00313705
-0.0031331
-0.00318288
-0.00316877
-0.00309139
-0.0031932
-0.00307029
-0.00306792
-0.00303813
-0.002939
-0.00294701
-0.00296313
-0.00291366
-0.00294746
-0.00288297
-0.0028526
-0.00285307
-0.00289069
-0.00273694
-0.00280808
-0.00277298
-0.00281829
MomentY Data
-0.00597636
-0.00616709
-0.00626246
-0.00592868
-0.00572205
-0.00611941
-0.00591278
-0.00576973
-0.00623067
-0.00616709
-0.00583331
-0.00592868
-0.00597636
-0.00588099
-0.00602404
-0.00578562
-0.00589689
-0.00603994
-0.00567436
-0.00588099
-0.00596046
-0.00616709
-0.00603994
-0.00592868
-0.00607173
-0.00594457
-0.0061353
-0.00592868
-0.00608762
-0.00610352
-0.0061353
-0.00607173
-0.0058651
-0.00576973
-0.00626246
-0.00589689
-0.0058651
-0.00588099
-0.00588099
-0.00569026
-0.00572205
-0.00602404
-0.00583331
-0.00581741
-0.00596046
-0.00583331
-0.00576973
-0.00589689
-0.00600815
-0.00578562
-0.00583331
-0.00572205
-0.00567436
-0.00592868
-0.00592868
-0.00602404
-0.00569026
-0.00616709
-0.00597636
-0.00575384
-0.00588099
-0.00580152
-0.00567436
-0.00576973
-0.00597636
-0.00594457
-0.00570615
-0.00583331
-0.00581741
-0.00597636
-0.00581741
-0.00575384
-0.0058651
-0.00572205
-0.00592868
-0.00572205
-0.00575384
-0.00607173
-0.00576973
-0.00610352
-0.00588099
-0.00603994
-0.00610352
-0.0061353
-0.00562668
-0.00572205
-0.00616709
-0.00603994
-0.00575384
-0.00576973
-0.00588099
-0.0061353
-0.00594457
-0.00594457
-0.00607173
-0.0055631
-0.00623067
-0.00551542
-0.00557899
-0.00576973
-0.0061353
-0.00572205
-0.00632604
-0.00572205
-0.00592868
-0.00607173
-0.00597636
-0.00578562
-0.00572205
-0.00619888
-0.00605583
-0.00610352
-0.00578562
-0.00603994
-0.00578562
-0.00635783
-0.00562668
-0.00572205
-0.0058492
-0.00602404
-0.00623067
-0.00589689
-0.00607173
-0.00594457
-0.00607173
-0.00603994
-0.00592868
-0.00607173
-0.00575384
-0.00589689
-0.00597636
-0.00572205
-0.00581741
-0.00626246
-0.00616709
-0.00602404
-0.00578562
-0.00597636
-0.00592868
-0.00603994
-0.00600815
-0.00623067
-0.00583331
-0.0061353
-0.00592868
-0.00594457
-0.00623067
-0.00597636
-0.00597636
-0.0061353
-0.00600815
-0.00610352
-0.00573794
-0.00619888
-0.00592868
-0.00607173
-0.00597636
-0.0061353
-0.0058492
-0.00603994
-0.00597636
-0.00588099
-0.00583331
-0.00583331
-0.00592868
-0.00576973
-0.00600815
-0.00589689
-0.00607173
-0.00592868
-0.0061353
-0.00607173
-0.00599225
-0.00581741
-0.00572205
-0.00581741
-0.00592868
-0.00607173
-0.00619888
-0.00607173
-0.00610352
-0.00591278
-0.00567436
-0.00592868
-0.00591278
-0.00588099
-0.00583331
-0.00607173
-0.00602404
-0.00600815
-0.00608762
-0.0061353
-0.00607173
-0.00567436
-0.00632604
-0.0058651
-0.00610352
-0.00616709
-0.00583331
-0.00572205
-0.00588099
-0.00583331
-0.00597636
-0.00616709
-0.00623067
-0.00607173
-0.00588099
-0.00623067
-0.00607173
-0.00596046
-0.00578562
-0.0058651
-0.00600815
-0.0061353
-0.0061353
-0.00632604
-0.00592868
-0.00597636
-0.00597636
-0.00594457
-0.0061353
-0.00607173
-0.00588099
-0.00610352
-0.0061353
-0.00607173
-0.00594457
-0.0061353
-0.00600815
-0.00603994
-0.00607173
-0.00602404
-0.00600815
-0.00607173
-0.00623067
-0.00610352
-0.00596046
-0.00597636
-0.00611941
-0.00616709
-0.00626246
-0.0064532
-0.00642141
-0.00607173
-0.0061353
-0.00594457
-0.00596046
-0.00591278
-0.00596046
-0.00588099
-0.00626246
-0.00592868
-0.00618299
-0.00642141
-0.00592868
-0.00600815
-0.00623067
-0.00603994
-0.00642141
-0.0064532
-0.00610352
-0.00592868
-0.00607173
-0.00597636
-0.00591278
-0.00607173
-0.00619888
-0.00592868
-0.0058651
-0.00589689
-0.00629425
-0.00616709
-0.00578562
-0.00603994
-0.00654856
-0.00619888
-0.00600815
-0.00597636
-0.0061353
-0.00635783
-0.00610352
-0.0058492
-0.00605583
-0.00632604
-0.00597636
-0.0061353
-0.00597636
-0.00603994
-0.00602404
-0.00629425
-0.00610352
-0.00596046
-0.00605583
Field Data
-2739.88
-2732.86
-2723.33
-2712.9
-2702.85
-2692.76
-2682.52
-2672.32
-2662.39
-2652.52
-2642.05
-2632.13
-2621.88
-2611.97
-2601.97
-2591.54
-2581.63
-2571.81
-2561.45
-2551.57
-2541.28
-2531.11
-2521.41
-2510.99
-2500.93
-2490.68
-2480.85
-2470.85
-2460.47
-2450.67
-2440.52
-2430.47
-2420.15
-2410.2
-2400.39
-2390.08
-2380.02
-2370.05
-2359.97
-2349.57
-2339.46
-2329.6
-2319.49
-2309.37
-2299.1
-2289.37
-2279.41
-2268.91
-2259.15
-2249.02
-2238.62
-2228.76
-2218.99
-2208.74
-2198.43
-2188.41
-2178.44
-2168.47
-2158.26
-2147.95
-2138.01
-2128.28
-2117.83
-2107.92
-2097.91
-2087.64
-2077.6
-2067.51
-2057.6
-2047.22
-2037.28
-2027.32
-2017.11
-2007.13
-1996.57
-1987.01
-1977.16
-1966.64
-1956.76
-1946.66
-1936.42
-1926.49
-1916.47
-1906.44
-1896.09
-1886.16
-1875.91
-1865.94
-1856.13
-1845.63
-1835.68
-1825.8
-1815.62
-1805.29
-1795.53
-1785.58
-1775.05
-1765.26
-1755.31
-1744.93
-1734.99
-1724.6
-1714.7
-1704.78
-1694.63
-1684.53
-1674.6
-1664.55
-1654.31
-1644.35
-1634.29
-1624.04
-1614.07
-1603.98
-1593.9
-1583.75
-1573.52
-1563.63
-1553.62
-1543.36
-1533.39
-1523.47
-1513.35
-1502.96
-1493.16
-1483.26
-1472.79
-1462.94
-1452.9
-1442.7
-1432.66
-1422.41
-1412.46
-1402.6
-1392.3
-1382.15
-1372.31
-1362.26
-1351.81
-1341.95
-1332.13
-1321.62
-1311.75
-1301.84
-1291.73
-1281.4
-1271.43
-1261.16
-1251.43
-1241.24
-1231.03
-1221.17
-1211.12
-1200.82
-1190.9
-1180.99
-1170.7
-1160.47
-1150.57
-1140.65
-1130.21
-1120.08
-1110.48
-1099.99
-1090.16
-1079.7
-1069.92
-1060.13
-1049.69
-1039.67
-1029.64
-1019.73
-1009.24
-999.547
-989.523
-979.008
-969.306
-958.822
-949.052
-939.162
-928.701
-918.698
-908.88
-898.571
-888.56
-878.622
-868.587
-857.99
-848.337
-838.378
-827.938
-817.996
-808.092
-797.869
-787.759
-777.508
-767.783
-757.649
-747.388
-737.402
-727.455
-717.455
-707.106
-697.165
-687.231
-676.868
-666.924
-656.911
-646.864
-636.494
-626.563
-616.458
-606.586
-596.545
-586.004
-576.173
-566.373
-555.817
-546.028
-536.042
-525.834
-515.663
-505.822
-495.701
-485.378
-475.281
-465.363
-455.397
-445.472
-435.162
-425.01
-415.278
-404.91
-394.837
-384.816
-374.873
-364.404
-354.534
-344.75
-334.235
-324.358
-313.97
-304.173
-294.306
-283.839
-273.846
-263.981
-253.935
-243.6
-233.781
-223.761
-213.517
-203.38
-193.453
-183.371
-173.186
-162.991
-153.023
-143.209
-132.922
-122.68
-112.917
-102.911
-92.4074
-82.4803
-72.5638
-62.2767
-52.3776
-42.1077
-32.4144
-22.4463
-11.8275
-1.68823
8.09139
18.112
28.4465
38.1851
48.2857
58.9767
68.7325
78.6667
88.726
98.5861
108.975
119.084
128.776
139.033
149.358
159.145
169.251
179.702
189.407
199.464
Time Data
0
0.3
0.6
0.9
1.2
1.5
1.8
2.1
2.4
2.7
3
3.3
3.6
3.9
4.2
4.5
4.8
5.1
5.4
5.7
6
6.3
6.6
6.9
7.2
7.5
7.8
8.1
8.4
8.7
9
9.3
9.6
9.9
10.2
10.5
10.8
11.1
11.4
11.7
12
12.3
12.6
12.9
13.2
13.5
13.8
14.1
14.4
14.7
15
15.3
15.6
15.9
16.2
16.5
16.8
17.1
17.4
17.7
18
18.3
18.6
18.9
19.2
19.5
19.8
20.1
20.4
20.7
21
21.3
21.6
21.9
22.2
22.5
22.8
23.1
23.4
23.7
24
24.3
24.6
24.9
25.2
25.5
25.8
26.1
26.4
26.7
27
27.3
27.6
27.9
28.2
28.5
28.8
29.1
29.4
29.7
30.0000000000001
30.3000000000001
30.6000000000001
30.9000000000001
31.2000000000001
31.5000000000001
31.8000000000001
32.1000000000001
32.4
32.7
33
33.3
33.6
33.9
34.2
34.5
34.8
35.1
35.4
35.7
36
36.3
36.6
36.9
37.2
37.5
37.8
38.1
38.4
38.7
39
39.3
39.6
39.9
40.2
40.5
40.8
41.1
41.4
41.7
42
42.3
42.6
42.8999999999999
43.1999999999999
43.4999999999999
43.7999999999999
44.0999999999999
44.3999999999999
44.6999999999999
44.9999999999999
45.2999999999999
45.5999999999999
45.8999999999999
46.1999999999999
46.4999999999999
46.7999999999999
47.0999999999999
47.3999999999999
47.6999999999999
47.9999999999999
48.2999999999999
48.5999999999999
48.8999999999999
49.1999999999999
49.4999999999999
49.7999999999999
50.0999999999999
50.3999999999999
50.6999999999999
50.9999999999999
51.2999999999999
51.5999999999999
51.8999999999999
52.1999999999999
52.4999999999999
52.7999999999999
53.0999999999999
53.3999999999998
53.6999999999998
53.9999999999998
54.2999999999998
54.5999999999998
54.8999999999998
55.1999999999998
55.4999999999998
55.7999999999998
56.0999999999998
56.3999999999998
56.6999999999998
56.9999999999998
57.2999999999998
57.5999999999998
57.8999999999998
58.1999999999998
58.4999999999998
58.7999999999998
59.0999999999998
59.3999999999998
59.6999999999998
59.9999999999998
60.2999999999998
60.5999999999998
60.8999999999998
61.1999999999998
61.4999999999998
61.7999999999998
62.0999999999998
62.3999999999998
62.6999999999998
62.9999999999998
63.2999999999998
63.5999999999998
63.8999999999998
64.1999999999997
64.4999999999997
64.7999999999997
65.0999999999997
65.3999999999997
65.6999999999997
65.9999999999997
66.2999999999997
66.5999999999997
66.8999999999997
67.1999999999997
67.4999999999997
67.7999999999997
68.0999999999997
68.3999999999997
68.6999999999997
68.9999999999997
69.2999999999997
69.5999999999997
69.8999999999997
70.1999999999997
70.4999999999997
70.7999999999997
71.0999999999997
71.3999999999997
71.6999999999997
71.9999999999997
72.2999999999997
72.5999999999997
72.8999999999997
73.1999999999997
73.4999999999997
73.7999999999997
74.0999999999997
74.3999999999997
74.6999999999996
74.9999999999996
75.2999999999996
75.5999999999996
75.8999999999996
76.1999999999996
76.4999999999996
76.7999999999996
77.0999999999996
77.3999999999996
77.6999999999996
77.9999999999996
78.2999999999996
78.5999999999996
78.8999999999996
79.1999999999996
79.4999999999996
79.7999999999996
80.0999999999996
80.3999999999996
80.6999999999996
80.9999999999996
81.2999999999996
81.5999999999996
81.8999999999996
82.1999999999996
82.4999999999996
82.7999999999996
83.0999999999996
83.3999999999996
83.6999999999996
83.9999999999996
84.2999999999996
84.5999999999996
84.8999999999996
85.1999999999995
85.4999999999995
85.7999999999995
86.0999999999995
86.3999999999995
86.6999999999995
86.9999999999995
87.2999999999995
87.5999999999995
Temperature Data
0
0
0
0
0
0
0
0
0
0
0
0
0
0
0
0
0
0
0
0
0
0
0
0
0
0
0
0
0
0
0
0
0
0
0
0
0
0
0
0
0
0
0
0
0
0
0
0
0
0
0
0
0
0
0
0
0
0
0
0
0
0
0
0
0
0
0
0
0
0
0
0
0
0
0
0
0
0
0
0
0
0
0
0
0
0
0
0
0
0
0
0
0
0
0
0
0
0
0
0
0
0
0
0
0
0
0
0
0
0
0
0
0
0
0
0
0
0
0
0
0
0
0
0
0
0
0
0
0
0
0
0
0
0
0
0
0
0
0
0
0
0
0
0
0
0
0
0
0
0
0
0
0
0
0
0
0
0
0
0
0
0
0
0
0
0
0
0
0
0
0
0
0
0
0
0
0
0
0
0
0
0
0
0
0
0
0
0
0
0
0
0
0
0
0
0
0
0
0
0
0
0
0
0
0
0
0
0
0
0
0
0
0
0
0
0
0
0
0
0
0
0
0
0
0
0
0
0
0
0
0
0
0
0
0
0
0
0
0
0
0
0
0
0
0
0
0
0
0
0
0
0
0
0
0
0
0
0
0
0
0
0
0
0
0
0
0
0
0
0
0
0
0
0
0
0
0
0
0
0
0
0
0
0
0
0
0
0
0
0
0
0
0
Angle Data
0
0
0
0
0
0
0
0
0
0
0
0
0
0
0
0
0
0
0
0
0
0
0
0
0
0
0
0
0
0
0
0
0
0
0
0
0
0
0
0
0
0
0
0
0
0
0
0
0
0
0
0
0
0
0
0
0
0
0
0
0
0
0
0
0
0
0
0
0
0
0
0
0
0
0
0
0
0
0
0
0
0
0
0
0
0
0
0
0
0
0
0
0
0
0
0
0
0
0
0
0
0
0
0
0
0
0
0
0
0
0
0
0
0
0
0
0
0
0
0
0
0
0
0
0
0
0
0
0
0
0
0
0
0
0
0
0
0
0
0
0
0
0
0
0
0
0
0
0
0
0
0
0
0
0
0
0
0
0
0
0
0
0
0
0
0
0
0
0
0
0
0
0
0
0
0
0
0
0
0
0
0
0
0
0
0
0
0
0
0
0
0
0
0
0
0
0
0
0
0
0
0
0
0
0
0
0
0
0
0
0
0
0
0
0
0
0
0
0
0
0
0
0
0
0
0
0
0
0
0
0
0
0
0
0
0
0
0
0
0
0
0
0
0
0
0
0
0
0
0
0
0
0
0
0
0
0
0
0
0
0
0
0
0
0
0
0
0
0
0
0
0
0
0
0
0
0
0
0
0
0
0
0
0
0
0
0
0
0
0
0
0
0
Bx Data
0
0
0
0
0
0
0
0
0
0
0
0
0
0
0
0
0
0
0
0
0
0
0
0
0
0
0
0
0
0
0
0
0
0
0
0
0
0
0
0
0
0
0
0
0
0
0
0
0
0
0
0
0
0
0
0
0
0
0
0
0
0
0
0
0
0
0
0
0
0
0
0
0
0
0
0
0
0
0
0
0
0
0
0
0
0
0
0
0
0
0
0
0
0
0
0
0
0
0
0
0
0
0
0
0
0
0
0
0
0
0
0
0
0
0
0
0
0
0
0
0
0
0
0
0
0
0
0
0
0
0
0
0
0
0
0
0
0
0
0
0
0
0
0
0
0
0
0
0
0
0
0
0
0
0
0
0
0
0
0
0
0
0
0
0
0
0
0
0
0
0
0
0
0
0
0
0
0
0
0
0
0
0
0
0
0
0
0
0
0
0
0
0
0
0
0
0
0
0
0
0
0
0
0
0
0
0
0
0
0
0
0
0
0
0
0
0
0
0
0
0
0
0
0
0
0
0
0
0
0
0
0
0
0
0
0
0
0
0
0
0
0
0
0
0
0
0
0
0
0
0
0
0
0
0
0
0
0
0
0
0
0
0
0
0
0
0
0
0
0
0
0
0
0
0
0
0
0
0
0
0
0
0
0
0
0
0
0
0
0
0
0
0
Hint Data
0
0
0
0
0
0
0
0
0
0
0
0
0
0
0
0
0
0
0
0
0
0
0
0
0
0
0
0
0
0
0
0
0
0
0
0
0
0
0
0
0
0
0
0
0
0
0
0
0
0
0
0
0
0
0
0
0
0
0
0
0
0
0
0
0
0
0
0
0
0
0
0
0
0
0
0
0
0
0
0
0
0
0
0
0
0
0
0
0
0
0
0
0
0
0
0
0
0
0
0
0
0
0
0
0
0
0
0
0
0
0
0
0
0
0
0
0
0
0
0
0
0
0
0
0
0
0
0
0
0
0
0
0
0
0
0
0
0
0
0
0
0
0
0
0
0
0
0
0
0
0
0
0
0
0
0
0
0
0
0
0
0
0
0
0
0
0
0
0
0
0
0
0
0
0
0
0
0
0
0
0
0
0
0
0
0
0
0
0
0
0
0
0
0
0
0
0
0
0
0
0
0
0
0
0
0
0
0
0
0
0
0
0
0
0
0
0
0
0
0
0
0
0
0
0
0
0
0
0
0
0
0
0
0
0
0
0
0
0
0
0
0
0
0
0
0
0
0
0
0
0
0
0
0
0
0
0
0
0
0
0
0
0
0
0
0
0
0
0
0
0
0
0
0
0
0
0
0
0
0
0
0
0
0
0
0
0
0
0
0
0
0
0
Torque Data
16.3745092368
16.8537935774
17.0547451918
16.083915972
15.4658428425
16.4781024716
15.8611506056
15.4185648736
16.5884735013
16.3583295668
15.4118966855
15.6050564884
15.6692987568
15.3609694503
15.6743713588
14.9936656548
15.2235881307
15.5335780914
14.534589422
15.0057576543
15.1471977888
15.6095831699
15.2291651154
14.8868561932
15.1849717089
14.8060216076
15.220759005
14.648878978
14.9784063814
14.9577133584
14.973322356
14.7571576131
14.194421765
13.906203246
15.0323463594
14.0940388512
13.959055302
13.9382403495
13.8789599703
13.3696641882
13.386507093
14.033603584
13.5303042119
13.4345521317
13.703693586
13.3546049147
13.1515802593
13.3795126899
13.5733120725
13.0119750924
13.0585644322
12.753076158
12.5913480964
13.0949126632
13.0337879724
13.1830693764
12.3958899944
13.3731496523
12.8985387336
12.358960628
12.5736154299
12.3472589856
12.0173298388
12.1621292616
12.5378654076
12.4101221148
11.85509724
12.0604267581
11.969902816
12.2349237192
11.8516930448
11.6648749088
11.830551861
11.4848982165
11.8370246276
11.3697705705
11.3762622944
11.9409070872
11.2899768748
11.8814782432
11.3880666558
11.6358840106
11.6972129744
11.696581332
10.6686916812
10.792701828
11.5689058019
11.2701656436
10.6798750392
10.6487867799
10.7956157232
11.20183074
10.7930801834
10.7316727753
10.9019733669
9.933360098
11.0597507835
9.7361503092
9.7928569369
10.0677749689
10.644684147
9.86824743
10.847260788
9.754836399
10.0469189884
10.2280113369
10.008012456
9.630453771
9.4660445355
10.193128328
9.8969824107
9.9123606208
9.3383956734
9.6879429612
9.221699718
10.0692132625
8.8536935136
8.9471690415
9.087434104
9.2972623744
9.5540470713
8.9837350083
9.1886525955
8.9344509272
9.0660643668
8.9588014044
8.7317006172
8.8825766862
8.359754136
8.507443203
8.5620919176
8.1391011405
8.2168589286
8.783726396
8.586439407
8.326126886
7.9396641822
8.1413561736
8.0144489108
8.105297483
8.0036368595
8.2345780854
7.6518443925
7.987178952
7.6582538164
7.617371998
7.9218607581
7.5371461776
7.4789961948
7.615379772
7.3962128945
7.4534355184
6.9493338928
7.4437390816
7.060465012
7.1706524127
6.996524652
7.119831591
6.729914044
6.889457561
6.7545418356
6.5871792792
6.4777740888
6.4165826669
6.4632097888
6.229577481
6.428239848
6.2514699957
6.3734342637
6.1638707356
6.317150292
6.1915252329
6.04761839
5.81477471327
5.66210008215
5.69529092928
5.74670509608
5.82170830206
5.88305946176
5.70233809026
5.66834512752
5.43205916044
5.1573123168
5.32733991628
5.2538597968
5.16716719578
5.06673723297
5.2094836227
5.11041602148
5.0371007807
5.04017192756
5.0186508588
4.90651643916
4.52739593884
4.98339494436
4.5601621708
4.68617889616
4.67248957141
4.35974589428
4.2194511141
4.27815558045
4.18513742605
4.22592001416
4.29947929985
4.28190957477
4.10975974164
3.92217337476
4.09299566037
3.92758355472
3.79379702724
3.62505542406
3.6155878158
3.6444596759
3.6599825385
3.5953103412
3.64489344492
3.35784427764
3.32176248612
3.26325989808
3.18653919194
3.2261493402
3.13096650699
2.97473412378
3.02552096752
2.9779396434
2.88577790613
2.76638292891
2.7939972141
2.6764625968
2.62835237028
2.5805459673
2.50165128312
2.4327600165
2.39734365801
2.39766150672
2.28804485296
2.17201546584
2.11882281624
2.1096665975
2.06125732615
2.03127900068
2.026111204
1.95321954393
1.78694656938
1.7414374167
1.62789671622
1.57344819126
1.5014617893
1.451968056
1.37486372319
1.40129431206
1.26587396756
1.2574965062
1.24224102873
1.08714798028
1.0405274659
1.01554313397
0.92424973862
0.91960370469
0.8577722504
0.7487798336
0.66944875956
0.62484780603
0.552259889064
0.487687868234
0.440587801374
0.386045790096
0.310530029568
0.24696587127
0.191144151216
0.141282623775
0.072941256975
0.0097674572526
-0.0488715101166
-0.11860751872
-0.17633643992
-0.229421808565
-0.288572726052
-0.36183974751
-0.436989550475
-0.480143776784
-0.5189761192
-0.597020661963
-0.689380209
-0.71168885424
-0.7900793928
-0.83091125988
-0.90211335852
-0.9586958458
-1.06530810675
-1.09681475104
-1.12895284722
-1.20792007512
dMdH Data
-3.75356125356121E-06
-6.88352570828954E-07
-2.37679769894541E-06
2.41094527363181E-06
-2.77502477700696E-06
5.19042968749989E-06
-8.71568627451007E-07
-9.4763343403829E-07
-3.02634245187435E-06
4.17096466093609E-06
-2.2580645161296E-07
-1.02439024390245E-06
-1.61453077699205E-08
2.40500000000003E-06
-1.48609779482264E-06
1.64783047426846E-06
-5.26985743380853E-06
5.09362934362934E-06
2.07489878542514E-06
-1.56365403304178E-06
8.78072763028497E-07
-5.24845360824731E-06
3.76391554702496E-06
-1.66500994035789E-06
2.62731707317078E-06
5.79857578840375E-08
2.56299999999996E-06
-1.84393063583813E-06
-3.3183673469389E-06
1.87881773399017E-06
9.57213930348253E-07
3.35368217054273E-06
-1.2904522613065E-06
2.01834862385317E-06
-2.22114451988305E-07
8.64811133200837E-08
-1.27382146439321E-06
2.3045634920634E-06
1.37596153846159E-06
-9.59446092977288E-07
-6.10547667342772E-07
-1.37586547972301E-06
3.62154150197633E-06
-1.4508276533593E-06
-1.66495375128469E-06
1.87751004016081E-07
9.30476190476199E-07
1.78073770491808E-06
-2.30404738400789E-06
3.5865384615384E-06
-3.29614604462463E-07
2.22722620266111E-06
-5.50926829268296E-06
5.44131910766248E-06
-7.29540918163669E-07
-2.40020060180539E-06
-8.5356068204618E-07
-2.36630754162592E-06
7.70126091173591E-06
-1.14285714285721E-06
1.47893114080159E-06
-2.37416267942579E-06
1.72149344096876E-06
-7.82217782217712E-07
8.79259980525735E-07
-1.15637450199199E-06
2.77898909811703E-06
-7.56811301715297E-08
3.37186897880212E-08
1.11066398390345E-06
-9.50803212851416E-07
4.29774730656214E-06
-4.33466933867743E-06
2.12121212121214E-06
1.6443514644351E-06
-1.67512690355305E-07
-3.30798479087467E-07
-3.82894736842101E-06
1.07326732673266E-06
2.52832031250006E-06
9.84894259818641E-07
-5.58882235528913E-07
4.86540378863462E-07
5.09855072463759E-06
-2.74420946626393E-06
-4.6556097560975E-06
7.0080240722166E-06
-1.3792048929664E-06
-5.15619047619042E-06
3.3517587939698E-06
2.32085020242912E-06
2.78585461689584E-06
-3.51113262342691E-06
3.30942622950819E-06
2.17487437185927E-06
-1.64292497625844E-07
-2.05209397344225E-06
5.83919597989879E-07
1.95183044315997E-06
9.79879275653945E-07
-3.33589990375355E-06
6.75252525252528E-06
-4.38306451612894E-06
2.52610837438422E-06
-1.02178217821784E-06
9.62739174219578E-07
3.86268656716421E-06
6.0058593749999E-07
-1.82630522088357E-06
-1.57157057654074E-06
-1.32682926829242E-07
3.51053159478437E-07
4.94846382556992E-06
-4.94940476190483E-06
3.39704433497533E-06
-1.535679374389E-06
1.81698685540952E-06
1.06493506493504E-06
2.18128654970758E-06
-1.01203610832499E-06
-2.48286290322582E-06
5.9970355731225E-06
-6.51876804619837E-06
1.52551020408161E-06
-3.83838383837853E-08
7.26456542502379E-06
-6.72081218274089E-07
-3.49103585657372E-06
-5.39215686274707E-08
2.58964143426313E-07
1.33463414634149E-06
3.7859296482412E-06
2.92089249492834E-07
1.79126213592239E-06
5.70443349753647E-07
-5.44613821138204E-06
-2.66169154228856E-06
5.68899521531098E-06
-6.78498985801153E-07
1.98981670061094E-06
-1.87155090390095E-06
5.98784194528841E-07
3.89404641775979E-06
-1.65380811078138E-06
3.17521781219712E-07
1.92577733199603E-06
-2.95520934761443E-06
5.47790339157245E-06
1.77330716388618E-06
-3.80411361410381E-06
5.26166328600409E-06
-2.14328358208956E-06
-2.78543689320386E-06
3.51612903225813E-06
6.64278506559028E-06
-5.86005830903852E-07
-1.39393939393934E-06
-4.57979797979799E-06
7.42943548387155E-07
1.05363984674285E-07
3.69990128331687E-06
7.82291666666636E-07
5.24118207816973E-06
-1.28280773143445E-06
-7.47609942638576E-07
3.66359918200407E-06
-3.02349336057205E-06
1.44157088122613E-06
1.15269461077844E-06
2.26520438683944E-06
1.01715438950554E-06
7.89323164918995E-07
-1.55782523470516E-07
4.64485235434949E-06
-7.0042796005706E-06
4.26200783343639E-06
-2.83574971384962E-06
-9.21187308086013E-07
1.23458038422653E-06
3.14405888538379E-06
-7.92762171348653E-07
8.57404766754947E-06
-3.36890096032596E-06
-6.38297872340442E-07
-2.83859931575769E-06
5.5585450921774E-06
2.83570821930738E-06
-2.30705480161612E-06
3.45215383070597E-06
-6.23563218390804E-06
9.27982297324484E-06
-9.93134087237485E-06
3.73667220972323E-06
5.00593471810084E-06
5.8628426494975E-07
1.06529562982005E-06
-2.13439905269389E-06
-5.45560861514472E-06
9.40416583216504E-06
1.17422338393486E-06
2.06499999999997E-06
-3.19354527007436E-06
8.27884518660061E-07
-9.29132273001798E-07
7.73617678278496E-06
7.61263073209985E-07
5.27913712174172E-06
-4.90892803822043E-06
2.00578592092575E-06
-8.90141979659646E-07
-6.41563582384958E-06
3.62439222042141E-06
4.53341300667265E-06
-3.5120007589413E-06
-7.0593022073034E-07
6.38163265306124E-06
1.55361879499812E-06
4.89018285831033E-06
-2.09092729821751E-06
-6.35775862068923E-07
4.20116016124277E-06
-5.32059750025403E-06
3.45914435332476E-06
3.69272498304755E-06
8.17965732395763E-06
-7.02258519862876E-06
-1.20409391932291E-08
8.74760705289672E-06
-9.75169738118332E-06
9.98620961386919E-06
-1.02240032881216E-06
-5.32696759259262E-06
3.35252655614019E-06
1.602634467618E-06
4.57004928090113E-06
-6.38265354857198E-06
1.03171225937184E-05
3.13982011447258E-06
-2.57822158820732E-06
-2.99787384833453E-06
5.14343473238354E-06
-2.31295294477899E-06
2.03709334144115E-06
-4.43966752651189E-06
1.06934854398079E-05
1.34313228585912E-06
-2.01274138960781E-06
-3.9351717464925E-06
4.36500661981873E-06
-3.63073852295412E-06
-9.07848496680673E-08
1.17253625332938E-05
3.92464994459557E-06
-2.49156913310851E-06
7.30486008836525E-06
-9.31927415399706E-06
7.52407704654864E-07
1.07265131444875E-05
-7.59210654223779E-06
5.42569810583871E-06
-2.21243470244798E-06
9.57625424745152E-06
-1.17102707643094E-05
-5.26840668473143E-07
6.97322644078052E-06
1.33594501851834E-05
-6.12782980270935E-06
-2.46935218453927E-06
-3.40957155973716E-06
1.60883217463709E-05
5.92345651109348E-07
3.89574397367854E-07
-5.09017732795341E-06
1.40809791020705E-06
7.48754172915963E-06
-1.04542747417494E-05
1.21685840445122E-05
2.21681788420148E-07
3.05356813382808E-06
9.97865958003662E-06
-7.96278071038711E-07
-1.63487185728341E-06
4.76181308896994E-06
-3.34355524779895E-06
6.65394139496491E-06
2.960904747977E-06
-4.55205811138251E-08
-3.84387452743434E-06
1.52137344151989E-05
-6.80700411443881E-06
3.61669242658425E-06
-4.50531967783636E-06
-4.50531967783636E-06
dMdT Data
0
0
0
0
0
0
0
0
0
0
0
0
0
0
0
0
0
0
0
0
0
0
0
0
0
0
0
0
0
0
0
0
0
0
0
0
0
0
0
0
0
0
0
0
0
0
0
0
0
0
0
0
0
0
0
0
0
0
0
0
0
0
0
0
0
0
0
0
0
0
0
0
0
0
0
0
0
0
0
0
0
0
0
0
0
0
0
0
0
0
0
0
0
0
0
0
0
0
0
0
0
0
0
0
0
0
0
0
0
0
0
0
0
0
0
0
0
0
0
0
0
0
0
0
0
0
0
0
0
0
0
0
0
0
0
0
0
0
0
0
0
0
0
0
0
0
0
0
0
0
0
0
0
0
0
0
0
0
0
0
0
0
0
0
0
0
0
0
0
0
0
0
0
0
0
0
0
0
0
0
0
0
0
0
0
0
0
0
0
0
0
0
0
0
0
0
0
0
0
0
0
0
0
0
0
0
0
0
0
0
0
0
0
0
0
0
0
0
0
0
0
0
0
0
0
0
0
0
0
0
0
0
0
0
0
0
0
0
0
0
0
0
0
0
0
0
0
0
0
0
0
0
0
0
0
0
0
0
0
0
0
0
0
0
0
0
0
0
0
0
0
0
0
0
0
0
0
0
0
0
0
0
0
0
0
0
0
0
0
0
0
0
0
 
*********************************************** Results ***************************************
 
TotalArea 0
AreaFirstQuad 0
AreaSecondQuad 0
AreaThirdQuad 0
AreaFourthQuad 0
Coercivity 0
PositiveCoercivity 0
NegativeCoercivity 0
Retentivity 5.99723200866846E-03
PositiveRetentivity -1.51361574074073E-02
NegativeRetentivity -3.14169339007037E-03
Magnetization 0.00491332
PositiveMagnetization -0.00273694
NegativeMagnetization -0.00491332
Flatness 1.52385723706025
Squareness 1.22060684194566
SStar 0
SFD1 0
SFD2 0
Slope 0
Intercept 0
SlopeAtHc -4.50531967783636E-06
dH1 -798.872271363436
dH2 53.4365000000001
InitialSlope -3.75356125356121E-06
FieldAtHalfMs 199.464
FieldAtMs 169.251
MomentMean -4.20117034129693E-03
MomentRMS 5.76298209306504E-04
SFD3 0
dH3 -1597.74454272687
UserField1 0
UserField2 0
CenterField 0
ExchangeField 0
ExchangeMoment 0
ExRegionOneIntercept 0
ExRegionOneSlope 0
ExRegionTwoIntercept 0
ExRegionTwoSlope 0
NegativeIntercept 0
NegativeSlope 0
AutoCenterOffset 0
PinningField 0
PinningMoment 0
PinRegionOneIntercept 0
PinRegionOneSlope 0
PinRegionTwoIntercept 0
PinRegionTwoSlope 0
PositiveIntercept 0
PositiveSlope 0
TotalOffset 0
BHMax 0
BCoercivity 0
BRetentivity 0
BNegativeCoercivity 0
BPositiveCoercivity 0
BNegativeRetentivity 0
BPositiveRetentivity 0
MomentYMean -5.98346600682594E-03
MomentYRMS 1.76004779187019E-04
YOffCorrection 0
Mrt 0
Ms1 0
Ms2 0
Ms3 0
Hc2 0
Hex2 0
HsatValue 0
HsatIntercept 0
HsatSlope 0
CenterH 0
Span .00217638
SpanAsPercentOfRange -41.0637735849056
RMSAsPercentOfRange -10.8735511189906
SpanAsPercentOfMean -51.8041360667165
RMSAsPercentOfMean -13.7175634999031
