Version 1.25
******************************************** Units *******************************************
System CGS
TemperatureUnit K
MomentUnit emu
AppliedFieldUnit G
 
******************************************** Setup ********************************************
 
Experiment CustomField
Minor False
Acquisition Continuous
EditedPoint No
MaxField 15000
FieldIncrement 100
Points 293
MinField 0
RampRate 10
AverageTime 0.3
TimeInterval 0
TimeConstant 0.1
TimeConstantIndex 0
Sensitivity -0.0053
SensitivityIndex 5
SensitivityY -400
SensitivityIndexY 0
SaturationField 8000
ExperimentTime 100
Use735Domains True
AutoRangeEnabled False
NumberOfVertices 2
VertexPts
0
292
VertexField
-1073.35
1878.3626
StartAngle 0
EndAngle 0
AngleIncrement 0
StartTemp 0
FinishTemp 0
TempIncrement 0
TempPoints 0
LengthofSetPointsArray 293
SetPointArray
-1073.35004
-1063.24144
-1053.13283
-1043.02423
-1032.91562
-1022.80702
-1012.69841
-1002.58981
-992.4812
-982.3726
-972.26399
-962.15539
-952.04678
-941.93818
-931.82957
-921.72097
-911.61236
-901.50376
-891.39515
-881.28655
-871.17794
-861.06934
-850.96074
-840.85213
-830.74353
-820.63492
-810.52632
-800.41771
-790.30911
-780.2005
-770.0919
-759.98329
-749.87469
-739.76608
-729.65748
-719.54887
-709.44027
-699.33166
-689.22306
-679.11445
-669.00585
-658.89724
-648.78864
-638.68003
-628.57143
-618.46282
-608.35422
-598.24561
-588.13701
-578.0284
-567.9198
-557.81119
-547.70259
-537.59398
-527.48538
-517.37678
-507.26817
-497.15957
-487.05096
-476.94236
-466.83375
-456.72515
-446.61654
-436.50794
-426.39933
-416.29073
-406.18212
-396.07352
-385.96491
-375.85631
-365.7477
-355.6391
-345.53049
-335.42189
-325.31328
-315.20468
-305.09607
-294.98747
-284.87886
-274.77026
-264.66165
-254.55305
-244.44444
-234.33584
-224.22723
-214.11863
-204.01003
-193.90142
-183.79282
-173.68421
-163.57561
-153.467
-143.3584
-133.24979
-123.14119
-113.03258
-102.92398
-92.81537
-82.70677
-72.59816
-62.48956
-52.38095
-42.27235
-32.16374
-22.05514
-11.94653
-1.83793
8.27068
18.37928
28.48789
38.59649
48.7051
58.8137
68.92231
79.03091
89.13952
99.24812
109.35673
119.46533
129.57393
139.68254
149.79114
159.89975
170.00835
180.11696
190.22556
200.33417
210.44277
220.55138
230.65998
240.76859
250.87719
260.9858
271.0944
281.20301
291.31161
301.42022
311.52882
321.63743
331.74603
341.85464
351.96324
362.07185
372.18045
382.28906
392.39766
402.50627
412.61487
422.72348
432.83208
442.94069
453.04929
463.15789
473.2665
483.3751
493.48371
503.59231
513.70092
523.80952
533.91813
544.02673
554.13534
564.24394
574.35255
584.46115
594.56976
604.67836
614.78697
624.89557
635.00418
645.11278
655.22139
665.32999
675.4386
685.5472
695.65581
705.76441
715.87302
725.98162
736.09023
746.19883
756.30744
766.41604
776.52464
786.63325
796.74185
806.85046
816.95906
827.06767
837.17627
847.28488
857.39348
867.50209
877.61069
887.7193
897.8279
907.93651
918.04511
928.15372
938.26232
948.37093
958.47953
968.58814
978.69674
988.80535
998.91395
1009.02256
1019.13116
1029.23977
1039.34837
1049.45698
1059.56558
1069.67419
1079.78279
1089.8914
1100
1110.1086
1120.21721
1130.32581
1140.43442
1150.54302
1160.65163
1170.76023
1180.86884
1190.97744
1201.08605
1211.19465
1221.30326
1231.41186
1241.52047
1251.62907
1261.73768
1271.84628
1281.95489
1292.06349
1302.1721
1312.2807
1322.38931
1332.49791
1342.60652
1352.71512
1362.82373
1372.93233
1383.04094
1393.14954
1403.25815
1413.36675
1423.47536
1433.58396
1443.69256
1453.80117
1463.90977
1474.01838
1484.12698
1494.23559
1504.34419
1514.4528
1524.5614
1534.67001
1544.77861
1554.88722
1564.99582
1575.10443
1585.21303
1595.32164
1605.43024
1615.53885
1625.64745
1635.75606
1645.86466
1655.97327
1666.08187
1676.19048
1686.29908
1696.40769
1706.51629
1716.6249
1726.7335
1736.84211
1746.95071
1757.05931
1767.16792
1777.27652
1787.38513
1797.49373
1807.60234
1817.71094
1827.81955
1837.92815
1848.03676
1858.14536
1868.25397
1878.36257
FieldDomainFile C:\IDEASVSM\Default UserID\Experiments\FORCexp0216B\fdomain.ini
TempDomainFile C:\IDEASVSM\Default UserID\Experiments\FORCexp0216B\tdomain.ini
NumSelectedResults 0
ResultsSelected 
UserName1 
UserValue1 
UserName2 
UserValue2 
LinearBackgroundCorrection Off
MaxLinearFieldCorrection 
MinLinearFieldCorrection 
AutoLinearCorrection Off
FitOneRegion Off
BackgroundMode Off
BackgroundFilename 
AutoCenter Off
OffsetCorrection 
SmoothDeriv Off
DerivOrder 0
DerivPoints 0
MinExFieldOne 
MaxExFieldOne 
MinExFieldTwo 
MaxExFieldTwo 
MinPinFieldOne 
MaxPinFieldOne 
MinPinFieldTwo 
MaxPinFieldTwo 
HCenterStart 
Mass 
Volume 
Density 
MolarWeight 
NumberOfMoles 
Demagnetization 
SampleArea 
Thickness 
MomentScaling 0
XAxis 0
YAxis 0
SimpleSpinValve False
HsatMax 0
HsatMin 0
FieldAutoRange False
 
*************************************************** Experiment Data ********************************************
 
DataPoints 293
MomentX Data
-0.00288399
-0.0029057
-0.00287909
-0.00288738
-0.00286906
-0.00283176
-0.00285855
-0.00286768
-0.00282278
-0.00285155
-0.00280096
-0.00279481
-0.00279339
-0.00278104
-0.00276859
-0.00270034
-0.00274613
-0.00272723
-0.00271001
-0.00271367
-0.00272174
-0.00265775
-0.00266555
-0.00264325
-0.00265907
-0.00263043
-0.00257493
-0.00261524
-0.00260236
-0.00260097
-0.00259132
-0.00258063
-0.00258364
-0.00255076
-0.00255617
-0.00256287
-0.00251921
-0.00249006
-0.00248835
-0.00248476
-0.0024641
-0.00248226
-0.00245095
-0.00244941
-0.00241311
-0.00241014
-0.00238129
-0.00238192
-0.0023698
-0.00238241
-0.00235129
-0.0023214
-0.00234267
-0.00230938
-0.00230107
-0.00227245
-0.00228245
-0.00225954
-0.00227464
-0.00221724
-0.0022028
-0.00220298
-0.00220698
-0.0022089
-0.00217545
-0.00213331
-0.00216344
-0.0021484
-0.00210064
-0.00209694
-0.00207414
-0.00211143
-0.0020687
-0.00207262
-0.00202299
-0.00203721
-0.00202939
-0.00202682
-0.00195709
-0.00201761
-0.00199265
-0.00194445
-0.00193955
-0.00197238
-0.00193189
-0.00190518
-0.00190423
-0.00186662
-0.00184601
-0.00184387
-0.00185533
-0.00181703
-0.00180477
-0.00178948
-0.00175728
-0.00176857
-0.00175517
-0.00174742
-0.00173083
-0.00167221
-0.00168533
-0.00165745
-0.00170736
-0.00163757
-0.00166616
-0.00162731
-0.00157389
-0.00158016
-0.00158245
-0.0015664
-0.00154403
-0.00148298
-0.00146438
-0.00147391
-0.00144461
-0.00142739
-0.00144474
-0.00139716
-0.00137348
-0.00141807
-0.00135633
-0.00132244
-0.00132088
-0.00132151
-0.00130784
-0.00127998
-0.00128386
-0.001309
-0.00118282
-0.00117568
-0.00114755
-0.001135
-0.00113472
-0.00110754
-0.001077
-0.00104965
-0.00105514
-0.00101095
-0.00098976
-0.000900987
-0.000936963
-0.000894363
-0.00089426
-0.000846942
-0.000821801
-0.000751946
-0.00081083
-0.000759695
-0.000744377
-0.000740105
-0.000694659
-0.00067364
-0.000563308
-0.00058838
-0.000546425
-0.00050909
-0.000509346
-0.000435796
-0.000354449
-0.000346608
-0.000342759
-0.000302196
-0.00025132
-0.000314112
-0.000169888
-0.000089776
-0.0000185891
0.0000340241
0.0000282987
0.000168269
0.000217712
0.000274928
0.000305423
0.00037261
0.00045441
0.000599919
0.000564828
0.000714315
0.000826988
0.000858969
0.000975623
0.00114143
0.00112236
0.00121058
0.00128477
0.00143797
0.00157645
0.00166421
0.00172803
0.00187314
0.00192041
0.00206621
0.00221257
0.00228325
0.00244902
0.00246468
0.00250232
0.00254262
0.0027578
0.00274915
0.00290292
0.00299341
0.00306583
0.00313291
0.00326534
0.00327032
0.00335072
0.00340767
0.00343606
0.00349604
0.00351118
0.00352232
0.00362447
0.00367858
0.00370579
0.00376233
0.00376959
0.00382007
0.00392996
0.0038754
0.00393891
0.00398533
0.00397087
0.00405168
0.00404705
0.00409662
0.00406073
0.00412286
0.00407534
0.00406007
0.00414593
0.00419502
0.00419156
0.00422483
0.00428829
0.00422485
0.00428184
0.0042034
0.00423551
0.00427634
0.00432762
0.00428857
0.00431983
0.0043175
0.0043835
0.00429431
0.00435201
0.00433321
0.00437384
0.00439749
0.00435333
0.00433319
0.00437387
0.0043893
0.00436817
0.00441705
0.00443208
0.00441843
0.00444447
0.00454767
0.0045207
0.00443434
0.00445159
0.00448725
0.00447996
0.0044768
0.00448105
0.00446223
0.00453226
0.0044908
0.00453606
0.00447017
0.00451292
0.0045632
0.0045649
0.00453748
0.00455871
0.00459807
0.00453617
0.00454919
0.00458493
0.00458678
0.00457495
0.00462905
0.00454846
0.00457458
0.00460009
0.00456695
0.00461891
0.00460454
0.00457873
0.0046155
0.00466891
MomentY Data
-0.00599225
-0.00626246
-0.00607173
-0.00607173
-0.00607173
-0.00607173
-0.00610352
-0.00623067
-0.00623067
-0.0061353
-0.0061353
-0.00640551
-0.00607173
-0.00616709
-0.00623067
-0.00638962
-0.00632604
-0.00626246
-0.00592868
-0.00597636
-0.00592868
-0.00616709
-0.00635783
-0.00648499
-0.00616709
-0.00603994
-0.00597636
-0.00623067
-0.00607173
-0.00603994
-0.00632604
-0.00619888
-0.00616709
-0.00591278
-0.00661214
-0.00648499
-0.00634193
-0.00603994
-0.00567436
-0.00635783
-0.00599225
-0.00616709
-0.00602404
-0.00629425
-0.00638962
-0.00626246
-0.0058651
-0.00623067
-0.00638962
-0.00610352
-0.00635783
-0.00605583
-0.00638962
-0.00653267
-0.00619888
-0.00602404
-0.0061353
-0.0061353
-0.00597636
-0.00597636
-0.00623067
-0.00623067
-0.00623067
-0.00592868
-0.00618299
-0.00642141
-0.00608762
-0.0064532
-0.00638962
-0.00610352
-0.00632604
-0.00603994
-0.00597636
-0.00635783
-0.00626246
-0.00638962
-0.00603994
-0.00632604
-0.00658035
-0.00616709
-0.00602404
-0.00619888
-0.00635783
-0.00642141
-0.00635783
-0.00638962
-0.00616709
-0.00632604
-0.00623067
-0.00654856
-0.00600815
-0.00670751
-0.00626246
-0.00616709
-0.00632604
-0.00642141
-0.0058492
-0.00597636
-0.00635783
-0.00635783
-0.00632604
-0.00616709
-0.00626246
-0.00654856
-0.0058492
-0.0061512
-0.00670751
-0.00651677
-0.00623067
-0.00635783
-0.00635783
-0.00651677
-0.0064532
-0.0061353
-0.00638962
-0.00576973
-0.00638962
-0.00578562
-0.00619888
-0.00658035
-0.00623067
-0.00629425
-0.00648499
-0.00632604
-0.00680288
-0.00654856
-0.00632604
-0.00632604
-0.0061353
-0.00623067
-0.00651677
-0.00635783
-0.00610352
-0.00607173
-0.0061353
-0.00616709
-0.00629425
-0.00632604
-0.00661214
-0.00629425
-0.00651677
-0.00651677
-0.00635783
-0.00654856
-0.00677109
-0.00638962
-0.00638962
-0.0067393
-0.00618299
-0.00607173
-0.00607173
-0.00626246
-0.00635783
-0.00629425
-0.00638962
-0.00629425
-0.00623067
-0.00629425
-0.00683467
-0.00677109
-0.00626246
-0.00616709
-0.00642141
-0.00642141
-0.00632604
-0.00642141
-0.00658035
-0.00629425
-0.00654856
-0.00616709
-0.00648499
-0.00648499
-0.00658035
-0.00626246
-0.00670751
-0.00629425
-0.00651677
-0.00664393
-0.00629425
-0.0067393
-0.00632604
-0.00670751
-0.00664393
-0.00619888
-0.00638962
-0.0067393
-0.0064532
-0.00699361
-0.00654856
-0.00664393
-0.00686646
-0.00667572
-0.0067393
-0.00699361
-0.00664393
-0.0067393
-0.00667572
-0.00654856
-0.0067393
-0.00667572
-0.00683467
-0.00664393
-0.00696182
-0.00694593
-0.00677109
-0.00686646
-0.00713666
-0.00658035
-0.00667572
-0.00638962
-0.00651677
-0.00670751
-0.00661214
-0.00670751
-0.0070254
-0.00720024
-0.0067393
-0.00683467
-0.00696182
-0.00686646
-0.00694593
-0.00658035
-0.00677109
-0.00715256
-0.00699361
-0.00713666
-0.00678698
-0.00683467
-0.00651677
-0.00678698
-0.00693003
-0.00680288
-0.00745455
-0.00699361
-0.00720024
-0.00661214
-0.0067393
-0.00691414
-0.00686646
-0.0067393
-0.00699361
-0.00642141
-0.00685056
-0.0070413
-0.00677109
-0.00658035
-0.00670751
-0.00685056
-0.00699361
-0.00699361
-0.00661214
-0.00677109
-0.00689824
-0.00688235
-0.00661214
-0.00693003
-0.00708898
-0.0067234
-0.00680288
-0.00677109
-0.0067393
-0.00689824
-0.0070413
-0.00710487
-0.0067393
-0.00683467
-0.00696182
-0.0067393
-0.00715256
-0.00689824
-0.00726382
-0.00693003
-0.00689824
-0.00693003
-0.00713666
-0.00699361
-0.00699361
-0.00715256
-0.00664393
-0.00696182
-0.00705719
-0.00688235
-0.00670751
-0.00694593
-0.00642141
-0.00664393
-0.00699361
-0.00686646
-0.0067393
-0.0064532
-0.00705719
-0.00658035
-0.00686646
Field Data
-1072.11
-1064.86
-1055.08
-1044.95
-1034.96
-1024.42
-1014.29
-1004.34
-994.417
-984.42
-973.867
-964.038
-954.213
-943.695
-933.805
-923.808
-913.787
-903.365
-893.34
-883.327
-873.498
-863.175
-852.931
-843.096
-833.123
-822.694
-812.859
-802.745
-792.594
-782.361
-772.532
-762.498
-752.13
-742.237
-732.306
-721.905
-712.102
-701.811
-691.853
-681.562
-671.7
-661.718
-651.304
-641.442
-631.46
-621.255
-611.022
-601.129
-591.14
-580.733
-570.84
-560.968
-550.481
-540.616
-530.263
-520.535
-510.44
-500.091
-490.265
-480.326
-470.02
-459.858
-449.93
-439.994
-429.619
-419.643
-409.382
-399.528
-389.586
-379.253
-369.23
-359.326
-349.062
-338.914
-329.003
-319
-308.57
-298.673
-288.876
-278.367
-268.457
-258.453
-248.187
-238.358
-228.023
-218.103
-208.114
-197.833
-187.871
-177.829
-167.814
-157.378
-147.668
-137.61
-127.436
-117.139
-107.322
-97.292
-86.8981
-76.7205
-66.7904
-56.953
-46.9337
-36.4338
-26.6927
-16.7867
-6.2753
3.45988
13.331
23.8351
34.1781
43.9716
53.8766
64.209
74.1518
84.4909
94.454
104.355
114.694
124.541
134.492
144.665
154.867
164.708
174.797
185.283
195.064
204.925
215.401
225.271
235.674
245.404
255.358
265.766
275.682
285.608
295.894
305.977
315.903
325.871
336.186
346.404
356.202
366.595
376.438
386.424
396.473
406.716
416.748
426.65
436.939
447.083
456.775
467.143
477.28
487.23
497.399
507.533
517.627
527.564
537.493
547.686
558.047
567.842
577.816
588.221
598.116
608.018
618.397
628.36
638.386
648.358
658.705
668.73
678.766
688.677
698.643
709.101
719.108
728.921
739.35
749.254
759.211
769.266
779.674
789.641
799.502
809.78
819.744
829.953
839.929
849.854
860.221
870.077
880.171
890.454
900.451
910.447
920.404
930.802
940.675
950.555
960.826
970.921
981.248
991.104
1001.2
1011.43
1021.3
1031.36
1041.25
1051.6
1061.57
1071.54
1081.94
1091.7
1101.78
1112.11
1122.15
1132.25
1142.17
1152.4
1162.48
1172.45
1182.4
1192.42
1202.76
1212.79
1222.62
1232.84
1242.97
1253.18
1263.12
1273.02
1283.37
1293.3
1303.34
1313.36
1323.65
1333.73
1343.75
1353.62
1363.67
1374.2
1383.9
1394.19
1403.98
1414.33
1424.52
1434.39
1444.35
1454.64
1464.58
1474.66
1484.53
1495.09
1504.94
1514.8
1525.27
1535.13
1545.04
1555.11
1565.45
1575.55
1585.34
1595.53
1605.64
1615.89
1625.76
1635.71
1646.07
1655.99
1665.95
1676.17
1686.13
1695.98
1706.24
1716.6
1726.6
1736.47
1746.69
1756.78
1766.97
1776.94
1786.76
1797.15
1807.1
1816.99
1827.2
1837.47
1847.31
1857.35
1867.68
Time Data
0
0.3
0.6
0.9
1.2
1.5
1.8
2.1
2.4
2.7
3
3.3
3.6
3.9
4.2
4.5
4.8
5.1
5.4
5.7
6
6.3
6.6
6.9
7.2
7.5
7.8
8.1
8.4
8.7
9
9.3
9.6
9.9
10.2
10.5
10.8
11.1
11.4
11.7
12
12.3
12.6
12.9
13.2
13.5
13.8
14.1
14.4
14.7
15
15.3
15.6
15.9
16.2
16.5
16.8
17.1
17.4
17.7
18
18.3
18.6
18.9
19.2
19.5
19.8
20.1
20.4
20.7
21
21.3
21.6
21.9
22.2
22.5
22.8
23.1
23.4
23.7
24
24.3
24.6
24.9
25.2
25.5
25.8
26.1
26.4
26.7
27
27.3
27.6
27.9
28.2
28.5
28.8
29.1
29.4
29.7
30.0000000000001
30.3000000000001
30.6000000000001
30.9000000000001
31.2000000000001
31.5000000000001
31.8000000000001
32.1000000000001
32.4
32.7
33
33.3
33.6
33.9
34.2
34.5
34.8
35.1
35.4
35.7
36
36.3
36.6
36.9
37.2
37.5
37.8
38.1
38.4
38.7
39
39.3
39.6
39.9
40.2
40.5
40.8
41.1
41.4
41.7
42
42.3
42.6
42.8999999999999
43.1999999999999
43.4999999999999
43.7999999999999
44.0999999999999
44.3999999999999
44.6999999999999
44.9999999999999
45.2999999999999
45.5999999999999
45.8999999999999
46.1999999999999
46.4999999999999
46.7999999999999
47.0999999999999
47.3999999999999
47.6999999999999
47.9999999999999
48.2999999999999
48.5999999999999
48.8999999999999
49.1999999999999
49.4999999999999
49.7999999999999
50.0999999999999
50.3999999999999
50.6999999999999
50.9999999999999
51.2999999999999
51.5999999999999
51.8999999999999
52.1999999999999
52.4999999999999
52.7999999999999
53.0999999999999
53.3999999999998
53.6999999999998
53.9999999999998
54.2999999999998
54.5999999999998
54.8999999999998
55.1999999999998
55.4999999999998
55.7999999999998
56.0999999999998
56.3999999999998
56.6999999999998
56.9999999999998
57.2999999999998
57.5999999999998
57.8999999999998
58.1999999999998
58.4999999999998
58.7999999999998
59.0999999999998
59.3999999999998
59.6999999999998
59.9999999999998
60.2999999999998
60.5999999999998
60.8999999999998
61.1999999999998
61.4999999999998
61.7999999999998
62.0999999999998
62.3999999999998
62.6999999999998
62.9999999999998
63.2999999999998
63.5999999999998
63.8999999999998
64.1999999999997
64.4999999999997
64.7999999999997
65.0999999999997
65.3999999999997
65.6999999999997
65.9999999999997
66.2999999999997
66.5999999999997
66.8999999999997
67.1999999999997
67.4999999999997
67.7999999999997
68.0999999999997
68.3999999999997
68.6999999999997
68.9999999999997
69.2999999999997
69.5999999999997
69.8999999999997
70.1999999999997
70.4999999999997
70.7999999999997
71.0999999999997
71.3999999999997
71.6999999999997
71.9999999999997
72.2999999999997
72.5999999999997
72.8999999999997
73.1999999999997
73.4999999999997
73.7999999999997
74.0999999999997
74.3999999999997
74.6999999999996
74.9999999999996
75.2999999999996
75.5999999999996
75.8999999999996
76.1999999999996
76.4999999999996
76.7999999999996
77.0999999999996
77.3999999999996
77.6999999999996
77.9999999999996
78.2999999999996
78.5999999999996
78.8999999999996
79.1999999999996
79.4999999999996
79.7999999999996
80.0999999999996
80.3999999999996
80.6999999999996
80.9999999999996
81.2999999999996
81.5999999999996
81.8999999999996
82.1999999999996
82.4999999999996
82.7999999999996
83.0999999999996
83.3999999999996
83.6999999999996
83.9999999999996
84.2999999999996
84.5999999999996
84.8999999999996
85.1999999999995
85.4999999999995
85.7999999999995
86.0999999999995
86.3999999999995
86.6999999999995
86.9999999999995
87.2999999999995
87.5999999999995
Temperature Data
0
0
0
0
0
0
0
0
0
0
0
0
0
0
0
0
0
0
0
0
0
0
0
0
0
0
0
0
0
0
0
0
0
0
0
0
0
0
0
0
0
0
0
0
0
0
0
0
0
0
0
0
0
0
0
0
0
0
0
0
0
0
0
0
0
0
0
0
0
0
0
0
0
0
0
0
0
0
0
0
0
0
0
0
0
0
0
0
0
0
0
0
0
0
0
0
0
0
0
0
0
0
0
0
0
0
0
0
0
0
0
0
0
0
0
0
0
0
0
0
0
0
0
0
0
0
0
0
0
0
0
0
0
0
0
0
0
0
0
0
0
0
0
0
0
0
0
0
0
0
0
0
0
0
0
0
0
0
0
0
0
0
0
0
0
0
0
0
0
0
0
0
0
0
0
0
0
0
0
0
0
0
0
0
0
0
0
0
0
0
0
0
0
0
0
0
0
0
0
0
0
0
0
0
0
0
0
0
0
0
0
0
0
0
0
0
0
0
0
0
0
0
0
0
0
0
0
0
0
0
0
0
0
0
0
0
0
0
0
0
0
0
0
0
0
0
0
0
0
0
0
0
0
0
0
0
0
0
0
0
0
0
0
0
0
0
0
0
0
0
0
0
0
0
0
0
0
0
0
0
0
0
0
0
0
0
0
0
0
0
0
0
0
Angle Data
0
0
0
0
0
0
0
0
0
0
0
0
0
0
0
0
0
0
0
0
0
0
0
0
0
0
0
0
0
0
0
0
0
0
0
0
0
0
0
0
0
0
0
0
0
0
0
0
0
0
0
0
0
0
0
0
0
0
0
0
0
0
0
0
0
0
0
0
0
0
0
0
0
0
0
0
0
0
0
0
0
0
0
0
0
0
0
0
0
0
0
0
0
0
0
0
0
0
0
0
0
0
0
0
0
0
0
0
0
0
0
0
0
0
0
0
0
0
0
0
0
0
0
0
0
0
0
0
0
0
0
0
0
0
0
0
0
0
0
0
0
0
0
0
0
0
0
0
0
0
0
0
0
0
0
0
0
0
0
0
0
0
0
0
0
0
0
0
0
0
0
0
0
0
0
0
0
0
0
0
0
0
0
0
0
0
0
0
0
0
0
0
0
0
0
0
0
0
0
0
0
0
0
0
0
0
0
0
0
0
0
0
0
0
0
0
0
0
0
0
0
0
0
0
0
0
0
0
0
0
0
0
0
0
0
0
0
0
0
0
0
0
0
0
0
0
0
0
0
0
0
0
0
0
0
0
0
0
0
0
0
0
0
0
0
0
0
0
0
0
0
0
0
0
0
0
0
0
0
0
0
0
0
0
0
0
0
0
0
0
0
0
0
Bx Data
0
0
0
0
0
0
0
0
0
0
0
0
0
0
0
0
0
0
0
0
0
0
0
0
0
0
0
0
0
0
0
0
0
0
0
0
0
0
0
0
0
0
0
0
0
0
0
0
0
0
0
0
0
0
0
0
0
0
0
0
0
0
0
0
0
0
0
0
0
0
0
0
0
0
0
0
0
0
0
0
0
0
0
0
0
0
0
0
0
0
0
0
0
0
0
0
0
0
0
0
0
0
0
0
0
0
0
0
0
0
0
0
0
0
0
0
0
0
0
0
0
0
0
0
0
0
0
0
0
0
0
0
0
0
0
0
0
0
0
0
0
0
0
0
0
0
0
0
0
0
0
0
0
0
0
0
0
0
0
0
0
0
0
0
0
0
0
0
0
0
0
0
0
0
0
0
0
0
0
0
0
0
0
0
0
0
0
0
0
0
0
0
0
0
0
0
0
0
0
0
0
0
0
0
0
0
0
0
0
0
0
0
0
0
0
0
0
0
0
0
0
0
0
0
0
0
0
0
0
0
0
0
0
0
0
0
0
0
0
0
0
0
0
0
0
0
0
0
0
0
0
0
0
0
0
0
0
0
0
0
0
0
0
0
0
0
0
0
0
0
0
0
0
0
0
0
0
0
0
0
0
0
0
0
0
0
0
0
0
0
0
0
0
Hint Data
0
0
0
0
0
0
0
0
0
0
0
0
0
0
0
0
0
0
0
0
0
0
0
0
0
0
0
0
0
0
0
0
0
0
0
0
0
0
0
0
0
0
0
0
0
0
0
0
0
0
0
0
0
0
0
0
0
0
0
0
0
0
0
0
0
0
0
0
0
0
0
0
0
0
0
0
0
0
0
0
0
0
0
0
0
0
0
0
0
0
0
0
0
0
0
0
0
0
0
0
0
0
0
0
0
0
0
0
0
0
0
0
0
0
0
0
0
0
0
0
0
0
0
0
0
0
0
0
0
0
0
0
0
0
0
0
0
0
0
0
0
0
0
0
0
0
0
0
0
0
0
0
0
0
0
0
0
0
0
0
0
0
0
0
0
0
0
0
0
0
0
0
0
0
0
0
0
0
0
0
0
0
0
0
0
0
0
0
0
0
0
0
0
0
0
0
0
0
0
0
0
0
0
0
0
0
0
0
0
0
0
0
0
0
0
0
0
0
0
0
0
0
0
0
0
0
0
0
0
0
0
0
0
0
0
0
0
0
0
0
0
0
0
0
0
0
0
0
0
0
0
0
0
0
0
0
0
0
0
0
0
0
0
0
0
0
0
0
0
0
0
0
0
0
0
0
0
0
0
0
0
0
0
0
0
0
0
0
0
0
0
0
0
Torque Data
6.4243511475
6.6686431556
6.4061608884
6.3446542635
6.2839976808
6.2200016466
6.1907393008
6.2577111078
6.19588416939
6.039712026
5.9749662051
6.17515504938
5.79372369849
5.81985199755
5.81823079935
5.90278207296
5.78065311348
5.6572871779
5.2963269912
5.27908014972
5.17869012264
5.32327791075
5.42279029973
5.46746912904
5.13794452207
4.96902239836
4.85793801324
5.00163918915
4.81241676762
4.72541349834
4.88706833328
4.72663360224
4.6384534017
4.38868408886
4.84210979484
4.68154670595
4.51610103686
4.23889633134
3.92582298908
4.33325533046
4.024994325
4.08087446062
3.92348134816
4.0373963085
4.0347894452
3.8905845873
3.5837051322
3.74543642643
3.7771599668
3.54451548016
3.6293036772
3.39712684344
3.51736440722
3.53166592472
3.28703670544
3.1357236614
3.131702532
3.0682083123
2.9300001354
2.87060109336
2.9285395134
2.86522344486
2.8033653531
2.60858362792
2.65632998081
2.69469975663
2.49216205084
2.5782340896
2.48930649732
2.31477827056
2.3357637492
2.17030748044
2.08612017432
2.15475759662
2.06036812738
2.03828878
1.8637442858
1.88941734492
1.9009051866
1.71671434203
1.61719570628
1.60211913264
1.57793075421
1.53059444478
1.44973147009
1.39359529086
1.28345776826
1.25149947132
1.17056220357
1.16452387624
1.0082516841
1.05561450878
0.92476494328
0.8486532549
0.80616523344
0.75219754599
0.6277478424
0.58145201712
0.552483347123
0.487775896515
0.422518742016
0.35123427677
0.293920418902
0.238588925328
0.15613094084
0.10325834904
0.042091637503
-0.0225472421876
-0.08306106177
-0.151539513833
-0.217298549523
-0.286552803732
-0.34767647512
-0.3939414777
-0.473801824316
-0.487489680457
-0.60352516748
-0.6037583751
-0.71097434272
-0.81952336935
-0.83797526964
-0.91055767625
-1.00431094633
-1.04194939632
-1.18912301536
-1.21333684248
-1.23398266656
-1.296363747
-1.3215497553
-1.40358926157
-1.53583325298
-1.56023691332
-1.55858266016
-1.61365939518
-1.6913917746
-1.76137024072
-1.8624308095
-1.93562274108
-2.08879486242
-2.05111354175
-2.19084683922
-2.25743519508
-2.26467176166
-2.4006693532
-2.54889557742
-2.46910251888
-2.53331181026
-2.7409811388
-2.57674871652
-2.5905036045
-2.65297563447
-2.79983940418
-2.90409779825
-2.94031482775
-3.0496378336
-3.0667474275
-3.09912902733
-3.19453958525
-3.53780972809
-3.57218332476
-3.36602841278
-3.37762885374
-3.58344858627
-3.64634629722
-3.65528712864
-3.77720821161
-3.9358126206
-3.8270172965
-4.04960985832
-3.8751526724
-4.13992682614
-4.20459514642
-4.33450944675
-4.1878948758
-4.55282973266
-4.33470520725
-4.55289574311
-4.71121740693
-4.526245529
-4.9124172953
-4.677157674
-5.02562869754
-5.04414473923
-4.76858762208
-4.98182058388
-5.3216275913
-5.1593463064
-5.6632855058
-5.36814276864
-5.51414963529
-5.76733888134
-5.67338734488
-5.7972873853
-6.08497920797
-5.84779451203
-6.0010366422
-6.01115874972
-5.96211680632
-6.2028786772
-6.21377352744
-6.42920320225
-6.31542088115
-6.68909766332
-6.74394930153
-6.64411852032
-6.80537597184
-7.145223992
-6.6555634005
-6.817912836
-6.5899984832
-6.7855867625
-7.053617516
-7.0192494598
-7.1873652654
-7.601061276
-7.860502008
-7.425225954
-7.6009048537
-7.812206313
-7.774549335
-7.9334328681
-7.58319534
-7.8712567032
-8.386018972
-8.269244464
-8.5098961172
-8.1631080648
-8.2890194293
-7.9675333374
-8.3672604232
-8.6138193891
-8.5252331584
-9.415991196
-8.9030054022
-9.2405720088
-8.551480662
-8.783599262
-9.0807549104
-9.088789779
-8.988406589
-9.3976634375
-8.6921490042
-9.3419031552
-9.67615446
-9.370511451
-9.1742581665
-9.4172098898
-9.6889525248
-9.9625373172
-10.0315642479
-9.550244409
-9.8494983576
-10.1030243392
-10.149126251
-9.8159201942
-10.3610185527
-10.6684895612
-10.18460632
-10.3762287776
-10.3945033917
-10.412488072
-10.7275220064
-11.022803085
-11.1940779285
-10.684081862
-10.9049210251
-11.1781766648
-10.889967477
-11.6283459456
-11.2835201504
-11.9567561874
-11.4760603797
-11.492122928
-11.6159083851
-12.0333365258
-11.8610226878
-11.9327771264
-12.278084496
-11.471409538
-12.0889915754
-12.3267232011
-12.090774833
-11.8519689447
-12.3425008542
-11.4735185316
-11.9401387995
-12.638152631
-12.4762891554
-12.31404896
-11.857561404
-13.0368176589
-12.2220130725
-12.8243500128
dMdH Data
-2.99448275862073E-06
2.72085889570556E-06
-8.18361303060247E-07
1.83383383383384E-06
3.53889943074006E-06
-2.64461994076997E-06
-9.17587939698498E-07
4.52484127783937E-06
-2.87786335900768E-06
4.79389746991378E-06
6.2569946077932E-07
1.44529262086494E-07
1.17417760030429E-06
1.25884732052575E-06
6.82704811443438E-06
-4.56940425107276E-06
1.81347150259064E-06
1.71770573566086E-06
-3.65524817736936E-07
-8.21039780242122E-07
6.19877942458581E-06
-7.61421319796969E-07
2.26741230299947E-06
-1.58628296400279E-06
2.74618851280081E-06
5.64311133706156E-06
-3.98556456397072E-06
1.26884050832429E-06
1.35835043486756E-07
9.81788584800124E-07
1.06537771576638E-06
-2.90316358024681E-07
3.32356211462648E-06
-5.44758835968181E-07
-6.44168829920206E-07
4.45373865143324E-06
2.83257215042271E-06
1.71721229162506E-07
3.48848508405398E-07
2.09490975461368E-06
-1.81927469445001E-06
3.00652967159594E-06
1.56154938146417E-07
3.63654578240834E-06
2.91033806957387E-07
2.81931007524676E-06
-6.36813908824583E-08
1.21333466813495E-06
-1.21168444316326E-06
3.14565854644705E-06
3.02775526742298E-06
-2.02822542195098E-06
3.37455651292444E-06
8.02665893943797E-07
2.94202302631577E-06
-9.90589400693418E-07
2.21374045801528E-06
-1.53673926317933E-06
5.77522889626725E-06
1.40112555792743E-06
-1.77130486125007E-08
-4.02900886381916E-07
-1.93236714975877E-07
3.22409638554217E-06
4.2241379310345E-06
-2.93636097846216E-06
1.52628374264259E-06
4.8038624019312E-06
3.58076066969915E-07
2.2747680335229E-06
-3.76514539579969E-06
4.16309431021043E-06
-3.86283011430794E-07
5.00756734940972E-06
-1.42157352794159E-06
7.49760306807283E-07
2.59674648883492E-07
7.11748494437071E-06
-5.75887334665528E-06
2.51866801210898E-06
4.81807277089163E-06
4.77303721020843E-07
-3.3401159833147E-06
3.91775520077409E-06
2.69254032258064E-06
9.51046150765838E-08
3.65820445481957E-06
2.06886167436259E-06
2.13104959171467E-07
-1.14428357463804E-06
3.66998850134151E-06
1.26261585993822E-06
1.52018293895407E-06
3.16493021427167E-06
-1.09643585510342E-06
1.36497911785678E-06
7.72681954137582E-07
1.5961284984462E-06
5.75970759314574E-06
-1.32123543569553E-06
2.83408217618477E-06
-4.98138592516443E-06
6.64672996885684E-06
-2.93498680847132E-06
3.92186553603876E-06
5.08210133759537E-06
-6.44055888026708E-07
-2.31989885646215E-07
1.52797479079598E-06
2.16281543072608E-06
6.23372645121764E-06
1.87783947501263E-06
-9.22341372769153E-07
2.94685601641388E-06
1.66552214409379E-06
-1.74142586142867E-06
4.8055751944248E-06
2.29035690105425E-06
-4.52828272570326E-06
6.20440156768165E-06
3.33136734493266E-06
1.52911193883558E-07
-6.40178843613397E-08
1.35494102487857E-06
2.65687583444593E-06
-3.96687455270416E-07
-2.54943717675693E-06
1.20446735395189E-05
7.23404255319161E-07
2.70402768432182E-06
1.28982528263105E-06
2.81293952179882E-08
2.61145272867026E-06
3.0798709156918E-06
2.75538988515011E-06
-5.33735174022936E-07
4.38262421898245E-06
2.13479750151119E-06
8.90579855537723E-06
-3.48773630634997E-06
4.16911332941866E-06
1.05123494590728E-08
4.55287212546905E-06
2.55420095499341E-06
6.9952934107751E-06
-5.85968753109761E-06
4.99218978814801E-06
1.52691387559809E-06
4.31427994344571E-07
4.41695014092718E-06
2.07206230283912E-06
1.13838217086257E-05
-2.41820987654321E-06
4.13879846108316E-06
3.75226130653265E-06
-2.51745501032569E-08
7.25774620090783E-06
8.05894590846052E-06
7.89071148233875E-07
3.8765233155403E-07
3.97949573236535E-06
4.91033684007336E-06
-6.41061766207251E-06
1.44599959895728E-05
7.6993753003364E-06
7.19422940879233E-06
5.3133912340941E-06
-5.51633105308795E-07
1.40490113419653E-05
4.93147815679236E-06
5.73766546329725E-06
2.94723108147286E-06
6.70194513715712E-06
8.15065763252296E-06
1.46815659368378E-05
-3.5210716435882E-06
1.4294033275961E-05
1.12594184071151E-05
3.25904412514009E-06
1.11855403202608E-05
1.67414176090468E-05
-1.91523551270463E-06
8.77374440576832E-06
7.12817063797078E-06
1.53707233871777E-05
1.40432004867661E-05
8.53862619186609E-06
6.40505820955436E-06
1.42139288862769E-05
4.73837209302326E-06
1.46901763224181E-05
1.41178740233433E-05
7.17126623376624E-06
1.64226273033484E-05
1.52290187688417E-06
3.76512953886166E-06
4.03161264505804E-06
2.161092698604E-05
-8.31890748220791E-07
1.55747999594855E-05
9.15890688259113E-06
7.05092006620574E-06
6.64487369985141E-06
1.28236661179432E-05
5.0527597402601E-07
7.96354992076069E-06
5.56695992179865E-06
2.87639311043567E-06
5.96222664015911E-06
1.53083923154699E-06
1.07632850241545E-06
1.02457372116349E-05
5.4272818455366E-06
2.61634615384615E-06
5.79303278688524E-06
7.20238095238125E-07
4.88673765730883E-06
1.09452191235057E-05
-5.4019801980198E-06
6.40221774193545E-06
4.53763440860207E-06
-1.43452380952382E-06
8.10531594784357E-06
-4.65326633165853E-07
4.94710578842313E-06
-3.47098646034813E-06
6.19441674975073E-06
-4.83418107833164E-06
-1.49412915851275E-06
8.47581441263565E-06
4.80803134182172E-06
-3.48088531187069E-07
3.36060606060596E-06
6.13140096618367E-06
-6.38872104733133E-06
5.67629482071722E-06
-7.82834331337326E-06
3.12050534499501E-06
4.05059523809531E-06
5.11776447105788E-06
-3.95643363728471E-06
3.11044776119397E-06
-2.21272554605892E-07
6.80412371134018E-06
-8.66763848396507E-06
5.89376915219613E-06
-1.81642512077299E-06
3.98724239450446E-06
2.39614994934142E-06
-4.43373493975918E-06
-1.95724003887266E-06
4.09255533199206E-06
1.53075396825389E-06
-2.14083080040523E-06
4.62878787878785E-06
1.52588832487308E-06
-1.38438133874237E-06
2.48710601719195E-06
1.04665314401622E-05
-2.72149344096879E-06
-8.57596822244293E-06
1.66827852998062E-06
3.53069306930695E-06
-7.44637385086834E-07
-3.10107948969522E-07
4.20375865479709E-07
-1.83609756097562E-06
7.09523809523813E-06
-4.16683417085426E-06
4.36872586872592E-06
-6.64213709677413E-06
4.2921686746988E-06
4.91976516634047E-06
1.70682730923726E-07
-2.78375634517771E-06
2.06920077972707E-06
3.79922779922788E-06
-6.19000000000002E-06
1.31914893617018E-06
3.49706457925638E-06
1.83349851337988E-07
-1.16094210009813E-06
5.42627883650948E-06
-8.20672097759681E-06
2.51395572666024E-06
2.56381909547746E-06
-3.35085945399391E-06
5.08912830558276E-06
-1.39922103213248E-06
-2.62296747967484E-06
3.6623505976096E-06
5.17037754114225E-06
5.17037754114225E-06
dMdT Data
0
0
0
0
0
0
0
0
0
0
0
0
0
0
0
0
0
0
0
0
0
0
0
0
0
0
0
0
0
0
0
0
0
0
0
0
0
0
0
0
0
0
0
0
0
0
0
0
0
0
0
0
0
0
0
0
0
0
0
0
0
0
0
0
0
0
0
0
0
0
0
0
0
0
0
0
0
0
0
0
0
0
0
0
0
0
0
0
0
0
0
0
0
0
0
0
0
0
0
0
0
0
0
0
0
0
0
0
0
0
0
0
0
0
0
0
0
0
0
0
0
0
0
0
0
0
0
0
0
0
0
0
0
0
0
0
0
0
0
0
0
0
0
0
0
0
0
0
0
0
0
0
0
0
0
0
0
0
0
0
0
0
0
0
0
0
0
0
0
0
0
0
0
0
0
0
0
0
0
0
0
0
0
0
0
0
0
0
0
0
0
0
0
0
0
0
0
0
0
0
0
0
0
0
0
0
0
0
0
0
0
0
0
0
0
0
0
0
0
0
0
0
0
0
0
0
0
0
0
0
0
0
0
0
0
0
0
0
0
0
0
0
0
0
0
0
0
0
0
0
0
0
0
0
0
0
0
0
0
0
0
0
0
0
0
0
0
0
0
0
0
0
0
0
0
0
0
0
0
0
0
0
0
0
0
0
0
0
0
0
0
0
0
 
*********************************************** Results ***************************************
 
TotalArea 0
AreaFirstQuad 0
AreaSecondQuad 0
AreaThirdQuad 0
AreaFourthQuad 0
Coercivity 0
PositiveCoercivity 0
NegativeCoercivity 0
Retentivity 2.25823663321537E-03
PositiveRetentivity -6.09440491034487E-03
NegativeRetentivity -1.57793164391413E-03
Magnetization 0.003787305
PositiveMagnetization 0.00466891
NegativeMagnetization -0.0029057
Flatness 1.69874503880818
Squareness 0.596264793359756
SStar 0
SFD1 0
SFD2 0
Slope 0
Intercept 0
SlopeAtHc 5.17037754114225E-06
dH1 -377.066227333284
dH2 139.5125
InitialSlope -2.99448275862073E-06
FieldAtHalfMs 873.19495421367
FieldAtMs 1867.68
MomentMean 4.43395074061433E-04
MomentRMS 2.81819487850871E-03
SFD3 0
dH3 -754.132454666568
UserField1 0
UserField2 0
CenterField 0
ExchangeField 0
ExchangeMoment 0
ExRegionOneIntercept 0
ExRegionOneSlope 0
ExRegionTwoIntercept 0
ExRegionTwoSlope 0
NegativeIntercept 0
NegativeSlope 0
AutoCenterOffset 0
PinningField 0
PinningMoment 0
PinRegionOneIntercept 0
PinRegionOneSlope 0
PinRegionTwoIntercept 0
PinRegionTwoSlope 0
PositiveIntercept 0
PositiveSlope 0
TotalOffset 0
BHMax 0
BCoercivity 0
BRetentivity 0
BNegativeCoercivity 0
BPositiveCoercivity 0
BNegativeRetentivity 0
BPositiveRetentivity 0
MomentYMean -6.48390027303754E-03
MomentYRMS 3.4048245940266E-04
YOffCorrection 0
Mrt 0
Ms1 0
Ms2 0
Ms3 0
Hc2 0
Hex2 0
HsatValue 0
HsatIntercept 0
HsatSlope 0
CenterH 0
Span .00757461
SpanAsPercentOfRange -142.917169811321
RMSAsPercentOfRange -53.1734882737492
SpanAsPercentOfMean 1708.32073767029
RMSAsPercentOfMean 635.594539356169
