Version 1.25
******************************************** Units *******************************************
System CGS
TemperatureUnit K
MomentUnit emu
AppliedFieldUnit G
 
******************************************** Setup ********************************************
 
Experiment CustomField
Minor False
Acquisition Continuous
EditedPoint No
MaxField 15000
FieldIncrement 100
Points 293
MinField 0
RampRate 10
AverageTime 0.3
TimeInterval 0
TimeConstant 0.1
TimeConstantIndex 0
Sensitivity -0.0053
SensitivityIndex 5
SensitivityY -400
SensitivityIndexY 0
SaturationField 8000
ExperimentTime 100
Use735Domains True
AutoRangeEnabled False
NumberOfVertices 2
VertexPts
0
292
VertexField
-2205.5138
746.1988
StartAngle 0
EndAngle 0
AngleIncrement 0
StartTemp 0
FinishTemp 0
TempIncrement 0
TempPoints 0
LengthofSetPointsArray 293
SetPointArray
-2205.51378
-2195.40518
-2185.29657
-2175.18797
-2165.07937
-2154.97076
-2144.86216
-2134.75355
-2124.64495
-2114.53634
-2104.42774
-2094.31913
-2084.21053
-2074.10192
-2063.99332
-2053.88471
-2043.77611
-2033.6675
-2023.5589
-2013.45029
-2003.34169
-1993.23308
-1983.12448
-1973.01587
-1962.90727
-1952.79866
-1942.69006
-1932.58145
-1922.47285
-1912.36424
-1902.25564
-1892.14703
-1882.03843
-1871.92982
-1861.82122
-1851.71261
-1841.60401
-1831.49541
-1821.3868
-1811.2782
-1801.16959
-1791.06099
-1780.95238
-1770.84378
-1760.73517
-1750.62657
-1740.51796
-1730.40936
-1720.30075
-1710.19215
-1700.08354
-1689.97494
-1679.86633
-1669.75773
-1659.64912
-1649.54052
-1639.43191
-1629.32331
-1619.2147
-1609.1061
-1598.99749
-1588.88889
-1578.78028
-1568.67168
-1558.56307
-1548.45447
-1538.34586
-1528.23726
-1518.12865
-1508.02005
-1497.91145
-1487.80284
-1477.69424
-1467.58563
-1457.47703
-1447.36842
-1437.25982
-1427.15121
-1417.04261
-1406.934
-1396.8254
-1386.71679
-1376.60819
-1366.49958
-1356.39098
-1346.28237
-1336.17377
-1326.06516
-1315.95656
-1305.84795
-1295.73935
-1285.63074
-1275.52214
-1265.41353
-1255.30493
-1245.19632
-1235.08772
-1224.97911
-1214.87051
-1204.7619
-1194.6533
-1184.5447
-1174.43609
-1164.32749
-1154.21888
-1144.11028
-1134.00167
-1123.89307
-1113.78446
-1103.67586
-1093.56725
-1083.45865
-1073.35004
-1063.24144
-1053.13283
-1043.02423
-1032.91562
-1022.80702
-1012.69841
-1002.58981
-992.4812
-982.3726
-972.26399
-962.15539
-952.04678
-941.93818
-931.82957
-921.72097
-911.61236
-901.50376
-891.39515
-881.28655
-871.17794
-861.06934
-850.96074
-840.85213
-830.74353
-820.63492
-810.52632
-800.41771
-790.30911
-780.2005
-770.0919
-759.98329
-749.87469
-739.76608
-729.65748
-719.54887
-709.44027
-699.33166
-689.22306
-679.11445
-669.00585
-658.89724
-648.78864
-638.68003
-628.57143
-618.46282
-608.35422
-598.24561
-588.13701
-578.0284
-567.9198
-557.81119
-547.70259
-537.59398
-527.48538
-517.37678
-507.26817
-497.15957
-487.05096
-476.94236
-466.83375
-456.72515
-446.61654
-436.50794
-426.39933
-416.29073
-406.18212
-396.07352
-385.96491
-375.85631
-365.7477
-355.6391
-345.53049
-335.42189
-325.31328
-315.20468
-305.09607
-294.98747
-284.87886
-274.77026
-264.66165
-254.55305
-244.44444
-234.33584
-224.22723
-214.11863
-204.01003
-193.90142
-183.79282
-173.68421
-163.57561
-153.467
-143.3584
-133.24979
-123.14119
-113.03258
-102.92398
-92.81537
-82.70677
-72.59816
-62.48956
-52.38095
-42.27235
-32.16374
-22.05514
-11.94653
-1.83793
8.27068
18.37928
28.48789
38.59649
48.7051
58.8137
68.92231
79.03091
89.13952
99.24812
109.35673
119.46533
129.57393
139.68254
149.79114
159.89975
170.00835
180.11696
190.22556
200.33417
210.44277
220.55138
230.65998
240.76859
250.87719
260.9858
271.0944
281.20301
291.31161
301.42022
311.52882
321.63743
331.74603
341.85464
351.96324
362.07185
372.18045
382.28906
392.39766
402.50627
412.61487
422.72348
432.83208
442.94069
453.04929
463.15789
473.2665
483.3751
493.48371
503.59231
513.70092
523.80952
533.91813
544.02673
554.13534
564.24394
574.35255
584.46115
594.56976
604.67836
614.78697
624.89557
635.00418
645.11278
655.22139
665.32999
675.4386
685.5472
695.65581
705.76441
715.87302
725.98162
736.09023
746.19883
FieldDomainFile C:\IDEASVSM\Default UserID\Experiments\FORCexp0328B\fdomain.ini
TempDomainFile C:\IDEASVSM\Default UserID\Experiments\FORCexp0328B\tdomain.ini
NumSelectedResults 0
ResultsSelected 
UserName1 
UserValue1 
UserName2 
UserValue2 
LinearBackgroundCorrection Off
MaxLinearFieldCorrection 
MinLinearFieldCorrection 
AutoLinearCorrection Off
FitOneRegion Off
BackgroundMode Off
BackgroundFilename 
AutoCenter Off
OffsetCorrection 
SmoothDeriv Off
DerivOrder 0
DerivPoints 0
MinExFieldOne 
MaxExFieldOne 
MinExFieldTwo 
MaxExFieldTwo 
MinPinFieldOne 
MaxPinFieldOne 
MinPinFieldTwo 
MaxPinFieldTwo 
HCenterStart 
Mass 
Volume 
Density 
MolarWeight 
NumberOfMoles 
Demagnetization 
SampleArea 
Thickness 
MomentScaling 0
XAxis 0
YAxis 0
SimpleSpinValve False
HsatMax 0
HsatMin 0
FieldAutoRange False
 
*************************************************** Experiment Data ********************************************
 
DataPoints 293
MomentX Data
-0.00474956
-0.00476922
-0.00472232
-0.00473023
-0.00471434
-0.00474646
-0.00471135
-0.00467703
-0.00470771
-0.00473909
-0.00472557
-0.0046898
-0.00469132
-0.00469675
-0.00471816
-0.00473021
-0.00470423
-0.00470284
-0.00469038
-0.00465865
-0.00467935
-0.00466467
-0.00467234
-0.00462905
-0.00467078
-0.00464145
-0.00465514
-0.00462622
-0.00465668
-0.00461421
-0.00464451
-0.00464216
-0.00462413
-0.00465399
-0.00463273
-0.00461523
-0.00460479
-0.00462201
-0.00458933
-0.00457802
-0.00461988
-0.00461804
-0.00460323
-0.00461186
-0.00459386
-0.00457478
-0.00454202
-0.00456134
-0.00454274
-0.00452244
-0.00455349
-0.00452129
-0.00452383
-0.00452102
-0.00452942
-0.00451769
-0.00455397
-0.00452198
-0.0045295
-0.00448347
-0.00453364
-0.00448437
-0.00449813
-0.00449147
-0.00449576
-0.00448046
-0.00448377
-0.0044795
-0.00446126
-0.00449147
-0.00446373
-0.00445078
-0.0044423
-0.0044514
-0.00441646
-0.00444784
-0.00441181
-0.00442971
-0.00440308
-0.00441206
-0.00440088
-0.00438444
-0.00436424
-0.00439784
-0.00439489
-0.00432669
-0.00436144
-0.00434503
-0.00436249
-0.0043324
-0.00435527
-0.00433079
-0.00431916
-0.00430466
-0.00432077
-0.00434756
-0.00433457
-0.00431488
-0.00432893
-0.00432178
-0.00430315
-0.00423795
-0.00427593
-0.00427819
-0.00429713
-0.0042919
-0.00428515
-0.00427908
-0.0042308
-0.00425648
-0.00420971
-0.00415738
-0.00423341
-0.0042053
-0.00418558
-0.00420364
-0.00419577
-0.00418983
-0.0041909
-0.00417281
-0.00417491
-0.00420416
-0.00414072
-0.00414127
-0.00410428
-0.0041002
-0.00409486
-0.00410107
-0.00407361
-0.00411591
-0.00404697
-0.00405347
-0.00405623
-0.00404229
-0.00403634
-0.00405734
-0.00403624
-0.00403135
-0.00401939
-0.00402137
-0.00402902
-0.00402574
-0.00403208
-0.00399314
-0.0039608
-0.00393764
-0.00390974
-0.00393821
-0.00392759
-0.00391725
-0.00392383
-0.00392291
-0.00391456
-0.00392984
-0.00390829
-0.00388763
-0.00386322
-0.00386187
-0.00381586
-0.00388371
-0.00378658
-0.00387088
-0.00383602
-0.00379658
-0.00379707
-0.00380321
-0.00376634
-0.00375361
-0.00376354
-0.0037197
-0.00377712
-0.00371598
-0.00371937
-0.00373258
-0.00374861
-0.00364947
-0.00366949
-0.00365574
-0.00361834
-0.00367081
-0.00355808
-0.0036419
-0.00359253
-0.00359743
-0.00352583
-0.00361106
-0.00358543
-0.0035472
-0.00356698
-0.00354109
-0.00350549
-0.00348926
-0.00341622
-0.00348947
-0.00343779
-0.00346275
-0.00344566
-0.00350319
-0.00348204
-0.00342299
-0.00336592
-0.00337802
-0.00333876
-0.00331395
-0.00338874
-0.00335736
-0.00333634
-0.003229
-0.00331598
-0.00327907
-0.00321633
-0.00324436
-0.00318655
-0.00327276
-0.00319776
-0.00318804
-0.00322907
-0.00314174
-0.00311841
-0.00308005
-0.0031591
-0.0031178
-0.0030309
-0.00305499
-0.00313374
-0.00304193
-0.00301145
-0.00295184
-0.00301164
-0.00291919
-0.00291052
-0.00289185
-0.00288722
-0.00284735
-0.00285183
-0.00278367
-0.00296599
-0.00285601
-0.00270578
-0.0027437
-0.00277313
-0.0027027
-0.00270187
-0.00276263
-0.00266326
-0.00263176
-0.0026613
-0.00257291
-0.00263369
-0.00253774
-0.00249729
-0.00244363
-0.00246589
-0.00247261
-0.00249487
-0.00244949
-0.00243101
-0.00234548
-0.00232815
-0.00231541
-0.00222754
-0.00223196
-0.00217104
-0.00210296
-0.00215157
-0.00206946
-0.00207917
-0.0020351
-0.00195879
-0.00191145
-0.0018603
-0.00191924
-0.00187348
-0.00180471
-0.00174858
-0.0017185
-0.00165071
-0.00158608
-0.00145848
-0.00149012
-0.0013862
-0.00137057
-0.00123293
-0.00111306
-0.00117145
-0.00111513
-0.00106909
-0.000841316
-0.000715436
-0.000681968
-0.000600574
-0.000466845
-0.000434027
MomentY Data
-0.00596046
-0.00588099
-0.00589689
-0.00602404
-0.00561078
-0.00592868
-0.00546773
-0.00597636
-0.00610352
-0.00561078
-0.00540415
-0.00594457
-0.00597636
-0.00551542
-0.00619888
-0.00621478
-0.00597636
-0.00565847
-0.00588099
-0.00610352
-0.00575384
-0.00561078
-0.00583331
-0.00623067
-0.00561078
-0.00576973
-0.0055631
-0.00561078
-0.00576973
-0.00592868
-0.00629425
-0.00616709
-0.00588099
-0.00578562
-0.0058651
-0.00596046
-0.00562668
-0.00588099
-0.00600815
-0.00581741
-0.00588099
-0.00557899
-0.00570615
-0.00599225
-0.00572205
-0.00578562
-0.00572205
-0.00581741
-0.0058651
-0.00623067
-0.00583331
-0.00576973
-0.00597636
-0.00602404
-0.00597636
-0.00592868
-0.00616709
-0.00562668
-0.00545184
-0.00603994
-0.00573794
-0.00591278
-0.00619888
-0.00576973
-0.00602404
-0.00572205
-0.00602404
-0.00603994
-0.00567436
-0.00603994
-0.00597636
-0.0061353
-0.00602404
-0.00588099
-0.00626246
-0.00576973
-0.00591278
-0.00597636
-0.00602404
-0.0058651
-0.00602404
-0.00567436
-0.00632604
-0.00600815
-0.00565847
-0.00578562
-0.00600815
-0.00562668
-0.00572205
-0.00597636
-0.00626246
-0.0058651
-0.00589689
-0.0058651
-0.0058651
-0.00567436
-0.00629425
-0.00603994
-0.00605583
-0.00629425
-0.00642141
-0.00605583
-0.00607173
-0.00597636
-0.00610352
-0.00611941
-0.00581741
-0.00658035
-0.00594457
-0.00576973
-0.00605583
-0.00594457
-0.00596046
-0.00588099
-0.00583331
-0.0061353
-0.00626246
-0.00602404
-0.00597636
-0.00603994
-0.00591278
-0.00594457
-0.00575384
-0.00610352
-0.00611941
-0.00619888
-0.0061353
-0.00581741
-0.00603994
-0.00597636
-0.00569026
-0.00635783
-0.00623067
-0.00623067
-0.00608762
-0.0058651
-0.00600815
-0.0061353
-0.00607173
-0.00623067
-0.00592868
-0.00635783
-0.00597636
-0.00626246
-0.00591278
-0.00623067
-0.00623067
-0.00616709
-0.00596046
-0.00635783
-0.00600815
-0.00603994
-0.00591278
-0.00576973
-0.00616709
-0.00618299
-0.00591278
-0.0061353
-0.00616709
-0.00607173
-0.00623067
-0.00597636
-0.0061353
-0.00623067
-0.00607173
-0.0061353
-0.00632604
-0.00602404
-0.00610352
-0.00599225
-0.00607173
-0.00592868
-0.00635783
-0.00632604
-0.00629425
-0.00576973
-0.00597636
-0.00602404
-0.00588099
-0.00597636
-0.0061353
-0.0058492
-0.00591278
-0.00588099
-0.00594457
-0.00616709
-0.00597636
-0.00610352
-0.00597636
-0.00626246
-0.00642141
-0.00581741
-0.00591278
-0.00610352
-0.00616709
-0.00603994
-0.0058651
-0.00591278
-0.00572205
-0.00600815
-0.00588099
-0.00588099
-0.00588099
-0.00616709
-0.00578562
-0.00575384
-0.0058651
-0.00581741
-0.00603994
-0.00588099
-0.00619888
-0.00610352
-0.00597636
-0.00626246
-0.00600815
-0.00592868
-0.00603994
-0.00629425
-0.00629425
-0.00626246
-0.00626246
-0.00583331
-0.00567436
-0.00588099
-0.00626246
-0.00623067
-0.00597636
-0.00607173
-0.00602404
-0.00626246
-0.00600815
-0.00619888
-0.00616709
-0.00603994
-0.00603994
-0.00626246
-0.0061353
-0.00632604
-0.00638962
-0.00651677
-0.00638962
-0.00627836
-0.00635783
-0.00629425
-0.0061353
-0.00607173
-0.00611941
-0.00610352
-0.00597636
-0.00607173
-0.00581741
-0.00597636
-0.00623067
-0.00610352
-0.00607173
-0.00648499
-0.00635783
-0.00623067
-0.00626246
-0.00610352
-0.00626246
-0.00619888
-0.00635783
-0.00619888
-0.00632604
-0.00629425
-0.00607173
-0.00648499
-0.00632604
-0.0067393
-0.0061353
-0.00611941
-0.00632604
-0.00677109
-0.00607173
-0.00626246
-0.00626246
-0.00664393
-0.00635783
-0.00619888
-0.00651677
-0.00610352
-0.00616709
-0.00626246
-0.00619888
-0.00632604
-0.00632604
-0.00632604
-0.00610352
-0.00638962
-0.00667572
-0.00675519
-0.00654856
Field Data
-2204.9
-2198.53
-2189.17
-2178.77
-2168.62
-2158.44
-2148.6
-2138.42
-2128.35
-2118.26
-2107.96
-2097.99
-2088.09
-2077.82
-2067.65
-2057.82
-2047.63
-2036.82
-2027.39
-2017.41
-2006.94
-1997.15
-1987.24
-1977.06
-1966.7
-1956.82
-1946.85
-1936.41
-1926.55
-1916.39
-1906.36
-1896.21
-1886.29
-1876.15
-1865.8
-1855.82
-1846.22
-1835.75
-1825.6
-1815.77
-1805.74
-1795.28
-1785.34
-1775.53
-1764.91
-1755.2
-1744.88
-1734.96
-1724.96
-1714.79
-1704.64
-1694.86
-1684.33
-1674.29
-1664.49
-1654.54
-1644.07
-1634.16
-1624.21
-1613.93
-1603.88
-1593.65
-1583.85
-1573.76
-1563.49
-1553.48
-1543.32
-1533.42
-1523.47
-1513.38
-1502.98
-1492.96
-1482.95
-1473.04
-1462.92
-1452.56
-1442.63
-1432.7
-1422.37
-1412.35
-1402.47
-1392.22
-1382.23
-1372.18
-1362.06
-1351.85
-1341.83
-1332.02
-1321.61
-1311.71
-1301.51
-1291.56
-1281.44
-1271.25
-1261.23
-1251.28
-1241.02
-1230.97
-1221.02
-1211.05
-1200.53
-1190.75
-1180.88
-1170.57
-1160.52
-1150.21
-1140.33
-1130.39
-1120.11
-1110.03
-1100.03
-1090.22
-1076.36
-1066.57
-1056.47
-1046.15
-1036.31
-1026.15
-1016.26
-1006.07
-995.718
-985.694
-975.649
-965.718
-955.793
-945.326
-935.467
-925.546
-915.116
-905.277
-895.336
-884.944
-874.92
-864.648
-854.933
-844.813
-834.641
-824.579
-814.39
-804.517
-794.6
-784.442
-774.077
-764.029
-754.06
-744.101
-734.144
-723.667
-713.719
-703.837
-693.46
-683.533
-673.664
-663.514
-653.261
-643.21
-633.397
-622.81
-613.062
-603.08
-592.954
-582.659
-572.553
-562.64
-552.504
-542.587
-532.66
-522.328
-512.174
-502.264
-492.252
-481.815
-471.98
-461.928
-451.694
-441.72
-431.524
-421.575
-411.643
-401.203
-391.35
-381.381
-371.108
-361.043
-351.18
-341.084
-330.709
-320.792
-310.987
-300.62
-290.575
-280.413
-270.398
-260.473
-250.139
-240.247
-230.232
-220.074
-209.738
-199.92
-189.996
-179.79
-169.569
-159.824
-148.403
-136.04
-126.158
-115.852
-105.915
-95.7611
-85.5937
-75.7869
-65.8499
-55.3089
-45.3857
-35.5071
-25.2483
-15.4261
-5.25398
5.23965
15.1452
25.3342
35.1785
45.1213
55.3559
65.4291
75.1951
85.5153
96.0156
105.509
115.726
125.91
135.937
146.204
156.058
166.153
176.168
186.203
196.638
206.475
216.328
226.674
236.652
246.754
256.676
267.16
277.024
286.844
297.389
307.181
317.455
327.436
337.294
347.823
357.504
367.541
377.735
387.851
400.023
411.211
421.6
431.488
441.391
451.677
461.735
472.091
481.819
491.68
502.272
511.998
522.246
532.222
542.131
552.499
562.351
572.576
582.662
592.783
602.972
612.787
622.704
633.116
643.115
653.301
663.058
673.109
683.423
693.494
703.844
713.35
723.672
733.664
743.166
Time Data
0
0.3
0.6
0.9
1.2
1.5
1.8
2.1
2.4
2.7
3
3.3
3.6
3.9
4.2
4.5
4.8
5.1
5.4
5.7
6
6.3
6.6
6.9
7.2
7.5
7.8
8.1
8.4
8.7
9
9.3
9.6
9.9
10.2
10.5
10.8
11.1
11.4
11.7
12
12.3
12.6
12.9
13.2
13.5
13.8
14.1
14.4
14.7
15
15.3
15.6
15.9
16.2
16.5
16.8
17.1
17.4
17.7
18
18.3
18.6
18.9
19.2
19.5
19.8
20.1
20.4
20.7
21
21.3
21.6
21.9
22.2
22.5
22.8
23.1
23.4
23.7
24
24.3
24.6
24.9
25.2
25.5
25.8
26.1
26.4
26.7
27
27.3
27.6
27.9
28.2
28.5
28.8
29.1
29.4
29.7
30.0000000000001
30.3000000000001
30.6000000000001
30.9000000000001
31.2000000000001
31.5000000000001
31.8000000000001
32.1000000000001
32.4
32.7
33
33.3
33.6
33.9
34.2
34.5
34.8
35.1
35.4
35.7
36
36.3
36.6
36.9
37.2
37.5
37.8
38.1
38.4
38.7
39
39.3
39.6
39.9
40.2
40.5
40.8
41.1
41.4
41.7
42
42.3
42.6
42.8999999999999
43.1999999999999
43.4999999999999
43.7999999999999
44.0999999999999
44.3999999999999
44.6999999999999
44.9999999999999
45.2999999999999
45.5999999999999
45.8999999999999
46.1999999999999
46.4999999999999
46.7999999999999
47.0999999999999
47.3999999999999
47.6999999999999
47.9999999999999
48.2999999999999
48.5999999999999
48.8999999999999
49.1999999999999
49.4999999999999
49.7999999999999
50.0999999999999
50.3999999999999
50.6999999999999
50.9999999999999
51.2999999999999
51.5999999999999
51.8999999999999
52.1999999999999
52.4999999999999
52.7999999999999
53.0999999999999
53.3999999999998
53.6999999999998
53.9999999999998
54.2999999999998
54.5999999999998
54.8999999999998
55.1999999999998
55.4999999999998
55.7999999999998
56.0999999999998
56.3999999999998
56.6999999999998
56.9999999999998
57.2999999999998
57.5999999999998
57.8999999999998
58.1999999999998
58.4999999999998
58.7999999999998
59.0999999999998
59.3999999999998
59.6999999999998
59.9999999999998
60.2999999999998
60.5999999999998
60.8999999999998
61.1999999999998
61.4999999999998
61.7999999999998
62.0999999999998
62.3999999999998
62.6999999999998
62.9999999999998
63.2999999999998
63.5999999999998
63.8999999999998
64.1999999999997
64.4999999999997
64.7999999999997
65.0999999999997
65.3999999999997
65.6999999999997
65.9999999999997
66.2999999999997
66.5999999999997
66.8999999999997
67.1999999999997
67.4999999999997
67.7999999999997
68.0999999999997
68.3999999999997
68.6999999999997
68.9999999999997
69.2999999999997
69.5999999999997
69.8999999999997
70.1999999999997
70.4999999999997
70.7999999999997
71.0999999999997
71.3999999999997
71.6999999999997
71.9999999999997
72.2999999999997
72.5999999999997
72.8999999999997
73.1999999999997
73.4999999999997
73.7999999999997
74.0999999999997
74.3999999999997
74.6999999999996
74.9999999999996
75.2999999999996
75.5999999999996
75.8999999999996
76.1999999999996
76.4999999999996
76.7999999999996
77.0999999999996
77.3999999999996
77.6999999999996
77.9999999999996
78.2999999999996
78.5999999999996
78.8999999999996
79.1999999999996
79.4999999999996
79.7999999999996
80.0999999999996
80.3999999999996
80.6999999999996
80.9999999999996
81.2999999999996
81.5999999999996
81.8999999999996
82.1999999999996
82.4999999999996
82.7999999999996
83.0999999999996
83.3999999999996
83.6999999999996
83.9999999999996
84.2999999999996
84.5999999999996
84.8999999999996
85.1999999999995
85.4999999999995
85.7999999999995
86.0999999999995
86.3999999999995
86.6999999999995
86.9999999999995
87.2999999999995
87.5999999999995
Temperature Data
0
0
0
0
0
0
0
0
0
0
0
0
0
0
0
0
0
0
0
0
0
0
0
0
0
0
0
0
0
0
0
0
0
0
0
0
0
0
0
0
0
0
0
0
0
0
0
0
0
0
0
0
0
0
0
0
0
0
0
0
0
0
0
0
0
0
0
0
0
0
0
0
0
0
0
0
0
0
0
0
0
0
0
0
0
0
0
0
0
0
0
0
0
0
0
0
0
0
0
0
0
0
0
0
0
0
0
0
0
0
0
0
0
0
0
0
0
0
0
0
0
0
0
0
0
0
0
0
0
0
0
0
0
0
0
0
0
0
0
0
0
0
0
0
0
0
0
0
0
0
0
0
0
0
0
0
0
0
0
0
0
0
0
0
0
0
0
0
0
0
0
0
0
0
0
0
0
0
0
0
0
0
0
0
0
0
0
0
0
0
0
0
0
0
0
0
0
0
0
0
0
0
0
0
0
0
0
0
0
0
0
0
0
0
0
0
0
0
0
0
0
0
0
0
0
0
0
0
0
0
0
0
0
0
0
0
0
0
0
0
0
0
0
0
0
0
0
0
0
0
0
0
0
0
0
0
0
0
0
0
0
0
0
0
0
0
0
0
0
0
0
0
0
0
0
0
0
0
0
0
0
0
0
0
0
0
0
0
0
0
0
0
0
Angle Data
0
0
0
0
0
0
0
0
0
0
0
0
0
0
0
0
0
0
0
0
0
0
0
0
0
0
0
0
0
0
0
0
0
0
0
0
0
0
0
0
0
0
0
0
0
0
0
0
0
0
0
0
0
0
0
0
0
0
0
0
0
0
0
0
0
0
0
0
0
0
0
0
0
0
0
0
0
0
0
0
0
0
0
0
0
0
0
0
0
0
0
0
0
0
0
0
0
0
0
0
0
0
0
0
0
0
0
0
0
0
0
0
0
0
0
0
0
0
0
0
0
0
0
0
0
0
0
0
0
0
0
0
0
0
0
0
0
0
0
0
0
0
0
0
0
0
0
0
0
0
0
0
0
0
0
0
0
0
0
0
0
0
0
0
0
0
0
0
0
0
0
0
0
0
0
0
0
0
0
0
0
0
0
0
0
0
0
0
0
0
0
0
0
0
0
0
0
0
0
0
0
0
0
0
0
0
0
0
0
0
0
0
0
0
0
0
0
0
0
0
0
0
0
0
0
0
0
0
0
0
0
0
0
0
0
0
0
0
0
0
0
0
0
0
0
0
0
0
0
0
0
0
0
0
0
0
0
0
0
0
0
0
0
0
0
0
0
0
0
0
0
0
0
0
0
0
0
0
0
0
0
0
0
0
0
0
0
0
0
0
0
0
0
Bx Data
0
0
0
0
0
0
0
0
0
0
0
0
0
0
0
0
0
0
0
0
0
0
0
0
0
0
0
0
0
0
0
0
0
0
0
0
0
0
0
0
0
0
0
0
0
0
0
0
0
0
0
0
0
0
0
0
0
0
0
0
0
0
0
0
0
0
0
0
0
0
0
0
0
0
0
0
0
0
0
0
0
0
0
0
0
0
0
0
0
0
0
0
0
0
0
0
0
0
0
0
0
0
0
0
0
0
0
0
0
0
0
0
0
0
0
0
0
0
0
0
0
0
0
0
0
0
0
0
0
0
0
0
0
0
0
0
0
0
0
0
0
0
0
0
0
0
0
0
0
0
0
0
0
0
0
0
0
0
0
0
0
0
0
0
0
0
0
0
0
0
0
0
0
0
0
0
0
0
0
0
0
0
0
0
0
0
0
0
0
0
0
0
0
0
0
0
0
0
0
0
0
0
0
0
0
0
0
0
0
0
0
0
0
0
0
0
0
0
0
0
0
0
0
0
0
0
0
0
0
0
0
0
0
0
0
0
0
0
0
0
0
0
0
0
0
0
0
0
0
0
0
0
0
0
0
0
0
0
0
0
0
0
0
0
0
0
0
0
0
0
0
0
0
0
0
0
0
0
0
0
0
0
0
0
0
0
0
0
0
0
0
0
0
Hint Data
0
0
0
0
0
0
0
0
0
0
0
0
0
0
0
0
0
0
0
0
0
0
0
0
0
0
0
0
0
0
0
0
0
0
0
0
0
0
0
0
0
0
0
0
0
0
0
0
0
0
0
0
0
0
0
0
0
0
0
0
0
0
0
0
0
0
0
0
0
0
0
0
0
0
0
0
0
0
0
0
0
0
0
0
0
0
0
0
0
0
0
0
0
0
0
0
0
0
0
0
0
0
0
0
0
0
0
0
0
0
0
0
0
0
0
0
0
0
0
0
0
0
0
0
0
0
0
0
0
0
0
0
0
0
0
0
0
0
0
0
0
0
0
0
0
0
0
0
0
0
0
0
0
0
0
0
0
0
0
0
0
0
0
0
0
0
0
0
0
0
0
0
0
0
0
0
0
0
0
0
0
0
0
0
0
0
0
0
0
0
0
0
0
0
0
0
0
0
0
0
0
0
0
0
0
0
0
0
0
0
0
0
0
0
0
0
0
0
0
0
0
0
0
0
0
0
0
0
0
0
0
0
0
0
0
0
0
0
0
0
0
0
0
0
0
0
0
0
0
0
0
0
0
0
0
0
0
0
0
0
0
0
0
0
0
0
0
0
0
0
0
0
0
0
0
0
0
0
0
0
0
0
0
0
0
0
0
0
0
0
0
0
0
Torque Data
13.142218254
12.9295329447
12.9092946813
13.1249976308
12.1676497236
12.7967000592
11.747964678
12.7799677512
12.990426792
11.8850908428
11.391732034
12.4716484143
12.4791775524
11.4600499844
12.817114232
12.7888985796
12.2373740268
11.5252848654
11.9230603161
12.3133022832
11.5476116496
11.205569277
11.5921869644
12.3184084302
11.034721026
11.2903230586
10.830521235
10.8647704998
11.1156733315
11.3616630652
11.99910643
11.6940977289
11.0932526271
10.854690963
10.94310358
11.0615408772
10.3880891496
10.7960273925
10.96847864
10.5630785557
10.6195388826
10.0158491672
10.187417841
10.6394196425
10.0989032655
10.154920224
9.984290604
10.0929736536
10.117062896
10.6842906093
9.9436935584
9.7788845878
10.0661624388
10.0859899316
9.9475914564
9.8092382072
10.1391276563
9.1948953888
8.8549330464
9.7480403642
9.2029672072
9.422901847
9.818096088
9.0801702848
9.4185262996
8.889090234
9.2970214128
9.2617647948
8.6447172292
9.1407243972
8.9823495528
9.159757488
8.933350118
8.6629335096
9.1614779832
8.3808790088
8.5299538114
8.562330972
8.5684137748
8.283573985
8.4485353788
7.8999574792
8.7440422692
8.244263267
7.7071756482
7.821290397
8.0619159145
7.4948502936
7.5623185005
7.8392511756
8.1506543146
7.575128556
7.5565107216
7.456008375
7.397240073
7.1002131808
7.811290135
7.4349849418
7.3942895466
7.6226514625
7.7090953473
7.2109795725
7.1699845224
6.9957477252
7.0832570304
7.0386065761
6.6337671453
7.4383618365
6.6585723027
6.4045733919
6.6615946749
6.4808891054
6.4156007256
6.2724875043
6.1627170157
6.418444095
6.4898499226
6.181568646
6.0735356136
6.0766024358
5.88746147604
5.85952698158
5.61372824216
5.89427912736
5.84888924213
5.85996243488
5.7393706851
5.38428055586
5.52724573304
5.41026125172
5.09469462736
5.62632351152
5.4513377964
5.38733635416
5.20450722946
4.9549127263
5.01464832415
5.0590395387
4.9447561947
5.01267993639
4.710929128
4.98734888086
4.62616281972
4.78470105134
4.4585908868
4.63624777767
4.57420899648
4.46291951903
4.25409355074
4.47487599371
4.166411699
4.12849830802
3.98322702592
3.82829663122
4.02871938049
3.9769609979
3.74513711366
3.821126193
3.78080852958
3.6617389284
3.69450069918
3.48217994124
3.5127844209
3.5056241688
3.35465511192
3.3289340211
3.3696284664
3.14652476512
3.12606425248
3.009691454
2.98882123596
2.8565269542
3.0007686034
2.92217500512
2.8430749595
2.5486051356
2.57894277264
2.539584663
2.42086836657
2.39773356108
2.401049655
2.2307737452
2.19427996024
2.12329027257
2.0876140926
2.10349572556
1.97643603924
1.95796038784
1.85857026732
1.8826207252
1.86590121075
1.63127739033
1.59880388644
1.58980216496
1.54262972551
1.45107746518
1.3503337032
1.30124914572
1.2001313229
1.201149348
1.11736457604
1.0573431921
0.99723359331
0.98564899216
0.85860336486
0.7827523936
0.7399292858
0.67395858332
0.6397202451
0.563170071489
0.530585075056
0.462566859888
0.393542708364
0.346369773894
0.272684093455
0.210510233628
0.152498217102
0.097095729925
0.033069863615
-0.032813098539
-0.094846209192
-0.147782242202
-0.19961547326
-0.265357914087
-0.346664109514
-0.407667130497
-0.449392987836
-0.519225812469
-0.578401815024
-0.66074589214
-0.6952991669
-0.7805009808
-0.83833571333
-0.88306338776
-0.94258095652
-1.04052651638
-1.0808435304
-1.17792762612
-1.25644209756
-1.34555008575
-1.38225371536
-1.42314097464
-1.50459318516
-1.5531313645
-1.5747842628
-1.6221233868
-1.69522343584
-1.75075809088
-1.77730372404
-1.86512009313
-1.84676589155
-1.95687541296
-2.10156760698
-2.12294463696
-2.17066776192
-2.38349970959
-2.40157491505
-2.41657159017
-2.50512803658
-2.50983456272
-2.640253136
-2.67474233344
-2.80628894153
-2.79989152176
-2.9209540794
-2.97145877675
-2.92547487687
-3.1885398832
-3.17739276288
-3.4505081214
-3.2041358838
-3.25688462902
-3.42954239124
-3.74102045391
-3.41444343723
-3.58573429696
-3.64889746852
-3.93840875719
-3.83359347076
-3.79859307856
-4.05801874608
-3.86423616832
-3.96614808535
-4.09127138046
-4.11021697504
-4.25811445836
-4.32336123492
-4.38707078376
-4.29592593088
-4.558035427
-4.83103164384
-4.95603971616
-4.86666714096
dMdH Data
-3.08634222919948E-06
5.01068376068368E-06
-7.60576923076903E-07
1.56551724137931E-06
-3.15520628683699E-06
3.56808943089422E-06
3.37131630648336E-06
-3.04667328699101E-06
-3.1100099108028E-06
1.31262135922323E-06
3.58776328986952E-06
-1.53535353535323E-07
-5.28724440116915E-07
-2.1052114060963E-06
-1.22583926754837E-06
2.549558390579E-06
1.28584643848325E-07
1.32131495227995E-06
3.17935871743484E-06
-1.97707736389678E-06
1.49948927477013E-06
-7.73965691220937E-07
4.25245579567774E-06
-4.02799227799234E-06
2.96862348178136E-06
-1.37311935807424E-06
2.77011494252878E-06
-3.08924949290052E-06
4.1801181102363E-06
-3.02093718843468E-06
2.31527093596054E-07
1.81754032258068E-06
-2.94477317554249E-06
2.05410628019325E-06
1.75350701402807E-06
1.08749999999997E-06
-1.64469914040115E-06
3.21970443349753E-06
1.15055951169885E-06
-4.17347956131601E-06
1.75908221797273E-07
1.48993963782701E-06
-8.7971457696228E-07
1.69491525423729E-06
1.96498455200826E-06
3.17441860465116E-06
-1.94758064516125E-06
1.85999999999997E-06
1.99606686332349E-06
-3.05911330049269E-06
3.29243353783229E-06
-2.41215574548959E-07
2.79880478087716E-07
-8.57142857142904E-07
1.17889447236178E-06
-3.46513849092641E-06
3.2280524722503E-06
-7.55778894472316E-07
4.47762645914397E-06
-4.99203980099509E-06
4.81622678396877E-06
-1.4040816326531E-06
6.6005946481669E-07
-4.17721518987311E-07
1.52847152847146E-06
-3.25787401574744E-07
4.31313131313117E-07
1.83316582914573E-06
-2.99405351833502E-06
2.66730769230767E-06
1.29241516966071E-06
8.47152847152843E-07
-9.18264379414786E-07
3.45256916996058E-06
-3.0289575289575E-06
3.62839879154078E-06
-1.80261832829803E-06
2.57792836398832E-06
-8.96207584830299E-07
1.13157894736839E-06
1.60390243902443E-06
2.02202202202199E-06
-3.34328358208956E-06
2.91501976284565E-07
6.67972575905972E-06
-3.4680638722555E-06
1.6727828746178E-06
-1.67723342939484E-06
3.03939393939398E-06
-2.24215686274504E-06
2.46030150753762E-06
1.14920948616605E-06
1.42296368989202E-06
-1.6077844311377E-06
-2.69246231155783E-06
1.26608187134504E-06
1.95920398009953E-06
-1.41206030150751E-06
7.17151454363091E-07
1.77091254752847E-06
6.66666666666674E-06
-3.84802431610946E-06
-2.19204655674143E-07
-1.88457711442781E-06
5.0727449078558E-07
6.83198380566863E-07
6.10663983903382E-07
4.69649805447465E-06
-2.54761904761908E-06
4.67699999999998E-06
5.33435270132527E-06
-5.48556998556996E-06
2.87129724208373E-06
1.95247524752477E-06
-1.74999999999996E-06
7.99796747967478E-07
5.8464566929129E-07
-1.08190091000981E-07
1.77526987242397E-06
-2.02859350850128E-07
-2.91799680766159E-06
6.31557989049286E-06
-5.53821367435506E-08
3.72695214105793E-06
3.89796503296079E-07
5.41637082868481E-07
-6.25944965225326E-07
2.63279002876317E-06
-4.29921740014235E-06
6.93491600442609E-06
-6.25481139337907E-07
-2.7533918595372E-07
1.35708722741439E-06
6.12454966546509E-07
-2.07509881422927E-06
2.0743216673221E-06
4.85986881335676E-07
1.17381489841988E-06
-2.00546946216908E-07
-7.71402641928054E-07
3.22898208308768E-07
-6.1167390255673E-07
3.87539808917201E-06
3.24405657538364E-06
2.32553469223823E-06
2.80204880988249E-06
-2.71738092965545E-06
1.06755126658628E-06
1.04634689334144E-06
-6.34094632360025E-07
9.26765387327227E-08
8.46083696423126E-07
-1.50541871921186E-06
2.10182385643229E-06
2.05551686399365E-06
2.48751655966574E-06
1.27514876735639E-07
4.71994255231845E-06
-6.79723502304149E-06
9.59213904799517E-06
-8.18844099077228E-06
3.44943597862659E-06
3.97861394128921E-06
-4.83425414364767E-08
-6.19138852475542E-07
3.7141130250831E-06
1.23209446380177E-06
-9.77939728185938E-07
4.42381432896069E-06
-5.73511785856975E-06
5.85800517390057E-06
-3.44687341128648E-07
-1.3141663350577E-06
-1.56634746922023E-06
9.93984359334268E-06
-1.96351510396233E-06
1.38204844708009E-06
3.7656061216271E-06
-5.02586206896554E-06
1.14411854257587E-05
-8.40806500150463E-06
4.80580161588632E-06
-4.86835568802778E-07
7.25945452702016E-06
-8.44195721077654E-06
2.47036144578313E-06
3.85499647070688E-06
-2.01733809280981E-06
2.49734735217514E-06
3.5440517670483E-06
1.59712654989175E-06
7.29306040938592E-06
-7.38035264483626E-06
5.00096767950456E-06
-2.52325111200971E-06
1.70644033949076E-06
-5.66351644024416E-06
2.04624613003097E-06
6.01446323080058E-06
5.75070536074163E-06
-1.18557711150301E-06
3.84111143723703E-06
2.54592098512059E-06
-6.54846335697398E-06
2.53821887891286E-06
2.12709977737301E-06
1.0415292062876E-05
-8.7531448123176E-06
3.63505648076111E-06
6.17070244113539E-06
-2.85822082636539E-06
5.81765120257625E-06
-8.17854093539514E-06
7.5580457916801E-06
9.83945093434288E-07
-3.99949311810349E-06
8.89108346398974E-06
2.29352386719781E-06
3.65555103429413E-06
-7.98037463846028E-06
4.05339091176761E-06
8.82744329205733E-06
-2.4228587520618E-06
-7.69448732730149E-06
9.11428344518126E-06
3.12103215236533E-06
5.77605085172771E-06
-5.6950753787987E-06
9.73834453409738E-06
8.48585690515776E-07
1.83326787117048E-06
4.61753266181336E-07
3.88331547677024E-06
-4.54637710574415E-07
6.75185735512633E-06
-1.82046929605591E-05
1.09596412556054E-05
1.43967417345472E-05
-3.85483379078987E-06
-2.9869075408505E-06
6.8074618209936E-06
8.31830026057603E-08
-6.0146505642447E-06
1.00151179197742E-05
3.00457840518888E-06
-2.99472830494731E-06
9.00101832993893E-06
-5.7638691322902E-06
9.79881535947715E-06
3.93712283433911E-06
5.37621480813547E-06
-2.25806451612904E-06
-6.38237249501376E-07
-2.29934924078091E-06
4.52127129620408E-06
1.81283107710417E-06
8.45492289442468E-06
1.42375944791323E-06
1.13872005720417E-06
8.45798440658387E-06
-4.47006472491887E-07
6.1516712107442E-06
6.61870503597121E-06
-4.83296878106977E-06
7.92873696407878E-06
-9.98149671052632E-07
4.46912077882566E-06
7.20449395770394E-06
4.86736582356571E-06
4.99121779859485E-06
-5.90817963111467E-06
4.61802401856898E-06
6.63290895061726E-06
5.69732034104751E-06
2.94180929095354E-06
6.72119769978188E-06
6.38573263511512E-06
1.25233094513692E-05
-3.22363728986243E-06
1.0478975496622E-05
1.50115251632731E-06
1.37653765376537E-05
1.17681130964068E-05
-5.98442144101676E-06
5.60342254502038E-06
4.46383556331202E-06
2.26168205739251E-05
1.21623188405797E-05
3.5207237534189E-06
7.88548730866111E-06
1.33836068855085E-05
3.45379920016836E-06
3.45379920016836E-06
dMdT Data
0
0
0
0
0
0
0
0
0
0
0
0
0
0
0
0
0
0
0
0
0
0
0
0
0
0
0
0
0
0
0
0
0
0
0
0
0
0
0
0
0
0
0
0
0
0
0
0
0
0
0
0
0
0
0
0
0
0
0
0
0
0
0
0
0
0
0
0
0
0
0
0
0
0
0
0
0
0
0
0
0
0
0
0
0
0
0
0
0
0
0
0
0
0
0
0
0
0
0
0
0
0
0
0
0
0
0
0
0
0
0
0
0
0
0
0
0
0
0
0
0
0
0
0
0
0
0
0
0
0
0
0
0
0
0
0
0
0
0
0
0
0
0
0
0
0
0
0
0
0
0
0
0
0
0
0
0
0
0
0
0
0
0
0
0
0
0
0
0
0
0
0
0
0
0
0
0
0
0
0
0
0
0
0
0
0
0
0
0
0
0
0
0
0
0
0
0
0
0
0
0
0
0
0
0
0
0
0
0
0
0
0
0
0
0
0
0
0
0
0
0
0
0
0
0
0
0
0
0
0
0
0
0
0
0
0
0
0
0
0
0
0
0
0
0
0
0
0
0
0
0
0
0
0
0
0
0
0
0
0
0
0
0
0
0
0
0
0
0
0
0
0
0
0
0
0
0
0
0
0
0
0
0
0
0
0
0
0
0
0
0
0
0
 
*********************************************** Results ***************************************
 
TotalArea 0
AreaFirstQuad 0
AreaSecondQuad 0
AreaThirdQuad 0
AreaFourthQuad 0
Coercivity 0
PositiveCoercivity 0
NegativeCoercivity 0
Retentivity 4.22771608659255E-03
PositiveRetentivity -1.15546359811619E-02
NegativeRetentivity -3.09920380797684E-03
Magnetization 0.00476922
PositiveMagnetization -0.000434027
NegativeMagnetization -0.00476922
Flatness 1.73306810213804
Squareness 0.886458600482373
SStar 0
SFD1 0
SFD2 0
Slope 0
Intercept 0
SlopeAtHc 3.45379920016836E-06
dH1 -684.907209348769
dH2 306.9705
InitialSlope -3.08634222919948E-06
FieldAtHalfMs 743.166
FieldAtMs 743.166
MomentMean -3.6504824778157E-03
MomentRMS 9.9945488890648E-04
SFD3 0
dH3 -1369.81441869754
UserField1 0
UserField2 0
CenterField 0
ExchangeField 0
ExchangeMoment 0
ExRegionOneIntercept 0
ExRegionOneSlope 0
ExRegionTwoIntercept 0
ExRegionTwoSlope 0
NegativeIntercept 0
NegativeSlope 0
AutoCenterOffset 0
PinningField 0
PinningMoment 0
PinRegionOneIntercept 0
PinRegionOneSlope 0
PinRegionTwoIntercept 0
PinRegionTwoSlope 0
PositiveIntercept 0
PositiveSlope 0
TotalOffset 0
BHMax 0
BCoercivity 0
BRetentivity 0
BNegativeCoercivity 0
BPositiveCoercivity 0
BNegativeRetentivity 0
BPositiveRetentivity 0
MomentYMean -6.04221563139932E-03
MomentYRMS 2.34145172521443E-04
YOffCorrection 0
Mrt 0
Ms1 0
Ms2 0
Ms3 0
Hc2 0
Hex2 0
HsatValue 0
HsatIntercept 0
HsatSlope 0
CenterH 0
Span .004335193
SpanAsPercentOfRange -81.7960943396226
RMSAsPercentOfRange -18.8576394133298
SpanAsPercentOfMean -118.756713019316
RMSAsPercentOfMean -27.3787066498813
