Version 1.25
******************************************** Units *******************************************
System CGS
TemperatureUnit K
MomentUnit emu
AppliedFieldUnit G
 
******************************************** Setup ********************************************
 
Experiment CustomField
Minor False
Acquisition Continuous
EditedPoint No
MaxField 15000
FieldIncrement 100
Points 293
MinField 0
RampRate 10
AverageTime 0.3
TimeInterval 0
TimeConstant 0.1
TimeConstantIndex 0
Sensitivity -0.0053
SensitivityIndex 5
SensitivityY -400
SensitivityIndexY 0
SaturationField 8000
ExperimentTime 100
Use735Domains True
AutoRangeEnabled False
NumberOfVertices 2
VertexPts
0
292
VertexField
-2791.8129
159.8997
StartAngle 0
EndAngle 0
AngleIncrement 0
StartTemp 0
FinishTemp 0
TempIncrement 0
TempPoints 0
LengthofSetPointsArray 293
SetPointArray
-2791.81287
-2781.70426
-2771.59566
-2761.48705
-2751.37845
-2741.26984
-2731.16124
-2721.05263
-2710.94403
-2700.83542
-2690.72682
-2680.61821
-2670.50961
-2660.401
-2650.2924
-2640.18379
-2630.07519
-2619.96658
-2609.85798
-2599.74937
-2589.64077
-2579.53216
-2569.42356
-2559.31495
-2549.20635
-2539.09774
-2528.98914
-2518.88053
-2508.77193
-2498.66332
-2488.55472
-2478.44612
-2468.33751
-2458.22891
-2448.1203
-2438.0117
-2427.90309
-2417.79449
-2407.68588
-2397.57728
-2387.46867
-2377.36007
-2367.25146
-2357.14286
-2347.03425
-2336.92565
-2326.81704
-2316.70844
-2306.59983
-2296.49123
-2286.38262
-2276.27402
-2266.16541
-2256.05681
-2245.9482
-2235.8396
-2225.73099
-2215.62239
-2205.51378
-2195.40518
-2185.29657
-2175.18797
-2165.07937
-2154.97076
-2144.86216
-2134.75355
-2124.64495
-2114.53634
-2104.42774
-2094.31913
-2084.21053
-2074.10192
-2063.99332
-2053.88471
-2043.77611
-2033.6675
-2023.5589
-2013.45029
-2003.34169
-1993.23308
-1983.12448
-1973.01587
-1962.90727
-1952.79866
-1942.69006
-1932.58145
-1922.47285
-1912.36424
-1902.25564
-1892.14703
-1882.03843
-1871.92982
-1861.82122
-1851.71261
-1841.60401
-1831.49541
-1821.3868
-1811.2782
-1801.16959
-1791.06099
-1780.95238
-1770.84378
-1760.73517
-1750.62657
-1740.51796
-1730.40936
-1720.30075
-1710.19215
-1700.08354
-1689.97494
-1679.86633
-1669.75773
-1659.64912
-1649.54052
-1639.43191
-1629.32331
-1619.2147
-1609.1061
-1598.99749
-1588.88889
-1578.78028
-1568.67168
-1558.56307
-1548.45447
-1538.34586
-1528.23726
-1518.12865
-1508.02005
-1497.91145
-1487.80284
-1477.69424
-1467.58563
-1457.47703
-1447.36842
-1437.25982
-1427.15121
-1417.04261
-1406.934
-1396.8254
-1386.71679
-1376.60819
-1366.49958
-1356.39098
-1346.28237
-1336.17377
-1326.06516
-1315.95656
-1305.84795
-1295.73935
-1285.63074
-1275.52214
-1265.41353
-1255.30493
-1245.19632
-1235.08772
-1224.97911
-1214.87051
-1204.7619
-1194.6533
-1184.5447
-1174.43609
-1164.32749
-1154.21888
-1144.11028
-1134.00167
-1123.89307
-1113.78446
-1103.67586
-1093.56725
-1083.45865
-1073.35004
-1063.24144
-1053.13283
-1043.02423
-1032.91562
-1022.80702
-1012.69841
-1002.58981
-992.4812
-982.3726
-972.26399
-962.15539
-952.04678
-941.93818
-931.82957
-921.72097
-911.61236
-901.50376
-891.39515
-881.28655
-871.17794
-861.06934
-850.96074
-840.85213
-830.74353
-820.63492
-810.52632
-800.41771
-790.30911
-780.2005
-770.0919
-759.98329
-749.87469
-739.76608
-729.65748
-719.54887
-709.44027
-699.33166
-689.22306
-679.11445
-669.00585
-658.89724
-648.78864
-638.68003
-628.57143
-618.46282
-608.35422
-598.24561
-588.13701
-578.0284
-567.9198
-557.81119
-547.70259
-537.59398
-527.48538
-517.37678
-507.26817
-497.15957
-487.05096
-476.94236
-466.83375
-456.72515
-446.61654
-436.50794
-426.39933
-416.29073
-406.18212
-396.07352
-385.96491
-375.85631
-365.7477
-355.6391
-345.53049
-335.42189
-325.31328
-315.20468
-305.09607
-294.98747
-284.87886
-274.77026
-264.66165
-254.55305
-244.44444
-234.33584
-224.22723
-214.11863
-204.01003
-193.90142
-183.79282
-173.68421
-163.57561
-153.467
-143.3584
-133.24979
-123.14119
-113.03258
-102.92398
-92.81537
-82.70677
-72.59816
-62.48956
-52.38095
-42.27235
-32.16374
-22.05514
-11.94653
-1.83793
8.27068
18.37928
28.48789
38.59649
48.7051
58.8137
68.92231
79.03091
89.13952
99.24812
109.35673
119.46533
129.57393
139.68254
149.79114
159.89975
FieldDomainFile C:\IDEASVSM\Default UserID\Experiments\FORCexp0386B\fdomain.ini
TempDomainFile C:\IDEASVSM\Default UserID\Experiments\FORCexp0386B\tdomain.ini
NumSelectedResults 0
ResultsSelected 
UserName1 
UserValue1 
UserName2 
UserValue2 
LinearBackgroundCorrection Off
MaxLinearFieldCorrection 
MinLinearFieldCorrection 
AutoLinearCorrection Off
FitOneRegion Off
BackgroundMode Off
BackgroundFilename 
AutoCenter Off
OffsetCorrection 
SmoothDeriv Off
DerivOrder 0
DerivPoints 0
MinExFieldOne 
MaxExFieldOne 
MinExFieldTwo 
MaxExFieldTwo 
MinPinFieldOne 
MaxPinFieldOne 
MinPinFieldTwo 
MaxPinFieldTwo 
HCenterStart 
Mass 
Volume 
Density 
MolarWeight 
NumberOfMoles 
Demagnetization 
SampleArea 
Thickness 
MomentScaling 0
XAxis 0
YAxis 0
SimpleSpinValve False
HsatMax 0
HsatMin 0
FieldAutoRange False
 
*************************************************** Experiment Data ********************************************
 
DataPoints 293
MomentX Data
-0.00489609
-0.00492037
-0.00491737
-0.00493949
-0.00494087
-0.00492482
-0.00492368
-0.00485562
-0.00488935
-0.00492224
-0.00488486
-0.00488968
-0.00488052
-0.00489254
-0.00488651
-0.00487762
-0.00491048
-0.00485295
-0.00486598
-0.00486708
-0.00486557
-0.00484438
-0.00485959
-0.0048374
-0.00487031
-0.00483583
-0.00481954
-0.00487557
-0.00481367
-0.004833
-0.00480222
-0.00485667
-0.00483747
-0.00480597
-0.00480415
-0.00482484
-0.00482908
-0.00482641
-0.0048168
-0.00483909
-0.00481673
-0.00483803
-0.00480556
-0.00484556
-0.00481987
-0.00480709
-0.00481599
-0.00482031
-0.00480545
-0.00478506
-0.00478011
-0.00476353
-0.00478038
-0.0047643
-0.00478669
-0.0047687
-0.00478029
-0.004769
-0.00478749
-0.00472835
-0.00477178
-0.00474709
-0.00474416
-0.00473716
-0.00475017
-0.00477352
-0.00478365
-0.00472435
-0.00471605
-0.00470489
-0.00469892
-0.00472103
-0.00469194
-0.00472175
-0.00469391
-0.00470488
-0.00468129
-0.00469967
-0.00468029
-0.0046866
-0.0046751
-0.00468952
-0.00469237
-0.0047241
-0.00466726
-0.0047032
-0.00465673
-0.00466206
-0.00462786
-0.00464209
-0.00465111
-0.00464235
-0.0046269
-0.0046283
-0.00467507
-0.00460612
-0.0045938
-0.00462697
-0.00458604
-0.00459032
-0.00461759
-0.00459367
-0.00459088
-0.00457377
-0.00456522
-0.00461014
-0.00459745
-0.0045877
-0.00458014
-0.00457604
-0.00457421
-0.00456274
-0.00454947
-0.00454575
-0.00452371
-0.0045297
-0.00450553
-0.00450549
-0.00453304
-0.0045327
-0.00448271
-0.00449636
-0.00449023
-0.00449414
-0.00451189
-0.00452476
-0.00450459
-0.00451041
-0.00445468
-0.00445802
-0.00447585
-0.00450577
-0.00445323
-0.00442792
-0.00444331
-0.00442209
-0.00442547
-0.00444667
-0.00446179
-0.00441596
-0.00436778
-0.00439706
-0.00439914
-0.00439831
-0.00441483
-0.00432039
-0.00439089
-0.00436898
-0.00443015
-0.00432333
-0.00434815
-0.00433348
-0.00433768
-0.00432997
-0.00433479
-0.0043207
-0.00434127
-0.00432599
-0.0043338
-0.00437335
-0.00433102
-0.00428278
-0.00428633
-0.00423032
-0.00427169
-0.00427685
-0.0042704
-0.00423422
-0.00425584
-0.00425991
-0.00423702
-0.00428122
-0.0042034
-0.00421296
-0.00422469
-0.00422118
-0.00420479
-0.00417454
-0.00417799
-0.00417356
-0.00414244
-0.00412027
-0.00415538
-0.00418647
-0.00415112
-0.00412474
-0.00411238
-0.00414537
-0.00414129
-0.00411248
-0.00411917
-0.00407924
-0.00412095
-0.00403044
-0.0040814
-0.00400914
-0.00408403
-0.0039968
-0.00403597
-0.00402038
-0.00401215
-0.00399965
-0.00395764
-0.00398632
-0.00403599
-0.00397905
-0.00399044
-0.00396463
-0.0039561
-0.0039703
-0.00389806
-0.0039066
-0.00392832
-0.00393603
-0.00390408
-0.00387122
-0.00382545
-0.00387882
-0.00391079
-0.00380157
-0.00382809
-0.00390414
-0.00390702
-0.00387286
-0.00382713
-0.00372605
-0.00373028
-0.00381607
-0.00379449
-0.00374655
-0.00370282
-0.00374432
-0.00367384
-0.00368529
-0.00374928
-0.0037199
-0.00369325
-0.00366771
-0.00367471
-0.00365858
-0.00366046
-0.00360216
-0.00362503
-0.00358272
-0.00358725
-0.00358597
-0.00367636
-0.00359192
-0.00357619
-0.00353622
-0.00347436
-0.00352836
-0.00353213
-0.0034847
-0.00346278
-0.00348614
-0.00340818
-0.00339424
-0.00338295
-0.0034342
-0.0035262
-0.00341088
-0.00341443
-0.00339485
-0.00326674
-0.00333892
-0.00331772
-0.00335363
-0.00323646
-0.00329869
-0.00321123
-0.00322323
-0.00316405
-0.00309827
-0.003184
-0.00317296
-0.00322965
-0.00332958
-0.00331746
-0.00318027
-0.0031658
-0.00318024
-0.00311608
-0.00314905
-0.00309323
-0.0030855
-0.00296678
-0.00295438
-0.00293316
-0.00301527
-0.00278503
-0.00288536
-0.00294308
MomentY Data
-0.00578562
-0.00599225
-0.00570615
-0.00602404
-0.00602404
-0.00562668
-0.00572205
-0.00572205
-0.00619888
-0.00588099
-0.00597636
-0.00623067
-0.00592868
-0.00581741
-0.00534058
-0.00553131
-0.00576973
-0.00602404
-0.00583331
-0.00603994
-0.00599225
-0.00581741
-0.00592868
-0.00581741
-0.00567436
-0.00596046
-0.0055631
-0.00610352
-0.00578562
-0.00588099
-0.00578562
-0.00578562
-0.00603994
-0.00594457
-0.00591278
-0.00589689
-0.00576973
-0.00607173
-0.00597636
-0.0058492
-0.00607173
-0.00573794
-0.00607173
-0.00562668
-0.00561078
-0.00597636
-0.00599225
-0.0058651
-0.00570615
-0.00572205
-0.00588099
-0.0058492
-0.00576973
-0.00581741
-0.00592868
-0.00575384
-0.00592868
-0.00573794
-0.00569026
-0.00597636
-0.00565847
-0.00591278
-0.00581741
-0.00591278
-0.00607173
-0.00573794
-0.00573794
-0.00572205
-0.00607173
-0.00567436
-0.00602404
-0.00576973
-0.00581741
-0.00607173
-0.0061353
-0.00594457
-0.00600815
-0.00603994
-0.00597636
-0.0058651
-0.00610352
-0.00567436
-0.0058651
-0.0055631
-0.00567436
-0.00576973
-0.00573794
-0.00597636
-0.00572205
-0.00594457
-0.00557899
-0.00588099
-0.00570615
-0.00581741
-0.00607173
-0.0058492
-0.00591278
-0.00594457
-0.00581741
-0.00591278
-0.00607173
-0.00578562
-0.00591278
-0.00542005
-0.00610352
-0.00572205
-0.00608762
-0.00602404
-0.00619888
-0.0055631
-0.00588099
-0.00567436
-0.00572205
-0.00581741
-0.00592868
-0.00610352
-0.00578562
-0.00581741
-0.00591278
-0.00607173
-0.00581741
-0.00594457
-0.00600815
-0.0061353
-0.00578562
-0.00588099
-0.00588099
-0.00591278
-0.00597636
-0.00605583
-0.00572205
-0.00591278
-0.00607173
-0.0061353
-0.00619888
-0.00607173
-0.00635783
-0.0058651
-0.00596046
-0.00608762
-0.00603994
-0.00578562
-0.00592868
-0.0058651
-0.00583331
-0.00597636
-0.00616709
-0.00596046
-0.00578562
-0.00597636
-0.00597636
-0.00592868
-0.00592868
-0.00578562
-0.0058651
-0.00629425
-0.00610352
-0.00592868
-0.00572205
-0.00589689
-0.00573794
-0.00592868
-0.00600815
-0.00576973
-0.00623067
-0.0061353
-0.00616709
-0.00597636
-0.0061353
-0.00648499
-0.00583331
-0.0058651
-0.0058492
-0.00530879
-0.00562668
-0.00583331
-0.00561078
-0.00611941
-0.00567436
-0.00600815
-0.00599225
-0.0058651
-0.00557899
-0.00600815
-0.00623067
-0.00626246
-0.00632604
-0.00588099
-0.00600815
-0.00588099
-0.00597636
-0.00610352
-0.00626246
-0.0061353
-0.0058651
-0.00619888
-0.00583331
-0.00619888
-0.00619888
-0.00592868
-0.00600815
-0.0061353
-0.00572205
-0.00607173
-0.00616709
-0.00618299
-0.00605583
-0.00616709
-0.00603994
-0.00578562
-0.00602404
-0.0061353
-0.00591278
-0.00597636
-0.00576973
-0.00626246
-0.00581741
-0.00592868
-0.00616709
-0.00583331
-0.00576973
-0.00616709
-0.00597636
-0.00629425
-0.00632604
-0.00616709
-0.00607173
-0.00597636
-0.00594457
-0.00616709
-0.00616709
-0.00597636
-0.00597636
-0.00607173
-0.00616709
-0.00607173
-0.00592868
-0.00648499
-0.00583331
-0.00588099
-0.00588099
-0.00592868
-0.00600815
-0.00540415
-0.00626246
-0.00608762
-0.00600815
-0.00581741
-0.00616709
-0.00567436
-0.00610352
-0.00600815
-0.00626246
-0.00632604
-0.00626246
-0.00603994
-0.00607173
-0.00635783
-0.00619888
-0.00619888
-0.00600815
-0.00616709
-0.00588099
-0.00602404
-0.0061353
-0.00610352
-0.00651677
-0.0061353
-0.00607173
-0.0061353
-0.00603994
-0.00642141
-0.00610352
-0.00603994
-0.00610352
-0.00623067
-0.00651677
-0.00607173
-0.00607173
-0.00626246
-0.00602404
-0.00607173
-0.00638962
-0.00638962
-0.0061512
-0.00591278
-0.00592868
-0.00578562
-0.00632604
-0.00599225
-0.0061353
-0.00603994
-0.00629425
Field Data
-2790.65
-2783.44
-2773.8
-2763.8
-2753.61
-2743.11
-2733.33
-2723.34
-2712.93
-2703
-2692.91
-2683.03
-2672.56
-2662.56
-2652.55
-2642.47
-2632.47
-2621.97
-2612.31
-2602.2
-2591.84
-2581.86
-2572.03
-2561.69
-2551.67
-2541.48
-2531.6
-2521.59
-2511.13
-2501.25
-2490.98
-2481.04
-2471.05
-2460.93
-2450.85
-2440.79
-2430.87
-2420.35
-2410.51
-2400.66
-2390.39
-2380.17
-2370.18
-2360.21
-2350.15
-2339.78
-2329.87
-2320.09
-2309.94
-2299.41
-2289.63
-2279.65
-2269.3
-2259.35
-2249.31
-2239.05
-2229.08
-2219.18
-2209.07
-2198.7
-2188.69
-2178.66
-2168.82
-2158.63
-2148.28
-2138.4
-2128.45
-2118.12
-2108.24
-2098.21
-2087.96
-2078
-2067.71
-2057.66
-2047.77
-2037.47
-2027.45
-2017.4
-2007.66
-1997.17
-1987.24
-1977.3
-1967.08
-1956.91
-1947.05
-1937.01
-1926.6
-1916.64
-1906.52
-1896.31
-1886.56
-1876.03
-1866.33
-1856.44
-1846.12
-1835.98
-1826.11
-1814.71
-1802.39
-1792.64
-1782.39
-1772.06
-1762.09
-1752.25
-1741.98
-1731.97
-1721.59
-1711.71
-1701.8
-1691.44
-1681.62
-1671.6
-1661.3
-1651.29
-1641.32
-1631.33
-1620.77
-1610.98
-1600.78
-1590.82
-1580.71
-1570.43
-1560.52
-1550.78
-1540.46
-1530.23
-1520.48
-1510.3
-1500.08
-1490.06
-1480.17
-1469.71
-1459.79
-1449.7
-1439.7
-1429.73
-1419.37
-1409.46
-1399.53
-1389.26
-1379.22
-1369.27
-1359.16
-1348.86
-1338.97
-1329.02
-1318.63
-1308.72
-1298.72
-1288.53
-1278.43
-1268.2
-1258.33
-1248.41
-1238.04
-1228.28
-1217.96
-1208.08
-1197.52
-1187.8
-1178.08
-1167.56
-1157.47
-1147.66
-1137.46
-1127.21
-1117.19
-1107.16
-1097.2
-1087.08
-1076.87
-1066.87
-1057.05
-1046.59
-1036.6
-1026.89
-1016.43
-1006.41
-996.343
-986.522
-976.12
-965.934
-956.071
-946.051
-936.085
-925.679
-915.683
-905.906
-895.418
-885.528
-875.535
-865.308
-855.232
-845.342
-835.256
-824.895
-815.091
-804.717
-794.782
-785.005
-774.479
-764.589
-754.702
-744.386
-734.288
-724.381
-714.42
-703.933
-694.102
-683.907
-673.658
-663.792
-653.786
-643.753
-633.723
-623.562
-613.46
-603.241
-593.187
-583.449
-573.003
-563.097
-552.974
-542.996
-533.058
-522.729
-512.737
-502.783
-492.722
-482.296
-472.367
-462.621
-452.102
-442.149
-432.314
-422.004
-411.931
-401.941
-391.752
-381.895
-371.764
-361.393
-351.557
-341.715
-331.228
-321.416
-311.296
-301.114
-291.117
-281.141
-271.003
-260.593
-250.53
-240.577
-230.772
-220.746
-210.18
-200.335
-190.624
-180.154
-170.191
-160.343
-150.11
-139.678
-129.93
-120.043
-109.55
-99.7978
-89.3902
-79.5077
-69.708
-59.2081
-49.3055
-39.3823
-29.3321
-18.9733
-8.88344
1.15276
11.5753
21.1562
31.1475
41.6532
51.3008
61.4805
71.5949
81.4827
92.1597
101.958
112.019
121.809
132.265
142.18
152.078
Time Data
0
0.3
0.6
0.9
1.2
1.5
1.8
2.1
2.4
2.7
3
3.3
3.6
3.9
4.2
4.5
4.8
5.1
5.4
5.7
6
6.3
6.6
6.9
7.2
7.5
7.8
8.1
8.4
8.7
9
9.3
9.6
9.9
10.2
10.5
10.8
11.1
11.4
11.7
12
12.3
12.6
12.9
13.2
13.5
13.8
14.1
14.4
14.7
15
15.3
15.6
15.9
16.2
16.5
16.8
17.1
17.4
17.7
18
18.3
18.6
18.9
19.2
19.5
19.8
20.1
20.4
20.7
21
21.3
21.6
21.9
22.2
22.5
22.8
23.1
23.4
23.7
24
24.3
24.6
24.9
25.2
25.5
25.8
26.1
26.4
26.7
27
27.3
27.6
27.9
28.2
28.5
28.8
29.1
29.4
29.7
30.0000000000001
30.3000000000001
30.6000000000001
30.9000000000001
31.2000000000001
31.5000000000001
31.8000000000001
32.1000000000001
32.4
32.7
33
33.3
33.6
33.9
34.2
34.5
34.8
35.1
35.4
35.7
36
36.3
36.6
36.9
37.2
37.5
37.8
38.1
38.4
38.7
39
39.3
39.6
39.9
40.2
40.5
40.8
41.1
41.4
41.7
42
42.3
42.6
42.8999999999999
43.1999999999999
43.4999999999999
43.7999999999999
44.0999999999999
44.3999999999999
44.6999999999999
44.9999999999999
45.2999999999999
45.5999999999999
45.8999999999999
46.1999999999999
46.4999999999999
46.7999999999999
47.0999999999999
47.3999999999999
47.6999999999999
47.9999999999999
48.2999999999999
48.5999999999999
48.8999999999999
49.1999999999999
49.4999999999999
49.7999999999999
50.0999999999999
50.3999999999999
50.6999999999999
50.9999999999999
51.2999999999999
51.5999999999999
51.8999999999999
52.1999999999999
52.4999999999999
52.7999999999999
53.0999999999999
53.3999999999998
53.6999999999998
53.9999999999998
54.2999999999998
54.5999999999998
54.8999999999998
55.1999999999998
55.4999999999998
55.7999999999998
56.0999999999998
56.3999999999998
56.6999999999998
56.9999999999998
57.2999999999998
57.5999999999998
57.8999999999998
58.1999999999998
58.4999999999998
58.7999999999998
59.0999999999998
59.3999999999998
59.6999999999998
59.9999999999998
60.2999999999998
60.5999999999998
60.8999999999998
61.1999999999998
61.4999999999998
61.7999999999998
62.0999999999998
62.3999999999998
62.6999999999998
62.9999999999998
63.2999999999998
63.5999999999998
63.8999999999998
64.1999999999997
64.4999999999997
64.7999999999997
65.0999999999997
65.3999999999997
65.6999999999997
65.9999999999997
66.2999999999997
66.5999999999997
66.8999999999997
67.1999999999997
67.4999999999997
67.7999999999997
68.0999999999997
68.3999999999997
68.6999999999997
68.9999999999997
69.2999999999997
69.5999999999997
69.8999999999997
70.1999999999997
70.4999999999997
70.7999999999997
71.0999999999997
71.3999999999997
71.6999999999997
71.9999999999997
72.2999999999997
72.5999999999997
72.8999999999997
73.1999999999997
73.4999999999997
73.7999999999997
74.0999999999997
74.3999999999997
74.6999999999996
74.9999999999996
75.2999999999996
75.5999999999996
75.8999999999996
76.1999999999996
76.4999999999996
76.7999999999996
77.0999999999996
77.3999999999996
77.6999999999996
77.9999999999996
78.2999999999996
78.5999999999996
78.8999999999996
79.1999999999996
79.4999999999996
79.7999999999996
80.0999999999996
80.3999999999996
80.6999999999996
80.9999999999996
81.2999999999996
81.5999999999996
81.8999999999996
82.1999999999996
82.4999999999996
82.7999999999996
83.0999999999996
83.3999999999996
83.6999999999996
83.9999999999996
84.2999999999996
84.5999999999996
84.8999999999996
85.1999999999995
85.4999999999995
85.7999999999995
86.0999999999995
86.3999999999995
86.6999999999995
86.9999999999995
87.2999999999995
87.5999999999995
Temperature Data
0
0
0
0
0
0
0
0
0
0
0
0
0
0
0
0
0
0
0
0
0
0
0
0
0
0
0
0
0
0
0
0
0
0
0
0
0
0
0
0
0
0
0
0
0
0
0
0
0
0
0
0
0
0
0
0
0
0
0
0
0
0
0
0
0
0
0
0
0
0
0
0
0
0
0
0
0
0
0
0
0
0
0
0
0
0
0
0
0
0
0
0
0
0
0
0
0
0
0
0
0
0
0
0
0
0
0
0
0
0
0
0
0
0
0
0
0
0
0
0
0
0
0
0
0
0
0
0
0
0
0
0
0
0
0
0
0
0
0
0
0
0
0
0
0
0
0
0
0
0
0
0
0
0
0
0
0
0
0
0
0
0
0
0
0
0
0
0
0
0
0
0
0
0
0
0
0
0
0
0
0
0
0
0
0
0
0
0
0
0
0
0
0
0
0
0
0
0
0
0
0
0
0
0
0
0
0
0
0
0
0
0
0
0
0
0
0
0
0
0
0
0
0
0
0
0
0
0
0
0
0
0
0
0
0
0
0
0
0
0
0
0
0
0
0
0
0
0
0
0
0
0
0
0
0
0
0
0
0
0
0
0
0
0
0
0
0
0
0
0
0
0
0
0
0
0
0
0
0
0
0
0
0
0
0
0
0
0
0
0
0
0
0
Angle Data
0
0
0
0
0
0
0
0
0
0
0
0
0
0
0
0
0
0
0
0
0
0
0
0
0
0
0
0
0
0
0
0
0
0
0
0
0
0
0
0
0
0
0
0
0
0
0
0
0
0
0
0
0
0
0
0
0
0
0
0
0
0
0
0
0
0
0
0
0
0
0
0
0
0
0
0
0
0
0
0
0
0
0
0
0
0
0
0
0
0
0
0
0
0
0
0
0
0
0
0
0
0
0
0
0
0
0
0
0
0
0
0
0
0
0
0
0
0
0
0
0
0
0
0
0
0
0
0
0
0
0
0
0
0
0
0
0
0
0
0
0
0
0
0
0
0
0
0
0
0
0
0
0
0
0
0
0
0
0
0
0
0
0
0
0
0
0
0
0
0
0
0
0
0
0
0
0
0
0
0
0
0
0
0
0
0
0
0
0
0
0
0
0
0
0
0
0
0
0
0
0
0
0
0
0
0
0
0
0
0
0
0
0
0
0
0
0
0
0
0
0
0
0
0
0
0
0
0
0
0
0
0
0
0
0
0
0
0
0
0
0
0
0
0
0
0
0
0
0
0
0
0
0
0
0
0
0
0
0
0
0
0
0
0
0
0
0
0
0
0
0
0
0
0
0
0
0
0
0
0
0
0
0
0
0
0
0
0
0
0
0
0
0
Bx Data
0
0
0
0
0
0
0
0
0
0
0
0
0
0
0
0
0
0
0
0
0
0
0
0
0
0
0
0
0
0
0
0
0
0
0
0
0
0
0
0
0
0
0
0
0
0
0
0
0
0
0
0
0
0
0
0
0
0
0
0
0
0
0
0
0
0
0
0
0
0
0
0
0
0
0
0
0
0
0
0
0
0
0
0
0
0
0
0
0
0
0
0
0
0
0
0
0
0
0
0
0
0
0
0
0
0
0
0
0
0
0
0
0
0
0
0
0
0
0
0
0
0
0
0
0
0
0
0
0
0
0
0
0
0
0
0
0
0
0
0
0
0
0
0
0
0
0
0
0
0
0
0
0
0
0
0
0
0
0
0
0
0
0
0
0
0
0
0
0
0
0
0
0
0
0
0
0
0
0
0
0
0
0
0
0
0
0
0
0
0
0
0
0
0
0
0
0
0
0
0
0
0
0
0
0
0
0
0
0
0
0
0
0
0
0
0
0
0
0
0
0
0
0
0
0
0
0
0
0
0
0
0
0
0
0
0
0
0
0
0
0
0
0
0
0
0
0
0
0
0
0
0
0
0
0
0
0
0
0
0
0
0
0
0
0
0
0
0
0
0
0
0
0
0
0
0
0
0
0
0
0
0
0
0
0
0
0
0
0
0
0
0
0
Hint Data
0
0
0
0
0
0
0
0
0
0
0
0
0
0
0
0
0
0
0
0
0
0
0
0
0
0
0
0
0
0
0
0
0
0
0
0
0
0
0
0
0
0
0
0
0
0
0
0
0
0
0
0
0
0
0
0
0
0
0
0
0
0
0
0
0
0
0
0
0
0
0
0
0
0
0
0
0
0
0
0
0
0
0
0
0
0
0
0
0
0
0
0
0
0
0
0
0
0
0
0
0
0
0
0
0
0
0
0
0
0
0
0
0
0
0
0
0
0
0
0
0
0
0
0
0
0
0
0
0
0
0
0
0
0
0
0
0
0
0
0
0
0
0
0
0
0
0
0
0
0
0
0
0
0
0
0
0
0
0
0
0
0
0
0
0
0
0
0
0
0
0
0
0
0
0
0
0
0
0
0
0
0
0
0
0
0
0
0
0
0
0
0
0
0
0
0
0
0
0
0
0
0
0
0
0
0
0
0
0
0
0
0
0
0
0
0
0
0
0
0
0
0
0
0
0
0
0
0
0
0
0
0
0
0
0
0
0
0
0
0
0
0
0
0
0
0
0
0
0
0
0
0
0
0
0
0
0
0
0
0
0
0
0
0
0
0
0
0
0
0
0
0
0
0
0
0
0
0
0
0
0
0
0
0
0
0
0
0
0
0
0
0
0
Torque Data
16.145640453
16.67906834
15.82771887
16.649241752
16.5878567844
15.4346021748
15.6402509265
15.583087647
16.8171275184
15.89631597
16.0937996076
16.7170745301
15.8447530208
15.4892031696
14.166155479
14.6163207357
15.1886411331
15.7948521588
15.2384140461
15.717131868
15.53095324
15.0197381826
15.2487428204
14.9024010229
14.4790941812
15.1483898808
14.08354396
15.3905749968
14.5284439506
14.7098262375
14.4118637076
14.3543546448
14.924993737
14.6291706501
14.491336863
14.3930701431
14.0254635651
14.6957117055
14.4060755436
14.041940472
14.5138026747
13.6572726498
14.3910930114
13.2801464028
13.186174617
13.9833676008
13.9611635075
13.607559859
13.180864131
13.1573389905
13.4652911337
13.33412878
13.093248289
13.1435652835
13.3354392108
12.883135452
13.2155020144
12.7335216892
12.5701826582
13.140222732
12.3846367043
12.8819372748
12.6169151562
12.7635042914
13.0437761244
12.270010896
12.212918393
12.119988546
12.8006640552
11.9059988956
12.5779545584
11.98949894
12.0287168311
12.4935559518
12.563683281
12.1118830379
12.1812237175
12.184974956
11.9984989176
11.713601767
12.1291590848
11.219912028
11.537120908
10.886486021
11.048262638
11.1760247073
11.054715204
11.4545306304
10.909202766
11.2727475367
10.5250993744
11.0329136697
10.6495589295
10.7996726204
11.2091421876
10.739014216
10.7973866858
10.7876706247
10.4852416099
10.5994859392
10.8221908347
10.2524657772
10.4188505102
9.4972826125
10.6322097696
9.9104189385
10.4803857158
10.3114095084
10.549253984
9.409649864
9.8895904038
9.485260176
9.506041665
9.6062309589
9.7308610576
9.9568552816
9.3771593274
9.3717311618
9.4650599684
9.6590295186
9.1956381611
9.3355310651
9.375838238
9.514500534
8.9125161852
8.9992673277
8.9419276752
8.930071634
8.9650181088
9.0235500498
8.4696067485
8.6900718938
8.8634507367
8.89434441
8.924527536
8.6809345329
9.0241131671
8.266623846
8.3418425838
8.4572869612
8.3304060468
7.9220758974
8.0580247088
7.911198786
7.8106270907
7.9427019672
8.1321098867
7.8005732112
7.5139004064
7.7007191508
7.6403579148
7.518751976
7.4602359044
7.2228258642
7.261228404
7.73110139
7.4338432192
7.1623197344
6.852269316
7.004325942
6.7597523552
6.9220896208
6.9542533805
6.6216883318
7.0871378982
6.915771513
6.8898112771
6.6167867376
6.73165116
7.0497029292
6.2817165397
6.257299237
6.18289686
5.5561265261
5.832616488
5.9901677059
5.7029651154
6.1586354181
5.65360886548
5.9271721543
5.84915507
5.6652995034
5.33391054829
5.68401631565
5.83243672695
5.79702771034
5.79264728532
5.32762412694
5.3798056567
5.20778131272
5.2325123526
5.28142468416
5.35585619072
5.1864267726
4.8988599656
5.1134251176
4.75467848121
4.98834411696
4.92675824416
4.6540434434
4.65318600385
4.6909828917
4.3184425791
4.51971080778
4.52842018192
4.47884047919
4.3264060686
4.34121816497
4.19233443388
3.95682601734
4.05814273832
4.0725630576
3.86569278508
3.84729967908
3.65641060479
3.90503208252
3.5687483386
3.57642285188
3.65823761583
3.40343888619
3.30607259919
3.47266987773
3.30477169464
3.417752573
3.37214623032
3.22371678861
3.11320062501
3.00481220988
2.92902041954
2.97436283864
2.91312980203
2.76478963956
2.70192430872
2.68460934777
2.66611934626
2.56229434692
2.44220708108
2.60658336559
2.28521085912
2.24592067605
2.18634036636
2.14258345124
2.11220718955
1.84667911725
2.07430210088
1.95665846992
1.8703130624
1.75170359474
1.79534473953
1.59529524476
1.65407223056
1.56568183295
1.5689341038
1.52189972508
1.44520041912
1.33329259524
1.2761562114
1.27369587305
1.18165530112
1.11675302752
1.02253305665
0.98884971187
0.8827954089
0.84142585912
0.797159529
0.73268485136
0.7139121535
0.61228944234
0.542753159046
0.48780359181
0.42103213752
0.380199485421
0.30093710536
0.237866729062
0.179029058992
0.118216371111
0.0578913352888
-0.0069992474748
-0.070282096269
-0.132489856252
-0.1876337859
-0.252906984036
-0.327792617696
-0.39283703241
-0.44039454888
-0.481789278906
-0.546385370196
-0.58989024396
-0.70863667476
-0.72990998025
-0.8114854545
-0.8587586692
-0.9572169515
dMdH Data
-3.36754507628301E-06
3.1120331950212E-07
-2.21200000000005E-06
-1.35426889106929E-07
1.52857142857144E-06
1.16564417177929E-07
6.81281281281296E-06
-3.24015369836686E-06
-3.31218529707959E-06
3.70465807730413E-06
-4.87854251012163E-07
8.74880611270298E-07
-1.20199999999997E-06
6.02397602397592E-07
8.81944444444422E-07
-0.000003286
5.47904761904763E-06
-1.34886128364389E-06
-1.08803165183026E-07
1.45752895752956E-07
2.12324649298596E-06
-1.54730417090539E-06
2.14603481624747E-06
-3.28443113772453E-06
3.38370951913638E-06
1.64878542510124E-06
-5.59740259740276E-06
5.91778202676864E-06
-1.95647773279347E-06
2.99707887049653E-06
-5.4778672032193E-06
1.92192192192201E-06
3.11264822134379E-06
1.80555555555517E-07
-2.05666003976147E-06
-4.27419354838704E-07
2.53802281368881E-07
9.76626016260123E-07
-2.26294416243641E-06
2.17721518987341E-06
-2.0841487279844E-06
3.25025025025015E-06
-4.01203610832498E-06
2.5536779324055E-06
1.23240115718424E-06
-8.98082744702298E-07
-4.41717791411092E-07
1.464039408867E-06
1.9363722697056E-06
5.06134969325176E-07
1.66132264529053E-06
-1.62801932367148E-06
1.61608040201E-06
-2.23007968127488E-06
1.75341130604291E-06
-1.16248746238719E-06
1.14040404040409E-06
-1.82888229475776E-06
5.70298939247812E-06
-4.33866133866141E-06
2.46161515453634E-06
2.9776422764228E-07
6.86947988223751E-07
-1.25700483091788E-06
-2.36336032388662E-06
-1.01809045226133E-06
5.74056147144244E-06
8.40080971659925E-07
1.1126620139582E-06
5.82439024390254E-07
-2.21987951807233E-06
2.82701652089407E-06
-2.96616915422879E-06
2.81496461071797E-06
-1.06504854368932E-06
2.35429141716563E-06
-1.82885572139306E-06
1.98973305954828E-06
-6.01525262154415E-07
1.15810674723063E-06
-1.45070422535213E-06
-2.78864970645833E-07
-3.11996066863326E-06
5.76470588235285E-06
-3.5796812749004E-06
4.46397694524491E-06
-5.35140562248963E-07
3.37944664031615E-06
-1.39373163565128E-06
-9.25128205128226E-07
8.31908831908836E-07
1.59278350515465E-06
-1.41557128412576E-07
-4.53197674418596E-06
6.7998027613413E-06
1.24822695035456E-06
-2.90964912280704E-06
3.32224025974026E-06
-4.38974358974332E-07
-2.66048780487807E-06
2.31558567279766E-06
2.79839518555657E-07
1.73882113821147E-06
8.32521908471231E-07
-4.48751248751253E-06
1.22254335260115E-06
9.86842105263191E-07
7.62865792129177E-07
3.95752895752893E-07
1.86354378818687E-07
1.14471057884236E-06
1.28834951456312E-06
3.71628371628331E-07
2.21063189568706E-06
-5.99599599599598E-07
2.28882575757581E-06
4.08580183858658E-09
-2.70098039215688E-06
3.41365461847974E-08
4.94460929772505E-06
-1.32782101167312E-06
6.18567103935416E-07
-4.01437371663264E-07
-1.71996124031013E-06
-1.25806451612902E-06
2.06871794871794E-06
-5.71709233791758E-07
5.45303326810178E-06
-3.33333333333345E-07
-1.80283114256827E-06
-2.8604206500956E-06
5.29637096774192E-06
2.50842418235877E-06
-1.53899999999997E-06
2.12838515546637E-06
-3.2625482625481E-07
-2.13925327951566E-06
-1.52265861027193E-06
4.46251217137296E-06
4.79880478087652E-06
-2.94271356783923E-06
-2.05736894164175E-07
8.05825242718699E-08
-1.67037411526796E-06
9.49145728643206E-06
-6.78537054860445E-06
2.21089808274468E-06
-6.11700000000001E-06
1.04828263002943E-05
-2.45742574257428E-06
1.43401759530796E-06
-4.25531914893633E-07
7.77217741935514E-07
-4.64802314368365E-07
1.44364754098357E-06
-1.99321705426359E-06
1.54655870445346E-06
-7.39583333333298E-07
-4.06893004115227E-06
4.35493827160494E-06
4.58555133079846E-06
-3.51833498513356E-07
5.70948012232415E-06
-4.05588235294114E-06
-5.03414634146313E-07
6.43712574850286E-07
3.60717846460613E-06
-2.17068273092368E-06
-4.02173913043485E-07
2.2419196865818E-06
-4.41999999999995E-06
7.92464358452136E-06
-9.13957934990399E-07
-1.17417417417415E-06
3.61483007209067E-07
1.56692160611851E-06
3.0189620758483E-06
-3.42703883977384E-07
4.51074228693679E-07
2.99173235916168E-06
2.1765167877479E-06
-3.55976883301234E-06
-3.10279441117766E-06
3.54706000401364E-06
2.53507591773978E-06
1.23649459783917E-06
-3.37424567863352E-06
3.89016018306644E-07
2.91304347826085E-06
-6.69468628039641E-07
3.90437078322095E-06
-4.13953949980153E-06
9.15166835187061E-06
-5.05254808645648E-06
6.97423028665189E-06
-7.63871889024892E-06
8.4085213032581E-06
-3.94262707599397E-06
1.59455865807509E-06
7.81873456203661E-07
1.26390293225475E-06
4.24901385657935E-06
-2.78014734393172E-06
-4.91879580114876E-06
5.74745129706267E-06
-1.14345949201887E-06
2.46114236673972E-06
8.67663513376106E-07
-1.39283962726834E-06
7.04849253585717E-06
-8.65599026961241E-07
-2.17069758145114E-06
-7.68464068573732E-07
3.18544366899301E-06
3.23393366794609E-06
4.53078598297365E-06
-5.22262452294739E-06
-3.17982892381144E-06
1.12158554117888E-05
-2.53877082136704E-06
-7.67716535433064E-06
-2.84500642102127E-07
3.42353176989371E-06
4.60152948279331E-06
9.78603930680616E-06
-4.23338670936749E-07
-8.61864577054456E-06
2.14491601232479E-06
4.5981200844044E-06
4.40427031926681E-06
-4.25815719269445E-06
6.70025667839151E-06
-1.15040691248871E-06
-6.5063548551093E-06
2.84966052376332E-06
2.64568648863297E-06
2.55655655655657E-06
-6.87015408774177E-07
1.63640052754388E-06
-1.8556904550391E-07
5.6214444123035E-06
-2.32513216754779E-06
4.29892298313347E-06
-4.31963383236388E-07
1.30452507134142E-07
-8.93181818181819E-06
8.29306619524649E-06
1.57347204161252E-06
4.00661587810744E-06
6.10179522588279E-06
-5.18731988472622E-06
-3.74639769452465E-07
4.76539736762787E-06
2.23559408465068E-06
-2.32994215040895E-06
7.37838349422678E-06
1.41594718131027E-06
1.16259911440636E-06
-4.89493791786056E-06
-9.23416641573824E-06
1.17099918765232E-05
-3.46916837682026E-07
1.8769171779141E-06
1.31421830118999E-05
-7.30049560028318E-06
2.02039454874677E-06
-3.68224605729986E-06
1.12581190668357E-05
-6.29698962813053E-06
8.92476300294908E-06
-1.14286802731457E-06
5.97620826853556E-06
6.62891002902286E-06
-8.53017850391037E-06
1.06576051280074E-06
-5.61851205071233E-06
-9.95695581993183E-06
1.16286433057585E-06
1.43191140707032E-05
1.44825998618798E-06
-1.37449194246934E-06
6.65035863841786E-06
-3.23879878581886E-06
5.51886419362492E-06
7.81771475960281E-07
1.11192282476351E-05
1.2655256524091E-06
2.10913428088656E-06
-8.38712972420836E-06
2.20198928844683E-05
-1.0119011598588E-05
-5.83148110729439E-06
-5.83148110729439E-06
dMdT Data
0
0
0
0
0
0
0
0
0
0
0
0
0
0
0
0
0
0
0
0
0
0
0
0
0
0
0
0
0
0
0
0
0
0
0
0
0
0
0
0
0
0
0
0
0
0
0
0
0
0
0
0
0
0
0
0
0
0
0
0
0
0
0
0
0
0
0
0
0
0
0
0
0
0
0
0
0
0
0
0
0
0
0
0
0
0
0
0
0
0
0
0
0
0
0
0
0
0
0
0
0
0
0
0
0
0
0
0
0
0
0
0
0
0
0
0
0
0
0
0
0
0
0
0
0
0
0
0
0
0
0
0
0
0
0
0
0
0
0
0
0
0
0
0
0
0
0
0
0
0
0
0
0
0
0
0
0
0
0
0
0
0
0
0
0
0
0
0
0
0
0
0
0
0
0
0
0
0
0
0
0
0
0
0
0
0
0
0
0
0
0
0
0
0
0
0
0
0
0
0
0
0
0
0
0
0
0
0
0
0
0
0
0
0
0
0
0
0
0
0
0
0
0
0
0
0
0
0
0
0
0
0
0
0
0
0
0
0
0
0
0
0
0
0
0
0
0
0
0
0
0
0
0
0
0
0
0
0
0
0
0
0
0
0
0
0
0
0
0
0
0
0
0
0
0
0
0
0
0
0
0
0
0
0
0
0
0
0
0
0
0
0
0
 
*********************************************** Results ***************************************
 
TotalArea 0
AreaFirstQuad 0
AreaSecondQuad 0
AreaThirdQuad 0
AreaFourthQuad 0
Coercivity 0
PositiveCoercivity 0
NegativeCoercivity 0
Retentivity 5.48781382376009E-03
PositiveRetentivity -1.42937296671292E-02
NegativeRetentivity -3.31810201960902E-03
Magnetization 0.00494087
PositiveMagnetization -0.00278503
NegativeMagnetization -0.00494087
Flatness 1.60463093795984
Squareness 1.11069787785554
SStar 0
SFD1 0
SFD2 0
Slope 0
Intercept 0
SlopeAtHc -5.83148110729439E-06
dH1 -814.809260076388
dH2 219.9685
InitialSlope -3.36754507628301E-06
FieldAtHalfMs 152.078
FieldAtMs 132.265
MomentMean -4.23865402730376E-03
MomentRMS 5.51526389412122E-04
SFD3 0
dH3 -1629.61852015277
UserField1 0
UserField2 0
CenterField 0
ExchangeField 0
ExchangeMoment 0
ExRegionOneIntercept 0
ExRegionOneSlope 0
ExRegionTwoIntercept 0
ExRegionTwoSlope 0
NegativeIntercept 0
NegativeSlope 0
AutoCenterOffset 0
PinningField 0
PinningMoment 0
PinRegionOneIntercept 0
PinRegionOneSlope 0
PinRegionTwoIntercept 0
PinRegionTwoSlope 0
PositiveIntercept 0
PositiveSlope 0
TotalOffset 0
BHMax 0
BCoercivity 0
BRetentivity 0
BNegativeCoercivity 0
BPositiveCoercivity 0
BNegativeRetentivity 0
BPositiveRetentivity 0
MomentYMean -5.95986771331058E-03
MomentYRMS 2.02925216665633E-04
YOffCorrection 0
Mrt 0
Ms1 0
Ms2 0
Ms3 0
Hc2 0
Hex2 0
HsatValue 0
HsatIntercept 0
HsatSlope 0
CenterH 0
Span .00215584
SpanAsPercentOfRange -40.6762264150943
RMSAsPercentOfRange -10.4061582907948
SpanAsPercentOfMean -50.8614287958611
RMSAsPercentOfMean -13.0118284214612
