Version 1.25
******************************************** Units *******************************************
System CGS
TemperatureUnit K
MomentUnit emu
AppliedFieldUnit G
 
******************************************** Setup ********************************************
 
Experiment CustomField
Minor False
Acquisition Continuous
EditedPoint No
MaxField 15000
FieldIncrement 100
Points 293
MinField 0
RampRate 10
AverageTime 0.3
TimeInterval 0
TimeConstant 0.1
TimeConstantIndex 0
Sensitivity -0.0053
SensitivityIndex 5
SensitivityY -400
SensitivityIndexY 0
SaturationField 8000
ExperimentTime 100
Use735Domains True
AutoRangeEnabled False
NumberOfVertices 2
VertexPts
0
292
VertexField
-1528.2373
1423.4754
StartAngle 0
EndAngle 0
AngleIncrement 0
StartTemp 0
FinishTemp 0
TempIncrement 0
TempPoints 0
LengthofSetPointsArray 293
SetPointArray
-1528.23726
-1518.12865
-1508.02005
-1497.91145
-1487.80284
-1477.69424
-1467.58563
-1457.47703
-1447.36842
-1437.25982
-1427.15121
-1417.04261
-1406.934
-1396.8254
-1386.71679
-1376.60819
-1366.49958
-1356.39098
-1346.28237
-1336.17377
-1326.06516
-1315.95656
-1305.84795
-1295.73935
-1285.63074
-1275.52214
-1265.41353
-1255.30493
-1245.19632
-1235.08772
-1224.97911
-1214.87051
-1204.7619
-1194.6533
-1184.5447
-1174.43609
-1164.32749
-1154.21888
-1144.11028
-1134.00167
-1123.89307
-1113.78446
-1103.67586
-1093.56725
-1083.45865
-1073.35004
-1063.24144
-1053.13283
-1043.02423
-1032.91562
-1022.80702
-1012.69841
-1002.58981
-992.4812
-982.3726
-972.26399
-962.15539
-952.04678
-941.93818
-931.82957
-921.72097
-911.61236
-901.50376
-891.39515
-881.28655
-871.17794
-861.06934
-850.96074
-840.85213
-830.74353
-820.63492
-810.52632
-800.41771
-790.30911
-780.2005
-770.0919
-759.98329
-749.87469
-739.76608
-729.65748
-719.54887
-709.44027
-699.33166
-689.22306
-679.11445
-669.00585
-658.89724
-648.78864
-638.68003
-628.57143
-618.46282
-608.35422
-598.24561
-588.13701
-578.0284
-567.9198
-557.81119
-547.70259
-537.59398
-527.48538
-517.37678
-507.26817
-497.15957
-487.05096
-476.94236
-466.83375
-456.72515
-446.61654
-436.50794
-426.39933
-416.29073
-406.18212
-396.07352
-385.96491
-375.85631
-365.7477
-355.6391
-345.53049
-335.42189
-325.31328
-315.20468
-305.09607
-294.98747
-284.87886
-274.77026
-264.66165
-254.55305
-244.44444
-234.33584
-224.22723
-214.11863
-204.01003
-193.90142
-183.79282
-173.68421
-163.57561
-153.467
-143.3584
-133.24979
-123.14119
-113.03258
-102.92398
-92.81537
-82.70677
-72.59816
-62.48956
-52.38095
-42.27235
-32.16374
-22.05514
-11.94653
-1.83793
8.27068
18.37928
28.48789
38.59649
48.7051
58.8137
68.92231
79.03091
89.13952
99.24812
109.35673
119.46533
129.57393
139.68254
149.79114
159.89975
170.00835
180.11696
190.22556
200.33417
210.44277
220.55138
230.65998
240.76859
250.87719
260.9858
271.0944
281.20301
291.31161
301.42022
311.52882
321.63743
331.74603
341.85464
351.96324
362.07185
372.18045
382.28906
392.39766
402.50627
412.61487
422.72348
432.83208
442.94069
453.04929
463.15789
473.2665
483.3751
493.48371
503.59231
513.70092
523.80952
533.91813
544.02673
554.13534
564.24394
574.35255
584.46115
594.56976
604.67836
614.78697
624.89557
635.00418
645.11278
655.22139
665.32999
675.4386
685.5472
695.65581
705.76441
715.87302
725.98162
736.09023
746.19883
756.30744
766.41604
776.52464
786.63325
796.74185
806.85046
816.95906
827.06767
837.17627
847.28488
857.39348
867.50209
877.61069
887.7193
897.8279
907.93651
918.04511
928.15372
938.26232
948.37093
958.47953
968.58814
978.69674
988.80535
998.91395
1009.02256
1019.13116
1029.23977
1039.34837
1049.45698
1059.56558
1069.67419
1079.78279
1089.8914
1100
1110.1086
1120.21721
1130.32581
1140.43442
1150.54302
1160.65163
1170.76023
1180.86884
1190.97744
1201.08605
1211.19465
1221.30326
1231.41186
1241.52047
1251.62907
1261.73768
1271.84628
1281.95489
1292.06349
1302.1721
1312.2807
1322.38931
1332.49791
1342.60652
1352.71512
1362.82373
1372.93233
1383.04094
1393.14954
1403.25815
1413.36675
1423.47536
FieldDomainFile C:\IDEASVSM\Default UserID\Experiments\FORCexp0261B\fdomain.ini
TempDomainFile C:\IDEASVSM\Default UserID\Experiments\FORCexp0261B\tdomain.ini
NumSelectedResults 0
ResultsSelected 
UserName1 
UserValue1 
UserName2 
UserValue2 
LinearBackgroundCorrection Off
MaxLinearFieldCorrection 
MinLinearFieldCorrection 
AutoLinearCorrection Off
FitOneRegion Off
BackgroundMode Off
BackgroundFilename 
AutoCenter Off
OffsetCorrection 
SmoothDeriv Off
DerivOrder 0
DerivPoints 0
MinExFieldOne 
MaxExFieldOne 
MinExFieldTwo 
MaxExFieldTwo 
MinPinFieldOne 
MaxPinFieldOne 
MinPinFieldTwo 
MaxPinFieldTwo 
HCenterStart 
Mass 
Volume 
Density 
MolarWeight 
NumberOfMoles 
Demagnetization 
SampleArea 
Thickness 
MomentScaling 0
XAxis 0
YAxis 0
SimpleSpinValve False
HsatMax 0
HsatMin 0
FieldAutoRange False
 
*************************************************** Experiment Data ********************************************
 
DataPoints 293
MomentX Data
-0.00425912
-0.0042391
-0.00427251
-0.00428065
-0.00424711
-0.00423573
-0.00420033
-0.00426014
-0.00418948
-0.00422321
-0.0041961
-0.00422986
-0.00418288
-0.0041785
-0.00417549
-0.00419766
-0.00418448
-0.0041638
-0.00415902
-0.00415941
-0.00412966
-0.00412765
-0.00414292
-0.00414794
-0.00412967
-0.00410043
-0.00409748
-0.00408122
-0.00407399
-0.00406154
-0.0040726
-0.00405927
-0.00410169
-0.00405019
-0.00409733
-0.00404786
-0.0040574
-0.00402403
-0.00403256
-0.00404336
-0.00404827
-0.00401052
-0.00397683
-0.00396745
-0.00399161
-0.00398224
-0.0039813
-0.00394498
-0.0039356
-0.00393829
-0.00395714
-0.0039739
-0.00390821
-0.00390449
-0.00389679
-0.00390115
-0.00386753
-0.00388068
-0.0038765
-0.00386123
-0.00384791
-0.00385301
-0.00384943
-0.00386534
-0.00385278
-0.00385574
-0.00382329
-0.0038259
-0.00382425
-0.00376554
-0.00379271
-0.00377
-0.00375483
-0.00375781
-0.00377192
-0.00377281
-0.00367294
-0.00372828
-0.00370195
-0.00371224
-0.00365071
-0.00371181
-0.00368821
-0.00371228
-0.00366941
-0.00365292
-0.00364766
-0.00362417
-0.00361626
-0.00360877
-0.00355379
-0.00358928
-0.00352547
-0.00356047
-0.00360777
-0.00356409
-0.00359621
-0.00359348
-0.00358742
-0.00357037
-0.0035451
-0.00356461
-0.00347946
-0.00350322
-0.00350443
-0.00349098
-0.00343936
-0.00342441
-0.00347029
-0.00341711
-0.00338475
-0.00333986
-0.00334888
-0.00336921
-0.00335046
-0.00332092
-0.0033494
-0.00332003
-0.00336541
-0.00332309
-0.00328506
-0.00325885
-0.00325892
-0.00324615
-0.00327257
-0.0032096
-0.00320367
-0.0032111
-0.00322897
-0.00322633
-0.00320248
-0.00314622
-0.00316399
-0.00310441
-0.00307648
-0.00311679
-0.00307674
-0.00309483
-0.00309843
-0.0030354
-0.00300267
-0.00307055
-0.00307111
-0.0030163
-0.00298713
-0.00293282
-0.00295683
-0.0029323
-0.00293884
-0.00293299
-0.00291874
-0.00292384
-0.00293242
-0.00290169
-0.0028282
-0.0027781
-0.00281059
-0.00278463
-0.00284361
-0.00280752
-0.00279662
-0.00271596
-0.00268823
-0.00268633
-0.00268741
-0.00269911
-0.00261517
-0.00267128
-0.00268382
-0.00263873
-0.00253442
-0.00253426
-0.00249699
-0.00252346
-0.00251923
-0.0025441
-0.00243352
-0.00241871
-0.00235075
-0.00240988
-0.00241042
-0.00232674
-0.00229283
-0.00233475
-0.00226899
-0.00218794
-0.0022588
-0.00231982
-0.00223067
-0.00206723
-0.00215968
-0.00214241
-0.0020439
-0.0020416
-0.00198608
-0.00201353
-0.00202369
-0.00186378
-0.00185009
-0.00187591
-0.00177473
-0.00172277
-0.00176398
-0.00178512
-0.00164213
-0.0016612
-0.00156442
-0.00158037
-0.00155589
-0.00147791
-0.00141556
-0.00132555
-0.00128406
-0.00119161
-0.00119408
-0.00108696
-0.00106237
-0.000971781
-0.000849901
-0.000786193
-0.000707895
-0.000533714
-0.000546067
-0.000462085
-0.000351485
-0.000268554
-0.000153025
-0.0000482096
0.0000842853
0.000139932
0.000267226
0.000374937
0.000471622
0.000534354
0.000679481
0.000831479
0.000945157
0.00105876
0.00105538
0.00121795
0.00138344
0.00147294
0.00154658
0.0016121
0.00173682
0.00187225
0.00193984
0.00208459
0.00217951
0.00227172
0.00236924
0.00247939
0.0024949
0.00261939
0.00257914
0.00269347
0.0028366
0.0028236
0.00290913
0.00304085
0.00310173
0.00310965
0.00312938
0.00327204
0.00330724
0.0033686
0.0034629
0.00348122
0.00353132
0.00348533
0.00355562
0.00362303
0.00360979
0.00367732
0.00373132
0.00375945
0.00380228
0.00389503
0.00392202
0.00395084
0.00397016
0.00403746
0.00407531
0.00408762
0.00412278
0.00411621
0.00412946
0.0041063
0.0041448
0.00419812
0.00418383
0.00419686
0.0041118
MomentY Data
-0.00597636
-0.00567436
-0.00576973
-0.00570615
-0.00581741
-0.00603994
-0.0055631
-0.00578562
-0.00567436
-0.00588099
-0.00557899
-0.00592868
-0.00588099
-0.0058651
-0.00603994
-0.00588099
-0.00581741
-0.00576973
-0.00616709
-0.00572205
-0.00594457
-0.00588099
-0.00551542
-0.00565847
-0.00600815
-0.00589689
-0.00589689
-0.00597636
-0.00592868
-0.00540415
-0.00610352
-0.00578562
-0.00562668
-0.00576973
-0.0058492
-0.00583331
-0.00575384
-0.0055631
-0.00567436
-0.00581741
-0.00603994
-0.00567436
-0.00572205
-0.00610352
-0.00562668
-0.0058492
-0.00578562
-0.00567436
-0.00583331
-0.00602404
-0.00578562
-0.00591278
-0.00600815
-0.00629425
-0.00597636
-0.00603994
-0.00576973
-0.00619888
-0.00592868
-0.00592868
-0.00603994
-0.0058651
-0.00588099
-0.00596046
-0.00575384
-0.00603994
-0.00603994
-0.00619888
-0.00607173
-0.00610352
-0.00602404
-0.00610352
-0.00623067
-0.00619888
-0.00551542
-0.00567436
-0.00592868
-0.00610352
-0.0061353
-0.00597636
-0.00578562
-0.00597636
-0.00603994
-0.00570615
-0.0061353
-0.00576973
-0.00592868
-0.00576973
-0.00588099
-0.0061353
-0.00567436
-0.00602404
-0.0058492
-0.00626246
-0.00629425
-0.00581741
-0.00572205
-0.00600815
-0.00626246
-0.00603994
-0.00603994
-0.00576973
-0.00581741
-0.00597636
-0.0061353
-0.00573794
-0.00599225
-0.00597636
-0.00623067
-0.00619888
-0.00588099
-0.00594457
-0.00573794
-0.00626246
-0.00578562
-0.00610352
-0.00632604
-0.0058651
-0.00581741
-0.00591278
-0.00578562
-0.0061353
-0.00597636
-0.00616709
-0.0061353
-0.00557899
-0.00589689
-0.0055631
-0.00581741
-0.00632604
-0.00648499
-0.00616709
-0.0061353
-0.00597636
-0.00635783
-0.00589689
-0.00619888
-0.00596046
-0.00600815
-0.00623067
-0.00599225
-0.00626246
-0.00572205
-0.00592868
-0.00580152
-0.00583331
-0.0061353
-0.00591278
-0.00594457
-0.00623067
-0.00596046
-0.00619888
-0.00576973
-0.00616709
-0.00591278
-0.00616709
-0.00603994
-0.00611941
-0.00626246
-0.00597636
-0.00626246
-0.00632604
-0.00610352
-0.00616709
-0.00572205
-0.00619888
-0.0061353
-0.0061512
-0.0061353
-0.00632604
-0.0061353
-0.00629425
-0.00616709
-0.00619888
-0.00600815
-0.00626246
-0.00629425
-0.00623067
-0.0061353
-0.00597636
-0.00629425
-0.00600815
-0.00607173
-0.0061353
-0.00607173
-0.0058651
-0.00632604
-0.00623067
-0.00603994
-0.00589689
-0.00629425
-0.00602404
-0.00616709
-0.00576973
-0.00632604
-0.00623067
-0.00623067
-0.00618299
-0.00594457
-0.00623067
-0.00576973
-0.00603994
-0.00626246
-0.00607173
-0.00632604
-0.00621478
-0.00611941
-0.00632604
-0.00610352
-0.00632604
-0.00638962
-0.00629425
-0.00610352
-0.00635783
-0.00642141
-0.00638962
-0.00619888
-0.00648499
-0.00616709
-0.00642141
-0.00623067
-0.00597636
-0.00627836
-0.00664393
-0.00635783
-0.00658035
-0.00632604
-0.0064532
-0.00607173
-0.00670751
-0.00654856
-0.0067393
-0.00635783
-0.00616709
-0.00632604
-0.00623067
-0.00654856
-0.0061353
-0.00638962
-0.00664393
-0.00658035
-0.00638962
-0.00642141
-0.00661214
-0.00642141
-0.00654856
-0.00677109
-0.00651677
-0.0067393
-0.00623067
-0.00648499
-0.00632604
-0.00667572
-0.00635783
-0.00642141
-0.00648499
-0.00611941
-0.00658035
-0.00664393
-0.0067393
-0.0067393
-0.00648499
-0.00667572
-0.00667572
-0.0067393
-0.00683467
-0.00693003
-0.00683467
-0.00726382
-0.00680288
-0.00651677
-0.00670751
-0.00642141
-0.00642141
-0.00664393
-0.00677109
-0.00678698
-0.0067393
-0.00693003
-0.00651677
-0.00664393
-0.00696182
-0.00689824
-0.0067393
-0.00651677
-0.00664393
-0.00658035
-0.00693003
-0.0073115
-0.00680288
-0.0067393
-0.00694593
-0.00683467
Field Data
-1527.5
-1521.23
-1511.49
-1501.21
-1491.11
-1481.11
-1471.04
-1460.64
-1450.74
-1440.85
-1430.41
-1420.47
-1410.46
-1400.31
-1390.06
-1380.2
-1370.25
-1359.65
-1349.77
-1339.68
-1329.69
-1319.79
-1309.23
-1299.49
-1289.64
-1279.23
-1269.21
-1259.28
-1249.13
-1238.78
-1228.94
-1218.96
-1208.51
-1198.69
-1188.27
-1178.57
-1168.48
-1158.04
-1148.12
-1138.42
-1127.88
-1117.86
-1108.01
-1098.01
-1087.58
-1077.66
-1067.51
-1057.51
-1047.32
-1037.21
-1027.1
-1017.39
-1007.01
-997.044
-987.037
-977.036
-966.532
-956.652
-946.827
-936.445
-926.435
-916.517
-906.294
-896.301
-885.937
-876.379
-865.765
-855.754
-845.785
-835.933
-825.812
-815.479
-805.482
-795.699
-785.499
-775.403
-765.121
-755.087
-744.922
-734.926
-725.099
-714.681
-704.733
-694.717
-684.731
-674.41
-664.489
-654.459
-644.052
-634.2
-624.345
-613.975
-604.024
-593.654
-583.868
-573.68
-563.629
-553.798
-543.373
-533.522
-523.413
-513.273
-503.16
-493.22
-483.223
-472.81
-462.998
-452.799
-442.76
-432.592
-422.543
-412.388
-402.439
-392.496
-382.29
-372.114
-362.145
-352.285
-341.829
-331.969
-321.969
-311.509
-301.704
-291.299
-281.539
-271.532
-261.28
-251.183
-241.426
-231.215
-220.921
-211.069
-201.073
-190.631
-180.854
-170.799
-160.542
-150.44
-140.293
-130.593
-120.139
-110.144
-100.1
-90.1694
-80.1324
-69.7389
-59.85
-49.9783
-39.4407
-29.593
-19.8301
-9.51405
0.521111
11.0771
21.1355
30.9279
40.7969
51.2631
61.024
70.9393
81.4158
91.5128
101.315
111.614
121.545
131.4
141.513
151.879
161.832
171.772
182.276
191.973
202.33
212.114
222.14
232.48
242.467
252.398
262.473
272.888
282.751
292.607
303.176
312.932
322.962
333.273
343.262
353.459
363.395
373.18
383.402
393.687
403.848
413.705
423.742
433.886
444.113
454.041
464.062
474.281
484.298
494.201
504.564
514.557
524.485
534.521
544.866
554.747
564.756
575.011
585.008
595.301
605.109
615.169
625.329
635.487
645.406
655.446
665.917
675.713
685.571
696.037
705.895
716.144
726.092
736.087
746.391
756.412
766.374
776.57
786.661
796.513
806.462
816.921
826.697
836.791
847.023
857.098
866.914
877.489
887.16
897.625
907.506
917.444
927.528
937.491
947.852
957.861
967.626
978.067
988.079
997.998
1008.34
1018.24
1028.41
1038.54
1048.23
1058.79
1068.63
1078.55
1088.87
1098.92
1108.82
1118.93
1129.22
1139.06
1149.17
1159.36
1169.35
1179.39
1189.49
1199.82
1209.61
1219.56
1230.03
1239.95
1250.22
1260.03
1269.99
1280.47
1290.26
1300.25
1310.26
1320.64
1330.36
1340.46
1350.9
1360.77
1370.85
1380.95
1391.07
1401.14
1411.27
Time Data
0
0.3
0.6
0.9
1.2
1.5
1.8
2.1
2.4
2.7
3
3.3
3.6
3.9
4.2
4.5
4.8
5.1
5.4
5.7
6
6.3
6.6
6.9
7.2
7.5
7.8
8.1
8.4
8.7
9
9.3
9.6
9.9
10.2
10.5
10.8
11.1
11.4
11.7
12
12.3
12.6
12.9
13.2
13.5
13.8
14.1
14.4
14.7
15
15.3
15.6
15.9
16.2
16.5
16.8
17.1
17.4
17.7
18
18.3
18.6
18.9
19.2
19.5
19.8
20.1
20.4
20.7
21
21.3
21.6
21.9
22.2
22.5
22.8
23.1
23.4
23.7
24
24.3
24.6
24.9
25.2
25.5
25.8
26.1
26.4
26.7
27
27.3
27.6
27.9
28.2
28.5
28.8
29.1
29.4
29.7
30.0000000000001
30.3000000000001
30.6000000000001
30.9000000000001
31.2000000000001
31.5000000000001
31.8000000000001
32.1000000000001
32.4
32.7
33
33.3
33.6
33.9
34.2
34.5
34.8
35.1
35.4
35.7
36
36.3
36.6
36.9
37.2
37.5
37.8
38.1
38.4
38.7
39
39.3
39.6
39.9
40.2
40.5
40.8
41.1
41.4
41.7
42
42.3
42.6
42.8999999999999
43.1999999999999
43.4999999999999
43.7999999999999
44.0999999999999
44.3999999999999
44.6999999999999
44.9999999999999
45.2999999999999
45.5999999999999
45.8999999999999
46.1999999999999
46.4999999999999
46.7999999999999
47.0999999999999
47.3999999999999
47.6999999999999
47.9999999999999
48.2999999999999
48.5999999999999
48.8999999999999
49.1999999999999
49.4999999999999
49.7999999999999
50.0999999999999
50.3999999999999
50.6999999999999
50.9999999999999
51.2999999999999
51.5999999999999
51.8999999999999
52.1999999999999
52.4999999999999
52.7999999999999
53.0999999999999
53.3999999999998
53.6999999999998
53.9999999999998
54.2999999999998
54.5999999999998
54.8999999999998
55.1999999999998
55.4999999999998
55.7999999999998
56.0999999999998
56.3999999999998
56.6999999999998
56.9999999999998
57.2999999999998
57.5999999999998
57.8999999999998
58.1999999999998
58.4999999999998
58.7999999999998
59.0999999999998
59.3999999999998
59.6999999999998
59.9999999999998
60.2999999999998
60.5999999999998
60.8999999999998
61.1999999999998
61.4999999999998
61.7999999999998
62.0999999999998
62.3999999999998
62.6999999999998
62.9999999999998
63.2999999999998
63.5999999999998
63.8999999999998
64.1999999999997
64.4999999999997
64.7999999999997
65.0999999999997
65.3999999999997
65.6999999999997
65.9999999999997
66.2999999999997
66.5999999999997
66.8999999999997
67.1999999999997
67.4999999999997
67.7999999999997
68.0999999999997
68.3999999999997
68.6999999999997
68.9999999999997
69.2999999999997
69.5999999999997
69.8999999999997
70.1999999999997
70.4999999999997
70.7999999999997
71.0999999999997
71.3999999999997
71.6999999999997
71.9999999999997
72.2999999999997
72.5999999999997
72.8999999999997
73.1999999999997
73.4999999999997
73.7999999999997
74.0999999999997
74.3999999999997
74.6999999999996
74.9999999999996
75.2999999999996
75.5999999999996
75.8999999999996
76.1999999999996
76.4999999999996
76.7999999999996
77.0999999999996
77.3999999999996
77.6999999999996
77.9999999999996
78.2999999999996
78.5999999999996
78.8999999999996
79.1999999999996
79.4999999999996
79.7999999999996
80.0999999999996
80.3999999999996
80.6999999999996
80.9999999999996
81.2999999999996
81.5999999999996
81.8999999999996
82.1999999999996
82.4999999999996
82.7999999999996
83.0999999999996
83.3999999999996
83.6999999999996
83.9999999999996
84.2999999999996
84.5999999999996
84.8999999999996
85.1999999999995
85.4999999999995
85.7999999999995
86.0999999999995
86.3999999999995
86.6999999999995
86.9999999999995
87.2999999999995
87.5999999999995
Temperature Data
0
0
0
0
0
0
0
0
0
0
0
0
0
0
0
0
0
0
0
0
0
0
0
0
0
0
0
0
0
0
0
0
0
0
0
0
0
0
0
0
0
0
0
0
0
0
0
0
0
0
0
0
0
0
0
0
0
0
0
0
0
0
0
0
0
0
0
0
0
0
0
0
0
0
0
0
0
0
0
0
0
0
0
0
0
0
0
0
0
0
0
0
0
0
0
0
0
0
0
0
0
0
0
0
0
0
0
0
0
0
0
0
0
0
0
0
0
0
0
0
0
0
0
0
0
0
0
0
0
0
0
0
0
0
0
0
0
0
0
0
0
0
0
0
0
0
0
0
0
0
0
0
0
0
0
0
0
0
0
0
0
0
0
0
0
0
0
0
0
0
0
0
0
0
0
0
0
0
0
0
0
0
0
0
0
0
0
0
0
0
0
0
0
0
0
0
0
0
0
0
0
0
0
0
0
0
0
0
0
0
0
0
0
0
0
0
0
0
0
0
0
0
0
0
0
0
0
0
0
0
0
0
0
0
0
0
0
0
0
0
0
0
0
0
0
0
0
0
0
0
0
0
0
0
0
0
0
0
0
0
0
0
0
0
0
0
0
0
0
0
0
0
0
0
0
0
0
0
0
0
0
0
0
0
0
0
0
0
0
0
0
0
0
Angle Data
0
0
0
0
0
0
0
0
0
0
0
0
0
0
0
0
0
0
0
0
0
0
0
0
0
0
0
0
0
0
0
0
0
0
0
0
0
0
0
0
0
0
0
0
0
0
0
0
0
0
0
0
0
0
0
0
0
0
0
0
0
0
0
0
0
0
0
0
0
0
0
0
0
0
0
0
0
0
0
0
0
0
0
0
0
0
0
0
0
0
0
0
0
0
0
0
0
0
0
0
0
0
0
0
0
0
0
0
0
0
0
0
0
0
0
0
0
0
0
0
0
0
0
0
0
0
0
0
0
0
0
0
0
0
0
0
0
0
0
0
0
0
0
0
0
0
0
0
0
0
0
0
0
0
0
0
0
0
0
0
0
0
0
0
0
0
0
0
0
0
0
0
0
0
0
0
0
0
0
0
0
0
0
0
0
0
0
0
0
0
0
0
0
0
0
0
0
0
0
0
0
0
0
0
0
0
0
0
0
0
0
0
0
0
0
0
0
0
0
0
0
0
0
0
0
0
0
0
0
0
0
0
0
0
0
0
0
0
0
0
0
0
0
0
0
0
0
0
0
0
0
0
0
0
0
0
0
0
0
0
0
0
0
0
0
0
0
0
0
0
0
0
0
0
0
0
0
0
0
0
0
0
0
0
0
0
0
0
0
0
0
0
0
Bx Data
0
0
0
0
0
0
0
0
0
0
0
0
0
0
0
0
0
0
0
0
0
0
0
0
0
0
0
0
0
0
0
0
0
0
0
0
0
0
0
0
0
0
0
0
0
0
0
0
0
0
0
0
0
0
0
0
0
0
0
0
0
0
0
0
0
0
0
0
0
0
0
0
0
0
0
0
0
0
0
0
0
0
0
0
0
0
0
0
0
0
0
0
0
0
0
0
0
0
0
0
0
0
0
0
0
0
0
0
0
0
0
0
0
0
0
0
0
0
0
0
0
0
0
0
0
0
0
0
0
0
0
0
0
0
0
0
0
0
0
0
0
0
0
0
0
0
0
0
0
0
0
0
0
0
0
0
0
0
0
0
0
0
0
0
0
0
0
0
0
0
0
0
0
0
0
0
0
0
0
0
0
0
0
0
0
0
0
0
0
0
0
0
0
0
0
0
0
0
0
0
0
0
0
0
0
0
0
0
0
0
0
0
0
0
0
0
0
0
0
0
0
0
0
0
0
0
0
0
0
0
0
0
0
0
0
0
0
0
0
0
0
0
0
0
0
0
0
0
0
0
0
0
0
0
0
0
0
0
0
0
0
0
0
0
0
0
0
0
0
0
0
0
0
0
0
0
0
0
0
0
0
0
0
0
0
0
0
0
0
0
0
0
0
Hint Data
0
0
0
0
0
0
0
0
0
0
0
0
0
0
0
0
0
0
0
0
0
0
0
0
0
0
0
0
0
0
0
0
0
0
0
0
0
0
0
0
0
0
0
0
0
0
0
0
0
0
0
0
0
0
0
0
0
0
0
0
0
0
0
0
0
0
0
0
0
0
0
0
0
0
0
0
0
0
0
0
0
0
0
0
0
0
0
0
0
0
0
0
0
0
0
0
0
0
0
0
0
0
0
0
0
0
0
0
0
0
0
0
0
0
0
0
0
0
0
0
0
0
0
0
0
0
0
0
0
0
0
0
0
0
0
0
0
0
0
0
0
0
0
0
0
0
0
0
0
0
0
0
0
0
0
0
0
0
0
0
0
0
0
0
0
0
0
0
0
0
0
0
0
0
0
0
0
0
0
0
0
0
0
0
0
0
0
0
0
0
0
0
0
0
0
0
0
0
0
0
0
0
0
0
0
0
0
0
0
0
0
0
0
0
0
0
0
0
0
0
0
0
0
0
0
0
0
0
0
0
0
0
0
0
0
0
0
0
0
0
0
0
0
0
0
0
0
0
0
0
0
0
0
0
0
0
0
0
0
0
0
0
0
0
0
0
0
0
0
0
0
0
0
0
0
0
0
0
0
0
0
0
0
0
0
0
0
0
0
0
0
0
0
Torque Data
9.1288899
8.6320066628
8.7208891977
8.5661294415
8.6743982251
8.9458155334
8.183542624
8.4507079968
8.2320210264
8.4736244415
7.9802430859
8.4215120796
8.2949011554
8.212958181
8.3958789964
8.116942398
7.9713060525
7.8448133945
8.3241530693
7.665715944
7.9044352833
7.7616717921
7.2209533266
7.3531251803
7.748350566
7.5434785947
7.4843917569
7.5259106208
7.4056920484
6.694552937
7.5008598688
7.0524393552
6.7998990468
6.9161176537
6.950428884
6.8749641667
6.7232469632
6.442292324
6.5148462032
6.6226558922
6.8123275272
6.3431400696
6.3400886205
6.7017259952
6.1194646344
6.303448872
6.1762072062
6.0006924436
6.1093422292
6.2481945284
5.942410302
6.0156032442
6.0502671315
6.275644197
5.89888844532
5.90123881784
5.57662867636
5.93017094976
5.61343429836
5.5518827426
5.5956118139
5.3754638567
5.32990595106
5.34236625846
5.09753974808
5.29327657726
5.2291686541
5.30471635552
5.13537815805
5.10213378416
4.97472452048
4.97729238608
5.01869253294
4.93244261712
4.33235689458
4.39991576708
4.53615757028
4.60868860624
4.5703199466
4.39218234936
4.19514727638
4.27119094116
4.25654503602
3.96415940955
4.2010301043
3.8911636093
3.93954264452
3.77605172607
3.78766337148
3.89100726
3.5427582942
3.698609959
3.5330571808
3.71773442884
3.675011159
3.3373317688
3.22511331945
3.3273014537
3.40285167758
3.22244086868
3.16138311522
2.96144662629
2.9270880156
2.9476602792
2.9647180719
2.7129554114
2.7743997655
2.70608983164
2.7586914492
2.68158589696
2.48497115757
2.45146933316
2.30917083566
2.45799050016
2.2117846698
2.27120524128
2.2909437558
2.0661867535
1.98855944289
1.96285966382
1.86279028578
1.9112011677
1.80309171744
1.79646714991
1.7273262267
1.51487431268
1.5407394192
1.3973561473
1.40447402666
1.4626753386
1.43267047579
1.30168151921
1.2336431769
1.13927948316
1.14983898682
1.00718291511
0.99518059296
0.8966916024
0.84290138795
0.81368188731
0.71990292275
0.68977239424
0.572777205
0.534585518392
0.464889721248
0.406808622759
0.367197705
0.295510692674
0.234458001999
0.18438421731
0.118196517846
0.058976454264
-0.00300666977003
-0.068313472639
-0.12496956169
-0.190735142811
-0.246410828186
-0.313699926771
-0.38216035904
-0.423958794948
-0.509863190868
-0.578913633312
-0.6183781288
-0.68833358326
-0.69548656725
-0.814532832
-0.8682247089
-0.9342381048
-0.9928878696
-1.08663654288
-1.1183179428
-1.20832605525
-1.2477873197
-1.31486923232
-1.334650441
-1.4558967008
-1.52614791475
-1.57260864666
-1.6103505969
-1.63087692768
-1.77970548175
-1.75802674705
-1.84080281448
-1.9199316996
-1.96093806426
-1.9546794723
-2.17148914248
-2.20228638753
-2.1948839963
-2.2006014102
-2.4132280385
-2.37158623548
-2.49056696232
-2.38696614965
-2.68060884168
-2.70340048362
-2.76712154571
-2.80733096259
-2.75864904334
-2.95508839827
-2.79426869954
-2.98494438794
-3.15981186744
-3.12425117361
-3.3179130894
-3.32193042038
-3.33425844906
-3.50935171188
-3.44699954112
-3.63754258644
-3.73797881696
-3.74697331925
-3.69329488368
-3.91113992327
-4.01549389389
-4.06052044494
-4.00079434528
-4.25056075554
-4.10677007153
-4.33903021533
-4.27156666257
-4.15976768532
-4.4318629322
-4.75801060592
-4.61636950036
-4.84371009045
-4.72169932164
-4.8812779184
-4.65321600702
-5.2088510407
-5.15149675816
-5.3679400609
-5.12734829746
-5.03802532989
-5.22971828988
-5.21376857997
-5.54678093688
-5.2585533594
-5.53925103268
-5.82997549177
-5.837823306
-5.7354826525
-5.82746810346
-6.06626817016
-5.95603757448
-6.13921606296
-6.41799119868
-6.24215982897
-6.5211219018
-6.09401271489
-6.40768243421
-6.31337526792
-6.7313955048
-6.4737968192
-6.6038422581
-6.7349215146
-6.4145491443
-6.9672087765
-7.0999029159
-7.268672015
-7.338221591
-7.1264852108
-7.4021718504
-7.4696633796
-7.610152346
-7.7850992102
-7.9637825751
-7.9238430112
-8.493947917
-8.0232486432
-7.7516327473
-8.0478046482
-7.7674017501
-7.8312947796
-8.1722332179
-8.3958130455
-8.4852181356
-8.491720179
-8.8010687997
-8.3445284819
-8.5723971218
-9.052106455
-9.0384879424
-8.900189152
-8.6696501372
-8.9059224078
-8.889394815
-9.4301769231
-10.022969775
-9.394437136
-9.374838051
-9.7322203602
-9.6455647309
dMdH Data
3.19298245614035E-06
-3.43018480492815E-06
-7.91828793774344E-07
3.32079207920791E-06
1.13800000000001E-06
3.51539225422045E-06
-5.75096153846157E-06
7.13737373737369E-06
-3.41051567239633E-06
2.59674329501915E-06
-3.39637826961767E-06
4.69330669330673E-06
4.31527093596056E-07
2.93658536585399E-07
-2.2484787018256E-06
1.32462311557786E-06
1.95094339622647E-06
4.83805668016125E-07
-3.86521308225393E-08
2.97797797797791E-06
2.03030303030322E-07
-1.44602272727269E-06
-5.15400410677674E-07
1.85482233502539E-06
2.80883765609986E-06
2.9441117764478E-07
1.63746223564951E-06
7.12315270935927E-07
1.20289855072469E-06
-1.12398373983743E-06
1.33567134268534E-06
-4.05933014354061E-06
5.24439918533603E-06
-4.52399232245672E-06
5.09999999999991E-06
-9.45490584737344E-07
3.19636015325673E-06
-8.5987903225811E-07
-1.1134020618557E-06
-4.65844402276991E-07
3.76746506986016E-06
3.42030456852798E-06
9.3799999999998E-07
-2.31639501438154E-06
9.44556451612904E-07
9.26108374383855E-08
3.63200000000003E-06
9.20510304219799E-07
-2.66073194856544E-07
-1.86449060336298E-06
-1.72605561277038E-06
6.32851637764935E-06
3.73269114990928E-07
7.69461377036103E-07
-4.35956404359573E-07
3.20068545316071E-06
-1.33097165991903E-06
4.25445292620853E-07
1.47081487189371E-06
1.3306693306693E-06
-5.14216575922578E-07
3.50190746356252E-07
-1.59211448013611E-06
1.21188730219992E-06
-3.09688219292715E-07
3.05728283399282E-06
-2.60713215463003E-07
1.65513090580817E-07
5.95919610231427E-06
-2.68451734018378E-06
2.19781283267203E-06
1.51745523657097E-06
-3.04610037820717E-07
-1.38333333333333E-06
-8.81537242472615E-08
9.71309083835828E-06
-5.5152481562687E-06
2.59026069847519E-06
-1.02941176470589E-06
6.26132085071739E-06
-5.86484929928966E-06
2.37233614796941E-06
-2.4031549520767E-06
4.29301021430002E-06
1.59771339986436E-06
5.30188489063605E-07
2.34197407776669E-06
7.60065340636102E-07
7.60251725537983E-07
5.5788939624556E-06
-3.42237222757956E-06
6.41242086222485E-06
-3.37512054001927E-06
-4.83343552013084E-06
4.28739693757361E-06
-3.19570192020697E-06
2.77693011901112E-07
5.8129496402878E-07
1.73078875241095E-06
2.49975269561776E-06
-1.92406311637085E-06
8.41985563136557E-06
-2.39034205231387E-06
-1.21036310893243E-07
1.29165466244117E-06
5.26090501426824E-06
1.46582998333167E-06
-4.5701763123817E-06
5.23013375295042E-06
3.22022091750423E-06
4.42048252092565E-06
-9.06623781284533E-07
-2.04465453082572E-06
1.83715461493241E-06
2.90290880503141E-06
-2.85685625438861E-06
2.97870182555786E-06
-4.34009181331295E-06
4.29208924949292E-06
3.80300000000001E-06
2.50573613766727E-06
-7.13921468634209E-09
1.22729456991827E-06
-2.70696721311472E-06
6.29259518337162E-06
5.78423722200537E-07
-7.35862137268508E-07
-1.83150558573329E-06
2.58544706688859E-07
2.31688362152708E-06
5.71051563134391E-06
-1.77771108443381E-06
5.70580348592224E-06
2.8567045105861E-06
-4.00895077076081E-06
3.90465048259723E-06
-1.79073450801818E-06
-3.54784665418381E-07
6.49793814432988E-06
3.13085900133924E-06
-6.79139569784895E-06
-5.57546794106076E-08
5.51930396954869E-06
2.90624688651986E-06
5.22538124789533E-06
-2.42797480002832E-06
2.48488102353192E-06
-6.20634679623421E-07
5.94047341003478E-07
1.45960728881787E-06
-4.94375269604167E-07
-8.54993756452915E-07
2.9111436171447E-06
7.30633102680349E-06
5.1162125730158E-06
-3.29212686189077E-06
2.48036536660868E-06
-6.04247559139011E-06
3.63982935463374E-06
1.04042380566028E-06
7.98851143904132E-06
2.82895676480791E-06
1.84483930478686E-07
-1.08750377605487E-07
-1.18721461187214E-06
8.30020765351526E-06
-5.41288828863592E-06
-1.25992163166886E-06
4.53621730382292E-06
9.93050266565119E-06
1.64999484376526E-08
3.59853239355024E-06
-2.70543744889614E-06
4.21903052064636E-07
-2.40522243713735E-06
1.1072394112346E-05
1.49128990031216E-06
6.7454094292804E-06
-5.67738838214117E-06
-5.47500760417549E-08
8.4902597402597E-06
3.20843977670546E-06
-4.29684296842967E-06
6.5563310069791E-06
7.86053729027246E-06
-7.09380318350185E-06
-5.98411297440425E-06
8.97242351046702E-06
1.67031170158405E-05
-9.0442183525729E-06
1.67914438502676E-06
9.69491191811829E-06
2.33336715024834E-07
5.53153332669125E-06
-2.70603312302839E-06
-9.93448714187931E-07
1.61069701853344E-05
1.36613112463826E-06
-2.52666601428711E-06
1.01008285913946E-05
5.24689488033928E-06
-3.97664768889318E-06
-2.11548083658561E-06
1.44026994359388E-05
-1.90015942606619E-06
9.35524407926533E-06
-1.61420908814898E-06
2.445798781097E-06
7.60409556313994E-06
6.23687106131836E-06
8.74477800446905E-06
4.23022022838499E-06
9.18986083499011E-06
-2.43110236220459E-07
1.05453829493995E-05
2.47908055247506E-06
9.02280876494017E-06
1.1639766975456E-05
6.50347080441001E-06
7.94258470277942E-06
1.66425568507548E-05
-1.25309393386083E-06
8.19416528441798E-06
1.11178126256534E-05
8.29724862431215E-06
1.12120535714286E-05
1.04595748927252E-05
1.33000301144349E-05
5.45769909768535E-06
1.26146070756121E-05
1.09329070239544E-05
9.7180621167957E-06
5.99789654842716E-06
1.48452332242227E-05
1.50582524271844E-05
1.11100469116498E-05
1.12757320099256E-05
-3.44335778321095E-07
1.537304964539E-05
1.71119842829078E-05
8.55231724796939E-06
7.45268697500256E-06
6.59287583014691E-06
1.23681078936929E-05
1.35932951922112E-05
6.52350159251038E-06
1.44619842142072E-05
9.7204301075269E-06
8.83152954697824E-06
9.74031162604878E-06
1.11049500957757E-05
1.49970992071165E-06
1.25747474747475E-05
-3.95771878072759E-06
1.12862783810465E-05
1.47708978328173E-05
-1.23106060606061E-06
8.69207317073157E-06
1.32782258064518E-05
5.8992248062016E-06
7.88059701492503E-07
1.99292929292936E-06
1.41107814045497E-05
3.42079689018466E-06
6.23577235772362E-06
9.32739861523235E-06
1.79784102060848E-06
5.01501501501501E-06
-4.58067729083658E-06
6.9594059405941E-06
6.52565343659253E-06
-1.35240040858022E-06
6.78693467336681E-06
5.15759312320918E-06
2.83568548387094E-06
4.17039922103212E-06
9.45463812436294E-06
2.70983935742973E-06
2.74999999999997E-06
1.9734422880491E-06
6.73673673673666E-06
3.78121878121886E-06
1.18593448940266E-06
3.61728395061738E-06
-6.50495049504943E-07
1.26915708812254E-06
-2.34650455927049E-06
3.81944444444442E-06
5.279207920792E-06
-1.41205533596832E-06
1.29394240317772E-06
-8.39684106614033E-06
-8.39684106614033E-06
dMdT Data
0
0
0
0
0
0
0
0
0
0
0
0
0
0
0
0
0
0
0
0
0
0
0
0
0
0
0
0
0
0
0
0
0
0
0
0
0
0
0
0
0
0
0
0
0
0
0
0
0
0
0
0
0
0
0
0
0
0
0
0
0
0
0
0
0
0
0
0
0
0
0
0
0
0
0
0
0
0
0
0
0
0
0
0
0
0
0
0
0
0
0
0
0
0
0
0
0
0
0
0
0
0
0
0
0
0
0
0
0
0
0
0
0
0
0
0
0
0
0
0
0
0
0
0
0
0
0
0
0
0
0
0
0
0
0
0
0
0
0
0
0
0
0
0
0
0
0
0
0
0
0
0
0
0
0
0
0
0
0
0
0
0
0
0
0
0
0
0
0
0
0
0
0
0
0
0
0
0
0
0
0
0
0
0
0
0
0
0
0
0
0
0
0
0
0
0
0
0
0
0
0
0
0
0
0
0
0
0
0
0
0
0
0
0
0
0
0
0
0
0
0
0
0
0
0
0
0
0
0
0
0
0
0
0
0
0
0
0
0
0
0
0
0
0
0
0
0
0
0
0
0
0
0
0
0
0
0
0
0
0
0
0
0
0
0
0
0
0
0
0
0
0
0
0
0
0
0
0
0
0
0
0
0
0
0
0
0
0
0
0
0
0
0
 
*********************************************** Results ***************************************
 
TotalArea 0
AreaFirstQuad 0
AreaSecondQuad 0
AreaThirdQuad 0
AreaFourthQuad 0
Coercivity 0
PositiveCoercivity 0
NegativeCoercivity 0
Retentivity 1.77506757755148E-03
PositiveRetentivity 6.18160701754384E-04
NegativeRetentivity -2.93197445334858E-03
Magnetization 0.004239385
PositiveMagnetization 0.00419812
NegativeMagnetization -0.00428065
Flatness 2.65175370809991
Squareness 0.418708746092059
SStar 0
SFD1 0
SFD2 0
Slope 0
Intercept 0
SlopeAtHc -8.39684106614033E-06
dH1 277.963878902293
dH2 481.6705
InitialSlope 3.19298245614035E-06
FieldAtHalfMs 959.349617256637
FieldAtMs 1380.95
MomentMean -1.81330285426621E-03
MomentRMS 2.64441857410935E-03
SFD3 0
dH3 555.927757804585
UserField1 0
UserField2 0
CenterField 0
ExchangeField 0
ExchangeMoment 0
ExRegionOneIntercept 0
ExRegionOneSlope 0
ExRegionTwoIntercept 0
ExRegionTwoSlope 0
NegativeIntercept 0
NegativeSlope 0
AutoCenterOffset 0
PinningField 0
PinningMoment 0
PinRegionOneIntercept 0
PinRegionOneSlope 0
PinRegionTwoIntercept 0
PinRegionTwoSlope 0
PositiveIntercept 0
PositiveSlope 0
TotalOffset 0
BHMax 0
BCoercivity 0
BRetentivity 0
BNegativeCoercivity 0
BPositiveCoercivity 0
BNegativeRetentivity 0
BPositiveRetentivity 0
MomentYMean -6.14778160409556E-03
MomentYRMS 3.39990078291708E-04
YOffCorrection 0
Mrt 0
Ms1 0
Ms2 0
Ms3 0
Hc2 0
Hex2 0
HsatValue 0
HsatIntercept 0
HsatSlope 0
CenterH 0
Span .00847877
SpanAsPercentOfRange -159.97679245283
RMSAsPercentOfRange -49.8946900775348
SpanAsPercentOfMean -467.587087289459
RMSAsPercentOfMean -145.834357889403
