Version 1.25
******************************************** Units *******************************************
System CGS
TemperatureUnit K
MomentUnit emu
AppliedFieldUnit G
 
******************************************** Setup ********************************************
 
Experiment CustomField
Minor False
Acquisition Continuous
EditedPoint No
MaxField 15000
FieldIncrement 100
Points 293
MinField 0
RampRate 10
AverageTime 0.3
TimeInterval 0
TimeConstant 0.1
TimeConstantIndex 0
Sensitivity -0.0053
SensitivityIndex 5
SensitivityY -400
SensitivityIndexY 0
SaturationField 8000
ExperimentTime 100
Use735Domains True
AutoRangeEnabled False
NumberOfVertices 2
VertexPts
0
292
VertexField
-1315.9566
1635.7561
StartAngle 0
EndAngle 0
AngleIncrement 0
StartTemp 0
FinishTemp 0
TempIncrement 0
TempPoints 0
LengthofSetPointsArray 293
SetPointArray
-1315.95656
-1305.84795
-1295.73935
-1285.63074
-1275.52214
-1265.41353
-1255.30493
-1245.19632
-1235.08772
-1224.97911
-1214.87051
-1204.7619
-1194.6533
-1184.5447
-1174.43609
-1164.32749
-1154.21888
-1144.11028
-1134.00167
-1123.89307
-1113.78446
-1103.67586
-1093.56725
-1083.45865
-1073.35004
-1063.24144
-1053.13283
-1043.02423
-1032.91562
-1022.80702
-1012.69841
-1002.58981
-992.4812
-982.3726
-972.26399
-962.15539
-952.04678
-941.93818
-931.82957
-921.72097
-911.61236
-901.50376
-891.39515
-881.28655
-871.17794
-861.06934
-850.96074
-840.85213
-830.74353
-820.63492
-810.52632
-800.41771
-790.30911
-780.2005
-770.0919
-759.98329
-749.87469
-739.76608
-729.65748
-719.54887
-709.44027
-699.33166
-689.22306
-679.11445
-669.00585
-658.89724
-648.78864
-638.68003
-628.57143
-618.46282
-608.35422
-598.24561
-588.13701
-578.0284
-567.9198
-557.81119
-547.70259
-537.59398
-527.48538
-517.37678
-507.26817
-497.15957
-487.05096
-476.94236
-466.83375
-456.72515
-446.61654
-436.50794
-426.39933
-416.29073
-406.18212
-396.07352
-385.96491
-375.85631
-365.7477
-355.6391
-345.53049
-335.42189
-325.31328
-315.20468
-305.09607
-294.98747
-284.87886
-274.77026
-264.66165
-254.55305
-244.44444
-234.33584
-224.22723
-214.11863
-204.01003
-193.90142
-183.79282
-173.68421
-163.57561
-153.467
-143.3584
-133.24979
-123.14119
-113.03258
-102.92398
-92.81537
-82.70677
-72.59816
-62.48956
-52.38095
-42.27235
-32.16374
-22.05514
-11.94653
-1.83793
8.27068
18.37928
28.48789
38.59649
48.7051
58.8137
68.92231
79.03091
89.13952
99.24812
109.35673
119.46533
129.57393
139.68254
149.79114
159.89975
170.00835
180.11696
190.22556
200.33417
210.44277
220.55138
230.65998
240.76859
250.87719
260.9858
271.0944
281.20301
291.31161
301.42022
311.52882
321.63743
331.74603
341.85464
351.96324
362.07185
372.18045
382.28906
392.39766
402.50627
412.61487
422.72348
432.83208
442.94069
453.04929
463.15789
473.2665
483.3751
493.48371
503.59231
513.70092
523.80952
533.91813
544.02673
554.13534
564.24394
574.35255
584.46115
594.56976
604.67836
614.78697
624.89557
635.00418
645.11278
655.22139
665.32999
675.4386
685.5472
695.65581
705.76441
715.87302
725.98162
736.09023
746.19883
756.30744
766.41604
776.52464
786.63325
796.74185
806.85046
816.95906
827.06767
837.17627
847.28488
857.39348
867.50209
877.61069
887.7193
897.8279
907.93651
918.04511
928.15372
938.26232
948.37093
958.47953
968.58814
978.69674
988.80535
998.91395
1009.02256
1019.13116
1029.23977
1039.34837
1049.45698
1059.56558
1069.67419
1079.78279
1089.8914
1100
1110.1086
1120.21721
1130.32581
1140.43442
1150.54302
1160.65163
1170.76023
1180.86884
1190.97744
1201.08605
1211.19465
1221.30326
1231.41186
1241.52047
1251.62907
1261.73768
1271.84628
1281.95489
1292.06349
1302.1721
1312.2807
1322.38931
1332.49791
1342.60652
1352.71512
1362.82373
1372.93233
1383.04094
1393.14954
1403.25815
1413.36675
1423.47536
1433.58396
1443.69256
1453.80117
1463.90977
1474.01838
1484.12698
1494.23559
1504.34419
1514.4528
1524.5614
1534.67001
1544.77861
1554.88722
1564.99582
1575.10443
1585.21303
1595.32164
1605.43024
1615.53885
1625.64745
1635.75606
FieldDomainFile C:\IDEASVSM\Default UserID\Experiments\FORCexp0240B\fdomain.ini
TempDomainFile C:\IDEASVSM\Default UserID\Experiments\FORCexp0240B\tdomain.ini
NumSelectedResults 0
ResultsSelected 
UserName1 
UserValue1 
UserName2 
UserValue2 
LinearBackgroundCorrection Off
MaxLinearFieldCorrection 
MinLinearFieldCorrection 
AutoLinearCorrection Off
FitOneRegion Off
BackgroundMode Off
BackgroundFilename 
AutoCenter Off
OffsetCorrection 
SmoothDeriv Off
DerivOrder 0
DerivPoints 0
MinExFieldOne 
MaxExFieldOne 
MinExFieldTwo 
MaxExFieldTwo 
MinPinFieldOne 
MaxPinFieldOne 
MinPinFieldTwo 
MaxPinFieldTwo 
HCenterStart 
Mass 
Volume 
Density 
MolarWeight 
NumberOfMoles 
Demagnetization 
SampleArea 
Thickness 
MomentScaling 0
XAxis 0
YAxis 0
SimpleSpinValve False
HsatMax 0
HsatMin 0
FieldAutoRange False
 
*************************************************** Experiment Data ********************************************
 
DataPoints 293
MomentX Data
-0.00383059
-0.00387364
-0.00383783
-0.00388518
-0.0038555
-0.00379964
-0.00378309
-0.00385371
-0.00381522
-0.00379157
-0.00380791
-0.00379079
-0.0037909
-0.00376895
-0.0037926
-0.00376552
-0.00377768
-0.00373965
-0.00373822
-0.00371124
-0.00370969
-0.00371925
-0.00370179
-0.00372717
-0.0037216
-0.00366747
-0.00368255
-0.0036643
-0.00364405
-0.00365318
-0.00361869
-0.00361238
-0.00361894
-0.00360886
-0.00358382
-0.00364345
-0.00359531
-0.00359615
-0.00359811
-0.00355545
-0.0035894
-0.0035561
-0.00355694
-0.00355595
-0.00355829
-0.00351085
-0.00351031
-0.00349279
-0.00347701
-0.00347612
-0.00351681
-0.00346779
-0.00344581
-0.00345406
-0.00343726
-0.00342816
-0.00337932
-0.0034049
-0.0034143
-0.00340444
-0.00336212
-0.00334947
-0.00336825
-0.00334344
-0.00332993
-0.00335603
-0.00332516
-0.00333935
-0.0033301
-0.00330761
-0.00326249
-0.00326854
-0.00326128
-0.00327387
-0.00325008
-0.00321513
-0.00322778
-0.00321516
-0.00321026
-0.00317653
-0.00317535
-0.00317113
-0.00317731
-0.00311961
-0.0031301
-0.00309346
-0.00313745
-0.00311199
-0.00311287
-0.00310594
-0.0030465
-0.00307795
-0.00304344
-0.00305833
-0.00306742
-0.00302858
-0.00299215
-0.0029686
-0.00295123
-0.00296968
-0.00296291
-0.00296486
-0.00292238
-0.00291347
-0.00286962
-0.00288318
-0.00286915
-0.00288498
-0.00282548
-0.00282226
-0.00278356
-0.00275934
-0.00278455
-0.00277032
-0.00280072
-0.00270992
-0.00277197
-0.00273919
-0.00275114
-0.00269981
-0.00265769
-0.00262834
-0.002638
-0.00266562
-0.00261554
-0.00260964
-0.00261655
-0.00252753
-0.0025518
-0.00251637
-0.00251522
-0.00250708
-0.00252877
-0.00253152
-0.00245882
-0.0024711
-0.00244519
-0.0024739
-0.0024145
-0.00236988
-0.00238216
-0.00233153
-0.00235053
-0.00230227
-0.00227536
-0.00231564
-0.00227446
-0.00228162
-0.00225347
-0.00220267
-0.00218779
-0.00220636
-0.00217211
-0.00219143
-0.0021063
-0.00200789
-0.00208885
-0.00208023
-0.00201154
-0.00197375
-0.00199717
-0.0019612
-0.00196255
-0.00185491
-0.00189677
-0.00189091
-0.00182253
-0.00180877
-0.00171757
-0.00175869
-0.00169071
-0.00168125
-0.00167222
-0.00171551
-0.00161677
-0.00155696
-0.0015133
-0.00151694
-0.0014759
-0.00145074
-0.00135685
-0.00131928
-0.00125755
-0.00127033
-0.00125805
-0.00113419
-0.00106937
-0.00108291
-0.00103419
-0.000996487
-0.000939463
-0.000842919
-0.000778906
-0.000721039
-0.000759896
-0.00073515
-0.000645384
-0.000506083
-0.000353197
-0.000301943
-0.000272029
-0.000143584
-0.0000496008
0.0000523298
0.0000823384
0.00017474
0.000370273
0.000507912
0.000549216
0.000709563
0.000808713
0.000977545
0.00103046
0.00112368
0.00120673
0.00134858
0.00145237
0.00156066
0.00168935
0.00182542
0.0018568
0.0020647
0.00213791
0.00217755
0.00230076
0.00233638
0.00247334
0.00258537
0.0026852
0.00270842
0.00277862
0.00290955
0.00301048
0.00302144
0.00307154
0.00316249
0.0031789
0.00325128
0.00333917
0.00346589
0.00350427
0.00343274
0.0035683
0.00355895
0.00367346
0.00369252
0.0037135
0.00380046
0.00385087
0.00386716
0.00386477
0.00390953
0.00393589
0.00403957
0.00397446
0.00395791
0.00403572
0.00404094
0.00407527
0.00407153
0.00412238
0.00414052
0.00426724
0.00421238
0.00423204
0.00428891
0.0043166
0.00427386
0.00429006
0.00428515
0.00434705
0.00434042
0.00432498
0.00440142
0.00428345
0.0043119
0.0043681
0.00435092
0.00434389
0.00439023
0.00449627
0.00443679
0.00438075
0.00437924
0.00446547
0.00452514
0.00446641
0.00447158
0.00443322
0.00446306
0.0044054
0.00443763
0.00453668
MomentY Data
-0.00592868
-0.00635783
-0.00597636
-0.00597636
-0.00592868
-0.00605583
-0.00616709
-0.00616709
-0.00626246
-0.00607173
-0.00572205
-0.0061353
-0.00627836
-0.00575384
-0.0061353
-0.00597636
-0.00588099
-0.00623067
-0.00562668
-0.00608762
-0.00616709
-0.00610352
-0.00602404
-0.00616709
-0.00594457
-0.00610352
-0.0061353
-0.0061353
-0.00588099
-0.00607173
-0.00607173
-0.00562668
-0.00635783
-0.00603994
-0.00607173
-0.00597636
-0.00597636
-0.00588099
-0.00576973
-0.00597636
-0.00576973
-0.00602404
-0.00591278
-0.00572205
-0.00619888
-0.00629425
-0.00616709
-0.00575384
-0.00567436
-0.00592868
-0.00600815
-0.00619888
-0.00616709
-0.00602404
-0.00581741
-0.00592868
-0.00583331
-0.00600815
-0.0058651
-0.00616709
-0.00578562
-0.00629425
-0.00623067
-0.00602404
-0.00557899
-0.00607173
-0.00626246
-0.00603994
-0.00638962
-0.00600815
-0.00607173
-0.0061512
-0.0061353
-0.00616709
-0.00581741
-0.00581741
-0.00607173
-0.00616709
-0.00616709
-0.00623067
-0.00576973
-0.00588099
-0.00616709
-0.00583331
-0.00619888
-0.00603994
-0.00616709
-0.00600815
-0.00599225
-0.00658035
-0.00610352
-0.00610352
-0.00602404
-0.0061353
-0.0058651
-0.0061353
-0.00588099
-0.00623067
-0.00626246
-0.00642141
-0.0061353
-0.00629425
-0.00561078
-0.00603994
-0.00588099
-0.00583331
-0.0061353
-0.00578562
-0.00607173
-0.00583331
-0.0061353
-0.00610352
-0.00594457
-0.00623067
-0.00591278
-0.00626246
-0.00597636
-0.00610352
-0.00610352
-0.00632604
-0.00632604
-0.0061353
-0.00623067
-0.00623067
-0.00607173
-0.0061512
-0.0061353
-0.00608762
-0.00632604
-0.00603994
-0.0061353
-0.00610352
-0.0061353
-0.00623067
-0.00588099
-0.00619888
-0.00610352
-0.00600815
-0.0061353
-0.00605583
-0.00610352
-0.00661214
-0.00608762
-0.00607173
-0.00594457
-0.00610352
-0.00632604
-0.00626246
-0.00616709
-0.00623067
-0.0061353
-0.00618299
-0.00623067
-0.00629425
-0.00632604
-0.00616709
-0.00623067
-0.00616709
-0.00608762
-0.0061353
-0.00632604
-0.00616709
-0.00629425
-0.00610352
-0.00599225
-0.00603994
-0.00597636
-0.00638962
-0.00608762
-0.00648499
-0.0061353
-0.00607173
-0.00629425
-0.00635783
-0.00619888
-0.00610352
-0.00626246
-0.00635783
-0.00589689
-0.0061353
-0.00610352
-0.00607173
-0.0061353
-0.00623067
-0.00581741
-0.00642141
-0.00597636
-0.00654856
-0.00632604
-0.00619888
-0.00651677
-0.00661214
-0.00626246
-0.00648499
-0.00651677
-0.00667572
-0.00626246
-0.0064532
-0.00638962
-0.00629425
-0.00638962
-0.00583331
-0.00638962
-0.00638962
-0.00619888
-0.0067393
-0.00597636
-0.00629425
-0.00664393
-0.0070254
-0.00667572
-0.00651677
-0.00629425
-0.00621478
-0.00658035
-0.00658035
-0.00658035
-0.00667572
-0.00648499
-0.00658035
-0.00664393
-0.00654856
-0.00664393
-0.00667572
-0.00638962
-0.00699361
-0.00667572
-0.00658035
-0.00658035
-0.0064532
-0.00699361
-0.00716845
-0.00689824
-0.00720024
-0.00651677
-0.0067393
-0.0067234
-0.00680288
-0.00670751
-0.00694593
-0.00700951
-0.00658035
-0.00670751
-0.00697772
-0.00683467
-0.00683467
-0.00683467
-0.00680288
-0.0067393
-0.00689824
-0.0070413
-0.00670751
-0.00689824
-0.00694593
-0.00689824
-0.00708898
-0.00716845
-0.00694593
-0.00699361
-0.00653267
-0.0067393
-0.0067393
-0.00720024
-0.0070413
-0.00689824
-0.00685056
-0.00678698
-0.00705719
-0.00718435
-0.00678698
-0.0067393
-0.00689824
-0.00680288
-0.00689824
-0.0067393
-0.00688235
-0.00694593
-0.00689824
-0.0070413
-0.00686646
-0.00699361
-0.0070413
-0.00667572
-0.00658035
-0.00688235
-0.00699361
-0.00677109
-0.00696182
-0.00699361
-0.00689824
-0.00697772
-0.00699361
-0.00715256
Field Data
-1315.35
-1308.88
-1299.34
-1289.34
-1278.88
-1269.14
-1258.68
-1248.89
-1238.54
-1228.5
-1218.65
-1208.48
-1198.15
-1188.29
-1178.23
-1168
-1157.91
-1147.89
-1137.61
-1127.69
-1117.78
-1107.55
-1097.33
-1087.23
-1077.18
-1067.26
-1057.22
-1046.76
-1036.92
-1026.9
-1016.84
-1006.76
-996.546
-986.453
-976.381
-966.37
-956.377
-945.999
-936.088
-925.971
-916.019
-906.036
-895.521
-885.717
-875.775
-865.366
-855.4
-845.098
-835.301
-825.4
-815.211
-804.95
-794.878
-784.95
-775.063
-764.568
-754.743
-744.685
-733.378
-721.002
-711.158
-700.702
-690.885
-680.508
-670.722
-660.781
-650.596
-640.425
-630.447
-620.355
-610.109
-600.137
-589.983
-579.919
-570.064
-559.618
-549.698
-539.795
-529.58
-519.357
-509.492
-499.466
-489.139
-479.224
-469.306
-458.894
-449.041
-438.838
-428.854
-418.754
-408.479
-398.561
-388.612
-378.302
-368.307
-358.252
-348.186
-338.361
-328.021
-317.815
-307.963
-297.897
-287.664
-277.526
-267.496
-257.58
-247.548
-233.85
-223.922
-213.946
-203.607
-193.7
-183.707
-173.467
-163.383
-153.456
-143.48
-133.004
-122.941
-113.013
-103.079
-93.0459
-82.7206
-72.7629
-62.8397
-52.6144
-42.5093
-32.538
-22.4531
-12.0982
-2.32289
7.48325
18.0553
28.3074
38.1181
48.1502
57.9814
68.228
78.2445
88.7466
98.6771
108.572
118.816
128.742
138.986
148.981
158.961
169.078
179.282
189.102
199.176
209.605
219.513
229.273
239.809
249.781
259.836
269.981
279.962
289.974
299.966
310.389
320.194
330.081
340.546
350.494
360.503
370.436
380.907
390.675
400.688
411.123
421.016
431.088
441.231
451.052
461.486
471.357
481.265
491.645
501.716
511.493
521.637
532.039
541.921
551.74
562.298
572.132
582.385
592.367
602.204
612.643
622.428
632.404
642.617
652.79
662.787
672.796
683.056
693.068
703.067
713.315
723.279
733.579
743.158
756.916
766.875
777.031
787.148
797.09
807.383
817.134
827.257
837.775
847.453
857.297
867.659
877.768
887.81
898.081
907.81
918.039
928.182
938.017
948.134
958.547
968.473
978.197
988.748
998.792
1008.54
1018.79
1029.05
1038.9
1048.87
1059.33
1069.33
1079.26
1089.32
1099.28
1109.71
1119.49
1129.43
1139.94
1149.7
1159.68
1170.02
1180.09
1189.95
1199.97
1210.37
1220.18
1230.64
1240.36
1250.6
1260.39
1270.55
1280.83
1290.79
1300.8
1311.08
1320.9
1331.35
1341.12
1351.24
1361.62
1371.37
1381.36
1391.72
1401.69
1411.66
1421.66
1432.21
1441.89
1451.81
1462.28
1472.08
1482.41
1492.35
1502.47
1512.65
1522.55
1532.54
1542.81
1552.86
1562.76
1572.72
1583.34
1592.98
1602.88
1613.73
1623.07
1632.79
Time Data
0
0.3
0.6
0.9
1.2
1.5
1.8
2.1
2.4
2.7
3
3.3
3.6
3.9
4.2
4.5
4.8
5.1
5.4
5.7
6
6.3
6.6
6.9
7.2
7.5
7.8
8.1
8.4
8.7
9
9.3
9.6
9.9
10.2
10.5
10.8
11.1
11.4
11.7
12
12.3
12.6
12.9
13.2
13.5
13.8
14.1
14.4
14.7
15
15.3
15.6
15.9
16.2
16.5
16.8
17.1
17.4
17.7
18
18.3
18.6
18.9
19.2
19.5
19.8
20.1
20.4
20.7
21
21.3
21.6
21.9
22.2
22.5
22.8
23.1
23.4
23.7
24
24.3
24.6
24.9
25.2
25.5
25.8
26.1
26.4
26.7
27
27.3
27.6
27.9
28.2
28.5
28.8
29.1
29.4
29.7
30.0000000000001
30.3000000000001
30.6000000000001
30.9000000000001
31.2000000000001
31.5000000000001
31.8000000000001
32.1000000000001
32.4
32.7
33
33.3
33.6
33.9
34.2
34.5
34.8
35.1
35.4
35.7
36
36.3
36.6
36.9
37.2
37.5
37.8
38.1
38.4
38.7
39
39.3
39.6
39.9
40.2
40.5
40.8
41.1
41.4
41.7
42
42.3
42.6
42.8999999999999
43.1999999999999
43.4999999999999
43.7999999999999
44.0999999999999
44.3999999999999
44.6999999999999
44.9999999999999
45.2999999999999
45.5999999999999
45.8999999999999
46.1999999999999
46.4999999999999
46.7999999999999
47.0999999999999
47.3999999999999
47.6999999999999
47.9999999999999
48.2999999999999
48.5999999999999
48.8999999999999
49.1999999999999
49.4999999999999
49.7999999999999
50.0999999999999
50.3999999999999
50.6999999999999
50.9999999999999
51.2999999999999
51.5999999999999
51.8999999999999
52.1999999999999
52.4999999999999
52.7999999999999
53.0999999999999
53.3999999999998
53.6999999999998
53.9999999999998
54.2999999999998
54.5999999999998
54.8999999999998
55.1999999999998
55.4999999999998
55.7999999999998
56.0999999999998
56.3999999999998
56.6999999999998
56.9999999999998
57.2999999999998
57.5999999999998
57.8999999999998
58.1999999999998
58.4999999999998
58.7999999999998
59.0999999999998
59.3999999999998
59.6999999999998
59.9999999999998
60.2999999999998
60.5999999999998
60.8999999999998
61.1999999999998
61.4999999999998
61.7999999999998
62.0999999999998
62.3999999999998
62.6999999999998
62.9999999999998
63.2999999999998
63.5999999999998
63.8999999999998
64.1999999999997
64.4999999999997
64.7999999999997
65.0999999999997
65.3999999999997
65.6999999999997
65.9999999999997
66.2999999999997
66.5999999999997
66.8999999999997
67.1999999999997
67.4999999999997
67.7999999999997
68.0999999999997
68.3999999999997
68.6999999999997
68.9999999999997
69.2999999999997
69.5999999999997
69.8999999999997
70.1999999999997
70.4999999999997
70.7999999999997
71.0999999999997
71.3999999999997
71.6999999999997
71.9999999999997
72.2999999999997
72.5999999999997
72.8999999999997
73.1999999999997
73.4999999999997
73.7999999999997
74.0999999999997
74.3999999999997
74.6999999999996
74.9999999999996
75.2999999999996
75.5999999999996
75.8999999999996
76.1999999999996
76.4999999999996
76.7999999999996
77.0999999999996
77.3999999999996
77.6999999999996
77.9999999999996
78.2999999999996
78.5999999999996
78.8999999999996
79.1999999999996
79.4999999999996
79.7999999999996
80.0999999999996
80.3999999999996
80.6999999999996
80.9999999999996
81.2999999999996
81.5999999999996
81.8999999999996
82.1999999999996
82.4999999999996
82.7999999999996
83.0999999999996
83.3999999999996
83.6999999999996
83.9999999999996
84.2999999999996
84.5999999999996
84.8999999999996
85.1999999999995
85.4999999999995
85.7999999999995
86.0999999999995
86.3999999999995
86.6999999999995
86.9999999999995
87.2999999999995
87.5999999999995
Temperature Data
0
0
0
0
0
0
0
0
0
0
0
0
0
0
0
0
0
0
0
0
0
0
0
0
0
0
0
0
0
0
0
0
0
0
0
0
0
0
0
0
0
0
0
0
0
0
0
0
0
0
0
0
0
0
0
0
0
0
0
0
0
0
0
0
0
0
0
0
0
0
0
0
0
0
0
0
0
0
0
0
0
0
0
0
0
0
0
0
0
0
0
0
0
0
0
0
0
0
0
0
0
0
0
0
0
0
0
0
0
0
0
0
0
0
0
0
0
0
0
0
0
0
0
0
0
0
0
0
0
0
0
0
0
0
0
0
0
0
0
0
0
0
0
0
0
0
0
0
0
0
0
0
0
0
0
0
0
0
0
0
0
0
0
0
0
0
0
0
0
0
0
0
0
0
0
0
0
0
0
0
0
0
0
0
0
0
0
0
0
0
0
0
0
0
0
0
0
0
0
0
0
0
0
0
0
0
0
0
0
0
0
0
0
0
0
0
0
0
0
0
0
0
0
0
0
0
0
0
0
0
0
0
0
0
0
0
0
0
0
0
0
0
0
0
0
0
0
0
0
0
0
0
0
0
0
0
0
0
0
0
0
0
0
0
0
0
0
0
0
0
0
0
0
0
0
0
0
0
0
0
0
0
0
0
0
0
0
0
0
0
0
0
0
Angle Data
0
0
0
0
0
0
0
0
0
0
0
0
0
0
0
0
0
0
0
0
0
0
0
0
0
0
0
0
0
0
0
0
0
0
0
0
0
0
0
0
0
0
0
0
0
0
0
0
0
0
0
0
0
0
0
0
0
0
0
0
0
0
0
0
0
0
0
0
0
0
0
0
0
0
0
0
0
0
0
0
0
0
0
0
0
0
0
0
0
0
0
0
0
0
0
0
0
0
0
0
0
0
0
0
0
0
0
0
0
0
0
0
0
0
0
0
0
0
0
0
0
0
0
0
0
0
0
0
0
0
0
0
0
0
0
0
0
0
0
0
0
0
0
0
0
0
0
0
0
0
0
0
0
0
0
0
0
0
0
0
0
0
0
0
0
0
0
0
0
0
0
0
0
0
0
0
0
0
0
0
0
0
0
0
0
0
0
0
0
0
0
0
0
0
0
0
0
0
0
0
0
0
0
0
0
0
0
0
0
0
0
0
0
0
0
0
0
0
0
0
0
0
0
0
0
0
0
0
0
0
0
0
0
0
0
0
0
0
0
0
0
0
0
0
0
0
0
0
0
0
0
0
0
0
0
0
0
0
0
0
0
0
0
0
0
0
0
0
0
0
0
0
0
0
0
0
0
0
0
0
0
0
0
0
0
0
0
0
0
0
0
0
0
Bx Data
0
0
0
0
0
0
0
0
0
0
0
0
0
0
0
0
0
0
0
0
0
0
0
0
0
0
0
0
0
0
0
0
0
0
0
0
0
0
0
0
0
0
0
0
0
0
0
0
0
0
0
0
0
0
0
0
0
0
0
0
0
0
0
0
0
0
0
0
0
0
0
0
0
0
0
0
0
0
0
0
0
0
0
0
0
0
0
0
0
0
0
0
0
0
0
0
0
0
0
0
0
0
0
0
0
0
0
0
0
0
0
0
0
0
0
0
0
0
0
0
0
0
0
0
0
0
0
0
0
0
0
0
0
0
0
0
0
0
0
0
0
0
0
0
0
0
0
0
0
0
0
0
0
0
0
0
0
0
0
0
0
0
0
0
0
0
0
0
0
0
0
0
0
0
0
0
0
0
0
0
0
0
0
0
0
0
0
0
0
0
0
0
0
0
0
0
0
0
0
0
0
0
0
0
0
0
0
0
0
0
0
0
0
0
0
0
0
0
0
0
0
0
0
0
0
0
0
0
0
0
0
0
0
0
0
0
0
0
0
0
0
0
0
0
0
0
0
0
0
0
0
0
0
0
0
0
0
0
0
0
0
0
0
0
0
0
0
0
0
0
0
0
0
0
0
0
0
0
0
0
0
0
0
0
0
0
0
0
0
0
0
0
0
Hint Data
0
0
0
0
0
0
0
0
0
0
0
0
0
0
0
0
0
0
0
0
0
0
0
0
0
0
0
0
0
0
0
0
0
0
0
0
0
0
0
0
0
0
0
0
0
0
0
0
0
0
0
0
0
0
0
0
0
0
0
0
0
0
0
0
0
0
0
0
0
0
0
0
0
0
0
0
0
0
0
0
0
0
0
0
0
0
0
0
0
0
0
0
0
0
0
0
0
0
0
0
0
0
0
0
0
0
0
0
0
0
0
0
0
0
0
0
0
0
0
0
0
0
0
0
0
0
0
0
0
0
0
0
0
0
0
0
0
0
0
0
0
0
0
0
0
0
0
0
0
0
0
0
0
0
0
0
0
0
0
0
0
0
0
0
0
0
0
0
0
0
0
0
0
0
0
0
0
0
0
0
0
0
0
0
0
0
0
0
0
0
0
0
0
0
0
0
0
0
0
0
0
0
0
0
0
0
0
0
0
0
0
0
0
0
0
0
0
0
0
0
0
0
0
0
0
0
0
0
0
0
0
0
0
0
0
0
0
0
0
0
0
0
0
0
0
0
0
0
0
0
0
0
0
0
0
0
0
0
0
0
0
0
0
0
0
0
0
0
0
0
0
0
0
0
0
0
0
0
0
0
0
0
0
0
0
0
0
0
0
0
0
0
0
Torque Data
7.798289238
8.3216365304
7.7653236024
7.7055600024
7.5820702784
7.6856960862
7.7623928412
7.7020170301
7.7563072084
7.459120305
6.9731762325
7.414387344
7.522417034
6.8372305336
7.228794519
6.98038848
6.8096571309
7.1521237863
6.4009674348
6.8649481978
6.8934498602
6.759953576
6.6103598132
6.7050452607
6.4033719126
6.5140427552
6.486361866
6.422186628
6.0981161508
6.235059537
6.1739779332
5.6647163568
6.33587005518
5.95811693282
5.92832180913
5.7753750132
5.71565324772
5.56341065901
5.40097501624
5.53393604556
5.28518230487
5.45799710544
5.29501865838
5.06811695985
5.428824132
5.4468299455
5.275328786
4.86255867632
4.73979858236
4.893532472
4.89790996965
4.989788456
4.90208416502
4.728570198
4.50885924683
4.53287901024
4.40264988933
4.47417918275
4.3013353078
4.44648422418
4.11448994796
4.4103935635
4.30467644295
4.09940741232
3.74195133078
4.01208382113
4.07433142616
3.8681285745
4.02831676014
3.72718589325
3.70441711857
3.6915627144
3.6197226999
3.57641266571
3.31629601424
3.25552734938
3.33761783754
3.32896434655
3.2659675222
3.23594207919
2.93963127716
2.93735455134
3.01656423551
2.79546215144
2.90917157728
2.77169222636
2.76927626069
2.6366045297
2.5698003815
2.7555478839
2.49315974608
2.43262503472
2.34101423248
2.3209962606
2.1601573857
2.1979834956
2.04767838414
2.10821573187
2.05421839166
2.04082041915
1.8894453939
1.87503819225
1.61401941792
1.67624038844
1.57314130104
1.5025439898
1.5187812444
1.352967237
1.35959392506
1.24801334126
1.2491900271
1.182251824
1.09205912099
1.08081563289
0.96604773474
0.96101206176
0.8574881328
0.81179257408
0.75037285232
0.71492475852
0.65208187716
0.57086451027
0.515404760802
0.453361618143
0.381545691681
0.32364169728
0.26080730829
0.19807897956
0.142039208724
0.073072402108
0.014251627017
-0.04567416604
-0.11077468209
-0.176374067958
-0.224172164919
-0.298477311776
-0.353890634528
-0.4099240582
-0.48005348085
-0.537434322678
-0.602277653392
-0.71789326408
-0.72330665792
-0.78168666366
-0.82621200602
-0.90930851312
-1.00559364444
-1.05884421188
-1.10564822938
-1.17823215834
-1.2220045128
-1.29598561895
-1.36771306371
-1.44310158025
-1.51704132636
-1.54042190729
-1.61895237012
-1.66499712529
-1.70430227044
-1.7790774822
-1.89759691464
-1.91419689801
-2.0153810845
-2.01465598512
-2.0406367685
-2.11696273036
-2.15449570908
-2.36694527432
-2.31881707134
-2.53352346825
-2.4583410864
-2.49622785279
-2.649979958
-2.74078421904
-2.73513802128
-2.75300490304
-2.89003761556
-2.99680767531
-2.83796676585
-3.0163895685
-3.06223364032
-3.10564739289
-3.2003994861
-3.31495943613
-3.15257664461
-3.5429487534
-3.36049527528
-3.74664072992
-3.6841908054
-3.67201194896
-3.92442496108
-4.05088128602
-3.89793045288
-4.10113361596
-4.18778718709
-4.3578432588
-4.15067707602
-4.3416871472
-4.36446827872
-4.362343259
-4.49233096454
-4.16098752265
-4.62147796398
-4.68729104998
-4.60674726304
-5.1010839988
-4.583121075
-4.89082737175
-5.22975621164
-5.599876086
-5.38986284076
-5.32507433718
-5.20696237225
-5.2065873145
-5.57653734855
-5.64131431395
-5.70949990065
-5.85973339296
-5.7574389719
-5.90968730835
-6.0314260933
-6.01183347384
-6.16677623526
-6.26193884724
-6.05821596908
-6.70370388467
-6.46525457556
-6.43687862895
-6.5063079018
-6.4454045344
-7.0533354294
-7.3031451755
-7.098633872
-7.480329336
-6.8352445499
-7.139142669
-7.189533322
-7.3420762688
-7.3066247932
-7.6355219304
-7.7785233421
-7.3666360215
-7.5756630193
-7.9541821368
-7.857820099
-7.9260301056
-7.9967005934
-8.0280106592
-8.019430035
-8.2776810528
-8.522578281
-8.1843695518
-8.4892500736
-8.6154537348
-8.626938944
-8.9348795022
-9.1078741475
-8.8965555219
-9.0272818519
-8.497697136
-8.835761444
-8.90194137
-9.586039524
-9.443228256
-9.3211778176
-9.3278595072
-9.3074607626
-9.7485199784
-9.998603582
-9.5132419962
-9.513600238
-9.8069518784
-9.7431527648
-9.9465032736
-9.784183133
-10.063922758
-10.2249646344
-10.2260199584
-10.508084055
-10.3166501562
-10.5788841665
-10.720731315
-10.2308079288
-10.1522297835
-10.687326021
-10.9293339636
-10.6490286648
-11.0229280788
-11.1406808578
-11.0570509312
-11.2601560956
-11.3511185827
-11.6786284424
dMdH Data
-6.65378670788271E-06
3.75366876310263E-06
-4.73499999999998E-06
2.83747609942642E-06
5.73511293634497E-06
1.58221797323137E-06
-7.21348314606748E-06
3.71884057971013E-06
2.355577689243E-06
-1.65888324873095E-06
1.68338249754176E-06
-1.06485963213728E-08
2.22616632860035E-06
-2.35089463220678E-06
2.64711632453568E-06
-1.205153617443E-06
3.7954091816367E-06
1.39105058365774E-07
2.71975806451615E-06
1.56407669021223E-07
-9.34506353861195E-07
1.70841487279843E-06
-2.51287128712875E-06
5.54228855721427E-07
5.4566532258064E-06
-1.50199203187254E-06
1.74474187380497E-06
2.05792682926834E-06
-9.11177644710579E-07
3.42842942345921E-06
6.25992063492043E-07
-6.42255727432946E-07
9.9871197859902E-07
2.48610007942812E-06
-5.95644790730196E-06
4.81737216051232E-06
-8.09404509539624E-08
-1.97760064574677E-07
4.2166650192745E-06
-3.41137459807074E-06
3.33567064008813E-06
-7.98858773181376E-08
1.00979192166483E-07
-2.35365117682557E-07
4.55759438947067E-06
5.41842263696396E-08
1.70064065230052E-06
1.61069715218946E-06
8.98899101100811E-08
-3.99352242614585E-06
4.77731215281162E-06
2.18228752978554E-06
-8.30983078162773E-07
1.69920097097197E-06
8.67079561696061E-07
4.97099236641226E-06
-2.54324915490157E-06
-8.31343415583246E-07
7.9670329670329E-07
4.29906542056075E-06
1.20983167559299E-06
-1.91300804726498E-06
2.3908644116797E-06
1.38054363376251E-06
-2.62549039332057E-06
3.03092783505153E-06
-1.39514305378034E-06
9.27039486871135E-07
2.22849782005549E-06
4.40366972477066E-06
-6.06698756518252E-07
7.14989166830788E-07
-1.25099364069951E-06
2.41400304414004E-06
3.34577828834004E-06
-1.27520161290321E-06
1.27436130465516E-06
4.79686735193343E-07
3.299422869999E-06
1.19614799797257E-07
4.20905645322171E-07
-5.98431296601158E-07
5.81946545637921E-06
-1.05767291792697E-06
3.51901651940067E-06
-4.46463006191006E-06
2.49534450651771E-06
-8.81410256410231E-08
6.8613861386135E-07
5.78491484184913E-06
-3.17100221818912E-06
3.46869032063523E-06
-1.44422890397673E-06
-9.09454727363661E-07
3.86275484833416E-06
3.61911384859924E-06
2.39694656488548E-06
1.6798839458414E-06
-1.80776014109349E-06
6.87170117742605E-07
-1.93721438505874E-07
4.15127528583994E-06
8.78871572302231E-07
4.37188434695913E-06
-1.36748688987496E-06
1.39852472089314E-06
-1.15564315958535E-06
5.99315068493152E-06
3.22774659182033E-07
3.74310861785473E-06
2.44473604522056E-06
-2.5227659361553E-06
1.38964843749997E-06
-3.01467671558904E-06
9.14677143144954E-06
-6.21992782678425E-06
3.1290568919435E-06
-1.18751863261455E-06
5.17022562449638E-06
4.23998389369841E-06
2.92531720006778E-06
-9.35566036822205E-07
-2.77373289012522E-06
5.04675910996454E-06
5.77000185813628E-07
-6.83813124066082E-07
8.92762227593192E-06
-2.40656823567907E-06
3.42156853277192E-06
1.17643327935391E-07
8.30092166744488E-07
-2.05163615382069E-06
-2.68237726904746E-07
7.41027653480386E-06
-1.22407073294723E-06
2.63548702091302E-06
-2.80190502215369E-06
5.93021514501071E-06
4.24867407470887E-06
-1.23659433059765E-06
5.1167773297355E-06
-1.85474424053103E-06
4.86197864195044E-06
2.62690355329947E-06
-4.03001500750372E-06
4.12625250501002E-06
-7.07719679746959E-07
2.75872206977654E-06
5.17311608961305E-06
1.47706968433593E-06
-1.7806117556813E-06
3.45680258377068E-06
-1.97950819672129E-06
8.07991647684127E-06
9.86863217007622E-06
-8.05171556439583E-06
8.49679645145392E-07
6.88207594429418E-06
3.77447063523774E-06
-2.34387510008007E-06
3.45102177875849E-06
-1.37684854665965E-07
1.08870233640133E-05
-4.00000000000002E-06
5.89063128266997E-07
6.83185133379961E-06
1.38528138528139E-06
8.70976984051187E-06
-4.20966420966419E-06
6.7891740737042E-06
9.06564446574028E-07
9.12766602648328E-07
-4.29805401111992E-06
9.73479246771174E-06
6.09001120048873E-06
4.18439716312058E-06
-3.68756964846525E-07
4.14210738796933E-06
2.42389210019268E-06
9.32280806275443E-06
3.84269203232076E-06
6.08537066246059E-06
-1.22860988271486E-06
1.24266342845579E-06
1.26143191771057E-05
6.13942034476226E-06
-1.37685580638602E-06
4.75177996683897E-06
3.77709877780006E-06
5.79688929551692E-06
9.24839544017619E-06
6.54195196729691E-06
5.80062149157979E-06
-3.80466072652503E-06
2.43251744814706E-06
8.97929378813637E-06
1.39175741832351E-05
1.49011695906433E-05
5.11925689172996E-06
2.99169916991698E-06
1.25336651053864E-05
9.43227619429953E-06
9.8961747572816E-06
3.13274872116085E-06
6.71620875127197E-06
1.96337985741541E-05
1.35524812918473E-05
4.08263319165758E-06
1.61282438141219E-05
9.63276012824249E-06
1.73143267357195E-05
5.22720537390105E-06
8.86290169233692E-06
8.58131845422609E-06
1.44097927671677E-05
1.00164060992087E-05
1.07122366208329E-05
1.28151762597093E-05
1.32479797488072E-05
3.22540857230963E-06
2.03245674063935E-05
7.21778566499059E-06
4.03050330452465E-06
1.21785114164278E-05
3.4207240948814E-06
1.37981059842838E-05
1.1520979020979E-05
9.46166240166805E-06
2.31182795698925E-06
7.2014772260977E-06
1.27736585365854E-05
9.83723196881092E-06
1.11269035532993E-06
5.02507522567717E-06
8.69502868068829E-06
1.64100000000001E-06
7.28902316213489E-06
8.73658051689863E-06
1.2722891566265E-05
3.67976989453495E-06
-7.31390593047034E-06
1.36378269617705E-05
-8.89628924833491E-07
1.17325819672131E-05
1.90981963927855E-06
2.02901353965184E-06
8.63555114200602E-06
5.11257606490869E-06
1.62574850299401E-06
-2.29807692307707E-07
4.56269113149835E-06
2.5200764818356E-06
1.06666666666669E-05
-6.35839843750001E-06
-1.69050051072517E-06
7.65846456692918E-06
5.07782101167338E-07
3.44678714859436E-06
-3.73626373626321E-07
4.94649805447471E-06
1.84725050916492E-06
1.21263157894739E-05
-5.61514841351079E-06
1.94268774703558E-06
5.4788053949904E-06
2.84000000000004E-06
-4.27827827827831E-06
1.56370656370655E-06
-4.92477432296922E-07
6.2086258776329E-06
-6.62999999999966E-07
-1.46350710900477E-06
7.89669421487595E-06
-1.18921370967743E-05
2.71728748806105E-06
5.73469387755106E-06
-1.66311713455946E-06
-7.07243460764588E-07
4.57905138339913E-06
1.04165029469547E-05
-6.00808080808087E-06
-5.60960960960963E-06
-1.4703018500484E-07
8.58009950248757E-06
6.02727272727271E-06
-5.89658634538158E-06
4.86817325800431E-07
-3.97925311203319E-06
3.01414141414136E-06
-5.3142857142857E-06
3.45074946466806E-06
1.0190329218107E-05
1.0190329218107E-05
dMdT Data
0
0
0
0
0
0
0
0
0
0
0
0
0
0
0
0
0
0
0
0
0
0
0
0
0
0
0
0
0
0
0
0
0
0
0
0
0
0
0
0
0
0
0
0
0
0
0
0
0
0
0
0
0
0
0
0
0
0
0
0
0
0
0
0
0
0
0
0
0
0
0
0
0
0
0
0
0
0
0
0
0
0
0
0
0
0
0
0
0
0
0
0
0
0
0
0
0
0
0
0
0
0
0
0
0
0
0
0
0
0
0
0
0
0
0
0
0
0
0
0
0
0
0
0
0
0
0
0
0
0
0
0
0
0
0
0
0
0
0
0
0
0
0
0
0
0
0
0
0
0
0
0
0
0
0
0
0
0
0
0
0
0
0
0
0
0
0
0
0
0
0
0
0
0
0
0
0
0
0
0
0
0
0
0
0
0
0
0
0
0
0
0
0
0
0
0
0
0
0
0
0
0
0
0
0
0
0
0
0
0
0
0
0
0
0
0
0
0
0
0
0
0
0
0
0
0
0
0
0
0
0
0
0
0
0
0
0
0
0
0
0
0
0
0
0
0
0
0
0
0
0
0
0
0
0
0
0
0
0
0
0
0
0
0
0
0
0
0
0
0
0
0
0
0
0
0
0
0
0
0
0
0
0
0
0
0
0
0
0
0
0
0
0
 
*********************************************** Results ***************************************
 
TotalArea 0
AreaFirstQuad 0
AreaSecondQuad 0
AreaThirdQuad 0
AreaFourthQuad 0
Coercivity 0
PositiveCoercivity 0
NegativeCoercivity 0
Retentivity 5.03467827950336E-03
PositiveRetentivity -1.25826483462135E-02
NegativeRetentivity -2.51329178720679E-03
Magnetization 0.00421093
PositiveMagnetization 0.00453668
NegativeMagnetization -0.00388518
Flatness 1.49919610502991
Squareness 1.19562146117446
SStar 0
SFD1 0
SFD2 0
Slope 0
Intercept 0
SlopeAtHc 1.0190329218107E-05
dH1 -378.331805672311
dH2 118.83
InitialSlope -6.65378670788271E-06
FieldAtHalfMs 945.471934096258
FieldAtMs 1632.79
MomentMean -8.87900650511945E-04
MomentRMS 2.94332676451569E-03
SFD3 0
dH3 -756.663611344621
UserField1 0
UserField2 0
CenterField 0
ExchangeField 0
ExchangeMoment 0
ExRegionOneIntercept 0
ExRegionOneSlope 0
ExRegionTwoIntercept 0
ExRegionTwoSlope 0
NegativeIntercept 0
NegativeSlope 0
AutoCenterOffset 0
PinningField 0
PinningMoment 0
PinRegionOneIntercept 0
PinRegionOneSlope 0
PinRegionTwoIntercept 0
PinRegionTwoSlope 0
PositiveIntercept 0
PositiveSlope 0
TotalOffset 0
BHMax 0
BCoercivity 0
BRetentivity 0
BNegativeCoercivity 0
BPositiveCoercivity 0
BNegativeRetentivity 0
BPositiveRetentivity 0
MomentYMean -6.31578655290102E-03
MomentYRMS 3.78858297736452E-04
YOffCorrection 0
Mrt 0
Ms1 0
Ms2 0
Ms3 0
Hc2 0
Hex2 0
HsatValue 0
HsatIntercept 0
HsatSlope 0
CenterH 0
Span .00842186
SpanAsPercentOfRange -158.903018867925
RMSAsPercentOfRange -55.534467255013
SpanAsPercentOfMean -948.513777430406
RMSAsPercentOfMean -331.492804157608
