Version 1.25
******************************************** Units *******************************************
System CGS
TemperatureUnit K
MomentUnit emu
AppliedFieldUnit G
 
******************************************** Setup ********************************************
 
Experiment CustomField
Minor False
Acquisition Continuous
EditedPoint No
MaxField 15000
FieldIncrement 100
Points 293
MinField 0
RampRate 10
AverageTime 0.3
TimeInterval 0
TimeConstant 0.1
TimeConstantIndex 0
Sensitivity -0.0053
SensitivityIndex 5
SensitivityY -400
SensitivityIndexY 0
SaturationField 8000
ExperimentTime 100
Use735Domains True
AutoRangeEnabled False
NumberOfVertices 2
VertexPts
0
292
VertexField
-416.2907
2535.4219
StartAngle 0
EndAngle 0
AngleIncrement 0
StartTemp 0
FinishTemp 0
TempIncrement 0
TempPoints 0
LengthofSetPointsArray 293
SetPointArray
-416.29073
-406.18212
-396.07352
-385.96491
-375.85631
-365.7477
-355.6391
-345.53049
-335.42189
-325.31328
-315.20468
-305.09607
-294.98747
-284.87886
-274.77026
-264.66165
-254.55305
-244.44444
-234.33584
-224.22723
-214.11863
-204.01003
-193.90142
-183.79282
-173.68421
-163.57561
-153.467
-143.3584
-133.24979
-123.14119
-113.03258
-102.92398
-92.81537
-82.70677
-72.59816
-62.48956
-52.38095
-42.27235
-32.16374
-22.05514
-11.94653
-1.83793
8.27068
18.37928
28.48789
38.59649
48.7051
58.8137
68.92231
79.03091
89.13952
99.24812
109.35673
119.46533
129.57393
139.68254
149.79114
159.89975
170.00835
180.11696
190.22556
200.33417
210.44277
220.55138
230.65998
240.76859
250.87719
260.9858
271.0944
281.20301
291.31161
301.42022
311.52882
321.63743
331.74603
341.85464
351.96324
362.07185
372.18045
382.28906
392.39766
402.50627
412.61487
422.72348
432.83208
442.94069
453.04929
463.15789
473.2665
483.3751
493.48371
503.59231
513.70092
523.80952
533.91813
544.02673
554.13534
564.24394
574.35255
584.46115
594.56976
604.67836
614.78697
624.89557
635.00418
645.11278
655.22139
665.32999
675.4386
685.5472
695.65581
705.76441
715.87302
725.98162
736.09023
746.19883
756.30744
766.41604
776.52464
786.63325
796.74185
806.85046
816.95906
827.06767
837.17627
847.28488
857.39348
867.50209
877.61069
887.7193
897.8279
907.93651
918.04511
928.15372
938.26232
948.37093
958.47953
968.58814
978.69674
988.80535
998.91395
1009.02256
1019.13116
1029.23977
1039.34837
1049.45698
1059.56558
1069.67419
1079.78279
1089.8914
1100
1110.1086
1120.21721
1130.32581
1140.43442
1150.54302
1160.65163
1170.76023
1180.86884
1190.97744
1201.08605
1211.19465
1221.30326
1231.41186
1241.52047
1251.62907
1261.73768
1271.84628
1281.95489
1292.06349
1302.1721
1312.2807
1322.38931
1332.49791
1342.60652
1352.71512
1362.82373
1372.93233
1383.04094
1393.14954
1403.25815
1413.36675
1423.47536
1433.58396
1443.69256
1453.80117
1463.90977
1474.01838
1484.12698
1494.23559
1504.34419
1514.4528
1524.5614
1534.67001
1544.77861
1554.88722
1564.99582
1575.10443
1585.21303
1595.32164
1605.43024
1615.53885
1625.64745
1635.75606
1645.86466
1655.97327
1666.08187
1676.19048
1686.29908
1696.40769
1706.51629
1716.6249
1726.7335
1736.84211
1746.95071
1757.05931
1767.16792
1777.27652
1787.38513
1797.49373
1807.60234
1817.71094
1827.81955
1837.92815
1848.03676
1858.14536
1868.25397
1878.36257
1888.47118
1898.57978
1908.68839
1918.79699
1928.9056
1939.0142
1949.12281
1959.23141
1969.34002
1979.44862
1989.55723
1999.66583
2009.77444
2019.88304
2029.99165
2040.10025
2050.20886
2060.31746
2070.42607
2080.53467
2090.64327
2100.75188
2110.86048
2120.96909
2131.07769
2141.1863
2151.2949
2161.40351
2171.51211
2181.62072
2191.72932
2201.83793
2211.94653
2222.05514
2232.16374
2242.27235
2252.38095
2262.48956
2272.59816
2282.70677
2292.81537
2302.92398
2313.03258
2323.14119
2333.24979
2343.3584
2353.467
2363.57561
2373.68421
2383.79282
2393.90142
2404.01003
2414.11863
2424.22723
2434.33584
2444.44444
2454.55305
2464.66165
2474.77026
2484.87886
2494.98747
2505.09607
2515.20468
2525.31328
2535.42189
FieldDomainFile C:\IDEASVSM\Default UserID\Experiments\FORCexp0151B\fdomain.ini
TempDomainFile C:\IDEASVSM\Default UserID\Experiments\FORCexp0151B\tdomain.ini
NumSelectedResults 0
ResultsSelected 
UserName1 
UserValue1 
UserName2 
UserValue2 
LinearBackgroundCorrection Off
MaxLinearFieldCorrection 
MinLinearFieldCorrection 
AutoLinearCorrection Off
FitOneRegion Off
BackgroundMode Off
BackgroundFilename 
AutoCenter Off
OffsetCorrection 
SmoothDeriv Off
DerivOrder 0
DerivPoints 0
MinExFieldOne 
MaxExFieldOne 
MinExFieldTwo 
MaxExFieldTwo 
MinPinFieldOne 
MaxPinFieldOne 
MinPinFieldTwo 
MaxPinFieldTwo 
HCenterStart 
Mass 
Volume 
Density 
MolarWeight 
NumberOfMoles 
Demagnetization 
SampleArea 
Thickness 
MomentScaling 0
XAxis 0
YAxis 0
SimpleSpinValve False
HsatMax 0
HsatMin 0
FieldAutoRange False
 
*************************************************** Experiment Data ********************************************
 
DataPoints 293
MomentX Data
0.0022777
0.00226083
0.00230153
0.00229777
0.00233658
0.00233281
0.002356
0.00236659
0.00240262
0.00244529
0.00245002
0.00246872
0.00248579
0.00247657
0.00248099
0.00253795
0.00254216
0.00256678
0.00253788
0.00261521
0.00257544
0.0026383
0.00264859
0.0027091
0.00266937
0.0026692
0.00266741
0.00268822
0.00270877
0.00272691
0.00273064
0.00275408
0.00280596
0.00281637
0.00285089
0.00282974
0.00288092
0.00284227
0.0028843
0.0029319
0.00292373
0.00294951
0.00293017
0.00298098
0.00298353
0.00299781
0.00300189
0.00302268
0.0029918
0.00305562
0.00307615
0.00309202
0.00310394
0.00311822
0.0031278
0.00312278
0.00314811
0.00312839
0.0031913
0.00321253
0.00323591
0.00321166
0.00325451
0.00324986
0.00325444
0.00330852
0.00327286
0.00329998
0.00332863
0.00333365
0.00333209
0.00332831
0.00335825
0.00338709
0.00339548
0.00342114
0.00339235
0.00344459
0.00344825
0.00345637
0.00341687
0.00346171
0.00351118
0.00352507
0.00350714
0.00349136
0.00353222
0.00355016
0.00358702
0.0036167
0.00361122
0.00364856
0.00364343
0.00365559
0.00363986
0.00366453
0.00366217
0.00366751
0.00373133
0.00374134
0.00367198
0.00370514
0.0037285
0.003773
0.00375601
0.0037472
0.00376602
0.00379133
0.00378197
0.00383653
0.0038045
0.00384761
0.0038221
0.00384528
0.00389057
0.00385321
0.00387957
0.00389125
0.00389734
0.00393357
0.0039645
0.00394693
0.00396059
0.00391728
0.00393192
0.00398146
0.00403017
0.00400919
0.00401638
0.00404015
0.00402665
0.00400254
0.00400211
0.00402033
0.00409541
0.0040862
0.00405964
0.00408915
0.00407143
0.00410594
0.00417703
0.00413116
0.00411155
0.00411771
0.00422339
0.0041363
0.00420235
0.00419374
0.00421671
0.00416772
0.00422346
0.00420314
0.00421022
0.0042421
0.00419002
0.00417639
0.00427859
0.00423523
0.00427286
0.00423631
0.00427208
0.00420056
0.00423373
0.00425916
0.00428739
0.00427407
0.00427206
0.00433365
0.00430598
0.00432747
0.00435235
0.00434393
0.00434278
0.00440768
0.00437133
0.00431993
0.00434761
0.00437546
0.00439691
0.00438096
0.00432321
0.0043332
0.00441799
0.00435638
0.00438061
0.00437731
0.00436616
0.00444514
0.00446212
0.00439157
0.00446675
0.00451142
0.00445065
0.00444228
0.00451296
0.00449712
0.00446603
0.00445931
0.00446749
0.00451693
0.00447215
0.00446077
0.00454672
0.00456484
0.00445444
0.00451816
0.00455442
0.00454749
0.00449493
0.00453729
0.00453853
0.00451371
0.00452212
0.00452716
0.00455761
0.00454058
0.00459096
0.00459507
0.00466832
0.00459781
0.00461568
0.00457479
0.00459373
0.00460072
0.00455108
0.00459414
0.00461355
0.00457263
0.00461118
0.00462448
0.00466595
0.0046552
0.00464326
0.00464305
0.00461052
0.00458937
0.00461603
0.00469692
0.00475324
0.00474053
0.00466696
0.00467874
0.00469735
0.00472898
0.00469724
0.00470584
0.00472809
0.00471973
0.00469842
0.00471978
0.00472206
0.00474296
0.00476233
0.00476211
0.00473564
0.00473759
0.00467421
0.00474865
0.00479995
0.00473511
0.00472695
0.00470931
0.00472175
0.00478483
0.00473524
0.00473804
0.00480803
0.00480869
0.0048341
0.00480314
0.00475382
0.00478205
0.00481825
0.00475001
0.00474531
0.0047491
0.00473627
0.00481896
0.00481182
0.00482137
0.00479803
0.00475978
0.00483186
0.00481883
0.00482813
0.00484362
0.00481595
0.00485858
0.00486026
0.0048502
0.0048673
0.00484233
0.00481193
MomentY Data
-0.00658035
-0.00683467
-0.00678698
-0.00708898
-0.0067234
-0.00680288
-0.00661214
-0.00686646
-0.00661214
-0.00700951
-0.00710487
-0.00667572
-0.0067393
-0.0070413
-0.00664393
-0.00670751
-0.00708898
-0.00681877
-0.00680288
-0.00683467
-0.00678698
-0.0070413
-0.00689824
-0.0070413
-0.00691414
-0.00689824
-0.00678698
-0.00699361
-0.00705719
-0.0070413
-0.00726382
-0.00680288
-0.0070254
-0.00708898
-0.00697772
-0.00677109
-0.00689824
-0.00683467
-0.00720024
-0.00724792
-0.00678698
-0.00689824
-0.00710487
-0.00710487
-0.00683467
-0.00697772
-0.00689824
-0.00700951
-0.00715256
-0.00678698
-0.00648499
-0.00691414
-0.00667572
-0.0073115
-0.00720024
-0.00697772
-0.00697772
-0.00740687
-0.0070413
-0.00680288
-0.00694593
-0.00705719
-0.00693003
-0.0067393
-0.00678698
-0.00699361
-0.00689824
-0.00726382
-0.00720024
-0.00677109
-0.00712077
-0.00700951
-0.00715256
-0.0070413
-0.00689824
-0.00696182
-0.00680288
-0.0067393
-0.00688235
-0.0067393
-0.00685056
-0.00670751
-0.00670751
-0.0067234
-0.00708898
-0.00664393
-0.00689824
-0.00691414
-0.00713666
-0.00683467
-0.0067393
-0.00700951
-0.00721614
-0.00734329
-0.00683467
-0.0070413
-0.00699361
-0.00677109
-0.00677109
-0.0070413
-0.00677109
-0.00720024
-0.00708898
-0.00699361
-0.00708898
-0.00680288
-0.00700951
-0.00670751
-0.00740687
-0.00724792
-0.00720024
-0.00693003
-0.00685056
-0.00694593
-0.00720024
-0.00677109
-0.00715256
-0.00686646
-0.0070413
-0.00715256
-0.00689824
-0.00683467
-0.00708898
-0.00708898
-0.00694593
-0.00710487
-0.0073115
-0.00689824
-0.00721614
-0.00708898
-0.00699361
-0.00708898
-0.00726382
-0.00724792
-0.00735919
-0.0073115
-0.00710487
-0.00699361
-0.00700951
-0.00705719
-0.00705719
-0.00729561
-0.00678698
-0.00696182
-0.00697772
-0.00689824
-0.00710487
-0.00708898
-0.00693003
-0.00715256
-0.00740687
-0.00747045
-0.00726382
-0.00683467
-0.0073115
-0.00747045
-0.0073115
-0.00762939
-0.00720024
-0.0076135
-0.00710487
-0.00699361
-0.00694593
-0.00696182
-0.00721614
-0.00720024
-0.00707308
-0.00735919
-0.00705719
-0.00705719
-0.00724792
-0.00680288
-0.00720024
-0.00720024
-0.0070413
-0.00694593
-0.00720024
-0.0073115
-0.0070254
-0.0070413
-0.0067393
-0.00651677
-0.00662804
-0.00680288
-0.00718435
-0.00705719
-0.00705719
-0.00720024
-0.0067393
-0.00705719
-0.00683467
-0.00699361
-0.00694593
-0.00670751
-0.00724792
-0.00688235
-0.00713666
-0.00708898
-0.00654856
-0.00697772
-0.00715256
-0.00720024
-0.0070413
-0.00708898
-0.00716845
-0.00693003
-0.00724792
-0.00686646
-0.0073115
-0.00712077
-0.00691414
-0.0073115
-0.00708898
-0.00710487
-0.00740687
-0.00713666
-0.00700951
-0.00697772
-0.00678698
-0.00705719
-0.00699361
-0.00683467
-0.00694593
-0.0070413
-0.00705719
-0.00721614
-0.00699361
-0.00683467
-0.00691414
-0.00710487
-0.0067393
-0.00680288
-0.00699361
-0.00665983
-0.00712077
-0.00726382
-0.00713666
-0.00667572
-0.00691414
-0.00720024
-0.0070413
-0.0070413
-0.00693003
-0.00710487
-0.00697772
-0.00683467
-0.0070413
-0.00710487
-0.00689824
-0.00715256
-0.00710487
-0.0070413
-0.00708898
-0.00716845
-0.00699361
-0.0073115
-0.00724792
-0.00694593
-0.00677109
-0.00697772
-0.00708898
-0.00710487
-0.00729561
-0.00694593
-0.0067393
-0.00726382
-0.00683467
-0.00689824
-0.00721614
-0.00680288
-0.00710487
-0.00724792
-0.00710487
-0.00720024
-0.00713666
-0.00720024
-0.0070254
-0.00718435
-0.00678698
-0.00724792
-0.00715256
-0.00713666
-0.00729561
-0.00724792
-0.00726382
-0.0070413
-0.00708898
-0.00694593
-0.00697772
-0.00708898
-0.00705719
-0.00664393
-0.00667572
Field Data
-415.624
-409.134
-399.45
-389.442
-379.445
-368.808
-358.774
-348.914
-338.897
-328.842
-318.553
-308.632
-298.289
-288.292
-278.415
-268.021
-258.106
-247.988
-237.801
-227.755
-217.55
-207.544
-197.702
-187.39
-177.273
-167.302
-157.416
-147.073
-137.002
-127.038
-116.978
-106.914
-96.5849
-86.6921
-76.3704
-66.5158
-56.5857
-46.1614
-36.2862
-26.3256
-16.1115
-5.8983
4.03367
14.3721
24.1531
34.2244
44.0797
54.7741
64.765
74.4589
85.0606
95.1576
104.688
115.032
125.138
134.926
145.259
155.414
165.379
175.398
185.654
195.585
205.55
215.795
225.906
235.835
245.822
256.232
266.116
275.982
286.355
296.379
306.642
316.602
326.405
336.769
346.852
356.787
366.77
377.241
387.09
396.911
407.447
417.328
427.194
437.325
447.671
457.777
467.684
477.685
487.81
498.121
507.962
517.867
528.42
538.166
548.617
558.478
568.317
578.782
588.638
598.67
608.837
618.939
629.08
639.06
648.852
659.264
669.183
679.514
689.415
699.708
709.514
719.54
729.813
739.854
749.83
759.887
770.158
780.087
790.034
800.422
810.327
820.267
830.458
840.617
850.739
860.725
870.631
880.768
890.926
901.042
911.216
921.106
931.068
941.557
951.466
961.432
971.689
981.663
991.661
1001.77
1012.07
1021.87
1031.9
1042.27
1052.22
1062.08
1072.45
1082.44
1092.47
1102.67
1112.54
1122.75
1132.79
1142.77
1152.77
1163.38
1172.98
1183.01
1193.25
1203.35
1213.22
1223.46
1233.39
1243.73
1253.71
1263.91
1273.85
1283.82
1294
1304.15
1314.07
1324.28
1334.21
1344.24
1354.41
1364.62
1374.8
1388.01
1398.18
1407.99
1418.45
1428.25
1438.5
1448.32
1458.42
1468.84
1478.72
1488.64
1498.89
1508.99
1519.25
1529.07
1538.99
1549.35
1559.31
1569.38
1579.33
1589.82
1599.65
1609.47
1619.89
1629.8
1639.81
1650.1
1660.09
1670.01
1679.93
1690.46
1700.11
1710.54
1720.47
1730.29
1740.84
1750.65
1760.62
1770.88
1781.04
1791.07
1801.02
1811.08
1821.32
1831.27
1841.58
1851.33
1861.4
1871.51
1881.77
1891.53
1901.84
1911.95
1922.1
1931.91
1942.17
1952.25
1962.18
1972.28
1982.45
1992.41
2002.34
2012.69
2022.67
2032.89
2042.8
2052.76
2063.21
2073.01
2082.94
2093.33
2103.36
2113.27
2123.68
2133.43
2143.67
2153.8
2163.69
2173.57
2184.21
2193.98
2203.86
2214.05
2224.26
2234.41
2244.21
2254.43
2264.43
2274.36
2284.78
2294.7
2304.83
2314.88
2324.77
2334.92
2345.08
2355.01
2365.12
2375.22
2385.51
2395.16
2405.56
2415.59
2425.6
2435.88
2445.71
2456.21
2465.98
2475.81
2486.1
2496.18
2506.08
2516.22
2526.55
Time Data
0
0.3
0.6
0.9
1.2
1.5
1.8
2.1
2.4
2.7
3
3.3
3.6
3.9
4.2
4.5
4.8
5.1
5.4
5.7
6
6.3
6.6
6.9
7.2
7.5
7.8
8.1
8.4
8.7
9
9.3
9.6
9.9
10.2
10.5
10.8
11.1
11.4
11.7
12
12.3
12.6
12.9
13.2
13.5
13.8
14.1
14.4
14.7
15
15.3
15.6
15.9
16.2
16.5
16.8
17.1
17.4
17.7
18
18.3
18.6
18.9
19.2
19.5
19.8
20.1
20.4
20.7
21
21.3
21.6
21.9
22.2
22.5
22.8
23.1
23.4
23.7
24
24.3
24.6
24.9
25.2
25.5
25.8
26.1
26.4
26.7
27
27.3
27.6
27.9
28.2
28.5
28.8
29.1
29.4
29.7
30.0000000000001
30.3000000000001
30.6000000000001
30.9000000000001
31.2000000000001
31.5000000000001
31.8000000000001
32.1000000000001
32.4
32.7
33
33.3
33.6
33.9
34.2
34.5
34.8
35.1
35.4
35.7
36
36.3
36.6
36.9
37.2
37.5
37.8
38.1
38.4
38.7
39
39.3
39.6
39.9
40.2
40.5
40.8
41.1
41.4
41.7
42
42.3
42.6
42.8999999999999
43.1999999999999
43.4999999999999
43.7999999999999
44.0999999999999
44.3999999999999
44.6999999999999
44.9999999999999
45.2999999999999
45.5999999999999
45.8999999999999
46.1999999999999
46.4999999999999
46.7999999999999
47.0999999999999
47.3999999999999
47.6999999999999
47.9999999999999
48.2999999999999
48.5999999999999
48.8999999999999
49.1999999999999
49.4999999999999
49.7999999999999
50.0999999999999
50.3999999999999
50.6999999999999
50.9999999999999
51.2999999999999
51.5999999999999
51.8999999999999
52.1999999999999
52.4999999999999
52.7999999999999
53.0999999999999
53.3999999999998
53.6999999999998
53.9999999999998
54.2999999999998
54.5999999999998
54.8999999999998
55.1999999999998
55.4999999999998
55.7999999999998
56.0999999999998
56.3999999999998
56.6999999999998
56.9999999999998
57.2999999999998
57.5999999999998
57.8999999999998
58.1999999999998
58.4999999999998
58.7999999999998
59.0999999999998
59.3999999999998
59.6999999999998
59.9999999999998
60.2999999999998
60.5999999999998
60.8999999999998
61.1999999999998
61.4999999999998
61.7999999999998
62.0999999999998
62.3999999999998
62.6999999999998
62.9999999999998
63.2999999999998
63.5999999999998
63.8999999999998
64.1999999999997
64.4999999999997
64.7999999999997
65.0999999999997
65.3999999999997
65.6999999999997
65.9999999999997
66.2999999999997
66.5999999999997
66.8999999999997
67.1999999999997
67.4999999999997
67.7999999999997
68.0999999999997
68.3999999999997
68.6999999999997
68.9999999999997
69.2999999999997
69.5999999999997
69.8999999999997
70.1999999999997
70.4999999999997
70.7999999999997
71.0999999999997
71.3999999999997
71.6999999999997
71.9999999999997
72.2999999999997
72.5999999999997
72.8999999999997
73.1999999999997
73.4999999999997
73.7999999999997
74.0999999999997
74.3999999999997
74.6999999999996
74.9999999999996
75.2999999999996
75.5999999999996
75.8999999999996
76.1999999999996
76.4999999999996
76.7999999999996
77.0999999999996
77.3999999999996
77.6999999999996
77.9999999999996
78.2999999999996
78.5999999999996
78.8999999999996
79.1999999999996
79.4999999999996
79.7999999999996
80.0999999999996
80.3999999999996
80.6999999999996
80.9999999999996
81.2999999999996
81.5999999999996
81.8999999999996
82.1999999999996
82.4999999999996
82.7999999999996
83.0999999999996
83.3999999999996
83.6999999999996
83.9999999999996
84.2999999999996
84.5999999999996
84.8999999999996
85.1999999999995
85.4999999999995
85.7999999999995
86.0999999999995
86.3999999999995
86.6999999999995
86.9999999999995
87.2999999999995
87.5999999999995
Temperature Data
0
0
0
0
0
0
0
0
0
0
0
0
0
0
0
0
0
0
0
0
0
0
0
0
0
0
0
0
0
0
0
0
0
0
0
0
0
0
0
0
0
0
0
0
0
0
0
0
0
0
0
0
0
0
0
0
0
0
0
0
0
0
0
0
0
0
0
0
0
0
0
0
0
0
0
0
0
0
0
0
0
0
0
0
0
0
0
0
0
0
0
0
0
0
0
0
0
0
0
0
0
0
0
0
0
0
0
0
0
0
0
0
0
0
0
0
0
0
0
0
0
0
0
0
0
0
0
0
0
0
0
0
0
0
0
0
0
0
0
0
0
0
0
0
0
0
0
0
0
0
0
0
0
0
0
0
0
0
0
0
0
0
0
0
0
0
0
0
0
0
0
0
0
0
0
0
0
0
0
0
0
0
0
0
0
0
0
0
0
0
0
0
0
0
0
0
0
0
0
0
0
0
0
0
0
0
0
0
0
0
0
0
0
0
0
0
0
0
0
0
0
0
0
0
0
0
0
0
0
0
0
0
0
0
0
0
0
0
0
0
0
0
0
0
0
0
0
0
0
0
0
0
0
0
0
0
0
0
0
0
0
0
0
0
0
0
0
0
0
0
0
0
0
0
0
0
0
0
0
0
0
0
0
0
0
0
0
0
0
0
0
0
0
Angle Data
0
0
0
0
0
0
0
0
0
0
0
0
0
0
0
0
0
0
0
0
0
0
0
0
0
0
0
0
0
0
0
0
0
0
0
0
0
0
0
0
0
0
0
0
0
0
0
0
0
0
0
0
0
0
0
0
0
0
0
0
0
0
0
0
0
0
0
0
0
0
0
0
0
0
0
0
0
0
0
0
0
0
0
0
0
0
0
0
0
0
0
0
0
0
0
0
0
0
0
0
0
0
0
0
0
0
0
0
0
0
0
0
0
0
0
0
0
0
0
0
0
0
0
0
0
0
0
0
0
0
0
0
0
0
0
0
0
0
0
0
0
0
0
0
0
0
0
0
0
0
0
0
0
0
0
0
0
0
0
0
0
0
0
0
0
0
0
0
0
0
0
0
0
0
0
0
0
0
0
0
0
0
0
0
0
0
0
0
0
0
0
0
0
0
0
0
0
0
0
0
0
0
0
0
0
0
0
0
0
0
0
0
0
0
0
0
0
0
0
0
0
0
0
0
0
0
0
0
0
0
0
0
0
0
0
0
0
0
0
0
0
0
0
0
0
0
0
0
0
0
0
0
0
0
0
0
0
0
0
0
0
0
0
0
0
0
0
0
0
0
0
0
0
0
0
0
0
0
0
0
0
0
0
0
0
0
0
0
0
0
0
0
0
Bx Data
0
0
0
0
0
0
0
0
0
0
0
0
0
0
0
0
0
0
0
0
0
0
0
0
0
0
0
0
0
0
0
0
0
0
0
0
0
0
0
0
0
0
0
0
0
0
0
0
0
0
0
0
0
0
0
0
0
0
0
0
0
0
0
0
0
0
0
0
0
0
0
0
0
0
0
0
0
0
0
0
0
0
0
0
0
0
0
0
0
0
0
0
0
0
0
0
0
0
0
0
0
0
0
0
0
0
0
0
0
0
0
0
0
0
0
0
0
0
0
0
0
0
0
0
0
0
0
0
0
0
0
0
0
0
0
0
0
0
0
0
0
0
0
0
0
0
0
0
0
0
0
0
0
0
0
0
0
0
0
0
0
0
0
0
0
0
0
0
0
0
0
0
0
0
0
0
0
0
0
0
0
0
0
0
0
0
0
0
0
0
0
0
0
0
0
0
0
0
0
0
0
0
0
0
0
0
0
0
0
0
0
0
0
0
0
0
0
0
0
0
0
0
0
0
0
0
0
0
0
0
0
0
0
0
0
0
0
0
0
0
0
0
0
0
0
0
0
0
0
0
0
0
0
0
0
0
0
0
0
0
0
0
0
0
0
0
0
0
0
0
0
0
0
0
0
0
0
0
0
0
0
0
0
0
0
0
0
0
0
0
0
0
0
Hint Data
0
0
0
0
0
0
0
0
0
0
0
0
0
0
0
0
0
0
0
0
0
0
0
0
0
0
0
0
0
0
0
0
0
0
0
0
0
0
0
0
0
0
0
0
0
0
0
0
0
0
0
0
0
0
0
0
0
0
0
0
0
0
0
0
0
0
0
0
0
0
0
0
0
0
0
0
0
0
0
0
0
0
0
0
0
0
0
0
0
0
0
0
0
0
0
0
0
0
0
0
0
0
0
0
0
0
0
0
0
0
0
0
0
0
0
0
0
0
0
0
0
0
0
0
0
0
0
0
0
0
0
0
0
0
0
0
0
0
0
0
0
0
0
0
0
0
0
0
0
0
0
0
0
0
0
0
0
0
0
0
0
0
0
0
0
0
0
0
0
0
0
0
0
0
0
0
0
0
0
0
0
0
0
0
0
0
0
0
0
0
0
0
0
0
0
0
0
0
0
0
0
0
0
0
0
0
0
0
0
0
0
0
0
0
0
0
0
0
0
0
0
0
0
0
0
0
0
0
0
0
0
0
0
0
0
0
0
0
0
0
0
0
0
0
0
0
0
0
0
0
0
0
0
0
0
0
0
0
0
0
0
0
0
0
0
0
0
0
0
0
0
0
0
0
0
0
0
0
0
0
0
0
0
0
0
0
0
0
0
0
0
0
0
Torque Data
2.7349513884
2.79629587578
2.711059161
2.76074654916
2.551160513
2.50895656704
2.37226391636
2.39580402444
2.24083440958
2.30502128742
2.26327765311
2.06034081504
2.0102590577
2.0299504596
1.84976977095
1.79775353771
1.82970827188
1.69097313476
1.61773166688
1.55663026585
1.476507499
1.4613795672
1.36379584448
1.319469207
1.22569034022
1.15408934848
1.06837924368
1.02857120353
0.96684914438
0.8945126694
0.84970713596
0.72732311232
0.67854755646
0.614558563058
0.532891267488
0.450384468222
0.390341739168
0.315497935738
0.261269348688
0.190805842752
0.10934842827
0.040687888992
-0.0286587009729
-0.102111902127
-0.165078467977
-0.238808280368
-0.304072349728
-0.383939601691
-0.4632355484
-0.505351065122
-0.551617140394
-0.657932968464
-0.69886777536
-0.841056468
-0.90102363312
-0.94147584872
-1.01357662948
-1.15113129418
-1.1644831527
-1.19321154624
-1.28953968822
-1.38028050615
-1.4244676665
-1.4543072435
-1.53321950388
-1.64933801435
-1.69573915328
-1.86122312624
-1.91609906784
-1.86869896038
-2.03906809335
-2.07747156429
-2.19327530352
-2.2292896626
-2.2516200272
-2.34452515958
-2.35959253376
-2.4044946291
-2.5242395095
-2.5423402713
-2.6517832704
-2.66228450161
-2.73295482697
-2.8058630752
-3.02836972212
-2.90555668725
-3.08814199904
-3.16513426678
-3.33770169544
-3.26481933895
-3.287497933
-3.49158413071
-3.66552490668
-3.80284756243
-3.6115763214
-3.7893882558
-3.83681333737
-3.78150480102
-3.84812555553
-4.0753776966
-3.98572087542
-4.3105676808
-4.31603331626
-4.32861797979
-4.4595355384
-4.3474484928
-4.54813458252
-4.42201987264
-4.95655148721
-4.92506311088
-4.9639534596
-4.84899743124
-4.86056822784
-4.9978744722
-5.25482875512
-5.00961802086
-5.3632040648
-5.21773369002
-5.4229135254
-5.57961907272
-5.44984414016
-5.47062023074
-5.74439189646
-5.81485635766
-5.76830313594
-5.97247450479
-6.2201781985
-5.937487624
-6.28259518434
-6.24374673664
-6.23078898286
-6.38746871716
-6.61890900512
-6.67610259952
-6.85190631492
-6.8841940055
-6.76004223942
-6.72388044952
-6.81106376239
-6.92778230697
-6.99834009259
-7.3085232297
-6.8688988486
-7.1140750034
-7.200309268
-7.1898286048
-7.4758863114
-7.5290638784
-7.4321106735
-7.7422170464
-8.0917832689
-8.2374411015
-8.0812903028
-7.6736257425
-8.282394085
-8.5370061465
-8.428477855
-8.8758797382
-8.4457375152
-9.006846635
-8.4778861275
-8.4157605935
-8.4269411946
-8.5175082972
-8.9003149146
-8.9551544952
-8.8675911268
-9.3013538329
-8.9898014815
-9.0601616658
-9.37880848
-8.871975952
-9.4616193768
-9.5351338272
-9.394572873
-9.3369969432
-9.7520770584
-9.97741913
-9.65851992
-9.773394813
-9.422754474
-9.1755469923
-9.401543338
-9.71621336
-10.334687475
-10.2210694208
-10.2923470398
-10.5760005216
-9.965537696
-10.5056153216
-10.2444185163
-10.5532875539
-10.5526041525
-10.2562523157
-11.1544764008
-10.6631689725
-11.1282653046
-11.1253034324
-10.3423372648
-11.0933188104
-11.441592604
-11.5885702728
-11.406131457
-11.553619604
-11.7548959945
-11.435242503
-12.0321995128
-11.4670568646
-12.282808195
-12.0373768542
-11.7547985554
-12.50661321
-12.1963774206
-12.2934855123
-12.8941755708
-12.493793829
-12.3410834962
-12.3567047936
-12.0878828592
-12.6399212933
-12.5956314822
-12.3781341436
-12.6507612276
-12.894521451
-12.9963799602
-13.3594564662
-13.017905654
-12.7911532517
-13.0108212278
-13.4390747511
-12.817070312
-13.006766416
-13.442417781
-12.8661921753
-13.8297458709
-14.180792595
-14.0034115188
-13.1663890416
-13.706936843
-14.3458301784
-14.099076642
-14.171954097
-14.0171637801
-14.4434191743
-14.254086416
-14.0299371892
-14.527680573
-14.7284665587
-14.3686200256
-14.9726684248
-14.9440993632
-14.880168051
-15.0547250464
-15.2933862835
-14.9919919487
-15.7475087
-15.6822520248
-15.0974650701
-14.7894824889
-15.3089781256
-15.6231194628
-15.7305374235
-16.2273334986
-15.5200554513
-15.124404453
-16.3757737226
-15.4766317881
-15.6890811264
-16.4872923492
-15.610568736
-16.3755175221
-16.7780650496
-16.5171886299
-16.8119843808
-16.7360386328
-16.9566372024
-16.615914048
-17.064411807
-16.1904086598
-17.3599280672
-17.2059122336
-17.2392445294
-17.696231616
-17.6550633696
-17.7651972122
-17.294911473
-17.4812829004
-17.1968029533
-17.347309692
-17.6953700964
-17.6858827152
-16.7175895446
-16.866540366
dMdH Data
-2.59938366718027E-06
4.20280875671208E-06
-3.75699440447621E-07
3.88216464939479E-06
-3.54423239635251E-07
2.31114211680289E-06
1.07403651115618E-06
3.59688529499849E-06
4.24365987071112E-06
4.59714257945347E-07
1.88489063602464E-06
1.65039156917719E-06
-9.22276683004889E-07
4.47504302926013E-07
5.48008466422936E-06
4.24609178013082E-07
2.43328721091124E-06
-2.83694905271421E-06
7.69759108102728E-06
-3.89710926016661E-06
6.28223066160305E-06
1.04551920341394E-06
5.86792086889058E-06
-3.9270534743501E-06
-1.70494433858046E-08
-1.81064131094499E-07
2.0119887846853E-06
2.04051236222821E-06
1.82055399437975E-06
3.70775347912521E-07
2.32909379968204E-06
5.02270284923181E-06
1.05228044638522E-06
3.34441032000544E-06
-2.14620583280906E-06
5.15402664625735E-06
-3.70768300989034E-06
4.2561163318211E-06
4.77882858462342E-06
-7.998746830362E-07
2.52418438883014E-06
-1.9472471221721E-06
4.91467273077243E-06
2.60709538901956E-07
1.41789044115459E-06
4.13990441691278E-07
1.94400807899459E-06
-3.09081263950191E-06
6.58352159605525E-06
1.93648188498071E-06
1.57175398633256E-06
1.25073449173171E-06
1.38051044083529E-06
9.47951711854335E-07
-5.12872905598705E-07
2.45136939901288E-06
-1.94190054160512E-06
6.313095835424E-06
2.11897394949593E-06
2.27964118564742E-06
-2.44184875641929E-06
4.30005017561466E-06
-4.53879941434861E-07
4.52972010681447E-07
5.44667136670361E-06
-3.57064183438473E-06
2.60518731988475E-06
2.89862403885067E-06
5.08818163389427E-07
-1.50390436710718E-07
-3.77094972067006E-07
2.91727565039463E-06
2.89558232931728E-06
8.55860450882388E-07
2.47587803936702E-06
-2.855301001686E-06
5.25817815802716E-06
3.66623259541215E-07
7.75475121764866E-07
-4.01055944765967E-06
4.56572650442927E-06
4.69533029612758E-06
1.40572816516546E-06
-1.81735252381915E-06
-1.55759549896358E-06
3.94935240672721E-06
1.77518305956859E-06
3.72060159483189E-06
2.96770322967706E-06
-5.41234567901233E-07
3.62137523033653E-06
-5.21288486942372E-07
1.22766279656737E-06
-1.49057140149719E-06
2.53129489021135E-06
-2.25815711415164E-07
5.41527228475809E-07
6.4864315479215E-06
9.56521739130429E-07
-7.03733766233767E-06
3.30542264752793E-06
2.29762958591521E-06
4.40506830330627E-06
-1.67537718173746E-06
-8.82765531062148E-07
1.92197712418301E-06
2.43084902036109E-06
-9.43643512450846E-07
5.28119252734487E-06
-3.23502676497322E-06
4.18828329932962E-06
-2.60146848868037E-06
2.31198882904448E-06
4.40864401830038E-06
-3.72074494572249E-06
2.64234161988773E-06
1.16138013324054E-06
5.92931554863186E-07
3.64890724141404E-06
3.10948024530011E-06
-1.69137466307275E-06
1.37910146390708E-06
-4.35714285714279E-06
1.43656167206358E-06
4.87646421891917E-06
4.81229006125264E-06
-2.10094131784493E-06
7.25822733696733E-07
2.3448752096281E-06
-1.32900177200241E-06
-2.38335310399367E-06
-4.22645960290986E-08
1.84226491405462E-06
7.53663922907047E-06
-8.78062732386302E-07
-2.68039156322537E-06
2.96106762994179E-06
-1.72760066296186E-06
3.45999598957285E-06
7.11042208441695E-06
-4.53754080522305E-06
-1.9038834951456E-06
6.28571428571416E-07
1.05363908275173E-05
-8.39826422372234E-06
6.63819095477382E-06
-8.7322515212983E-07
2.21504339440698E-06
-4.90390390390395E-06
5.55732801595219E-06
-1.99215686274508E-06
7.17325227963492E-07
3.12242899118516E-06
-5.18725099601599E-06
-1.36573146292582E-06
1.02199999999999E-05
-4.08671065032976E-06
3.91979166666664E-06
-3.64406779661016E-06
3.4931640625E-06
-7.08118811881197E-06
3.36068895643359E-06
2.48339843749999E-06
2.84290030211485E-06
-1.28820116054166E-06
-2.01402805611156E-07
6.03823529411756E-06
-2.78370221327969E-06
2.15546639919757E-06
2.44400785854612E-06
-8.29556650246242E-07
-1.15927419354852E-07
6.35651322233099E-06
-3.66062437059415E-06
-5.12462612163511E-06
2.72173058013768E-06
2.72771792360439E-06
2.10707269155206E-06
-1.20741862225592E-06
-5.67846607669609E-06
1.01834862385318E-06
8.10611854684513E-06
-6.28673469387759E-06
2.3639024390244E-06
-3.36048879837105E-07
-1.10396039603956E-06
7.57965451055675E-06
1.71862348178133E-06
-7.11189516129027E-06
7.33463414634148E-06
4.42277227722778E-06
-5.92300194931782E-06
-8.52342158859449E-07
7.12499999999995E-06
-1.52895752895751E-06
-3.1214859437751E-06
-6.67328699106244E-07
8.22110552763833E-07
4.71306005719728E-06
-4.55544252288899E-06
-1.15885947046845E-06
8.24856046065249E-06
1.82845610494452E-06
-1.1028971028971E-05
6.19241982507297E-06
3.6296296296296E-06
-6.98588709677375E-07
-5.29838709677417E-06
4.02279202279203E-06
1.28497409326383E-07
-2.3796740172579E-06
8.46928499496506E-07
5.13238289205661E-07
2.88625592417067E-06
-1.73598369011213E-06
5.05315947843541E-06
4.00584795321617E-07
7.20964566929148E-06
-7.02991026919246E-06
1.79597989949745E-06
-4.06461232604376E-06
1.84960937500003E-06
7.02512562814079E-07
-4.81474296799228E-06
4.41641025641027E-06
1.92750744786492E-06
-4.04747774480715E-06
3.75730994152048E-06
1.36270491803278E-06
4.02230843840934E-06
-1.06330365974285E-06
-1.17635467980299E-06
-2.14067278287071E-08
-3.17056530214428E-06
-2.09821428571432E-06
2.68479355488421E-06
8.00891089108919E-06
5.53785644051122E-06
-1.27610441767068E-06
-7.40886203423974E-06
1.13816425120766E-06
1.86472945891788E-06
3.09491193737763E-06
-3.20282542885976E-06
8.63453815261031E-07
2.12918660287082E-06
-8.53061224489759E-07
-2.14602215508564E-06
2.05582290664101E-06
2.27318045862442E-07
2.10898082744705E-06
1.86071085494722E-06
-2.25641025641465E-08
-2.58496093749992E-06
1.9249753208289E-07
-6.40849342770484E-06
7.53441295546553E-06
4.82142857142861E-06
-6.63664278403277E-06
-8.25910931174091E-07
-1.73110893032377E-06
1.21841332027422E-06
6.21477832512338E-06
-5.0602040816326E-06
2.73972602739717E-07
6.99899999999998E-06
6.64652567976231E-08
2.43857965451054E-06
-3.12096774193561E-06
-4.86870681145111E-06
2.80895522388061E-06
3.66026289180988E-06
-6.72315270935953E-06
-4.62598425196842E-07
3.81671701913387E-07
-1.26904055390708E-06
8.18712871287135E-06
-6.93877551020389E-07
9.89637305699574E-07
-2.24423076923077E-06
-3.81355932203383E-06
7.20079920079941E-06
-1.2675097276265E-06
9.46083418107869E-07
1.47523809523809E-06
-2.83213920163763E-06
4.33672431332659E-06
1.63265306122407E-07
-9.9801587301589E-07
1.7272727272727E-06
-2.46252465483238E-06
-2.94288480154877E-06
-2.94288480154877E-06
dMdT Data
0
0
0
0
0
0
0
0
0
0
0
0
0
0
0
0
0
0
0
0
0
0
0
0
0
0
0
0
0
0
0
0
0
0
0
0
0
0
0
0
0
0
0
0
0
0
0
0
0
0
0
0
0
0
0
0
0
0
0
0
0
0
0
0
0
0
0
0
0
0
0
0
0
0
0
0
0
0
0
0
0
0
0
0
0
0
0
0
0
0
0
0
0
0
0
0
0
0
0
0
0
0
0
0
0
0
0
0
0
0
0
0
0
0
0
0
0
0
0
0
0
0
0
0
0
0
0
0
0
0
0
0
0
0
0
0
0
0
0
0
0
0
0
0
0
0
0
0
0
0
0
0
0
0
0
0
0
0
0
0
0
0
0
0
0
0
0
0
0
0
0
0
0
0
0
0
0
0
0
0
0
0
0
0
0
0
0
0
0
0
0
0
0
0
0
0
0
0
0
0
0
0
0
0
0
0
0
0
0
0
0
0
0
0
0
0
0
0
0
0
0
0
0
0
0
0
0
0
0
0
0
0
0
0
0
0
0
0
0
0
0
0
0
0
0
0
0
0
0
0
0
0
0
0
0
0
0
0
0
0
0
0
0
0
0
0
0
0
0
0
0
0
0
0
0
0
0
0
0
0
0
0
0
0
0
0
0
0
0
0
0
0
0
 
*********************************************** Results ***************************************
 
TotalArea 0
AreaFirstQuad 0
AreaSecondQuad 0
AreaThirdQuad 0
AreaFourthQuad 0
Coercivity 0
PositiveCoercivity 0
NegativeCoercivity 0
Retentivity 8.70345394793713E-04
PositiveRetentivity 1.19733376271187E-03
NegativeRetentivity 2.93802455229929E-03
Magnetization 0.0048673
PositiveMagnetization 0.0048673
NegativeMagnetization 0.00226083
Flatness -2.37569954396743
Squareness 0.178814824398273
SStar 0
SFD1 0
SFD2 0
Slope 0
Intercept 0
SlopeAtHc -2.94288480154877E-06
dH1 -167.41380000626
dH2 98.911
InitialSlope -2.59938366718027E-06
FieldAtHalfMs -331.584915397235
FieldAtMs 2506.08
MomentMean 3.94183310580205E-03
MomentRMS 7.47631027145244E-04
SFD3 0
dH3 -334.82760001252
UserField1 0
UserField2 0
CenterField 0
ExchangeField 0
ExchangeMoment 0
ExRegionOneIntercept 0
ExRegionOneSlope 0
ExRegionTwoIntercept 0
ExRegionTwoSlope 0
NegativeIntercept 0
NegativeSlope 0
AutoCenterOffset 0
PinningField 0
PinningMoment 0
PinRegionOneIntercept 0
PinRegionOneSlope 0
PinRegionTwoIntercept 0
PinRegionTwoSlope 0
PositiveIntercept 0
PositiveSlope 0
TotalOffset 0
BHMax 0
BCoercivity 0
BRetentivity 0
BNegativeCoercivity 0
BPositiveCoercivity 0
BNegativeRetentivity 0
BPositiveRetentivity 0
MomentYMean -7.01064566552901E-03
MomentYRMS 1.98726277955342E-04
YOffCorrection 0
Mrt 0
Ms1 0
Ms2 0
Ms3 0
Hc2 0
Hex2 0
HsatValue 0
HsatIntercept 0
HsatSlope 0
CenterH 0
Span .00260647
SpanAsPercentOfRange -49.178679245283
RMSAsPercentOfRange -14.1062457951933
SpanAsPercentOfMean 66.1232967008039
RMSAsPercentOfMean 18.9665824777004
