Version 1.25
******************************************** Units *******************************************
System CGS
TemperatureUnit K
MomentUnit emu
AppliedFieldUnit G
 
******************************************** Setup ********************************************
 
Experiment CustomField
Minor False
Acquisition Continuous
EditedPoint No
MaxField 15000
FieldIncrement 100
Points 293
MinField 0
RampRate 10
AverageTime 0.3
TimeInterval 0
TimeConstant 0.1
TimeConstantIndex 0
Sensitivity -0.0053
SensitivityIndex 5
SensitivityY -400
SensitivityIndexY 0
SaturationField 8000
ExperimentTime 100
Use735Domains True
AutoRangeEnabled False
NumberOfVertices 2
VertexPts
0
292
VertexField
-2387.4687
564.2439
StartAngle 0
EndAngle 0
AngleIncrement 0
StartTemp 0
FinishTemp 0
TempIncrement 0
TempPoints 0
LengthofSetPointsArray 293
SetPointArray
-2387.46867
-2377.36007
-2367.25146
-2357.14286
-2347.03425
-2336.92565
-2326.81704
-2316.70844
-2306.59983
-2296.49123
-2286.38262
-2276.27402
-2266.16541
-2256.05681
-2245.9482
-2235.8396
-2225.73099
-2215.62239
-2205.51378
-2195.40518
-2185.29657
-2175.18797
-2165.07937
-2154.97076
-2144.86216
-2134.75355
-2124.64495
-2114.53634
-2104.42774
-2094.31913
-2084.21053
-2074.10192
-2063.99332
-2053.88471
-2043.77611
-2033.6675
-2023.5589
-2013.45029
-2003.34169
-1993.23308
-1983.12448
-1973.01587
-1962.90727
-1952.79866
-1942.69006
-1932.58145
-1922.47285
-1912.36424
-1902.25564
-1892.14703
-1882.03843
-1871.92982
-1861.82122
-1851.71261
-1841.60401
-1831.49541
-1821.3868
-1811.2782
-1801.16959
-1791.06099
-1780.95238
-1770.84378
-1760.73517
-1750.62657
-1740.51796
-1730.40936
-1720.30075
-1710.19215
-1700.08354
-1689.97494
-1679.86633
-1669.75773
-1659.64912
-1649.54052
-1639.43191
-1629.32331
-1619.2147
-1609.1061
-1598.99749
-1588.88889
-1578.78028
-1568.67168
-1558.56307
-1548.45447
-1538.34586
-1528.23726
-1518.12865
-1508.02005
-1497.91145
-1487.80284
-1477.69424
-1467.58563
-1457.47703
-1447.36842
-1437.25982
-1427.15121
-1417.04261
-1406.934
-1396.8254
-1386.71679
-1376.60819
-1366.49958
-1356.39098
-1346.28237
-1336.17377
-1326.06516
-1315.95656
-1305.84795
-1295.73935
-1285.63074
-1275.52214
-1265.41353
-1255.30493
-1245.19632
-1235.08772
-1224.97911
-1214.87051
-1204.7619
-1194.6533
-1184.5447
-1174.43609
-1164.32749
-1154.21888
-1144.11028
-1134.00167
-1123.89307
-1113.78446
-1103.67586
-1093.56725
-1083.45865
-1073.35004
-1063.24144
-1053.13283
-1043.02423
-1032.91562
-1022.80702
-1012.69841
-1002.58981
-992.4812
-982.3726
-972.26399
-962.15539
-952.04678
-941.93818
-931.82957
-921.72097
-911.61236
-901.50376
-891.39515
-881.28655
-871.17794
-861.06934
-850.96074
-840.85213
-830.74353
-820.63492
-810.52632
-800.41771
-790.30911
-780.2005
-770.0919
-759.98329
-749.87469
-739.76608
-729.65748
-719.54887
-709.44027
-699.33166
-689.22306
-679.11445
-669.00585
-658.89724
-648.78864
-638.68003
-628.57143
-618.46282
-608.35422
-598.24561
-588.13701
-578.0284
-567.9198
-557.81119
-547.70259
-537.59398
-527.48538
-517.37678
-507.26817
-497.15957
-487.05096
-476.94236
-466.83375
-456.72515
-446.61654
-436.50794
-426.39933
-416.29073
-406.18212
-396.07352
-385.96491
-375.85631
-365.7477
-355.6391
-345.53049
-335.42189
-325.31328
-315.20468
-305.09607
-294.98747
-284.87886
-274.77026
-264.66165
-254.55305
-244.44444
-234.33584
-224.22723
-214.11863
-204.01003
-193.90142
-183.79282
-173.68421
-163.57561
-153.467
-143.3584
-133.24979
-123.14119
-113.03258
-102.92398
-92.81537
-82.70677
-72.59816
-62.48956
-52.38095
-42.27235
-32.16374
-22.05514
-11.94653
-1.83793
8.27068
18.37928
28.48789
38.59649
48.7051
58.8137
68.92231
79.03091
89.13952
99.24812
109.35673
119.46533
129.57393
139.68254
149.79114
159.89975
170.00835
180.11696
190.22556
200.33417
210.44277
220.55138
230.65998
240.76859
250.87719
260.9858
271.0944
281.20301
291.31161
301.42022
311.52882
321.63743
331.74603
341.85464
351.96324
362.07185
372.18045
382.28906
392.39766
402.50627
412.61487
422.72348
432.83208
442.94069
453.04929
463.15789
473.2665
483.3751
493.48371
503.59231
513.70092
523.80952
533.91813
544.02673
554.13534
564.24394
FieldDomainFile C:\IDEASVSM\Default UserID\Experiments\FORCexp0346B\fdomain.ini
TempDomainFile C:\IDEASVSM\Default UserID\Experiments\FORCexp0346B\tdomain.ini
NumSelectedResults 0
ResultsSelected 
UserName1 
UserValue1 
UserName2 
UserValue2 
LinearBackgroundCorrection Off
MaxLinearFieldCorrection 
MinLinearFieldCorrection 
AutoLinearCorrection Off
FitOneRegion Off
BackgroundMode Off
BackgroundFilename 
AutoCenter Off
OffsetCorrection 
SmoothDeriv Off
DerivOrder 0
DerivPoints 0
MinExFieldOne 
MaxExFieldOne 
MinExFieldTwo 
MaxExFieldTwo 
MinPinFieldOne 
MaxPinFieldOne 
MinPinFieldTwo 
MaxPinFieldTwo 
HCenterStart 
Mass 
Volume 
Density 
MolarWeight 
NumberOfMoles 
Demagnetization 
SampleArea 
Thickness 
MomentScaling 0
XAxis 0
YAxis 0
SimpleSpinValve False
HsatMax 0
HsatMin 0
FieldAutoRange False
 
*************************************************** Experiment Data ********************************************
 
DataPoints 293
MomentX Data
-0.00478678
-0.00478265
-0.00483943
-0.00480328
-0.00478513
-0.00476409
-0.00479244
-0.00475958
-0.00477897
-0.00481944
-0.00477047
-0.00475992
-0.00474586
-0.00477433
-0.00473826
-0.00478351
-0.00475757
-0.00476468
-0.00475439
-0.00474419
-0.0047533
-0.0047601
-0.00473655
-0.00475321
-0.00472694
-0.0046856
-0.00472683
-0.00473079
-0.00473995
-0.00471956
-0.00467765
-0.00471397
-0.00467413
-0.00469001
-0.0047022
-0.00469462
-0.00469039
-0.00469596
-0.00467619
-0.00466285
-0.00469045
-0.00470759
-0.0046424
-0.0046742
-0.00464447
-0.00466901
-0.00461077
-0.00466197
-0.00459285
-0.00462639
-0.00462035
-0.00460326
-0.00461219
-0.00465734
-0.00464164
-0.00461907
-0.00460891
-0.00462215
-0.00458357
-0.00458247
-0.00458039
-0.00460203
-0.00459787
-0.00460257
-0.00459705
-0.00455851
-0.00455541
-0.00455499
-0.00460436
-0.00457083
-0.0045279
-0.00453058
-0.00458033
-0.00455187
-0.00452073
-0.00454226
-0.00454377
-0.00451157
-0.00453967
-0.00452814
-0.00455016
-0.00444922
-0.00449931
-0.00447805
-0.00448464
-0.00448053
-0.00447504
-0.00445197
-0.00446548
-0.00445782
-0.00443414
-0.00445848
-0.00444712
-0.00445606
-0.00439227
-0.00445069
-0.00440919
-0.00441443
-0.00442243
-0.00439644
-0.00437039
-0.00439902
-0.00436741
-0.004401
-0.00436769
-0.00438779
-0.00434894
-0.00436576
-0.00437105
-0.00436739
-0.00439098
-0.00438612
-0.00433249
-0.00433757
-0.00435404
-0.0042744
-0.00434258
-0.00433166
-0.00432241
-0.00433266
-0.00428007
-0.00428159
-0.0042837
-0.00433289
-0.00432058
-0.00429102
-0.00423572
-0.00423542
-0.00426216
-0.00421692
-0.00417294
-0.00422678
-0.00417425
-0.00418783
-0.0041621
-0.00418002
-0.00416585
-0.00420502
-0.00419673
-0.00413704
-0.0041123
-0.00412734
-0.00417956
-0.00412067
-0.00411065
-0.0041499
-0.00412104
-0.00411605
-0.00406397
-0.00408984
-0.00408993
-0.00409152
-0.00409543
-0.0040295
-0.00407189
-0.00399332
-0.00406607
-0.00400148
-0.00401211
-0.00398294
-0.00400473
-0.00396564
-0.0040164
-0.00405317
-0.00398196
-0.00391806
-0.00395378
-0.0038935
-0.00398963
-0.00396036
-0.00387895
-0.00388217
-0.00386982
-0.0038783
-0.00394363
-0.00392856
-0.00387213
-0.0038298
-0.00379152
-0.00383018
-0.00380144
-0.00389423
-0.00381271
-0.00381818
-0.00375998
-0.00383199
-0.00378451
-0.00375757
-0.00368364
-0.00368464
-0.00371958
-0.00373595
-0.00375008
-0.00376028
-0.00368704
-0.00367003
-0.0036589
-0.0036676
-0.00367003
-0.00363644
-0.0035689
-0.0036026
-0.0036022
-0.00361654
-0.00358978
-0.00359793
-0.00354432
-0.00347514
-0.00353503
-0.00353349
-0.00356233
-0.00351752
-0.00342102
-0.00341141
-0.00339187
-0.00344219
-0.00341826
-0.00344723
-0.00337399
-0.0034155
-0.00332898
-0.00334662
-0.00334692
-0.00330689
-0.00341201
-0.00332773
-0.00331764
-0.00327063
-0.00325648
-0.00330273
-0.00334828
-0.00317317
-0.0031894
-0.00325636
-0.00319996
-0.00314767
-0.003183
-0.00318191
-0.00316312
-0.00319977
-0.00312044
-0.00311713
-0.00300848
-0.00300168
-0.00300706
-0.00301391
-0.00305621
-0.002894
-0.00298627
-0.00295882
-0.00291261
-0.00281356
-0.00291325
-0.00291601
-0.00286532
-0.00282595
-0.00283548
-0.00270322
-0.00275517
-0.0027808
-0.00264551
-0.00270858
-0.0026867
-0.0027037
-0.00275017
-0.00260841
-0.00252582
-0.00267523
-0.00256509
-0.00259705
-0.00245164
-0.00246414
-0.002394
-0.00243585
-0.00240192
-0.00235579
-0.00238501
-0.00229979
-0.00230342
-0.00222578
-0.00216032
-0.00222905
-0.00217638
-0.00218192
-0.00215554
-0.00206222
-0.00204767
-0.00202907
-0.00198794
-0.00195024
-0.00186651
-0.00173919
-0.00177602
MomentY Data
-0.00572205
-0.00603994
-0.00572205
-0.00570615
-0.00578562
-0.0058651
-0.00565847
-0.00562668
-0.00597636
-0.00567436
-0.00572205
-0.00583331
-0.00592868
-0.00567436
-0.00565847
-0.00581741
-0.00573794
-0.00607173
-0.00588099
-0.00572205
-0.00576973
-0.00618299
-0.00581741
-0.00597636
-0.00592868
-0.00611941
-0.0055631
-0.00540415
-0.00545184
-0.00572205
-0.00576973
-0.00562668
-0.00588099
-0.00594457
-0.00603994
-0.00597636
-0.00611941
-0.0055631
-0.00588099
-0.00588099
-0.00583331
-0.0058651
-0.00576973
-0.00600815
-0.00588099
-0.00581741
-0.00565847
-0.00597636
-0.0055631
-0.00591278
-0.00602404
-0.00567436
-0.00623067
-0.00567436
-0.00567436
-0.00618299
-0.00600815
-0.00591278
-0.00597636
-0.00573794
-0.00607173
-0.00591278
-0.0061353
-0.00591278
-0.00610352
-0.00588099
-0.00602404
-0.00603994
-0.00578562
-0.00562668
-0.00603994
-0.00616709
-0.00619888
-0.00589689
-0.0061353
-0.00594457
-0.00592868
-0.00605583
-0.00588099
-0.00578562
-0.00572205
-0.00607173
-0.0061353
-0.00603994
-0.00600815
-0.00629425
-0.0061353
-0.00588099
-0.0055631
-0.00588099
-0.00583331
-0.00594457
-0.00591278
-0.00562668
-0.00572205
-0.00597636
-0.00583331
-0.00603994
-0.00572205
-0.00602404
-0.00599225
-0.00567436
-0.00623067
-0.00603994
-0.00589689
-0.0061353
-0.0058651
-0.00592868
-0.0055631
-0.00602404
-0.00623067
-0.00588099
-0.00591278
-0.00591278
-0.00583331
-0.00623067
-0.00576973
-0.00603994
-0.00588099
-0.00578562
-0.00596046
-0.00591278
-0.00588099
-0.00561078
-0.00561078
-0.00588099
-0.00553131
-0.00616709
-0.00603994
-0.00623067
-0.00623067
-0.00632604
-0.00600815
-0.00594457
-0.00591278
-0.00588099
-0.00623067
-0.00591278
-0.00573794
-0.00589689
-0.00599225
-0.00578562
-0.00597636
-0.00607173
-0.00607173
-0.0064532
-0.00610352
-0.00607173
-0.00616709
-0.00592868
-0.00594457
-0.00592868
-0.00572205
-0.00602404
-0.00597636
-0.00589689
-0.0061353
-0.00588099
-0.00603994
-0.00572205
-0.00578562
-0.00610352
-0.00607173
-0.00623067
-0.00607173
-0.00581741
-0.00607173
-0.0061353
-0.00597636
-0.00592868
-0.00632604
-0.00603994
-0.00608762
-0.00619888
-0.00594457
-0.00607173
-0.0061353
-0.00600815
-0.00616709
-0.00608762
-0.00583331
-0.00581741
-0.00588099
-0.00594457
-0.00607173
-0.0058492
-0.00580152
-0.00583331
-0.00603994
-0.00607173
-0.00607173
-0.00626246
-0.00642141
-0.00607173
-0.00623067
-0.0061353
-0.00607173
-0.0061353
-0.00592868
-0.00588099
-0.0061353
-0.0061353
-0.00629425
-0.00594457
-0.00607173
-0.00596046
-0.00623067
-0.00607173
-0.00575384
-0.00594457
-0.00610352
-0.0061353
-0.0061353
-0.00607173
-0.00611941
-0.00610352
-0.00635783
-0.00611941
-0.00600815
-0.00616709
-0.00610352
-0.00632604
-0.00597636
-0.00607173
-0.00605583
-0.00597636
-0.00608762
-0.00607173
-0.00597636
-0.00607173
-0.0061353
-0.00638962
-0.00623067
-0.00623067
-0.00651677
-0.00623067
-0.00594457
-0.00603994
-0.00608762
-0.00592868
-0.00632604
-0.00572205
-0.00602404
-0.0058492
-0.00607173
-0.00642141
-0.00581741
-0.00597636
-0.00626246
-0.00567436
-0.00591278
-0.00638962
-0.00608762
-0.00610352
-0.00629425
-0.00632604
-0.00629425
-0.00600815
-0.00608762
-0.00602404
-0.0061353
-0.00623067
-0.00600815
-0.00591278
-0.00619888
-0.00594457
-0.00596046
-0.00635783
-0.00635783
-0.00616709
-0.00619888
-0.00616709
-0.00596046
-0.00626246
-0.00629425
-0.00642141
-0.00632604
-0.00610352
-0.00626246
-0.00616709
-0.00623067
-0.0061353
-0.00607173
-0.00626246
-0.00583331
-0.00603994
-0.00603994
-0.00588099
-0.00623067
-0.00616709
-0.0061353
-0.00616709
-0.00632604
Field Data
-2386.82
-2380.51
-2370.87
-2360.91
-2350.77
-2340.46
-2330.44
-2320.19
-2310.18
-2300.33
-2289.83
-2279.87
-2269.98
-2259.69
-2249.59
-2239.68
-2229.68
-2219.11
-2209.24
-2199.57
-2188.95
-2179.16
-2169.03
-2158.97
-2148.72
-2138.33
-2128.61
-2118.75
-2108.47
-2098.37
-2088.04
-2078.43
-2068.35
-2058.01
-2047.81
-2037.98
-2028.17
-2017.53
-2007.62
-1997.44
-1987.5
-1977.64
-1967.19
-1957.33
-1947.31
-1937.07
-1927.01
-1916.92
-1907.03
-1896.68
-1886.65
-1876.83
-1866.21
-1856.58
-1846.1
-1836.41
-1826.28
-1815.96
-1806.03
-1796.06
-1785.84
-1775.74
-1765.88
-1755.8
-1745.38
-1735.53
-1725.76
-1715.31
-1705.02
-1695.04
-1685.04
-1675.19
-1664.82
-1654.76
-1644.9
-1634.85
-1624.45
-1614.49
-1604.67
-1594.1
-1584.34
-1571.09
-1560.69
-1550.7
-1540.47
-1530.52
-1520.46
-1510.28
-1500.42
-1490.4
-1480.29
-1469.91
-1460.05
-1450.1
-1439.59
-1429.91
-1419.83
-1409.46
-1399.66
-1389.25
-1379.57
-1369.26
-1359.23
-1349.11
-1339.15
-1329.22
-1318.77
-1308.96
-1299
-1288.48
-1278.68
-1268.85
-1258.53
-1248.3
-1238.13
-1228.44
-1218.07
-1208.02
-1198.12
-1187.83
-1177.97
-1167.93
-1157.75
-1147.5
-1137.73
-1127.61
-1117.27
-1107.23
-1097.22
-1087.18
-1077.27
-1066.84
-1057.02
-1047.06
-1036.7
-1026.77
-1016.79
-1006.45
-996.408
-986.559
-976.518
-966.027
-956.02
-946.027
-936.184
-926.112
-915.748
-905.823
-895.923
-885.603
-875.569
-865.641
-855.534
-845.126
-835.28
-825.441
-815.015
-805.108
-794.655
-784.926
-774.977
-764.568
-754.63
-744.706
-734.525
-724.344
-714.441
-704.472
-693.944
-683.169
-670.873
-660.462
-650.603
-640.36
-630.536
-620.365
-610.208
-600.226
-590.258
-580.018
-569.868
-559.962
-549.925
-539.49
-529.707
-519.759
-509.386
-499.439
-489.554
-479.358
-469.035
-459.031
-449.027
-439.033
-428.985
-418.579
-408.774
-398.722
-388.509
-378.518
-368.671
-358.252
-348.207
-338.42
-328.203
-317.908
-307.798
-297.846
-288.01
-277.911
-267.485
-257.728
-247.713
-237.306
-227.391
-217.485
-207.221
-197.091
-187.075
-177.087
-166.759
-156.712
-146.723
-136.817
-126.687
-116.309
-106.55
-96.6021
-86.112
-76.2571
-66.3064
-56.2459
-45.9623
-35.9808
-26.3428
-15.7551
-5.60699
4.82391
14.5954
24.3315
34.7152
44.5619
54.5768
64.7307
74.8485
85.0348
95.0906
105.321
115.394
125.183
135.541
145.47
155.435
165.457
175.688
185.733
195.579
206.041
215.936
225.852
236.194
246.255
256.443
266.003
276.585
286.482
296.702
306.431
316.53
326.963
336.848
346.663
357.082
367.119
377.121
387.045
397.453
407.574
417.278
427.621
437.555
447.966
457.662
467.653
477.815
488.036
497.972
508.209
518.046
528.342
538.286
548.416
558.181
Time Data
0
0.3
0.6
0.9
1.2
1.5
1.8
2.1
2.4
2.7
3
3.3
3.6
3.9
4.2
4.5
4.8
5.1
5.4
5.7
6
6.3
6.6
6.9
7.2
7.5
7.8
8.1
8.4
8.7
9
9.3
9.6
9.9
10.2
10.5
10.8
11.1
11.4
11.7
12
12.3
12.6
12.9
13.2
13.5
13.8
14.1
14.4
14.7
15
15.3
15.6
15.9
16.2
16.5
16.8
17.1
17.4
17.7
18
18.3
18.6
18.9
19.2
19.5
19.8
20.1
20.4
20.7
21
21.3
21.6
21.9
22.2
22.5
22.8
23.1
23.4
23.7
24
24.3
24.6
24.9
25.2
25.5
25.8
26.1
26.4
26.7
27
27.3
27.6
27.9
28.2
28.5
28.8
29.1
29.4
29.7
30.0000000000001
30.3000000000001
30.6000000000001
30.9000000000001
31.2000000000001
31.5000000000001
31.8000000000001
32.1000000000001
32.4
32.7
33
33.3
33.6
33.9
34.2
34.5
34.8
35.1
35.4
35.7
36
36.3
36.6
36.9
37.2
37.5
37.8
38.1
38.4
38.7
39
39.3
39.6
39.9
40.2
40.5
40.8
41.1
41.4
41.7
42
42.3
42.6
42.8999999999999
43.1999999999999
43.4999999999999
43.7999999999999
44.0999999999999
44.3999999999999
44.6999999999999
44.9999999999999
45.2999999999999
45.5999999999999
45.8999999999999
46.1999999999999
46.4999999999999
46.7999999999999
47.0999999999999
47.3999999999999
47.6999999999999
47.9999999999999
48.2999999999999
48.5999999999999
48.8999999999999
49.1999999999999
49.4999999999999
49.7999999999999
50.0999999999999
50.3999999999999
50.6999999999999
50.9999999999999
51.2999999999999
51.5999999999999
51.8999999999999
52.1999999999999
52.4999999999999
52.7999999999999
53.0999999999999
53.3999999999998
53.6999999999998
53.9999999999998
54.2999999999998
54.5999999999998
54.8999999999998
55.1999999999998
55.4999999999998
55.7999999999998
56.0999999999998
56.3999999999998
56.6999999999998
56.9999999999998
57.2999999999998
57.5999999999998
57.8999999999998
58.1999999999998
58.4999999999998
58.7999999999998
59.0999999999998
59.3999999999998
59.6999999999998
59.9999999999998
60.2999999999998
60.5999999999998
60.8999999999998
61.1999999999998
61.4999999999998
61.7999999999998
62.0999999999998
62.3999999999998
62.6999999999998
62.9999999999998
63.2999999999998
63.5999999999998
63.8999999999998
64.1999999999997
64.4999999999997
64.7999999999997
65.0999999999997
65.3999999999997
65.6999999999997
65.9999999999997
66.2999999999997
66.5999999999997
66.8999999999997
67.1999999999997
67.4999999999997
67.7999999999997
68.0999999999997
68.3999999999997
68.6999999999997
68.9999999999997
69.2999999999997
69.5999999999997
69.8999999999997
70.1999999999997
70.4999999999997
70.7999999999997
71.0999999999997
71.3999999999997
71.6999999999997
71.9999999999997
72.2999999999997
72.5999999999997
72.8999999999997
73.1999999999997
73.4999999999997
73.7999999999997
74.0999999999997
74.3999999999997
74.6999999999996
74.9999999999996
75.2999999999996
75.5999999999996
75.8999999999996
76.1999999999996
76.4999999999996
76.7999999999996
77.0999999999996
77.3999999999996
77.6999999999996
77.9999999999996
78.2999999999996
78.5999999999996
78.8999999999996
79.1999999999996
79.4999999999996
79.7999999999996
80.0999999999996
80.3999999999996
80.6999999999996
80.9999999999996
81.2999999999996
81.5999999999996
81.8999999999996
82.1999999999996
82.4999999999996
82.7999999999996
83.0999999999996
83.3999999999996
83.6999999999996
83.9999999999996
84.2999999999996
84.5999999999996
84.8999999999996
85.1999999999995
85.4999999999995
85.7999999999995
86.0999999999995
86.3999999999995
86.6999999999995
86.9999999999995
87.2999999999995
87.5999999999995
Temperature Data
0
0
0
0
0
0
0
0
0
0
0
0
0
0
0
0
0
0
0
0
0
0
0
0
0
0
0
0
0
0
0
0
0
0
0
0
0
0
0
0
0
0
0
0
0
0
0
0
0
0
0
0
0
0
0
0
0
0
0
0
0
0
0
0
0
0
0
0
0
0
0
0
0
0
0
0
0
0
0
0
0
0
0
0
0
0
0
0
0
0
0
0
0
0
0
0
0
0
0
0
0
0
0
0
0
0
0
0
0
0
0
0
0
0
0
0
0
0
0
0
0
0
0
0
0
0
0
0
0
0
0
0
0
0
0
0
0
0
0
0
0
0
0
0
0
0
0
0
0
0
0
0
0
0
0
0
0
0
0
0
0
0
0
0
0
0
0
0
0
0
0
0
0
0
0
0
0
0
0
0
0
0
0
0
0
0
0
0
0
0
0
0
0
0
0
0
0
0
0
0
0
0
0
0
0
0
0
0
0
0
0
0
0
0
0
0
0
0
0
0
0
0
0
0
0
0
0
0
0
0
0
0
0
0
0
0
0
0
0
0
0
0
0
0
0
0
0
0
0
0
0
0
0
0
0
0
0
0
0
0
0
0
0
0
0
0
0
0
0
0
0
0
0
0
0
0
0
0
0
0
0
0
0
0
0
0
0
0
0
0
0
0
0
Angle Data
0
0
0
0
0
0
0
0
0
0
0
0
0
0
0
0
0
0
0
0
0
0
0
0
0
0
0
0
0
0
0
0
0
0
0
0
0
0
0
0
0
0
0
0
0
0
0
0
0
0
0
0
0
0
0
0
0
0
0
0
0
0
0
0
0
0
0
0
0
0
0
0
0
0
0
0
0
0
0
0
0
0
0
0
0
0
0
0
0
0
0
0
0
0
0
0
0
0
0
0
0
0
0
0
0
0
0
0
0
0
0
0
0
0
0
0
0
0
0
0
0
0
0
0
0
0
0
0
0
0
0
0
0
0
0
0
0
0
0
0
0
0
0
0
0
0
0
0
0
0
0
0
0
0
0
0
0
0
0
0
0
0
0
0
0
0
0
0
0
0
0
0
0
0
0
0
0
0
0
0
0
0
0
0
0
0
0
0
0
0
0
0
0
0
0
0
0
0
0
0
0
0
0
0
0
0
0
0
0
0
0
0
0
0
0
0
0
0
0
0
0
0
0
0
0
0
0
0
0
0
0
0
0
0
0
0
0
0
0
0
0
0
0
0
0
0
0
0
0
0
0
0
0
0
0
0
0
0
0
0
0
0
0
0
0
0
0
0
0
0
0
0
0
0
0
0
0
0
0
0
0
0
0
0
0
0
0
0
0
0
0
0
0
Bx Data
0
0
0
0
0
0
0
0
0
0
0
0
0
0
0
0
0
0
0
0
0
0
0
0
0
0
0
0
0
0
0
0
0
0
0
0
0
0
0
0
0
0
0
0
0
0
0
0
0
0
0
0
0
0
0
0
0
0
0
0
0
0
0
0
0
0
0
0
0
0
0
0
0
0
0
0
0
0
0
0
0
0
0
0
0
0
0
0
0
0
0
0
0
0
0
0
0
0
0
0
0
0
0
0
0
0
0
0
0
0
0
0
0
0
0
0
0
0
0
0
0
0
0
0
0
0
0
0
0
0
0
0
0
0
0
0
0
0
0
0
0
0
0
0
0
0
0
0
0
0
0
0
0
0
0
0
0
0
0
0
0
0
0
0
0
0
0
0
0
0
0
0
0
0
0
0
0
0
0
0
0
0
0
0
0
0
0
0
0
0
0
0
0
0
0
0
0
0
0
0
0
0
0
0
0
0
0
0
0
0
0
0
0
0
0
0
0
0
0
0
0
0
0
0
0
0
0
0
0
0
0
0
0
0
0
0
0
0
0
0
0
0
0
0
0
0
0
0
0
0
0
0
0
0
0
0
0
0
0
0
0
0
0
0
0
0
0
0
0
0
0
0
0
0
0
0
0
0
0
0
0
0
0
0
0
0
0
0
0
0
0
0
0
Hint Data
0
0
0
0
0
0
0
0
0
0
0
0
0
0
0
0
0
0
0
0
0
0
0
0
0
0
0
0
0
0
0
0
0
0
0
0
0
0
0
0
0
0
0
0
0
0
0
0
0
0
0
0
0
0
0
0
0
0
0
0
0
0
0
0
0
0
0
0
0
0
0
0
0
0
0
0
0
0
0
0
0
0
0
0
0
0
0
0
0
0
0
0
0
0
0
0
0
0
0
0
0
0
0
0
0
0
0
0
0
0
0
0
0
0
0
0
0
0
0
0
0
0
0
0
0
0
0
0
0
0
0
0
0
0
0
0
0
0
0
0
0
0
0
0
0
0
0
0
0
0
0
0
0
0
0
0
0
0
0
0
0
0
0
0
0
0
0
0
0
0
0
0
0
0
0
0
0
0
0
0
0
0
0
0
0
0
0
0
0
0
0
0
0
0
0
0
0
0
0
0
0
0
0
0
0
0
0
0
0
0
0
0
0
0
0
0
0
0
0
0
0
0
0
0
0
0
0
0
0
0
0
0
0
0
0
0
0
0
0
0
0
0
0
0
0
0
0
0
0
0
0
0
0
0
0
0
0
0
0
0
0
0
0
0
0
0
0
0
0
0
0
0
0
0
0
0
0
0
0
0
0
0
0
0
0
0
0
0
0
0
0
0
0
Torque Data
13.657503381
14.3781375694
13.5662366835
13.4717065965
13.6006619274
13.727031946
13.1867248268
13.0549666692
13.8064673448
13.0529005388
13.1025217515
13.2991884697
13.4579850264
12.8222945484
12.7292375273
13.0291368288
12.7937700592
13.4738367603
12.9925183476
12.5860495185
12.6296504835
13.4737244884
12.6181368123
12.9027819492
12.7390732896
13.0853179853
11.841670291
11.4500428125
11.4950410848
12.0069780585
12.0474270292
11.6946605124
12.1639456665
12.2339845057
12.3686495314
12.1797021528
12.4112037797
11.223721143
11.8067931438
11.7469246656
11.593703625
11.599056364
11.3501551587
11.7599322395
11.4521106369
11.2687303887
10.9039282747
11.4562040112
10.608998593
11.2146515704
11.365255066
10.6498090788
11.6277386607
10.5349032888
10.475435996
11.3545046659
10.972564182
10.7373719688
10.7934854508
10.3056845164
10.8431383032
10.4995599572
10.834203564
10.381659124
10.6529617376
10.2066345747
10.3960472704
10.3603694814
9.8645978124
9.5374476672
10.1775404976
10.3310474971
10.3200194016
9.7579376964
10.09195497
9.7184802645
9.630844226
9.7770769767
9.4370482233
9.222856842
9.065672697
9.5392342857
9.575301357
9.366134958
9.2553748305
9.63347551
9.328478238
8.8819415772
8.346986502
8.765027496
8.6349904599
8.7379828887
8.632954439
8.159248668
8.2374059595
8.5456569276
8.2823085373
8.5130538324
8.008924503
8.36889757
8.2667283325
7.7696741736
8.4689135841
8.1485434534
7.8968202435
8.155163466
7.734717927
7.7604049728
7.2264669
7.7618550592
7.9670331156
7.4620941615
7.4414110134
7.380923274
7.2223961103
7.6540042548
7.0279350211
7.2963683188
7.0461317388
6.8723330046
7.0212430662
6.9057131454
6.8087161725
6.43837005
6.3835527294
6.6314631339
6.1799667237
6.8283870607
6.6271429668
6.7738598106
6.7121138709
6.7488725136
6.350734713
6.2243214642
6.129779026
6.0384241023
6.3352829493
5.950917431
5.71732931952
5.81762990151
5.8515399855
5.58906513174
5.7135196872
5.74402051671
5.68425647832
5.9763859584
5.58928623296
5.49991268379
5.52523777407
5.25045679404
5.20488121033
5.13210848388
4.8954083247
5.09107282904
4.9919339808
4.86753477849
5.0003615295
4.73483209692
4.7996685207
4.4913858183
4.48372243074
4.66655607936
4.5819096099
4.64001733302
4.45983747825
4.21380602904
4.33789285293
4.3221470616
4.14725916384
4.05029038692
4.24396943292
3.98915085228
3.96062383486
3.9695147968
3.74826538952
3.76668878145
3.7438091424
3.6062478419
3.64017420922
3.53092917716
3.32421670308
3.25752853842
3.23410342575
3.2070360693
3.21623788311
3.0401743428
2.95521306672
2.91338251309
2.95687678676
2.91053234934
2.84785388055
2.87466327626
2.88338646807
2.66568983709
2.67286396995
2.5681077387
2.48196535902
2.4462790866
2.30334553812
2.22606057282
2.2619071863
2.1979834956
2.19170190975
2.0117613794
1.99276000119
1.89487791768
1.91778776466
1.80844049358
1.6571634584
1.65206139327
1.6326000472
1.5812385984
1.5197935689
1.44085795938
1.39149875931
1.3274240472
1.31747589043
1.20608063631
1.12397466125
1.09211146683
1.01781689168
0.99136638048
0.87686946828
0.83071588341
0.76719493521
0.69510445524
0.648635911
0.586541868633
0.51463631232
0.463012521783
0.40680965592
0.359389927558
0.286375923741
0.224184491136
0.171669968756
0.098164828917
0.0333311445443
-0.0291361269654
-0.088851248948
-0.14425367742
-0.219609743808
-0.254985419895
-0.328772826272
-0.37862281044
-0.454459882905
-0.546043315068
-0.553181007346
-0.62943621156
-0.72265030924
-0.71033340788
-0.80142411398
-0.9294980214
-0.9462292147
-1.00987010864
-1.105824194
-1.17495438732
-1.23102312075
-1.23792523415
-1.31453631232
-1.36054148208
-1.4491210482
-1.53433364085
-1.54074801045
-1.57281721834
-1.7145172248
-1.70301230274
-1.76848040292
-1.94823620473
-2.0124439299
-2.01641024767
-2.08808033024
-2.13790192067
-2.12837297772
-2.29906805274
-2.37369385425
-2.48537463345
-2.51430357612
-2.48763606048
-2.61318678388
-2.63717719289
-2.72626081185
-2.7484057998
-2.77880009526
-2.92865820638
-2.78724301765
-2.94770815784
-3.00772100168
-2.98877204691
-3.22777367082
-3.25833266478
-3.3025460958
-3.38213082944
-3.53107533324
dMdH Data
6.54516640253533E-07
-5.89004149377566E-06
3.6295180722891E-06
1.78994082840237E-06
2.04073714839962E-06
-2.82934131736526E-06
3.20585365853659E-06
-1.93706293706283E-06
-4.10862944162448E-06
4.66380952380958E-06
1.05923694779114E-06
1.4216380182002E-06
-2.76676384839652E-06
3.57128712871291E-06
-4.56609485368302E-06
2.59400000000003E-06
-6.72658467360499E-07
1.04255319148937E-06
1.05480868665983E-06
-8.57815442561228E-07
-6.94586312563794E-07
2.32477788746304E-06
-1.65606361829019E-06
2.5629268292683E-06
3.97882579403277E-06
-4.24176954732516E-06
-4.01622718052811E-07
-8.9105058365751E-07
2.01881188118808E-06
4.05711519845115E-06
-3.77939646201862E-06
3.95238095238091E-06
-1.53578336557058E-06
-1.1950980392157E-06
7.71108850457797E-07
4.31192660550464E-07
-5.23496240601488E-07
1.99495459132185E-06
1.31041257367395E-06
-2.77665995975854E-06
-1.73833671399602E-06
6.23827751196175E-06
-3.22515212981743E-06
2.96706586826343E-06
-0.000002396484375
5.78926441351894E-06
-5.07433102081268E-06
6.98887765419606E-06
-3.24057971014499E-06
6.02193419740835E-07
1.74032586558042E-06
-8.40866290018911E-07
-4.68847352024916E-06
1.49809160305347E-06
2.32920536635706E-06
1.00296150049361E-06
-1.28294573643415E-06
3.88519637462232E-06
1.10330992978977E-07
2.03522504892347E-07
-2.14257425742575E-06
4.21906693711929E-07
-4.66269841269819E-07
5.29750479846474E-07
3.91269035532991E-06
3.17297850562928E-07
4.01913875598188E-08
-4.79786200194365E-06
3.35971943887779E-06
4.29300000000001E-06
-2.72081218274171E-07
-4.79749276759873E-06
2.82902584493036E-06
3.15821501014209E-06
-2.14228855721394E-06
-1.45192307692281E-07
3.23293172690758E-06
-2.86150712830956E-06
1.09082308420056E-06
-2.25614754098363E-06
7.61811320754716E-06
-4.81634615384622E-06
2.12812812812816E-06
-6.4418377321602E-07
4.13065326633152E-07
5.45725646123299E-07
2.26620825147338E-06
-1.3701825557809E-06
7.64471057884194E-07
2.34223541048471E-06
-2.34489402697501E-06
1.15212981744422E-06
-8.98492462311622E-07
6.06945765937205E-06
-6.03512396694225E-06
4.11706349206342E-06
-5.05303760848534E-07
-8.16326530612269E-07
2.49663784822285E-06
2.69111570247929E-06
-2.7769156159069E-06
3.15154536390825E-06
-3.31916996047427E-06
3.34437751004031E-06
-2.02416918429005E-06
3.71770334928228E-06
-1.71457696228338E-06
-5.31124497991947E-07
3.47908745247144E-07
-2.40714285714291E-06
4.94404883011158E-07
5.19670542635669E-06
-4.96578690127095E-07
-1.61946902654872E-06
8.21878224974193E-06
-6.57473481195751E-06
1.08656716417913E-06
9.34343434343484E-07
-9.96112730806681E-07
5.33367139959437E-06
-1.51394422310722E-07
-2.07269155206247E-07
-4.79902439024392E-06
1.25997952917091E-06
2.92094861660072E-06
5.34816247582212E-06
2.98804780876448E-08
-2.67132867132867E-06
4.50597609561757E-06
4.43794147325929E-06
-5.16203259827421E-06
5.34928716904283E-06
-1.36345381526104E-06
2.48359073359074E-06
-1.80463242698885E-06
1.41983967935871E-06
-3.78820116054168E-06
8.25532762397947E-07
6.0605137577419E-06
2.46389801812567E-06
-1.43360976074731E-06
-5.21834715699003E-06
5.89312518763136E-06
1.0179823224626E-06
-3.89694201747412E-06
2.7846391354689E-06
5.02770780856493E-07
5.26060606060602E-06
-2.50678294573641E-06
-8.96950368749581E-09
-1.60153102336835E-07
-3.86860591669075E-07
6.33455034588773E-06
-4.30530164533819E-06
7.98556763898775E-06
-6.97774793784765E-06
6.51963258302206E-06
-1.01693293791258E-06
2.99825264672633E-06
-2.19016986631819E-06
3.75540397732726E-06
-5.10766753874015E-06
-3.705159209996E-06
6.99440133582164E-06
6.27639721049013E-06
-3.6069877814803E-06
6.04674490921853E-06
-9.13088905775077E-06
2.71647331786548E-06
6.62085230969421E-06
-3.09288252809523E-07
1.25266254183993E-06
-8.27882456311627E-07
-6.65004071661235E-06
1.4816635532396E-06
5.55577434281775E-06
4.2406331396514E-06
3.84028892455859E-06
-3.77539062499998E-06
2.83152709359604E-06
-9.367050272562E-06
8.12194878947889E-06
-5.24197412553912E-07
5.94909536951854E-06
-7.23864093285083E-06
4.57726790706642E-06
2.70835427767166E-06
7.47900859888715E-06
-9.80776775205671E-08
-3.38467499757825E-06
-1.63634546181526E-06
-1.41243502598958E-06
-1.02061236742047E-06
7.2890127388535E-06
1.63463386507784E-06
1.13513513513512E-06
-8.65499403103852E-07
-2.3793204739057E-07
3.3620258232409E-06
6.85894180968825E-06
-3.23447547749307E-06
3.98208063713515E-08
-1.46520895064885E-06
2.61916413820105E-06
-7.91646430305994E-07
5.30267062314539E-06
6.95136655948556E-06
-6.08885725904842E-06
1.52490345578809E-07
-2.76616151927873E-06
4.59260018448291E-06
9.63554667998004E-06
9.23416930911863E-07
1.97075138678771E-06
-5.07974964667879E-06
2.33144972720188E-06
-2.8598223099704E-06
7.31230031948881E-06
-4.15598718462157E-06
8.37722695584819E-06
-1.75574798447295E-06
-3.00330363400128E-08
4.04098526145774E-06
-1.03770977295163E-05
8.12102524571208E-06
1.03391740957065E-06
4.72562048271495E-06
1.3488908590004E-06
-4.69309683507695E-06
-4.57756740731809E-06
1.74056955419711E-05
-1.57824108288925E-06
-6.70841055953514E-06
5.85183648059762E-06
4.93874968123388E-06
-3.48143644481584E-06
1.0449721500542E-07
1.92294112770927E-06
-3.76434095787837E-06
7.63985862457504E-06
3.36153229000565E-07
1.08488352354991E-05
6.69693418292474E-07
-5.31736148174518E-07
-6.72471849444808E-07
-4.20652757612526E-06
1.58556850172037E-05
-9.16013104338332E-06
2.80416794361018E-06
4.46128596254104E-06
9.97582838150869E-06
-1.00040140491721E-05
-2.75394132907612E-07
4.95454989737073E-06
3.91936286709809E-06
-9.67905748527342E-07
1.26419422672529E-05
-5.25012632642747E-06
-2.58471157724889E-06
1.30816089731194E-05
-6.26876056058047E-06
2.14762465645855E-06
-1.77824267782423E-06
-4.39141939141942E-06
1.43235323835505E-05
8.08121330724073E-06
-1.53571795662453E-05
1.09060303000297E-05
-3.0633566567622E-06
1.47101669195751E-05
-1.27356087620988E-06
6.73193204722145E-06
-4.16957258144862E-06
3.39232153569285E-06
4.64832728738412E-06
-2.80745580322829E-06
8.4201165892698E-06
-3.74072547403145E-07
7.50652615295371E-06
6.58949063821221E-06
-6.60167130919223E-06
5.43213696369642E-06
-5.54499049144233E-07
2.59594567998425E-06
9.13022209177184E-06
1.46437198067632E-06
1.81693855621765E-06
4.18115279048487E-06
3.66161616161619E-06
8.42015285599359E-06
1.25686080947679E-05
-3.7716333845366E-06
-3.7716333845366E-06
dMdT Data
0
0
0
0
0
0
0
0
0
0
0
0
0
0
0
0
0
0
0
0
0
0
0
0
0
0
0
0
0
0
0
0
0
0
0
0
0
0
0
0
0
0
0
0
0
0
0
0
0
0
0
0
0
0
0
0
0
0
0
0
0
0
0
0
0
0
0
0
0
0
0
0
0
0
0
0
0
0
0
0
0
0
0
0
0
0
0
0
0
0
0
0
0
0
0
0
0
0
0
0
0
0
0
0
0
0
0
0
0
0
0
0
0
0
0
0
0
0
0
0
0
0
0
0
0
0
0
0
0
0
0
0
0
0
0
0
0
0
0
0
0
0
0
0
0
0
0
0
0
0
0
0
0
0
0
0
0
0
0
0
0
0
0
0
0
0
0
0
0
0
0
0
0
0
0
0
0
0
0
0
0
0
0
0
0
0
0
0
0
0
0
0
0
0
0
0
0
0
0
0
0
0
0
0
0
0
0
0
0
0
0
0
0
0
0
0
0
0
0
0
0
0
0
0
0
0
0
0
0
0
0
0
0
0
0
0
0
0
0
0
0
0
0
0
0
0
0
0
0
0
0
0
0
0
0
0
0
0
0
0
0
0
0
0
0
0
0
0
0
0
0
0
0
0
0
0
0
0
0
0
0
0
0
0
0
0
0
0
0
0
0
0
0
 
*********************************************** Results ***************************************
 
TotalArea 0
AreaFirstQuad 0
AreaSecondQuad 0
AreaThirdQuad 0
AreaFourthQuad 0
Coercivity 0
PositiveCoercivity 0
NegativeCoercivity 0
Retentivity 2.10762537748124E-05
PositiveRetentivity -3.22456659271006E-03
NegativeRetentivity -3.18241408516044E-03
Magnetization 0.00483943
PositiveMagnetization -0.00173919
NegativeMagnetization -0.00483943
Flatness 151.995244181565
Squareness 4.35511078263606E-03
SStar 0
SFD1 0
SFD2 0
Slope 0
Intercept 0
SlopeAtHc -3.7716333845366E-06
dH1 16.1006248570302
dH2 113.63895
InitialSlope 6.54516640253533E-07
FieldAtHalfMs 558.181
FieldAtMs 548.416
MomentMean -3.88932177474403E-03
MomentRMS 7.80318426197019E-04
SFD3 0
dH3 32.2012497140613
UserField1 0
UserField2 0
CenterField 0
ExchangeField 0
ExchangeMoment 0
ExRegionOneIntercept 0
ExRegionOneSlope 0
ExRegionTwoIntercept 0
ExRegionTwoSlope 0
NegativeIntercept 0
NegativeSlope 0
AutoCenterOffset 0
PinningField 0
PinningMoment 0
PinRegionOneIntercept 0
PinRegionOneSlope 0
PinRegionTwoIntercept 0
PinRegionTwoSlope 0
PositiveIntercept 0
PositiveSlope 0
TotalOffset 0
BHMax 0
BCoercivity 0
BRetentivity 0
BNegativeCoercivity 0
BPositiveCoercivity 0
BNegativeRetentivity 0
BPositiveRetentivity 0
MomentYMean -5.99285034129693E-03
MomentYRMS 2.00540443006866E-04
YOffCorrection 0
Mrt 0
Ms1 0
Ms2 0
Ms3 0
Hc2 0
Hex2 0
HsatValue 0
HsatIntercept 0
HsatSlope 0
CenterH 0
Span .00310024
SpanAsPercentOfRange -58.4950943396226
RMSAsPercentOfRange -14.7229891735287
SpanAsPercentOfMean -79.711584166986
RMSAsPercentOfMean -20.0630976656174
