Version 1.25
******************************************** Units *******************************************
System CGS
TemperatureUnit K
MomentUnit emu
AppliedFieldUnit G
 
******************************************** Setup ********************************************
 
Experiment CustomField
Minor False
Acquisition Continuous
EditedPoint No
MaxField 15000
FieldIncrement 100
Points 293
MinField 0
RampRate 10
AverageTime 0.3
TimeInterval 0
TimeConstant 0.1
TimeConstantIndex 0
Sensitivity -0.0053
SensitivityIndex 5
SensitivityY -400
SensitivityIndexY 0
SaturationField 8000
ExperimentTime 100
Use735Domains True
AutoRangeEnabled False
NumberOfVertices 2
VertexPts
0
292
VertexField
-2448.1203
503.5923
StartAngle 0
EndAngle 0
AngleIncrement 0
StartTemp 0
FinishTemp 0
TempIncrement 0
TempPoints 0
LengthofSetPointsArray 293
SetPointArray
-2448.1203
-2438.0117
-2427.90309
-2417.79449
-2407.68588
-2397.57728
-2387.46867
-2377.36007
-2367.25146
-2357.14286
-2347.03425
-2336.92565
-2326.81704
-2316.70844
-2306.59983
-2296.49123
-2286.38262
-2276.27402
-2266.16541
-2256.05681
-2245.9482
-2235.8396
-2225.73099
-2215.62239
-2205.51378
-2195.40518
-2185.29657
-2175.18797
-2165.07937
-2154.97076
-2144.86216
-2134.75355
-2124.64495
-2114.53634
-2104.42774
-2094.31913
-2084.21053
-2074.10192
-2063.99332
-2053.88471
-2043.77611
-2033.6675
-2023.5589
-2013.45029
-2003.34169
-1993.23308
-1983.12448
-1973.01587
-1962.90727
-1952.79866
-1942.69006
-1932.58145
-1922.47285
-1912.36424
-1902.25564
-1892.14703
-1882.03843
-1871.92982
-1861.82122
-1851.71261
-1841.60401
-1831.49541
-1821.3868
-1811.2782
-1801.16959
-1791.06099
-1780.95238
-1770.84378
-1760.73517
-1750.62657
-1740.51796
-1730.40936
-1720.30075
-1710.19215
-1700.08354
-1689.97494
-1679.86633
-1669.75773
-1659.64912
-1649.54052
-1639.43191
-1629.32331
-1619.2147
-1609.1061
-1598.99749
-1588.88889
-1578.78028
-1568.67168
-1558.56307
-1548.45447
-1538.34586
-1528.23726
-1518.12865
-1508.02005
-1497.91145
-1487.80284
-1477.69424
-1467.58563
-1457.47703
-1447.36842
-1437.25982
-1427.15121
-1417.04261
-1406.934
-1396.8254
-1386.71679
-1376.60819
-1366.49958
-1356.39098
-1346.28237
-1336.17377
-1326.06516
-1315.95656
-1305.84795
-1295.73935
-1285.63074
-1275.52214
-1265.41353
-1255.30493
-1245.19632
-1235.08772
-1224.97911
-1214.87051
-1204.7619
-1194.6533
-1184.5447
-1174.43609
-1164.32749
-1154.21888
-1144.11028
-1134.00167
-1123.89307
-1113.78446
-1103.67586
-1093.56725
-1083.45865
-1073.35004
-1063.24144
-1053.13283
-1043.02423
-1032.91562
-1022.80702
-1012.69841
-1002.58981
-992.4812
-982.3726
-972.26399
-962.15539
-952.04678
-941.93818
-931.82957
-921.72097
-911.61236
-901.50376
-891.39515
-881.28655
-871.17794
-861.06934
-850.96074
-840.85213
-830.74353
-820.63492
-810.52632
-800.41771
-790.30911
-780.2005
-770.0919
-759.98329
-749.87469
-739.76608
-729.65748
-719.54887
-709.44027
-699.33166
-689.22306
-679.11445
-669.00585
-658.89724
-648.78864
-638.68003
-628.57143
-618.46282
-608.35422
-598.24561
-588.13701
-578.0284
-567.9198
-557.81119
-547.70259
-537.59398
-527.48538
-517.37678
-507.26817
-497.15957
-487.05096
-476.94236
-466.83375
-456.72515
-446.61654
-436.50794
-426.39933
-416.29073
-406.18212
-396.07352
-385.96491
-375.85631
-365.7477
-355.6391
-345.53049
-335.42189
-325.31328
-315.20468
-305.09607
-294.98747
-284.87886
-274.77026
-264.66165
-254.55305
-244.44444
-234.33584
-224.22723
-214.11863
-204.01003
-193.90142
-183.79282
-173.68421
-163.57561
-153.467
-143.3584
-133.24979
-123.14119
-113.03258
-102.92398
-92.81537
-82.70677
-72.59816
-62.48956
-52.38095
-42.27235
-32.16374
-22.05514
-11.94653
-1.83793
8.27068
18.37928
28.48789
38.59649
48.7051
58.8137
68.92231
79.03091
89.13952
99.24812
109.35673
119.46533
129.57393
139.68254
149.79114
159.89975
170.00835
180.11696
190.22556
200.33417
210.44277
220.55138
230.65998
240.76859
250.87719
260.9858
271.0944
281.20301
291.31161
301.42022
311.52882
321.63743
331.74603
341.85464
351.96324
362.07185
372.18045
382.28906
392.39766
402.50627
412.61487
422.72348
432.83208
442.94069
453.04929
463.15789
473.2665
483.3751
493.48371
503.59231
FieldDomainFile C:\IDEASVSM\Default UserID\Experiments\FORCexp0352B\fdomain.ini
TempDomainFile C:\IDEASVSM\Default UserID\Experiments\FORCexp0352B\tdomain.ini
NumSelectedResults 0
ResultsSelected 
UserName1 
UserValue1 
UserName2 
UserValue2 
LinearBackgroundCorrection Off
MaxLinearFieldCorrection 
MinLinearFieldCorrection 
AutoLinearCorrection Off
FitOneRegion Off
BackgroundMode Off
BackgroundFilename 
AutoCenter Off
OffsetCorrection 
SmoothDeriv Off
DerivOrder 0
DerivPoints 0
MinExFieldOne 
MaxExFieldOne 
MinExFieldTwo 
MaxExFieldTwo 
MinPinFieldOne 
MaxPinFieldOne 
MinPinFieldTwo 
MaxPinFieldTwo 
HCenterStart 
Mass 
Volume 
Density 
MolarWeight 
NumberOfMoles 
Demagnetization 
SampleArea 
Thickness 
MomentScaling 0
XAxis 0
YAxis 0
SimpleSpinValve False
HsatMax 0
HsatMin 0
FieldAutoRange False
 
*************************************************** Experiment Data ********************************************
 
DataPoints 293
MomentX Data
-0.00480245
-0.00479982
-0.00483124
-0.00481297
-0.00479849
-0.00476028
-0.00479369
-0.004772
-0.0047966
-0.00481056
-0.00479639
-0.00480304
-0.00475437
-0.00477611
-0.00480299
-0.00478519
-0.00476877
-0.00476507
-0.00475671
-0.00476341
-0.00475161
-0.00476481
-0.00477615
-0.00477361
-0.00473674
-0.00472801
-0.00475348
-0.0047273
-0.00475586
-0.00473901
-0.00473305
-0.00473589
-0.00472478
-0.00472126
-0.00470746
-0.00467908
-0.00467886
-0.0046815
-0.0047161
-0.00468184
-0.00468442
-0.00466745
-0.00468333
-0.00468041
-0.0046704
-0.0046831
-0.00467655
-0.00469817
-0.00465552
-0.00469321
-0.0046473
-0.00468184
-0.00465972
-0.00467418
-0.00465133
-0.00465496
-0.00463099
-0.00462636
-0.00464339
-0.00464236
-0.00461783
-0.00461241
-0.00461591
-0.00461188
-0.0046004
-0.00456381
-0.0045957
-0.00459006
-0.00456599
-0.00456545
-0.00461347
-0.00455816
-0.0045565
-0.00457438
-0.00455725
-0.00458927
-0.00456914
-0.00455169
-0.00452388
-0.00455865
-0.00453909
-0.00456018
-0.00453313
-0.00455747
-0.00451369
-0.00453876
-0.00448601
-0.0045082
-0.00450611
-0.00449219
-0.00451232
-0.00446878
-0.00448363
-0.004469
-0.00447553
-0.00446406
-0.00447076
-0.00446187
-0.00440183
-0.00444316
-0.00443937
-0.00439469
-0.00442755
-0.00442309
-0.00442539
-0.00443482
-0.00441379
-0.00440549
-0.00436405
-0.00440167
-0.00440044
-0.00435921
-0.00435172
-0.0043182
-0.00432736
-0.00435312
-0.00439489
-0.00437844
-0.00436914
-0.00433588
-0.00434908
-0.0043263
-0.00431289
-0.00432731
-0.00430584
-0.00430064
-0.00428302
-0.00426382
-0.00423716
-0.00424875
-0.00423029
-0.00429639
-0.00422699
-0.00420688
-0.00426081
-0.00424589
-0.00424209
-0.00425558
-0.00421627
-0.0042343
-0.00421758
-0.00421776
-0.00418063
-0.0042086
-0.00414198
-0.00413506
-0.00411404
-0.00414389
-0.00416147
-0.00414463
-0.00412564
-0.00408104
-0.0041491
-0.00408418
-0.0041151
-0.00412615
-0.00410774
-0.00408398
-0.00403971
-0.00408387
-0.00403527
-0.00406397
-0.00407221
-0.00408792
-0.00401656
-0.00398284
-0.00398161
-0.00399571
-0.00401043
-0.00395486
-0.00398379
-0.00388439
-0.00395202
-0.00390169
-0.00386582
-0.00394273
-0.00392218
-0.00396657
-0.00390277
-0.00388965
-0.00390766
-0.00386553
-0.00385589
-0.00390049
-0.00385132
-0.0038461
-0.00384282
-0.00382023
-0.0038194
-0.00379632
-0.00380154
-0.00379551
-0.00378448
-0.00379242
-0.00376289
-0.00382242
-0.00373464
-0.00373478
-0.00371956
-0.00366963
-0.00360221
-0.00365247
-0.00366461
-0.00366875
-0.00369675
-0.00364824
-0.00357559
-0.00359019
-0.0035905
-0.00351387
-0.00360611
-0.00362451
-0.00358832
-0.0035306
-0.00348676
-0.00348411
-0.00355027
-0.00347618
-0.00345586
-0.0034751
-0.00350864
-0.00349091
-0.00347799
-0.00352704
-0.00346423
-0.00335565
-0.00335682
-0.00336045
-0.0034009
-0.00336003
-0.00333461
-0.0032823
-0.00323305
-0.00319766
-0.00331781
-0.00333044
-0.00333918
-0.00324983
-0.00317406
-0.00320779
-0.00318902
-0.00317515
-0.00314343
-0.00315814
-0.00308128
-0.00303414
-0.00310884
-0.00309843
-0.00313076
-0.00314568
-0.00312644
-0.00307322
-0.00309623
-0.00309803
-0.00303754
-0.00289288
-0.00289115
-0.00292926
-0.00291292
-0.00285633
-0.00282868
-0.0027754
-0.00283723
-0.00277454
-0.0027964
-0.00283235
-0.00289809
-0.0026741
-0.00269906
-0.0026053
-0.00264907
-0.00268978
-0.00260944
-0.00259768
-0.0024684
-0.00260368
-0.00259505
-0.00256182
-0.00244897
-0.00244675
-0.00249847
-0.00247305
-0.00234648
-0.00239951
-0.00224195
-0.00214529
-0.00229651
-0.00218548
-0.00207084
-0.0021174
-0.00204892
-0.00200847
-0.00202053
MomentY Data
-0.00591278
-0.00583331
-0.00572205
-0.00602404
-0.0058651
-0.00588099
-0.00616709
-0.00603994
-0.0061353
-0.00572205
-0.00565847
-0.00572205
-0.00591278
-0.00578562
-0.00578562
-0.00546773
-0.00600815
-0.00578562
-0.00638962
-0.00562668
-0.00576973
-0.00549952
-0.00583331
-0.00588099
-0.00581741
-0.00578562
-0.00603994
-0.00588099
-0.00589689
-0.00600815
-0.00561078
-0.00576973
-0.00591278
-0.00597636
-0.00578562
-0.00581741
-0.00592868
-0.00608762
-0.00588099
-0.00553131
-0.00581741
-0.00567436
-0.00597636
-0.00581741
-0.00537237
-0.00572205
-0.00603994
-0.00592868
-0.00603994
-0.00594457
-0.00567436
-0.0055631
-0.00570615
-0.00594457
-0.00616709
-0.00567436
-0.0061512
-0.00597636
-0.00597636
-0.00596046
-0.00578562
-0.00576973
-0.00576973
-0.00545184
-0.00600815
-0.00572205
-0.00607173
-0.00603994
-0.00602404
-0.00596046
-0.00592868
-0.00578562
-0.00597636
-0.00592868
-0.0052611
-0.0061353
-0.00603994
-0.00572205
-0.00602404
-0.00572205
-0.0058651
-0.00602404
-0.00567436
-0.00591278
-0.00602404
-0.00581741
-0.00623067
-0.00603994
-0.00588099
-0.00592868
-0.0058492
-0.00596046
-0.00599225
-0.00600815
-0.00583331
-0.00600815
-0.0058651
-0.00597636
-0.00597636
-0.00592868
-0.0061353
-0.00572205
-0.00588099
-0.00603994
-0.00597636
-0.00619888
-0.00569026
-0.00583331
-0.00572205
-0.00572205
-0.00597636
-0.00610352
-0.00596046
-0.00596046
-0.00610352
-0.00575384
-0.00629425
-0.0061353
-0.00592868
-0.00616709
-0.00623067
-0.00591278
-0.00603994
-0.00599225
-0.00592868
-0.00589689
-0.00600815
-0.00602404
-0.00629425
-0.00597636
-0.0061353
-0.00583331
-0.00632604
-0.0061353
-0.00572205
-0.00570615
-0.00588099
-0.00588099
-0.00572205
-0.00607173
-0.00573794
-0.00600815
-0.00603994
-0.0058492
-0.00592868
-0.0055631
-0.00597636
-0.0061353
-0.00583331
-0.00578562
-0.00616709
-0.00607173
-0.00583331
-0.00626246
-0.00642141
-0.00583331
-0.00629425
-0.00610352
-0.00572205
-0.00567436
-0.00605583
-0.00603994
-0.00603994
-0.00619888
-0.00581741
-0.00594457
-0.00567436
-0.00567436
-0.00616709
-0.00591278
-0.00583331
-0.0061353
-0.00600815
-0.00592868
-0.00607173
-0.00597636
-0.00619888
-0.00594457
-0.00567436
-0.00576973
-0.00616709
-0.00607173
-0.00616709
-0.00610352
-0.00623067
-0.00608762
-0.00607173
-0.0061353
-0.0058651
-0.00597636
-0.00618299
-0.00616709
-0.00603994
-0.00605583
-0.00626246
-0.00607173
-0.00607173
-0.00569026
-0.00602404
-0.00581741
-0.00616709
-0.00578562
-0.00588099
-0.00603994
-0.00581741
-0.0061353
-0.0058651
-0.00583331
-0.00567436
-0.00607173
-0.00600815
-0.00616709
-0.00616709
-0.00594457
-0.00597636
-0.00592868
-0.00592868
-0.00607173
-0.00588099
-0.00588099
-0.00596046
-0.00572205
-0.0061353
-0.00603994
-0.00616709
-0.0061353
-0.00588099
-0.00602404
-0.0061353
-0.0058492
-0.00623067
-0.00618299
-0.00626246
-0.00632604
-0.00623067
-0.00627836
-0.00616709
-0.00594457
-0.0061353
-0.0061353
-0.00610352
-0.00611941
-0.00603994
-0.00592868
-0.00600815
-0.00576973
-0.00623067
-0.00603994
-0.00616709
-0.00610352
-0.00596046
-0.00591278
-0.00600815
-0.00616709
-0.00600815
-0.00623067
-0.00629425
-0.0064532
-0.00623067
-0.00623067
-0.00638962
-0.0061353
-0.00594457
-0.00623067
-0.00632604
-0.00616709
-0.00596046
-0.00616709
-0.00616709
-0.00616709
-0.00610352
-0.00626246
-0.00635783
-0.00592868
-0.00632604
-0.00616709
-0.00623067
-0.00610352
-0.00635783
-0.00629425
-0.00623067
-0.00591278
-0.00635783
-0.00667572
-0.00603994
-0.00610352
-0.00610352
-0.00616709
-0.00619888
-0.00638962
-0.00654856
-0.0061353
-0.00619888
Field Data
-2446.2
-2438.02
-2428.56
-2418.09
-2408.05
-2398.01
-2387.75
-2377.81
-2367.49
-2357.63
-2347.34
-2337.25
-2327.34
-2317.14
-2307.06
-2297.06
-2286.83
-2276.69
-2266.93
-2256.77
-2246.32
-2236.46
-2226.56
-2216.17
-2206.27
-2196.05
-2185.89
-2175.95
-2165.65
-2155.91
-2145.77
-2135.6
-2125.47
-2115.56
-2105.59
-2094.9
-2085.24
-2075.4
-2065.05
-2055.09
-2044.73
-2034.81
-2024.72
-2014.65
-2004.87
-1994.48
-1984.37
-1974.51
-1964.28
-1954.16
-1944.26
-1934.07
-1923.77
-1913.73
-1903.73
-1893.71
-1883.67
-1873.47
-1863.48
-1853.62
-1843.18
-1833.26
-1823.37
-1813.18
-1802.87
-1793.1
-1782.76
-1772.97
-1762.57
-1752.71
-1742.47
-1732.37
-1722.51
-1712.42
-1701.83
-1691.91
-1682.13
-1672.12
-1662.12
-1651.64
-1641.82
-1631.41
-1621.65
-1611.62
-1601.25
-1591.33
-1581.4
-1571.16
-1561.08
-1551.18
-1541.12
-1530.67
-1520.87
-1510.91
-1500.49
-1489.62
-1477.18
-1466.89
-1457.07
-1446.79
-1436.73
-1427.01
-1416.49
-1406.62
-1396.67
-1386.4
-1376.39
-1366.34
-1356.32
-1346.04
-1336.11
-1325.82
-1315.98
-1306.07
-1295.64
-1285.64
-1275.85
-1265.53
-1255.37
-1245.48
-1235.49
-1225.1
-1215.19
-1205.32
-1194.92
-1184.97
-1174.59
-1164.79
-1154.82
-1144.53
-1134.57
-1124.4
-1114.46
-1104.54
-1094.04
-1084.2
-1074.11
-1063.82
-1053.98
-1043.78
-1033.82
-1023.77
-1013.46
-1003.56
-993.623
-983.503
-973.228
-963.348
-953.362
-943.029
-933.015
-922.984
-913.069
-902.516
-892.709
-882.712
-872.386
-862.537
-852.66
-842.214
-832.186
-822.22
-812.275
-801.918
-791.821
-781.986
-771.701
-761.914
-751.498
-741.526
-731.503
-721.497
-711.275
-701.444
-691.19
-681.088
-670.931
-660.96
-651.029
-640.958
-630.66
-620.709
-610.799
-600.305
-590.467
-580.578
-570.071
-560.271
-550.289
-540.242
-529.906
-519.763
-509.925
-499.871
-489.778
-479.382
-469.553
-459.662
-449.439
-439.311
-429.266
-419.307
-408.918
-399.106
-389.154
-378.697
-368.866
-358.544
-348.784
-338.643
-328.203
-318.454
-308.158
-298.436
-288.306
-277.935
-268.056
-258.209
-247.85
-237.763
-227.611
-217.585
-207.85
-197.363
-187.356
-177.506
-167.401
-156.959
-147.17
-137.294
-126.729
-116.868
-106.78
-96.6467
-86.6681
-76.3155
-66.6016
-56.4965
-46.412
-36.2725
-26.5622
-16.3994
-5.8983
4.26043
13.9838
24.5153
33.943
44.2959
54.2988
64.6603
74.5139
84.3553
94.5553
104.81
114.569
125.057
135.041
144.955
154.956
165.402
175.453
185.005
195.778
205.421
215.811
225.705
235.624
245.985
255.853
265.847
276.21
286.228
295.995
306.028
316.47
326.394
336.371
346.553
356.634
366.908
376.809
386.752
396.947
407.02
416.932
427.027
437.452
447.272
457.226
467.684
477.546
487.442
497.528
Time Data
0
0.3
0.6
0.9
1.2
1.5
1.8
2.1
2.4
2.7
3
3.3
3.6
3.9
4.2
4.5
4.8
5.1
5.4
5.7
6
6.3
6.6
6.9
7.2
7.5
7.8
8.1
8.4
8.7
9
9.3
9.6
9.9
10.2
10.5
10.8
11.1
11.4
11.7
12
12.3
12.6
12.9
13.2
13.5
13.8
14.1
14.4
14.7
15
15.3
15.6
15.9
16.2
16.5
16.8
17.1
17.4
17.7
18
18.3
18.6
18.9
19.2
19.5
19.8
20.1
20.4
20.7
21
21.3
21.6
21.9
22.2
22.5
22.8
23.1
23.4
23.7
24
24.3
24.6
24.9
25.2
25.5
25.8
26.1
26.4
26.7
27
27.3
27.6
27.9
28.2
28.5
28.8
29.1
29.4
29.7
30.0000000000001
30.3000000000001
30.6000000000001
30.9000000000001
31.2000000000001
31.5000000000001
31.8000000000001
32.1000000000001
32.4
32.7
33
33.3
33.6
33.9
34.2
34.5
34.8
35.1
35.4
35.7
36
36.3
36.6
36.9
37.2
37.5
37.8
38.1
38.4
38.7
39
39.3
39.6
39.9
40.2
40.5
40.8
41.1
41.4
41.7
42
42.3
42.6
42.8999999999999
43.1999999999999
43.4999999999999
43.7999999999999
44.0999999999999
44.3999999999999
44.6999999999999
44.9999999999999
45.2999999999999
45.5999999999999
45.8999999999999
46.1999999999999
46.4999999999999
46.7999999999999
47.0999999999999
47.3999999999999
47.6999999999999
47.9999999999999
48.2999999999999
48.5999999999999
48.8999999999999
49.1999999999999
49.4999999999999
49.7999999999999
50.0999999999999
50.3999999999999
50.6999999999999
50.9999999999999
51.2999999999999
51.5999999999999
51.8999999999999
52.1999999999999
52.4999999999999
52.7999999999999
53.0999999999999
53.3999999999998
53.6999999999998
53.9999999999998
54.2999999999998
54.5999999999998
54.8999999999998
55.1999999999998
55.4999999999998
55.7999999999998
56.0999999999998
56.3999999999998
56.6999999999998
56.9999999999998
57.2999999999998
57.5999999999998
57.8999999999998
58.1999999999998
58.4999999999998
58.7999999999998
59.0999999999998
59.3999999999998
59.6999999999998
59.9999999999998
60.2999999999998
60.5999999999998
60.8999999999998
61.1999999999998
61.4999999999998
61.7999999999998
62.0999999999998
62.3999999999998
62.6999999999998
62.9999999999998
63.2999999999998
63.5999999999998
63.8999999999998
64.1999999999997
64.4999999999997
64.7999999999997
65.0999999999997
65.3999999999997
65.6999999999997
65.9999999999997
66.2999999999997
66.5999999999997
66.8999999999997
67.1999999999997
67.4999999999997
67.7999999999997
68.0999999999997
68.3999999999997
68.6999999999997
68.9999999999997
69.2999999999997
69.5999999999997
69.8999999999997
70.1999999999997
70.4999999999997
70.7999999999997
71.0999999999997
71.3999999999997
71.6999999999997
71.9999999999997
72.2999999999997
72.5999999999997
72.8999999999997
73.1999999999997
73.4999999999997
73.7999999999997
74.0999999999997
74.3999999999997
74.6999999999996
74.9999999999996
75.2999999999996
75.5999999999996
75.8999999999996
76.1999999999996
76.4999999999996
76.7999999999996
77.0999999999996
77.3999999999996
77.6999999999996
77.9999999999996
78.2999999999996
78.5999999999996
78.8999999999996
79.1999999999996
79.4999999999996
79.7999999999996
80.0999999999996
80.3999999999996
80.6999999999996
80.9999999999996
81.2999999999996
81.5999999999996
81.8999999999996
82.1999999999996
82.4999999999996
82.7999999999996
83.0999999999996
83.3999999999996
83.6999999999996
83.9999999999996
84.2999999999996
84.5999999999996
84.8999999999996
85.1999999999995
85.4999999999995
85.7999999999995
86.0999999999995
86.3999999999995
86.6999999999995
86.9999999999995
87.2999999999995
87.5999999999995
Temperature Data
0
0
0
0
0
0
0
0
0
0
0
0
0
0
0
0
0
0
0
0
0
0
0
0
0
0
0
0
0
0
0
0
0
0
0
0
0
0
0
0
0
0
0
0
0
0
0
0
0
0
0
0
0
0
0
0
0
0
0
0
0
0
0
0
0
0
0
0
0
0
0
0
0
0
0
0
0
0
0
0
0
0
0
0
0
0
0
0
0
0
0
0
0
0
0
0
0
0
0
0
0
0
0
0
0
0
0
0
0
0
0
0
0
0
0
0
0
0
0
0
0
0
0
0
0
0
0
0
0
0
0
0
0
0
0
0
0
0
0
0
0
0
0
0
0
0
0
0
0
0
0
0
0
0
0
0
0
0
0
0
0
0
0
0
0
0
0
0
0
0
0
0
0
0
0
0
0
0
0
0
0
0
0
0
0
0
0
0
0
0
0
0
0
0
0
0
0
0
0
0
0
0
0
0
0
0
0
0
0
0
0
0
0
0
0
0
0
0
0
0
0
0
0
0
0
0
0
0
0
0
0
0
0
0
0
0
0
0
0
0
0
0
0
0
0
0
0
0
0
0
0
0
0
0
0
0
0
0
0
0
0
0
0
0
0
0
0
0
0
0
0
0
0
0
0
0
0
0
0
0
0
0
0
0
0
0
0
0
0
0
0
0
0
Angle Data
0
0
0
0
0
0
0
0
0
0
0
0
0
0
0
0
0
0
0
0
0
0
0
0
0
0
0
0
0
0
0
0
0
0
0
0
0
0
0
0
0
0
0
0
0
0
0
0
0
0
0
0
0
0
0
0
0
0
0
0
0
0
0
0
0
0
0
0
0
0
0
0
0
0
0
0
0
0
0
0
0
0
0
0
0
0
0
0
0
0
0
0
0
0
0
0
0
0
0
0
0
0
0
0
0
0
0
0
0
0
0
0
0
0
0
0
0
0
0
0
0
0
0
0
0
0
0
0
0
0
0
0
0
0
0
0
0
0
0
0
0
0
0
0
0
0
0
0
0
0
0
0
0
0
0
0
0
0
0
0
0
0
0
0
0
0
0
0
0
0
0
0
0
0
0
0
0
0
0
0
0
0
0
0
0
0
0
0
0
0
0
0
0
0
0
0
0
0
0
0
0
0
0
0
0
0
0
0
0
0
0
0
0
0
0
0
0
0
0
0
0
0
0
0
0
0
0
0
0
0
0
0
0
0
0
0
0
0
0
0
0
0
0
0
0
0
0
0
0
0
0
0
0
0
0
0
0
0
0
0
0
0
0
0
0
0
0
0
0
0
0
0
0
0
0
0
0
0
0
0
0
0
0
0
0
0
0
0
0
0
0
0
0
Bx Data
0
0
0
0
0
0
0
0
0
0
0
0
0
0
0
0
0
0
0
0
0
0
0
0
0
0
0
0
0
0
0
0
0
0
0
0
0
0
0
0
0
0
0
0
0
0
0
0
0
0
0
0
0
0
0
0
0
0
0
0
0
0
0
0
0
0
0
0
0
0
0
0
0
0
0
0
0
0
0
0
0
0
0
0
0
0
0
0
0
0
0
0
0
0
0
0
0
0
0
0
0
0
0
0
0
0
0
0
0
0
0
0
0
0
0
0
0
0
0
0
0
0
0
0
0
0
0
0
0
0
0
0
0
0
0
0
0
0
0
0
0
0
0
0
0
0
0
0
0
0
0
0
0
0
0
0
0
0
0
0
0
0
0
0
0
0
0
0
0
0
0
0
0
0
0
0
0
0
0
0
0
0
0
0
0
0
0
0
0
0
0
0
0
0
0
0
0
0
0
0
0
0
0
0
0
0
0
0
0
0
0
0
0
0
0
0
0
0
0
0
0
0
0
0
0
0
0
0
0
0
0
0
0
0
0
0
0
0
0
0
0
0
0
0
0
0
0
0
0
0
0
0
0
0
0
0
0
0
0
0
0
0
0
0
0
0
0
0
0
0
0
0
0
0
0
0
0
0
0
0
0
0
0
0
0
0
0
0
0
0
0
0
0
Hint Data
0
0
0
0
0
0
0
0
0
0
0
0
0
0
0
0
0
0
0
0
0
0
0
0
0
0
0
0
0
0
0
0
0
0
0
0
0
0
0
0
0
0
0
0
0
0
0
0
0
0
0
0
0
0
0
0
0
0
0
0
0
0
0
0
0
0
0
0
0
0
0
0
0
0
0
0
0
0
0
0
0
0
0
0
0
0
0
0
0
0
0
0
0
0
0
0
0
0
0
0
0
0
0
0
0
0
0
0
0
0
0
0
0
0
0
0
0
0
0
0
0
0
0
0
0
0
0
0
0
0
0
0
0
0
0
0
0
0
0
0
0
0
0
0
0
0
0
0
0
0
0
0
0
0
0
0
0
0
0
0
0
0
0
0
0
0
0
0
0
0
0
0
0
0
0
0
0
0
0
0
0
0
0
0
0
0
0
0
0
0
0
0
0
0
0
0
0
0
0
0
0
0
0
0
0
0
0
0
0
0
0
0
0
0
0
0
0
0
0
0
0
0
0
0
0
0
0
0
0
0
0
0
0
0
0
0
0
0
0
0
0
0
0
0
0
0
0
0
0
0
0
0
0
0
0
0
0
0
0
0
0
0
0
0
0
0
0
0
0
0
0
0
0
0
0
0
0
0
0
0
0
0
0
0
0
0
0
0
0
0
0
0
0
Torque Data
14.463842436
14.2217264462
13.896341748
14.5666708836
14.123454055
14.1026728299
14.7254691475
14.3618297314
14.525261397
13.4904767415
13.2823529698
13.3738613625
13.7610494052
13.4060915268
13.3477724772
12.5597038738
13.7396176645
13.1720631978
14.4848212666
12.6981226236
12.9606598936
12.2994564992
12.9882147136
13.0332736083
12.8347771607
12.705510801
13.2026444466
12.7967401905
12.7705998285
12.9530306665
12.0394434006
12.321835388
12.5674365066
12.6433481616
12.1821436158
12.186892209
12.3627206832
12.634246548
12.1445383995
11.3673398679
11.8950327493
11.5462444716
12.1004556192
11.7200450565
10.7709034419
11.412514284
11.9854757378
11.7062379468
11.8641333432
11.6166409112
11.0324311736
10.759424817
10.9773201855
11.3763019461
11.7404742457
10.7455922756
11.586830904
11.1965311692
11.1368273328
11.0484278652
10.6639390716
10.5774152198
10.5203525901
9.8851672512
10.8319133905
10.260207855
10.8244373748
10.7086324218
10.6177921828
10.4469578466
10.3305470396
10.0228345194
10.2943398636
10.1523902056
8.953497813
10.380375423
10.1599642722
9.567954246
10.0126773648
9.450766662
9.629438482
9.8276790964
9.201825894
9.5291545036
9.64599405
9.2574190553
9.853181538
9.4897121304
9.1806958692
9.1964498424
9.014319104
9.1234973082
9.1134332575
9.0777739165
8.7528233219
8.949860403
8.663808418
8.7666627204
8.7079748652
8.5775549372
8.814769569
8.1654225705
8.3303635251
8.4959004028
8.3470027212
8.594127232
7.8320169614
7.9702847854
7.760930856
7.702108182
7.9850743596
8.0921688864
7.8438461508
7.7847779922
7.9079646528
7.3973668576
8.0305188625
7.764406209
7.4426870116
7.6809872532
7.6979304783
7.243746778
7.3396746886
7.22257877
7.0842983056
6.9876377433
7.0571129085
7.0167415516
7.268725785
6.8401233108
6.960927321
6.558973764
7.0501185384
6.776684262
6.260151582
6.18660783
6.3168301689
6.2563147818
6.030926259
6.3375503394
5.9319971308
6.1509637255
6.1212375924
5.870023152
5.89087280764
5.4713255393
5.81636089008
5.9104289844
5.56125608822
5.45600744298
5.75398747635
5.60410964232
5.32621452839
5.65197034936
5.73245049969
5.14913273672
5.4910155805
5.26451183024
4.878963153
4.77902543304
5.03957694438
4.9661594668
4.9060922635
4.97099345184
4.60634740361
4.64857051602
4.37890928636
4.32337432504
4.63455580082
4.38448010228
4.26708376493
4.4266005441
4.27344689125
4.15863701392
4.1967190587
4.07042707968
4.15902075728
3.9291229872
3.69417291644
3.69815460134
3.8893369794
3.76877745657
3.76685240491
3.6639735736
3.67900502289
3.53433824436
3.46131719283
3.4374306663
3.2275000139
3.22868067912
3.27640349894
3.20542519967
3.0799164045
3.02713379793
3.06721513388
2.91067807086
2.85099903669
2.61559629212
2.70743851356
2.55565220451
2.64732205594
2.42595096534
2.40484266882
2.41057629364
2.26386837114
2.3234197041
2.1634359766
2.09149830064
1.97912597824
2.05614886239
1.97189285445
1.96393447886
1.90043812022
1.77407369252
1.72302044616
1.6477876758
1.58921824608
1.56777533157
1.4576033715
1.39828182537
1.35666626106
1.24503224925
1.275222105
1.19206067822
1.15544131404
1.0890525618
0.98448360699
0.94552729436
0.902932101
0.8030600648
0.78960657843
0.72259367532
0.6687054788
0.611390890068
0.540000330627
0.47913618258
0.410738061344
0.335847399005
0.2847515436
0.22254266925
0.162122918944
0.100354652354
0.035625378102
-0.0252587261324
-0.08401676797
-0.141446661869
-0.21148763181
-0.267544578246
-0.334865586492
-0.394655434256
-0.444137120394
-0.498774330734
-0.568102425695
-0.6463727029
-0.68834773735
-0.77918889819
-0.84998181425
-0.935423606
-0.96547970052
-1.03056527934
-1.12107799786
-1.1350611765
-1.16381602546
-1.27991046207
-1.36522901844
-1.39194304845
-1.40442742704
-1.51701163365
-1.57786847777
-1.63950237523
-1.6858532592
-1.79249140088
-1.88188589085
-1.81434208304
-2.0020018788
-2.01290117346
-2.09581669857
-2.11519316656
-2.26741834422
-2.309410679
-2.34777253203
-2.28677949056
-2.52372154501
-2.7171515544
-2.51824426408
-2.60636783504
-2.66999703104
-2.75836667848
-2.83428910688
-2.98832304008
-3.12723863376
-2.9906029026
-3.08411636864
dMdH Data
3.21515892420544E-07
-3.32135306553909E-06
1.74498567335246E-06
1.4422310756972E-06
3.80577689243024E-06
-3.25633528265094E-06
2.18209255533194E-06
-2.38372093023248E-06
-1.41582150101428E-06
1.37706511175899E-06
-6.59068384539092E-07
4.91120080726544E-06
-2.13137254901956E-06
-2.66666666666668E-06
1.78000000000001E-06
1.60508308895402E-06
3.64891518737734E-07
8.5655737704914E-07
-6.59448818897658E-07
1.12918660287085E-06
-1.33874239350916E-06
-1.14545454545448E-06
2.4446583253125E-07
3.72424242424244E-06
8.54207436399168E-07
-2.50688976377942E-06
2.63380281690137E-06
-2.77281553398061E-06
1.72997946611902E-06
5.87771203155842E-07
-2.7925270403151E-07
1.09674234945713E-06
3.55196770938442E-07
1.3841524573721E-06
2.65481758652943E-06
2.27743271221968E-08
-2.68292682926831E-07
-3.34299516908216E-06
3.4397590361446E-06
-2.49034749034774E-07
1.71068548387094E-06
-1.57383548067397E-06
2.89970208540221E-07
1.02351738241311E-06
-1.22232916265642E-06
6.47873392680519E-07
-2.1926977687627E-06
4.16911045943303E-06
-3.72430830039529E-06
4.63737373737367E-06
-3.38959764474969E-06
2.14757281553395E-06
-1.44023904382471E-06
2.28499999999996E-06
-3.62275449101723E-07
2.38745019920319E-06
4.53921568627389E-07
-1.70470470470465E-06
1.04462474645024E-07
2.34961685823759E-06
5.46370967741922E-07
-3.53892821031344E-07
3.95485770363142E-07
1.11348205625599E-06
3.74513817809626E-06
-3.08413926499041E-06
5.76098059244163E-07
2.31442307692307E-06
5.47667342798581E-08
-4.68945312499993E-06
5.47623762376224E-06
1.6835699797166E-07
-1.77205153617449E-06
1.61756373937681E-06
-3.22782258064528E-06
2.05828220858898E-06
1.74325674325675E-06
2.78099999999996E-06
-3.31774809160311E-06
1.99185336048877E-06
-2.02593659942363E-06
2.77151639344261E-06
-2.42671984047855E-06
4.22179363548705E-06
-2.5272177419355E-06
5.31218529707963E-06
-2.1669921875E-06
2.07341269841326E-07
1.4060606060606E-06
-2.00099403578527E-06
4.16650717703356E-06
-1.51530612244889E-06
1.46887550200805E-06
-6.26679462571997E-07
1.05519779208834E-06
-5.38585209003232E-07
8.63945578231307E-07
6.11405295315671E-06
-4.02042801556421E-06
3.76739562624261E-07
4.59670781893004E-06
-3.1235741444867E-06
4.51874366767931E-07
-2.31155778894499E-07
-9.1820837390453E-07
2.1008991008991E-06
8.25870646766169E-07
4.13572854291412E-06
-3.65953307392992E-06
1.23867069486367E-07
4.00680272108851E-06
7.61178861788599E-07
3.38244197780013E-06
-8.78235858101584E-07
-2.57600000000005E-06
-4.26659856996927E-06
1.59399224806206E-06
9.15354330708682E-07
3.36299292214356E-06
-1.32132132132129E-06
2.19249278152067E-06
1.35317860746724E-06
-1.46099290780142E-06
2.0644230769231E-06
5.22613065326665E-07
1.69749518304424E-06
1.95918367346944E-06
2.67402206619854E-06
-1.1263362487852E-06
1.85341365461843E-06
-6.49950835791549E-06
6.98189134808848E-06
2.0272177419355E-06
-5.13619047619054E-06
1.51626016260162E-06
3.7661050545102E-07
-1.31098153547139E-06
3.99491869918701E-06
-1.76764705882348E-06
1.6787148594377E-06
-1.7910447761174E-08
3.60135790494665E-06
-2.82525252525245E-06
6.70423669115433E-06
6.83794466403129E-07
2.04574209245741E-06
-3.02125506072871E-06
-1.76046465051068E-06
1.62972999129002E-06
1.89634511683643E-06
4.44621672814275E-06
-6.86434694906702E-06
6.15180517388425E-06
-3.15285000509842E-06
-1.10533159947988E-06
1.78287817160565E-06
2.41242765763026E-06
4.48213020147814E-06
-4.22745548535325E-06
4.84642999601118E-06
-2.87979129038736E-06
-8.28557063851141E-07
-1.51684850825533E-06
7.06744577597311E-06
3.42857142857143E-06
1.19591638308181E-07
-1.44068662511498E-06
-1.41321044546845E-06
5.57260328920969E-06
-2.88636136885166E-06
9.93403957625415E-06
-6.61612208961061E-06
5.1195198860746E-06
3.49814706456024E-06
-7.61334389229852E-06
2.02323520724627E-06
-4.45191054056765E-06
6.42432786224951E-06
1.30275047165124E-06
-1.74888327830648E-06
4.23374535222594E-06
9.72754793138247E-07
-4.25004764627406E-06
4.99796706647693E-06
5.27859237536679E-07
3.12172837156187E-07
2.3051020408163E-06
8.31496694049132E-08
2.29720314521747E-06
-5.05030959752301E-07
5.94498669032811E-07
1.12116283797524E-06
-7.8973542868511E-07
2.92579015159021E-06
-5.72624086186993E-06
8.93071523044052E-06
-1.41542816702088E-08
1.48879976523528E-06
4.92989731437593E-06
6.71179691388757E-06
-5.04669143488305E-06
-1.16854365193954E-06
-4.21932327761937E-07
-2.81350482315111E-06
4.63899780051639E-06
7.38988912623334E-06
-1.41445456306918E-06
-3.17622950819563E-08
7.55645399861944E-06
-8.83524904214559E-06
-1.887373063904E-06
3.51495726495729E-06
5.93704998971401E-06
4.32773938795655E-06
2.55520200559282E-07
-6.69703411276444E-06
7.52411902102162E-06
1.96157930302156E-06
-1.90740557152773E-06
-3.30378250591015E-06
1.76840215439858E-06
1.32717000513611E-06
-4.67721941451322E-06
6.27660637553712E-06
1.10233502538071E-05
-1.15784265215239E-07
-3.47634552767681E-07
-4.13218919195015E-06
4.13831510733093E-06
2.40605773781353E-06
5.30473582800931E-06
4.88203806502778E-06
3.49244569883451E-06
-1.20407672418976E-05
-1.21998338581613E-06
-8.99741607387367E-07
8.8420698459194E-06
7.5135108334573E-06
-3.32659401351152E-06
1.93299898046404E-06
1.36478135946787E-06
3.02063593337839E-06
-1.44801564762523E-06
7.90466679762261E-06
4.47609552295496E-06
-7.92345959247749E-06
1.00551536284517E-06
-3.23206270181644E-06
-1.4399459537712E-06
1.95258585694571E-06
5.40776718759523E-06
-2.25588235294117E-06
-1.75529269505663E-07
6.19838098165794E-06
1.37929061784897E-05
1.73277243589757E-07
-3.84405890659673E-06
1.63383661633838E-06
5.41738464484013E-06
2.75097005273104E-06
5.5778894472362E-06
-5.73934837092733E-06
6.50108887275746E-06
-2.1039461020212E-06
-3.6335152617748E-06
-6.62768424236314E-06
2.16185696361355E-05
-2.52938792055129E-06
9.38162897738646E-06
-4.22368040142814E-06
-4.0636853663406E-06
8.2256578273779E-06
1.17213196451709E-06
1.23807699674392E-05
-1.36316001612254E-05
8.64989475794365E-07
3.26360243567078E-06
1.11943259597262E-05
2.16079423788186E-07
-5.22371477628521E-06
2.55657246303932E-06
1.24149092692496E-05
-5.2645686488633E-06
1.58958837772397E-05
9.57503714710257E-06
-1.450551558753E-05
1.13065173116089E-05
1.15169780992566E-05
-4.45209409064831E-06
6.94382478199152E-06
4.08751010509296E-06
-1.19571683521712E-06
-1.19571683521712E-06
dMdT Data
0
0
0
0
0
0
0
0
0
0
0
0
0
0
0
0
0
0
0
0
0
0
0
0
0
0
0
0
0
0
0
0
0
0
0
0
0
0
0
0
0
0
0
0
0
0
0
0
0
0
0
0
0
0
0
0
0
0
0
0
0
0
0
0
0
0
0
0
0
0
0
0
0
0
0
0
0
0
0
0
0
0
0
0
0
0
0
0
0
0
0
0
0
0
0
0
0
0
0
0
0
0
0
0
0
0
0
0
0
0
0
0
0
0
0
0
0
0
0
0
0
0
0
0
0
0
0
0
0
0
0
0
0
0
0
0
0
0
0
0
0
0
0
0
0
0
0
0
0
0
0
0
0
0
0
0
0
0
0
0
0
0
0
0
0
0
0
0
0
0
0
0
0
0
0
0
0
0
0
0
0
0
0
0
0
0
0
0
0
0
0
0
0
0
0
0
0
0
0
0
0
0
0
0
0
0
0
0
0
0
0
0
0
0
0
0
0
0
0
0
0
0
0
0
0
0
0
0
0
0
0
0
0
0
0
0
0
0
0
0
0
0
0
0
0
0
0
0
0
0
0
0
0
0
0
0
0
0
0
0
0
0
0
0
0
0
0
0
0
0
0
0
0
0
0
0
0
0
0
0
0
0
0
0
0
0
0
0
0
0
0
0
0
 
*********************************************** Results ***************************************
 
TotalArea 0
AreaFirstQuad 0
AreaSecondQuad 0
AreaThirdQuad 0
AreaFourthQuad 0
Coercivity 0
PositiveCoercivity 0
NegativeCoercivity 0
Retentivity 4.31993496633239E-04
PositiveRetentivity -4.01595782396087E-03
NegativeRetentivity -3.15197083069439E-03
Magnetization 0.00483124
PositiveMagnetization -0.00200847
NegativeMagnetization -0.00483124
Flatness 8.29633861449169
Squareness 8.94166914980914E-02
SStar 0
SFD1 0
SFD2 0
Slope 0
Intercept 0
SlopeAtHc -1.19571683521712E-06
dH1 671.807376893505
dH2 170.1615
InitialSlope 3.21515892420544E-07
FieldAtHalfMs 497.528
FieldAtMs 487.442
MomentMean -3.95310740614335E-03
MomentRMS 7.31771702218131E-04
SFD3 0
dH3 1343.61475378701
UserField1 0
UserField2 0
CenterField 0
ExchangeField 0
ExchangeMoment 0
ExRegionOneIntercept 0
ExRegionOneSlope 0
ExRegionTwoIntercept 0
ExRegionTwoSlope 0
NegativeIntercept 0
NegativeSlope 0
AutoCenterOffset 0
PinningField 0
PinningMoment 0
PinRegionOneIntercept 0
PinRegionOneSlope 0
PinRegionTwoIntercept 0
PinRegionTwoSlope 0
PositiveIntercept 0
PositiveSlope 0
TotalOffset 0
BHMax 0
BCoercivity 0
BRetentivity 0
BNegativeCoercivity 0
BPositiveCoercivity 0
BNegativeRetentivity 0
BPositiveRetentivity 0
MomentYMean -5.98574375426621E-03
MomentYRMS 2.05219095167759E-04
YOffCorrection 0
Mrt 0
Ms1 0
Ms2 0
Ms3 0
Hc2 0
Hex2 0
HsatValue 0
HsatIntercept 0
HsatSlope 0
CenterH 0
Span .00282277
SpanAsPercentOfRange -53.2598113207547
RMSAsPercentOfRange -13.8070132493987
SpanAsPercentOfMean -71.4063573282441
RMSAsPercentOfMean -18.5113033124503
