Version 1.25
******************************************** Units *******************************************
System CGS
TemperatureUnit K
MomentUnit emu
AppliedFieldUnit G
 
******************************************** Setup ********************************************
 
Experiment CustomField
Minor False
Acquisition Continuous
EditedPoint No
MaxField 15000
FieldIncrement 100
Points 293
MinField 0
RampRate 10
AverageTime 0.3
TimeInterval 0
TimeConstant 0.1
TimeConstantIndex 0
Sensitivity -0.0053
SensitivityIndex 5
SensitivityY -400
SensitivityIndexY 0
SaturationField 8000
ExperimentTime 100
Use735Domains True
AutoRangeEnabled False
NumberOfVertices 2
VertexPts
0
292
VertexField
-2286.3826
665.33
StartAngle 0
EndAngle 0
AngleIncrement 0
StartTemp 0
FinishTemp 0
TempIncrement 0
TempPoints 0
LengthofSetPointsArray 293
SetPointArray
-2286.38262
-2276.27402
-2266.16541
-2256.05681
-2245.9482
-2235.8396
-2225.73099
-2215.62239
-2205.51378
-2195.40518
-2185.29657
-2175.18797
-2165.07937
-2154.97076
-2144.86216
-2134.75355
-2124.64495
-2114.53634
-2104.42774
-2094.31913
-2084.21053
-2074.10192
-2063.99332
-2053.88471
-2043.77611
-2033.6675
-2023.5589
-2013.45029
-2003.34169
-1993.23308
-1983.12448
-1973.01587
-1962.90727
-1952.79866
-1942.69006
-1932.58145
-1922.47285
-1912.36424
-1902.25564
-1892.14703
-1882.03843
-1871.92982
-1861.82122
-1851.71261
-1841.60401
-1831.49541
-1821.3868
-1811.2782
-1801.16959
-1791.06099
-1780.95238
-1770.84378
-1760.73517
-1750.62657
-1740.51796
-1730.40936
-1720.30075
-1710.19215
-1700.08354
-1689.97494
-1679.86633
-1669.75773
-1659.64912
-1649.54052
-1639.43191
-1629.32331
-1619.2147
-1609.1061
-1598.99749
-1588.88889
-1578.78028
-1568.67168
-1558.56307
-1548.45447
-1538.34586
-1528.23726
-1518.12865
-1508.02005
-1497.91145
-1487.80284
-1477.69424
-1467.58563
-1457.47703
-1447.36842
-1437.25982
-1427.15121
-1417.04261
-1406.934
-1396.8254
-1386.71679
-1376.60819
-1366.49958
-1356.39098
-1346.28237
-1336.17377
-1326.06516
-1315.95656
-1305.84795
-1295.73935
-1285.63074
-1275.52214
-1265.41353
-1255.30493
-1245.19632
-1235.08772
-1224.97911
-1214.87051
-1204.7619
-1194.6533
-1184.5447
-1174.43609
-1164.32749
-1154.21888
-1144.11028
-1134.00167
-1123.89307
-1113.78446
-1103.67586
-1093.56725
-1083.45865
-1073.35004
-1063.24144
-1053.13283
-1043.02423
-1032.91562
-1022.80702
-1012.69841
-1002.58981
-992.4812
-982.3726
-972.26399
-962.15539
-952.04678
-941.93818
-931.82957
-921.72097
-911.61236
-901.50376
-891.39515
-881.28655
-871.17794
-861.06934
-850.96074
-840.85213
-830.74353
-820.63492
-810.52632
-800.41771
-790.30911
-780.2005
-770.0919
-759.98329
-749.87469
-739.76608
-729.65748
-719.54887
-709.44027
-699.33166
-689.22306
-679.11445
-669.00585
-658.89724
-648.78864
-638.68003
-628.57143
-618.46282
-608.35422
-598.24561
-588.13701
-578.0284
-567.9198
-557.81119
-547.70259
-537.59398
-527.48538
-517.37678
-507.26817
-497.15957
-487.05096
-476.94236
-466.83375
-456.72515
-446.61654
-436.50794
-426.39933
-416.29073
-406.18212
-396.07352
-385.96491
-375.85631
-365.7477
-355.6391
-345.53049
-335.42189
-325.31328
-315.20468
-305.09607
-294.98747
-284.87886
-274.77026
-264.66165
-254.55305
-244.44444
-234.33584
-224.22723
-214.11863
-204.01003
-193.90142
-183.79282
-173.68421
-163.57561
-153.467
-143.3584
-133.24979
-123.14119
-113.03258
-102.92398
-92.81537
-82.70677
-72.59816
-62.48956
-52.38095
-42.27235
-32.16374
-22.05514
-11.94653
-1.83793
8.27068
18.37928
28.48789
38.59649
48.7051
58.8137
68.92231
79.03091
89.13952
99.24812
109.35673
119.46533
129.57393
139.68254
149.79114
159.89975
170.00835
180.11696
190.22556
200.33417
210.44277
220.55138
230.65998
240.76859
250.87719
260.9858
271.0944
281.20301
291.31161
301.42022
311.52882
321.63743
331.74603
341.85464
351.96324
362.07185
372.18045
382.28906
392.39766
402.50627
412.61487
422.72348
432.83208
442.94069
453.04929
463.15789
473.2665
483.3751
493.48371
503.59231
513.70092
523.80952
533.91813
544.02673
554.13534
564.24394
574.35255
584.46115
594.56976
604.67836
614.78697
624.89557
635.00418
645.11278
655.22139
665.32999
FieldDomainFile C:\IDEASVSM\Default UserID\Experiments\FORCexp0336B\fdomain.ini
TempDomainFile C:\IDEASVSM\Default UserID\Experiments\FORCexp0336B\tdomain.ini
NumSelectedResults 0
ResultsSelected 
UserName1 
UserValue1 
UserName2 
UserValue2 
LinearBackgroundCorrection Off
MaxLinearFieldCorrection 
MinLinearFieldCorrection 
AutoLinearCorrection Off
FitOneRegion Off
BackgroundMode Off
BackgroundFilename 
AutoCenter Off
OffsetCorrection 
SmoothDeriv Off
DerivOrder 0
DerivPoints 0
MinExFieldOne 
MaxExFieldOne 
MinExFieldTwo 
MaxExFieldTwo 
MinPinFieldOne 
MaxPinFieldOne 
MinPinFieldTwo 
MaxPinFieldTwo 
HCenterStart 
Mass 
Volume 
Density 
MolarWeight 
NumberOfMoles 
Demagnetization 
SampleArea 
Thickness 
MomentScaling 0
XAxis 0
YAxis 0
SimpleSpinValve False
HsatMax 0
HsatMin 0
FieldAutoRange False
 
*************************************************** Experiment Data ********************************************
 
DataPoints 293
MomentX Data
-0.00476205
-0.00483952
-0.00483761
-0.00476648
-0.0047673
-0.00474199
-0.00475831
-0.00474297
-0.00470569
-0.00470593
-0.0047398
-0.00476946
-0.00472409
-0.00471946
-0.00471807
-0.00471873
-0.0047129
-0.00472823
-0.00468495
-0.00473213
-0.00471044
-0.00469712
-0.00470188
-0.00469329
-0.00470416
-0.00469736
-0.0047293
-0.00466113
-0.00465753
-0.00468662
-0.00470517
-0.00466276
-0.00462403
-0.00463146
-0.00464632
-0.00464657
-0.00461525
-0.00461679
-0.00460391
-0.00459836
-0.00462299
-0.00465836
-0.0046275
-0.00461239
-0.00460416
-0.00457543
-0.00458883
-0.0046001
-0.0046415
-0.00460121
-0.00459296
-0.00457781
-0.00456528
-0.00456537
-0.0045732
-0.00454472
-0.0045904
-0.00452571
-0.00455726
-0.00455085
-0.00452161
-0.0045474
-0.00457625
-0.00452479
-0.00454529
-0.00449032
-0.00455046
-0.00447259
-0.00447736
-0.00445535
-0.00449698
-0.00447631
-0.00451125
-0.00448097
-0.00442538
-0.00444625
-0.00444603
-0.00445444
-0.00442601
-0.004465
-0.00442766
-0.00445514
-0.00443614
-0.00445685
-0.00442492
-0.00441633
-0.00438849
-0.00441142
-0.00440734
-0.00439843
-0.0044027
-0.00441749
-0.00438184
-0.00438389
-0.00435046
-0.00438636
-0.0043527
-0.00432373
-0.00434807
-0.00432068
-0.00436319
-0.00434287
-0.00434866
-0.00433733
-0.00434582
-0.00431824
-0.00433542
-0.00430244
-0.00429532
-0.00425685
-0.004268
-0.00424603
-0.00425063
-0.00430124
-0.00427749
-0.00426856
-0.00424018
-0.00426142
-0.00422697
-0.00422746
-0.00418328
-0.00423305
-0.00417352
-0.0042342
-0.00420157
-0.00425975
-0.00416364
-0.00416987
-0.00412813
-0.00413443
-0.00410106
-0.00417713
-0.00411011
-0.00409044
-0.00408003
-0.00408619
-0.00411792
-0.0041085
-0.00407638
-0.00405683
-0.00406534
-0.00404262
-0.0040774
-0.00407529
-0.00403133
-0.00402298
-0.00404034
-0.0040127
-0.00398934
-0.00403034
-0.00407794
-0.00399668
-0.0039792
-0.00396228
-0.00397235
-0.00397734
-0.00399274
-0.00396478
-0.00393474
-0.00385107
-0.00389661
-0.00394637
-0.00391183
-0.00392712
-0.00391694
-0.00383934
-0.00383554
-0.00384028
-0.00383789
-0.00382898
-0.00382414
-0.00385896
-0.00379995
-0.00378385
-0.00377557
-0.00374713
-0.00375214
-0.0037253
-0.00370949
-0.00375424
-0.00375034
-0.00368845
-0.00365462
-0.00366291
-0.00373369
-0.00367871
-0.00366561
-0.00362848
-0.00359344
-0.00353157
-0.00362915
-0.00357538
-0.00363662
-0.00357299
-0.00358291
-0.00352706
-0.00360127
-0.0035064
-0.00350859
-0.00350271
-0.00350275
-0.00349331
-0.00347084
-0.00341663
-0.00347923
-0.00341691
-0.00347097
-0.00344994
-0.00338159
-0.00336019
-0.0033384
-0.00336593
-0.00334161
-0.00338012
-0.0033301
-0.003322
-0.00324149
-0.00325309
-0.0032789
-0.00325994
-0.00330724
-0.00324605
-0.00319402
-0.00320108
-0.00318073
-0.00315604
-0.00309277
-0.00317925
-0.00312908
-0.00306545
-0.00301744
-0.00301953
-0.0029966
-0.00299445
-0.00301873
-0.00302708
-0.00301085
-0.00297862
-0.00300779
-0.00286765
-0.0028927
-0.0029296
-0.00288674
-0.00284933
-0.0028834
-0.00284804
-0.00284086
-0.00276955
-0.0026848
-0.00272844
-0.00270013
-0.00267376
-0.00260945
-0.00267533
-0.00257925
-0.00267525
-0.00264986
-0.00256407
-0.00250637
-0.00247259
-0.00248916
-0.00244334
-0.00233476
-0.00247956
-0.0024329
-0.00228657
-0.00233066
-0.00231268
-0.00231449
-0.00225361
-0.0022396
-0.00210186
-0.00219184
-0.00218215
-0.00215929
-0.00197725
-0.00185709
-0.00194083
-0.00191429
-0.00192595
-0.00180401
-0.00179511
-0.00171148
-0.00167144
-0.0017044
-0.00158321
-0.001501
-0.00147232
-0.00140668
-0.00120851
-0.00116984
-0.00122989
-0.00111593
MomentY Data
-0.00572205
-0.00583331
-0.00600815
-0.00581741
-0.00551542
-0.00603994
-0.00596046
-0.00565847
-0.00551542
-0.00576973
-0.00572205
-0.0058651
-0.00603994
-0.00600815
-0.00610352
-0.00578562
-0.00540415
-0.00572205
-0.00594457
-0.00605583
-0.00583331
-0.00581741
-0.00575384
-0.00578562
-0.00592868
-0.00578562
-0.00607173
-0.00603994
-0.00565847
-0.00581741
-0.00573794
-0.00572205
-0.00602404
-0.00578562
-0.00591278
-0.00594457
-0.00561078
-0.0058651
-0.00576973
-0.00592868
-0.00592868
-0.00567436
-0.00578562
-0.00576973
-0.00583331
-0.00588099
-0.00572205
-0.00572205
-0.00551542
-0.00572205
-0.00546773
-0.00623067
-0.00562668
-0.00581741
-0.00565847
-0.00572205
-0.00581741
-0.00596046
-0.00597636
-0.00597636
-0.00576973
-0.00607173
-0.00583331
-0.00591278
-0.00610352
-0.00576973
-0.00603994
-0.00592868
-0.00583331
-0.00567436
-0.00603994
-0.0061353
-0.00616709
-0.00635783
-0.0058651
-0.00603994
-0.00619888
-0.00607173
-0.00588099
-0.0061353
-0.00594457
-0.00588099
-0.00573794
-0.00551542
-0.00616709
-0.00599225
-0.00596046
-0.00642141
-0.00589689
-0.0061353
-0.00573794
-0.00589689
-0.00602404
-0.00588099
-0.00603994
-0.00581741
-0.00561078
-0.00588099
-0.00596046
-0.00638962
-0.00603994
-0.0055631
-0.00616709
-0.00591278
-0.00578562
-0.00623067
-0.00596046
-0.00597636
-0.00603994
-0.00616709
-0.0061353
-0.00565847
-0.0061353
-0.00576973
-0.00597636
-0.00603994
-0.00594457
-0.00561078
-0.00583331
-0.00578562
-0.00572205
-0.00603994
-0.00603994
-0.00588099
-0.00602404
-0.00632604
-0.00607173
-0.00573794
-0.00635783
-0.00616709
-0.00616709
-0.0061353
-0.00603994
-0.00610352
-0.00623067
-0.00623067
-0.00592868
-0.00597636
-0.00572205
-0.00594457
-0.00618299
-0.00616709
-0.00581741
-0.00594457
-0.00632604
-0.00616709
-0.00591278
-0.00654856
-0.00603994
-0.00597636
-0.00611941
-0.00597636
-0.00583331
-0.00581741
-0.00597636
-0.00588099
-0.00610352
-0.00623067
-0.00570615
-0.0061353
-0.0058492
-0.00576973
-0.00607173
-0.00603994
-0.00581741
-0.00581741
-0.00588099
-0.00626246
-0.00599225
-0.00602404
-0.00588099
-0.00565847
-0.00592868
-0.00597636
-0.00600815
-0.00605583
-0.00594457
-0.00616709
-0.00607173
-0.00581741
-0.00610352
-0.00648499
-0.00619888
-0.00610352
-0.00597636
-0.0061353
-0.00597636
-0.00603994
-0.00627836
-0.00607173
-0.00651677
-0.00588099
-0.00596046
-0.00578562
-0.00626246
-0.00635783
-0.0058492
-0.00629425
-0.00591278
-0.00600815
-0.00616709
-0.00591278
-0.00581741
-0.0061353
-0.00607173
-0.00610352
-0.00588099
-0.00626246
-0.00648499
-0.00588099
-0.0058651
-0.0061353
-0.00607173
-0.0061353
-0.00629425
-0.00610352
-0.0064373
-0.00619888
-0.00635783
-0.0061353
-0.00616709
-0.0061353
-0.00594457
-0.00597636
-0.00592868
-0.00616709
-0.00607173
-0.00603994
-0.00597636
-0.00632604
-0.00632604
-0.0061353
-0.00592868
-0.00610352
-0.00626246
-0.00602404
-0.00602404
-0.00597636
-0.00638962
-0.00607173
-0.00626246
-0.00599225
-0.00610352
-0.00611941
-0.00607173
-0.00610352
-0.00607173
-0.00623067
-0.00616709
-0.00597636
-0.00597636
-0.00616709
-0.00623067
-0.00603994
-0.00623067
-0.00635783
-0.00624657
-0.00626246
-0.00619888
-0.00610352
-0.00629425
-0.00610352
-0.00619888
-0.00642141
-0.00610352
-0.00589689
-0.00626246
-0.00610352
-0.00635783
-0.00597636
-0.00610352
-0.00623067
-0.00632604
-0.00642141
-0.00632604
-0.00594457
-0.00616709
-0.0061353
-0.00607173
-0.0061353
-0.00623067
-0.00596046
-0.00638962
-0.00632604
-0.00651677
-0.0061353
-0.00599225
-0.00638962
-0.00618299
-0.00658035
-0.00610352
-0.00619888
-0.00607173
Field Data
-2285.78
-2279.47
-2269.84
-2259.71
-2249.6
-2239.63
-2229.42
-2219.45
-2209.13
-2199.01
-2189.12
-2179.1
-2165.31
-2155.29
-2145.19
-2135.33
-2125.28
-2114.83
-2104.75
-2095.29
-2084.74
-2074.87
-2064.41
-2054.47
-2044.6
-2034.15
-2024.29
-2014.41
-2004.05
-1993.99
-1984.06
-1974.11
-1963.57
-1953.81
-1943.8
-1933.4
-1923.51
-1913.52
-1903.27
-1893.19
-1882.94
-1873.01
-1863.02
-1852.94
-1843.13
-1832.69
-1822.65
-1812.82
-1802.64
-1792.24
-1782.27
-1772.06
-1762.27
-1752.31
-1741.66
-1731.94
-1722.06
-1711.54
-1701.64
-1691.76
-1680.38
-1668.08
-1658.09
-1648.06
-1637.71
-1627.67
-1617.82
-1607.67
-1597.62
-1587.28
-1577.35
-1567.53
-1557.02
-1547.28
-1537.21
-1526.96
-1516.84
-1507.04
-1496.9
-1486.54
-1476.59
-1466.56
-1456.29
-1446.42
-1436.07
-1426.19
-1416.32
-1406.02
-1396.01
-1386.09
-1375.89
-1365.74
-1355.78
-1345.77
-1335.47
-1325.46
-1315.27
-1305.25
-1295.31
-1284.91
-1275.06
-1265.07
-1254.87
-1244.92
-1234.64
-1224.76
-1214.85
-1204.7
-1194.28
-1184.24
-1174.25
-1164.29
-1154.16
-1143.86
-1134.02
-1124.03
-1113.66
-1103.83
-1093.88
-1083.67
-1073.37
-1063.66
-1053.51
-1039.84
-1029.98
-1020.05
-1009.6
-999.75
-989.355
-979.543
-969.674
-959.176
-949.313
-939.258
-929.175
-918.969
-909.058
-899.051
-888.608
-878.612
-868.835
-858.416
-848.573
-838.299
-828.329
-818.24
-808.247
-798.35
-787.992
-778.054
-768.068
-757.769
-747.728
-737.505
-727.496
-717.541
-707.357
-697.248
-687.465
-677.414
-666.941
-657.09
-647.187
-636.659
-626.824
-617.048
-605.662
-593.173
-583.329
-572.849
-563.176
-552.741
-542.972
-532.928
-522.599
-512.682
-502.584
-492.671
-482.461
-472.343
-462.446
-452.253
-442.146
-432.121
-421.966
-411.705
-401.838
-391.635
-381.847
-371.746
-361.365
-351.492
-341.31
-331.506
-321.255
-311.011
-300.863
-290.856
-280.994
-270.989
-260.511
-249.723
-237.348
-227.044
-217.176
-207.214
-196.903
-186.851
-176.871
-166.872
-156.499
-146.428
-136.453
-126.316
-116.401
-106.035
-96.1936
-86.2802
-76.0203
-65.9117
-56.0263
-45.7564
-35.689
-25.9585
-15.9093
-5.18886
4.73114
14.7741
24.6252
34.614
44.9669
54.8925
64.8525
74.912
85.2064
95.4664
105.306
115.432
125.495
135.419
145.873
155.876
165.479
175.848
185.922
195.918
206.02
216.278
226.24
236.109
246.521
256.467
266.406
276.71
286.666
297.03
306.883
316.679
326.832
337.129
347.12
357.106
367.417
377.221
387.349
397.626
407.523
417.561
427.65
438.022
448.013
457.864
468.095
478.031
488.479
498.245
508.396
518.303
528.207
538.713
548.732
558.811
568.704
578.825
589.185
598.97
608.866
619.109
629.257
639.115
649.37
659.437
665.205
Time Data
0
0.3
0.6
0.9
1.2
1.5
1.8
2.1
2.4
2.7
3
3.3
3.6
3.9
4.2
4.5
4.8
5.1
5.4
5.7
6
6.3
6.6
6.9
7.2
7.5
7.8
8.1
8.4
8.7
9
9.3
9.6
9.9
10.2
10.5
10.8
11.1
11.4
11.7
12
12.3
12.6
12.9
13.2
13.5
13.8
14.1
14.4
14.7
15
15.3
15.6
15.9
16.2
16.5
16.8
17.1
17.4
17.7
18
18.3
18.6
18.9
19.2
19.5
19.8
20.1
20.4
20.7
21
21.3
21.6
21.9
22.2
22.5
22.8
23.1
23.4
23.7
24
24.3
24.6
24.9
25.2
25.5
25.8
26.1
26.4
26.7
27
27.3
27.6
27.9
28.2
28.5
28.8
29.1
29.4
29.7
30.0000000000001
30.3000000000001
30.6000000000001
30.9000000000001
31.2000000000001
31.5000000000001
31.8000000000001
32.1000000000001
32.4
32.7
33
33.3
33.6
33.9
34.2
34.5
34.8
35.1
35.4
35.7
36
36.3
36.6
36.9
37.2
37.5
37.8
38.1
38.4
38.7
39
39.3
39.6
39.9
40.2
40.5
40.8
41.1
41.4
41.7
42
42.3
42.6
42.8999999999999
43.1999999999999
43.4999999999999
43.7999999999999
44.0999999999999
44.3999999999999
44.6999999999999
44.9999999999999
45.2999999999999
45.5999999999999
45.8999999999999
46.1999999999999
46.4999999999999
46.7999999999999
47.0999999999999
47.3999999999999
47.6999999999999
47.9999999999999
48.2999999999999
48.5999999999999
48.8999999999999
49.1999999999999
49.4999999999999
49.7999999999999
50.0999999999999
50.3999999999999
50.6999999999999
50.9999999999999
51.2999999999999
51.5999999999999
51.8999999999999
52.1999999999999
52.4999999999999
52.7999999999999
53.0999999999999
53.3999999999998
53.6999999999998
53.9999999999998
54.2999999999998
54.5999999999998
54.8999999999998
55.1999999999998
55.4999999999998
55.7999999999998
56.0999999999998
56.3999999999998
56.6999999999998
56.9999999999998
57.2999999999998
57.5999999999998
57.8999999999998
58.1999999999998
58.4999999999998
58.7999999999998
59.0999999999998
59.3999999999998
59.6999999999998
59.9999999999998
60.2999999999998
60.5999999999998
60.8999999999998
61.1999999999998
61.4999999999998
61.7999999999998
62.0999999999998
62.3999999999998
62.6999999999998
62.9999999999998
63.2999999999998
63.5999999999998
63.8999999999998
64.1999999999997
64.4999999999997
64.7999999999997
65.0999999999997
65.3999999999997
65.6999999999997
65.9999999999997
66.2999999999997
66.5999999999997
66.8999999999997
67.1999999999997
67.4999999999997
67.7999999999997
68.0999999999997
68.3999999999997
68.6999999999997
68.9999999999997
69.2999999999997
69.5999999999997
69.8999999999997
70.1999999999997
70.4999999999997
70.7999999999997
71.0999999999997
71.3999999999997
71.6999999999997
71.9999999999997
72.2999999999997
72.5999999999997
72.8999999999997
73.1999999999997
73.4999999999997
73.7999999999997
74.0999999999997
74.3999999999997
74.6999999999996
74.9999999999996
75.2999999999996
75.5999999999996
75.8999999999996
76.1999999999996
76.4999999999996
76.7999999999996
77.0999999999996
77.3999999999996
77.6999999999996
77.9999999999996
78.2999999999996
78.5999999999996
78.8999999999996
79.1999999999996
79.4999999999996
79.7999999999996
80.0999999999996
80.3999999999996
80.6999999999996
80.9999999999996
81.2999999999996
81.5999999999996
81.8999999999996
82.1999999999996
82.4999999999996
82.7999999999996
83.0999999999996
83.3999999999996
83.6999999999996
83.9999999999996
84.2999999999996
84.5999999999996
84.8999999999996
85.1999999999995
85.4999999999995
85.7999999999995
86.0999999999995
86.3999999999995
86.6999999999995
86.9999999999995
87.2999999999995
87.5999999999995
Temperature Data
0
0
0
0
0
0
0
0
0
0
0
0
0
0
0
0
0
0
0
0
0
0
0
0
0
0
0
0
0
0
0
0
0
0
0
0
0
0
0
0
0
0
0
0
0
0
0
0
0
0
0
0
0
0
0
0
0
0
0
0
0
0
0
0
0
0
0
0
0
0
0
0
0
0
0
0
0
0
0
0
0
0
0
0
0
0
0
0
0
0
0
0
0
0
0
0
0
0
0
0
0
0
0
0
0
0
0
0
0
0
0
0
0
0
0
0
0
0
0
0
0
0
0
0
0
0
0
0
0
0
0
0
0
0
0
0
0
0
0
0
0
0
0
0
0
0
0
0
0
0
0
0
0
0
0
0
0
0
0
0
0
0
0
0
0
0
0
0
0
0
0
0
0
0
0
0
0
0
0
0
0
0
0
0
0
0
0
0
0
0
0
0
0
0
0
0
0
0
0
0
0
0
0
0
0
0
0
0
0
0
0
0
0
0
0
0
0
0
0
0
0
0
0
0
0
0
0
0
0
0
0
0
0
0
0
0
0
0
0
0
0
0
0
0
0
0
0
0
0
0
0
0
0
0
0
0
0
0
0
0
0
0
0
0
0
0
0
0
0
0
0
0
0
0
0
0
0
0
0
0
0
0
0
0
0
0
0
0
0
0
0
0
0
Angle Data
0
0
0
0
0
0
0
0
0
0
0
0
0
0
0
0
0
0
0
0
0
0
0
0
0
0
0
0
0
0
0
0
0
0
0
0
0
0
0
0
0
0
0
0
0
0
0
0
0
0
0
0
0
0
0
0
0
0
0
0
0
0
0
0
0
0
0
0
0
0
0
0
0
0
0
0
0
0
0
0
0
0
0
0
0
0
0
0
0
0
0
0
0
0
0
0
0
0
0
0
0
0
0
0
0
0
0
0
0
0
0
0
0
0
0
0
0
0
0
0
0
0
0
0
0
0
0
0
0
0
0
0
0
0
0
0
0
0
0
0
0
0
0
0
0
0
0
0
0
0
0
0
0
0
0
0
0
0
0
0
0
0
0
0
0
0
0
0
0
0
0
0
0
0
0
0
0
0
0
0
0
0
0
0
0
0
0
0
0
0
0
0
0
0
0
0
0
0
0
0
0
0
0
0
0
0
0
0
0
0
0
0
0
0
0
0
0
0
0
0
0
0
0
0
0
0
0
0
0
0
0
0
0
0
0
0
0
0
0
0
0
0
0
0
0
0
0
0
0
0
0
0
0
0
0
0
0
0
0
0
0
0
0
0
0
0
0
0
0
0
0
0
0
0
0
0
0
0
0
0
0
0
0
0
0
0
0
0
0
0
0
0
0
Bx Data
0
0
0
0
0
0
0
0
0
0
0
0
0
0
0
0
0
0
0
0
0
0
0
0
0
0
0
0
0
0
0
0
0
0
0
0
0
0
0
0
0
0
0
0
0
0
0
0
0
0
0
0
0
0
0
0
0
0
0
0
0
0
0
0
0
0
0
0
0
0
0
0
0
0
0
0
0
0
0
0
0
0
0
0
0
0
0
0
0
0
0
0
0
0
0
0
0
0
0
0
0
0
0
0
0
0
0
0
0
0
0
0
0
0
0
0
0
0
0
0
0
0
0
0
0
0
0
0
0
0
0
0
0
0
0
0
0
0
0
0
0
0
0
0
0
0
0
0
0
0
0
0
0
0
0
0
0
0
0
0
0
0
0
0
0
0
0
0
0
0
0
0
0
0
0
0
0
0
0
0
0
0
0
0
0
0
0
0
0
0
0
0
0
0
0
0
0
0
0
0
0
0
0
0
0
0
0
0
0
0
0
0
0
0
0
0
0
0
0
0
0
0
0
0
0
0
0
0
0
0
0
0
0
0
0
0
0
0
0
0
0
0
0
0
0
0
0
0
0
0
0
0
0
0
0
0
0
0
0
0
0
0
0
0
0
0
0
0
0
0
0
0
0
0
0
0
0
0
0
0
0
0
0
0
0
0
0
0
0
0
0
0
0
Hint Data
0
0
0
0
0
0
0
0
0
0
0
0
0
0
0
0
0
0
0
0
0
0
0
0
0
0
0
0
0
0
0
0
0
0
0
0
0
0
0
0
0
0
0
0
0
0
0
0
0
0
0
0
0
0
0
0
0
0
0
0
0
0
0
0
0
0
0
0
0
0
0
0
0
0
0
0
0
0
0
0
0
0
0
0
0
0
0
0
0
0
0
0
0
0
0
0
0
0
0
0
0
0
0
0
0
0
0
0
0
0
0
0
0
0
0
0
0
0
0
0
0
0
0
0
0
0
0
0
0
0
0
0
0
0
0
0
0
0
0
0
0
0
0
0
0
0
0
0
0
0
0
0
0
0
0
0
0
0
0
0
0
0
0
0
0
0
0
0
0
0
0
0
0
0
0
0
0
0
0
0
0
0
0
0
0
0
0
0
0
0
0
0
0
0
0
0
0
0
0
0
0
0
0
0
0
0
0
0
0
0
0
0
0
0
0
0
0
0
0
0
0
0
0
0
0
0
0
0
0
0
0
0
0
0
0
0
0
0
0
0
0
0
0
0
0
0
0
0
0
0
0
0
0
0
0
0
0
0
0
0
0
0
0
0
0
0
0
0
0
0
0
0
0
0
0
0
0
0
0
0
0
0
0
0
0
0
0
0
0
0
0
0
0
Torque Data
13.079347449
13.2968551457
13.637539196
13.1456595511
12.407488832
13.5272308222
13.2883687332
12.5586912415
12.1842797846
12.6876939673
12.526254096
12.78063941
13.0783424814
12.9493056135
13.0932100688
12.3542079546
11.485331912
12.1011630015
12.5118337075
12.6887200407
12.1609346894
12.0703694867
11.8782848344
11.8863827214
12.121779128
11.768818923
12.2909423217
12.1669155354
11.3398568035
11.5998573659
11.3844172364
11.2959561255
11.8286242228
11.3040022122
11.493261764
11.493231638
10.7923914378
11.222986152
10.9813540171
11.2241176892
11.1633487192
10.6281330236
10.7787257724
10.6909635062
10.7515486603
10.7780315631
10.4292944325
10.373046681
9.9423167088
10.255286892
9.7449711471
11.0411210802
9.9157293636
10.1939057171
9.8551308602
9.910247277
10.0179290646
10.2015657084
10.1696132304
10.1105667936
9.6953388974
10.1281313784
9.6721529779
9.7446162068
9.9957957392
9.3912164291
9.7715357308
9.5313609756
9.3194127222
9.0067981408
9.527099359
9.617266809
9.6022824718
9.8373432024
9.015890371
9.2227467824
9.4027091392
9.1503399792
8.803253931
9.120368862
8.7776926163
8.6248246944
8.3561046426
7.9776137964
8.8563729363
8.5460870275
8.4419187072
9.0286308882
8.2321174089
8.504077977
7.8947742666
8.0536185486
8.1672729512
7.9144599123
8.0661586718
7.7107442586
7.3796906106
7.6761621975
7.7206434426
8.2100866342
7.7012858964
7.037710917
7.7388962283
7.3609380776
7.1431578768
7.6310753892
7.241064831
7.199720892
7.2133795432
7.3033146616
7.204376025
6.5881000363
7.081117848
6.5997633578
6.7773117672
6.7890737582
6.6202298262
6.1933472874
6.3809411428
6.2697028254
6.1418768085
6.4244425804
6.3631371894
6.1152886416
6.2046407192
6.452877102
6.130018608
5.736505515
6.29015089965
6.04092983987
5.98006682866
5.8848325128
5.73379356122
5.73277998816
5.78938279725
5.72579257923
5.38951398344
5.37305243436
5.0846594064
5.22297053684
5.37199811665
5.29392872944
4.93649705593
4.98332708643
5.24004238716
5.0461597216
4.77898669666
5.228042876
4.75942440048
4.64993080344
4.70012299988
4.52870034084
4.36172921968
4.29036896205
4.34777799456
4.21985144559
4.31736759664
4.34432219616
3.92277840975
4.1561381142
3.9010712972
3.7912318857
3.92954472351
3.84538216046
3.64649220584
3.58962120568
3.56189216538
3.71472218558
3.49545320025
3.45086528996
3.31203242424
3.12766836627
3.21910723696
3.18496958208
3.13985318185
3.10471503606
2.98764576888
3.03834639739
2.92937292753
2.74781289163
2.82254840992
2.93285618247
2.74080999648
2.63745916592
2.52182072376
2.5259336865
2.40152854968
2.3654519019
2.39737293092
2.25714134058
2.35493259105
2.06712093708
2.0343646026
1.91796774372
2.0118465873
1.97735506613
1.7598078596
1.830720378
1.66145570332
1.62814256035
1.60659478299
1.47655715994
1.38075062868
1.3929830532
1.31863403448
1.26473479328
1.15798457397
1.17014691346
1.14700666629
0.98137256328
0.9178822849
0.8983797084
0.82850577369
0.7749865548
0.73265699425
0.6471867432
0.61922706128
0.534840606176
0.483324143949
0.40438805301
0.345519234467
0.28072924092
0.21215575873
0.15513734106
0.094321148724
0.0320001666174
-0.0287262046722
-0.089234677554
-0.147169060272
-0.21896954856
-0.284462408076
-0.33678195525
-0.3844897197
-0.45722689024
-0.533601671744
-0.575093412256
-0.63436755624
-0.68986318752
-0.8018653619
-0.82222760487
-0.91352382758
-0.934047961
-1.01000438608
-1.07608600968
-1.12886818506
-1.19578943136
-1.2508978146
-1.34755684626
-1.3952424416
-1.41107238324
-1.47329824356
-1.58165507103
-1.65988787202
-1.6713117974
-1.78612124622
-1.8884662449
-1.91696614131
-1.98318957034
-2.02599234816
-2.05767359408
-2.18486006
-2.17960361312
-2.27757389296
-2.42229070161
-2.36419236848
-2.34475678314
-2.55209648658
-2.54859191472
-2.7189259995
-2.61777715992
-2.73445630576
-2.85279948888
-2.9611876938
-3.06963304371
-3.09013769316
-2.96185227965
-3.13532388764
-3.1799443959
-3.20713028811
-3.3051658689
-3.41896801044
-3.33077061306
-3.63380245248
-3.661670103
-3.83958313245
-3.674860641
-3.6484772885
-3.95587124858
-3.89068973843
-4.20560039025
-3.9634427824
-4.08777083056
-4.03894515465
dMdH Data
-1.22773375594286E-05
1.98338525441329E-07
7.0217176702862E-06
-8.11078140455316E-08
2.53861584754274E-06
-1.59843290891285E-06
1.53861584754259E-06
3.61240310077527E-06
-2.3715415019708E-08
-3.42467138523751E-06
-2.96007984031936E-06
3.29006526468452E-06
4.6207584830342E-07
1.37623762376194E-07
-6.69371196754099E-08
5.80099502487585E-07
-1.46698564593298E-06
4.2936507936508E-06
-4.9873150105708E-06
2.05592417061612E-06
1.34954407294833E-06
-4.55066921606151E-07
8.64185110663995E-07
-1.10131712259369E-06
6.50717703349247E-07
-3.2393509127788E-06
6.89979757085022E-06
3.47490347490373E-07
-2.89165009940358E-06
-1.86807653575024E-06
4.26231155778889E-06
3.67457305502846E-06
-7.61270491803202E-07
-1.48451548451551E-06
-2.40384615384859E-08
3.16683518705756E-06
-1.54154154154107E-07
1.25658536585364E-06
5.50595238095242E-07
-2.40292682926832E-06
-3.56193353474316E-06
3.08908908908915E-06
1.49900793650791E-06
8.38939857288455E-07
2.75191570881227E-06
-1.3346613545817E-06
-1.14649033570699E-06
-4.06679764243617E-06
3.87403846153844E-06
8.27482447341981E-07
1.48383937316358E-06
1.27987742594486E-06
-9.03614457834664E-09
-7.35211267605675E-07
2.93004115226337E-06
-4.6234817813764E-06
6.14923954372625E-06
-3.18686868686873E-06
6.48785425101129E-07
2.56942003514947E-06
-2.09674796747967E-06
-2.88788788788784E-06
5.13060817547356E-06
-1.9806763285024E-06
5.47509960159361E-06
-6.10558375634511E-06
7.6719211822661E-06
-4.74626865671576E-07
2.12862669245644E-06
-4.19234642497479E-06
2.10488798370678E-06
-3.32445290199808E-06
3.10882956878847E-06
5.52035749751745E-06
-2.03609756097562E-06
2.1739130434739E-08
-8.58163265306075E-07
2.80374753451674E-06
-3.76351351351347E-06
3.75276381909549E-06
-2.73978065802592E-06
1.85004868549172E-06
-2.09827760891595E-06
3.08502415458936E-06
8.69433198380506E-07
2.82066869300912E-06
-2.22621359223302E-06
4.07592407592414E-07
8.98185483870961E-07
-4.18627450980379E-07
-1.45714285714282E-06
3.57931726907628E-06
-2.04795204795202E-07
3.24563106796119E-06
-3.58641358641361E-06
3.30323846908728E-06
2.89121756487032E-06
-2.44869215291752E-06
2.63365384615384E-06
-4.31573604060907E-06
2.03403403403402E-06
-5.67647058823472E-07
1.13869346733665E-06
-8.25875486381314E-07
2.79149797570849E-06
-1.73360242179618E-06
3.2492610837439E-06
6.83301343570074E-07
3.83167330677289E-06
-1.11611611611609E-06
2.20582329317273E-06
-4.54096742349506E-07
-4.91359223300958E-06
2.41361788617883E-06
8.93893893893881E-07
2.73674059787858E-06
-2.16073245167855E-06
3.46231155778902E-06
-4.79921645445338E-08
4.2893203883494E-06
-5.1256436663235E-06
5.86502463054185E-06
-4.43891733723477E-06
3.30933062880324E-06
-5.85901309164142E-06
9.19712918660293E-06
-6.32487309644699E-07
4.01539201539204E-06
-6.42070933550741E-07
3.38129496402872E-06
-7.24614212230907E-06
6.79509277096215E-06
1.95624067628049E-06
1.03243082415944E-06
-6.03566529492446E-07
-3.20149329028348E-06
9.41341061257082E-07
3.07574451785883E-06
1.95578231292519E-06
-8.70410146261617E-07
2.18063153853532E-06
-3.53347556639232E-06
2.05372785672618E-07
4.40922768304914E-06
8.27634056893636E-07
-1.73721605123587E-06
2.79276548449025E-06
2.25526163351998E-06
-4.12557858724092E-06
-4.76667334267976E-06
7.89008641615698E-06
1.74086246389804E-06
1.65509146043229E-06
-1.00609451493656E-06
-5.0125565042691E-07
-1.51217596229374E-06
2.76585221090116E-06
3.07063273024637E-06
8.32454482141078E-06
-4.34832426238903E-06
-5.05126383108317E-06
3.48783197011011E-06
-1.45231762917935E-06
1.03507880020338E-06
7.9378068739771E-06
3.33743193395397E-07
-3.79533989911124E-07
2.42787484762302E-07
8.50190839694664E-07
5.00361831903223E-07
-3.33684714901768E-06
6.04053639062339E-06
1.60294703305454E-06
8.01626488527477E-07
2.86780276293231E-06
-4.96137849079042E-07
2.70755573489359E-06
1.54848188050929E-06
-4.42281083218024E-06
3.94058805698679E-07
6.07181398999313E-06
3.3471851192243E-06
-8.26932668329195E-07
-6.9699655342196E-06
5.35815222687846E-06
1.32765784939697E-06
3.63912574732923E-06
3.57989374744586E-06
6.12513612513612E-06
-9.39986513823333E-06
5.44616631216448E-06
-6.01453545472403E-06
6.49020807833538E-06
-9.67710467271495E-07
5.45197188598206E-06
-7.31277098935752E-06
9.48036374537827E-06
-2.22064489961469E-07
5.87706146926511E-07
-3.81752242792161E-09
8.75046347793833E-07
1.81575757575755E-06
5.2610636645963E-06
-6.34373733279284E-06
6.25577193334671E-06
-5.24294442828046E-06
2.09212097095106E-06
6.84869739478959E-06
2.14021402140214E-06
2.10064590764483E-06
-2.73359150034753E-06
2.43809523809524E-06
-3.79895432573738E-06
5.04488149268784E-06
7.81400733166123E-07
8.18074664173795E-06
-1.17013335485303E-06
-2.51561906061461E-06
1.87563065112876E-06
-4.78483419993123E-06
5.95818849258513E-06
5.16816655740308E-06
-7.25553671445425E-07
2.02503681885122E-06
2.30307711250657E-06
6.37802419354841E-06
-8.61100711344065E-06
5.09283227253809E-06
6.37013455069677E-06
4.63734798945221E-06
-2.10566615620187E-07
2.30220883534136E-06
2.13728316516706E-07
-2.35856387939072E-06
-8.13840155945448E-07
1.64945729501202E-06
3.18289551649218E-06
-2.89873795090929E-06
1.41213220475615E-05
-2.39621197627703E-06
-3.68889333200042E-06
4.46318858689993E-06
3.60786961134149E-06
-3.38197339686319E-06
3.53741496598638E-06
7.10750346466032E-07
6.95164749463836E-06
8.50732784581405E-06
-4.42192724693482E-06
2.7189781021898E-06
2.65131711240699E-06
6.47046986618368E-06
-6.39363354037268E-06
9.65046203294495E-06
-9.26283288305677E-06
2.57688013802904E-06
8.75765618619846E-06
5.68304934502116E-06
3.28056715548215E-06
-1.658492643379E-06
4.58842379331062E-06
1.05305014062652E-05
-1.47694818441452E-05
4.6070300157978E-06
1.42385910285103E-05
-4.45488531878346E-06
1.79119346483363E-06
-1.79403310536237E-07
5.86964905514848E-06
1.40226203583226E-06
1.39823368185971E-05
-8.79483921415301E-06
9.75241545893735E-07
2.18797856049005E-06
1.86401802170796E-05
1.18372574130627E-05
-8.45260926617544E-06
2.6797253634895E-06
-1.10984199505046E-06
1.217087533686E-05
8.83024109534676E-07
8.45345193571218E-06
3.9561308171129E-06
-3.18146718146722E-06
1.23852835973428E-05
8.30739692805178E-06
2.79996094894072E-06
6.46826960977539E-06
2.01024548589976E-05
3.77084349098003E-06
-5.9650342703884E-06
1.9757281553398E-05
1.9757281553398E-05
dMdT Data
0
0
0
0
0
0
0
0
0
0
0
0
0
0
0
0
0
0
0
0
0
0
0
0
0
0
0
0
0
0
0
0
0
0
0
0
0
0
0
0
0
0
0
0
0
0
0
0
0
0
0
0
0
0
0
0
0
0
0
0
0
0
0
0
0
0
0
0
0
0
0
0
0
0
0
0
0
0
0
0
0
0
0
0
0
0
0
0
0
0
0
0
0
0
0
0
0
0
0
0
0
0
0
0
0
0
0
0
0
0
0
0
0
0
0
0
0
0
0
0
0
0
0
0
0
0
0
0
0
0
0
0
0
0
0
0
0
0
0
0
0
0
0
0
0
0
0
0
0
0
0
0
0
0
0
0
0
0
0
0
0
0
0
0
0
0
0
0
0
0
0
0
0
0
0
0
0
0
0
0
0
0
0
0
0
0
0
0
0
0
0
0
0
0
0
0
0
0
0
0
0
0
0
0
0
0
0
0
0
0
0
0
0
0
0
0
0
0
0
0
0
0
0
0
0
0
0
0
0
0
0
0
0
0
0
0
0
0
0
0
0
0
0
0
0
0
0
0
0
0
0
0
0
0
0
0
0
0
0
0
0
0
0
0
0
0
0
0
0
0
0
0
0
0
0
0
0
0
0
0
0
0
0
0
0
0
0
0
0
0
0
0
0
 
*********************************************** Results ***************************************
 
TotalArea 0
AreaFirstQuad 0
AreaSecondQuad 0
AreaThirdQuad 0
AreaFourthQuad 0
Coercivity 0
PositiveCoercivity 0
NegativeCoercivity 0
Retentivity 1.48511986606039E-02
PositiveRetentivity -3.28253426465908E-02
NegativeRetentivity -3.12294532538306E-03
Magnetization 0.00483952
PositiveMagnetization -0.00111593
NegativeMagnetization -0.00483952
Flatness 1.21028237496192
Squareness 3.06873381256899
SStar 0
SFD1 0
SFD2 0
Slope 0
Intercept 0
SlopeAtHc 1.9757281553398E-05
dH1 -604.821631266405
dH2 768.9625
InitialSlope -1.22773375594286E-05
FieldAtHalfMs 665.205
FieldAtMs 665.205
MomentMean -3.76234457337884E-03
MomentRMS 8.87349352175573E-04
SFD3 0
dH3 -1209.64326253281
UserField1 0
UserField2 0
CenterField 0
ExchangeField 0
ExchangeMoment 0
ExRegionOneIntercept 0
ExRegionOneSlope 0
ExRegionTwoIntercept 0
ExRegionTwoSlope 0
NegativeIntercept 0
NegativeSlope 0
AutoCenterOffset 0
PinningField 0
PinningMoment 0
PinRegionOneIntercept 0
PinRegionOneSlope 0
PinRegionTwoIntercept 0
PinRegionTwoSlope 0
PositiveIntercept 0
PositiveSlope 0
TotalOffset 0
BHMax 0
BCoercivity 0
BRetentivity 0
BNegativeCoercivity 0
BPositiveCoercivity 0
BNegativeRetentivity 0
BPositiveRetentivity 0
MomentYMean -6.01189126279863E-03
MomentYRMS 2.13881349004926E-04
YOffCorrection 0
Mrt 0
Ms1 0
Ms2 0
Ms3 0
Hc2 0
Hex2 0
HsatValue 0
HsatIntercept 0
HsatSlope 0
CenterH 0
Span .00372359
SpanAsPercentOfRange -70.2564150943396
RMSAsPercentOfRange -16.7424406070863
SpanAsPercentOfMean -98.9699355648323
RMSAsPercentOfMean -23.5850102208654
