Version 1.25
******************************************** Units *******************************************
System CGS
TemperatureUnit K
MomentUnit emu
AppliedFieldUnit G
 
******************************************** Setup ********************************************
 
Experiment CustomField
Minor False
Acquisition Continuous
EditedPoint No
MaxField 15000
FieldIncrement 100
Points 101
MinField 0
RampRate 10
AverageTime 0.3
TimeInterval 0
TimeConstant 0.1
TimeConstantIndex 0
Sensitivity -0.0053
SensitivityIndex 5
SensitivityY -400
SensitivityIndexY 0
SaturationField 8000
ExperimentTime 100
Use735Domains True
AutoRangeEnabled False
NumberOfVertices 2
VertexPts
0
100
VertexField
594.5698
1605.4302
StartAngle 0
EndAngle 0
AngleIncrement 0
StartTemp 0
FinishTemp 0
TempIncrement 0
TempPoints 0
LengthofSetPointsArray 101
SetPointArray
594.56976
604.67836
614.78697
624.89557
635.00418
645.11278
655.22139
665.32999
675.4386
685.5472
695.65581
705.76441
715.87302
725.98162
736.09023
746.19883
756.30744
766.41604
776.52464
786.63325
796.74185
806.85046
816.95906
827.06767
837.17627
847.28488
857.39348
867.50209
877.61069
887.7193
897.8279
907.93651
918.04511
928.15372
938.26232
948.37093
958.47953
968.58814
978.69674
988.80535
998.91395
1009.02256
1019.13116
1029.23977
1039.34837
1049.45698
1059.56558
1069.67419
1079.78279
1089.8914
1100
1110.1086
1120.21721
1130.32581
1140.43442
1150.54302
1160.65163
1170.76023
1180.86884
1190.97744
1201.08605
1211.19465
1221.30326
1231.41186
1241.52047
1251.62907
1261.73768
1271.84628
1281.95489
1292.06349
1302.1721
1312.2807
1322.38931
1332.49791
1342.60652
1352.71512
1362.82373
1372.93233
1383.04094
1393.14954
1403.25815
1413.36675
1423.47536
1433.58396
1443.69256
1453.80117
1463.90977
1474.01838
1484.12698
1494.23559
1504.34419
1514.4528
1524.5614
1534.67001
1544.77861
1554.88722
1564.99582
1575.10443
1585.21303
1595.32164
1605.43024
FieldDomainFile C:\IDEASVSM\Default UserID\Experiments\FORCexp0051B\fdomain.ini
TempDomainFile C:\IDEASVSM\Default UserID\Experiments\FORCexp0051B\tdomain.ini
NumSelectedResults 0
ResultsSelected 
UserName1 
UserValue1 
UserName2 
UserValue2 
LinearBackgroundCorrection Off
MaxLinearFieldCorrection 
MinLinearFieldCorrection 
AutoLinearCorrection Off
FitOneRegion Off
BackgroundMode Off
BackgroundFilename 
AutoCenter Off
OffsetCorrection 
SmoothDeriv Off
DerivOrder 0
DerivPoints 0
MinExFieldOne 
MaxExFieldOne 
MinExFieldTwo 
MaxExFieldTwo 
MinPinFieldOne 
MaxPinFieldOne 
MinPinFieldTwo 
MaxPinFieldTwo 
HCenterStart 
Mass 
Volume 
Density 
MolarWeight 
NumberOfMoles 
Demagnetization 
SampleArea 
Thickness 
MomentScaling 0
XAxis 0
YAxis 0
SimpleSpinValve False
HsatMax 0
HsatMin 0
FieldAutoRange False
 
*************************************************** Experiment Data ********************************************
 
DataPoints 101
MomentX Data
0.00385449
0.00383973
0.00387933
0.00389102
0.00391477
0.00388547
0.0039275
0.00391233
0.003914
0.00394114
0.00396902
0.00398564
0.00394793
0.00395818
0.00396027
0.00400187
0.00400767
0.00397374
0.00399217
0.00398384
0.0040067
0.00403435
0.00408256
0.00405032
0.00405652
0.00406637
0.00408391
0.00411932
0.00410491
0.00411375
0.00413462
0.00408037
0.00409896
0.00413362
0.00415896
0.00412296
0.00416609
0.00416847
0.00416969
0.00418522
0.00419816
0.00417232
0.00418853
0.00419897
0.00423458
0.00423898
0.00422714
0.00422838
0.00421799
0.00426373
0.00425208
0.0042772
0.00428038
0.00429571
0.00425859
0.00429724
0.00426785
0.00428992
0.00427408
0.00430141
0.00430784
0.00432052
0.00429287
0.0043268
0.00430518
0.00434521
0.0043476
0.00432454
0.00437858
0.00435144
0.00436875
0.00434287
0.00438673
0.0043279
0.00436808
0.00438856
0.0044312
0.00439785
0.00438394
0.00438896
0.00437337
0.00443603
0.00440847
0.00441623
0.00445911
0.00445297
0.00443883
0.00444034
0.00446825
0.00443941
0.00444005
0.00447015
0.0044677
0.00451565
0.00449486
0.00447013
0.00447178
0.00449154
0.00449988
0.00451325
0.00454692
MomentY Data
-0.00693003
-0.00689824
-0.00686646
-0.00720024
-0.00713666
-0.00708898
-0.00680288
-0.00689824
-0.00694593
-0.00735919
-0.00708898
-0.00705719
-0.00700951
-0.00720024
-0.00715256
-0.00721614
-0.00724792
-0.00680288
-0.00715256
-0.00705719
-0.00720024
-0.00726382
-0.00740687
-0.00724792
-0.00754992
-0.0073115
-0.00715256
-0.00713666
-0.00735919
-0.00729561
-0.00710487
-0.00720024
-0.00720024
-0.00705719
-0.00683467
-0.00710487
-0.00740687
-0.00713666
-0.00726382
-0.00713666
-0.00742277
-0.00724792
-0.00735919
-0.00758171
-0.00729561
-0.00740687
-0.00708898
-0.00715256
-0.00670751
-0.00708898
-0.00697772
-0.00726382
-0.00718435
-0.00693003
-0.00696182
-0.00705719
-0.00688235
-0.00718435
-0.00729561
-0.0073115
-0.00696182
-0.00708898
-0.00726382
-0.00721614
-0.00686646
-0.00705719
-0.00697772
-0.00699361
-0.0070413
-0.00715256
-0.00770887
-0.00724792
-0.00726382
-0.0073115
-0.00688235
-0.0070254
-0.00720024
-0.00745455
-0.00708898
-0.00718435
-0.00680288
-0.00740687
-0.00724792
-0.00737508
-0.00747045
-0.00742277
-0.00708898
-0.0070413
-0.0070254
-0.00720024
-0.00696182
-0.00693003
-0.0073115
-0.00720024
-0.00713666
-0.00699361
-0.00700951
-0.00713666
-0.00713666
-0.00767708
-0.00729561
Field Data
595.921
603.166
612.615
622.843
632.898
642.849
652.94
663.398
673.169
682.849
693.387
703.175
713.453
723.242
733.019
743.535
753.296
763.342
773.236
783.193
793.625
803.563
813.275
823.678
833.431
843.759
853.433
863.399
873.673
883.599
893.574
903.445
913.725
923.577
933.466
943.843
953.58
963.81
973.718
983.682
993.882
1003.91
1013.81
1023.6
1033.9
1043.77
1053.66
1064.07
1073.83
1083.75
1093.91
1103.92
1113.78
1123.75
1133.94
1143.95
1153.97
1163.98
1173.91
1184.16
1194.01
1203.92
1214.09
1224.11
1233.98
1243.99
1254.03
1264.15
1274.2
1284.08
1294.27
1303.83
1314.06
1324.31
1334.06
1344.04
1354.38
1364.27
1374.08
1384.27
1394.42
1404.19
1414.26
1424.3
1434.5
1444.3
1454.34
1464.16
1474.63
1484.3
1494.23
1504.56
1514.32
1524.28
1534.41
1544.45
1554.48
1564.29
1574.64
1584.59
1594.6
Time Data
0
0.3
0.6
0.9
1.2
1.5
1.8
2.1
2.4
2.7
3
3.3
3.6
3.9
4.2
4.5
4.8
5.1
5.4
5.7
6
6.3
6.6
6.9
7.2
7.5
7.8
8.1
8.4
8.7
9
9.3
9.6
9.9
10.2
10.5
10.8
11.1
11.4
11.7
12
12.3
12.6
12.9
13.2
13.5
13.8
14.1
14.4
14.7
15
15.3
15.6
15.9
16.2
16.5
16.8
17.1
17.4
17.7
18
18.3
18.6
18.9
19.2
19.5
19.8
20.1
20.4
20.7
21
21.3
21.6
21.9
22.2
22.5
22.8
23.1
23.4
23.7
24
24.3
24.6
24.9
25.2
25.5
25.8
26.1
26.4
26.7
27
27.3
27.6
27.9
28.2
28.5
28.8
29.1
29.4
29.7
30.0000000000001
Temperature Data
0
0
0
0
0
0
0
0
0
0
0
0
0
0
0
0
0
0
0
0
0
0
0
0
0
0
0
0
0
0
0
0
0
0
0
0
0
0
0
0
0
0
0
0
0
0
0
0
0
0
0
0
0
0
0
0
0
0
0
0
0
0
0
0
0
0
0
0
0
0
0
0
0
0
0
0
0
0
0
0
0
0
0
0
0
0
0
0
0
0
0
0
0
0
0
0
0
0
0
0
0
Angle Data
0
0
0
0
0
0
0
0
0
0
0
0
0
0
0
0
0
0
0
0
0
0
0
0
0
0
0
0
0
0
0
0
0
0
0
0
0
0
0
0
0
0
0
0
0
0
0
0
0
0
0
0
0
0
0
0
0
0
0
0
0
0
0
0
0
0
0
0
0
0
0
0
0
0
0
0
0
0
0
0
0
0
0
0
0
0
0
0
0
0
0
0
0
0
0
0
0
0
0
0
0
Bx Data
0
0
0
0
0
0
0
0
0
0
0
0
0
0
0
0
0
0
0
0
0
0
0
0
0
0
0
0
0
0
0
0
0
0
0
0
0
0
0
0
0
0
0
0
0
0
0
0
0
0
0
0
0
0
0
0
0
0
0
0
0
0
0
0
0
0
0
0
0
0
0
0
0
0
0
0
0
0
0
0
0
0
0
0
0
0
0
0
0
0
0
0
0
0
0
0
0
0
0
0
0
Hint Data
0
0
0
0
0
0
0
0
0
0
0
0
0
0
0
0
0
0
0
0
0
0
0
0
0
0
0
0
0
0
0
0
0
0
0
0
0
0
0
0
0
0
0
0
0
0
0
0
0
0
0
0
0
0
0
0
0
0
0
0
0
0
0
0
0
0
0
0
0
0
0
0
0
0
0
0
0
0
0
0
0
0
0
0
0
0
0
0
0
0
0
0
0
0
0
0
0
0
0
0
0
Torque Data
-4.12975040763
-4.16078382784
-4.2064963929
-4.48461908232
-4.51677784068
-4.55714370402
-4.4418724672
-4.57627861952
-4.67578475217
-5.02521553231
-4.91540657526
-4.96243957825
-5.00095593803
-5.20751597808
-5.24296237864
-5.3654526549
-5.45982914432
-5.19292402496
-5.53061688416
-5.52714180767
-5.71429047
-5.83693699066
-6.02382219925
-5.96995224976
-6.29233737552
-6.1691439285
-6.10423073848
-6.16178510734
-6.42952560487
-6.44639370039
-6.34872710538
-6.5050208268
-6.579039294
-6.51785836863
-6.37993206622
-6.70588181541
-7.0630430946
-6.8783842746
-7.07291228276
-7.02020398212
-7.37735749314
-7.2762593672
-7.4608204139
-7.760638356
-7.542931179
-7.7310686999
-7.4693746668
-7.6108245192
-7.2027254633
-7.682682075
-7.6329976852
-8.0186761744
-8.001785343
-7.7876212125
-7.8942861708
-8.0730725005
-7.9420254295
-8.362439713
-8.5643895351
-8.65798584
-8.3124826982
-8.5345648016
-8.8189312238
-8.8333491354
-8.4730743108
-8.7790737881
-8.7502702116
-8.8409720815
-8.97202446
-9.1844592448
-9.9773591749
-9.4500555336
-9.5450953092
-9.682692565
-9.181467841
-9.442418616
-9.7518610512
-10.1700189285
-9.7408256384
-9.9450801745
-9.4860719296
-10.4006527853
-10.2504433392
-10.504326444
-10.716360525
-10.720706711
-10.3097871732
-10.309589808
-10.359865602
-10.687316232
-10.4025602986
-10.4266459368
-11.07195068
-10.9751818272
-10.9505624706
-10.8012809645
-10.8961431048
-11.1638058714
-11.2376703024
-12.1650241972
-11.633579706
dMdH Data
-2.03726708074533E-06
4.19091967403959E-06
1.14294094642159E-06
2.36200895077074E-06
-2.94442769570896E-06
4.1650976117332E-06
-1.45056416140747E-06
1.70913928973455E-07
2.80371900826446E-06
2.6456633137218E-06
1.697997548018E-06
-3.66900175131355E-06
1.04709367657582E-06
2.13767004193487E-07
3.95587675922407E-06
5.94201413789502E-07
-3.37746366713119E-06
1.8627450980392E-06
-8.36597368685344E-07
2.19133435582826E-06
2.78224994968804E-06
4.96396210873146E-06
-3.09910602710758E-06
6.35701835332764E-07
9.53718048024752E-07
1.81310729791192E-06
3.55308047361032E-06
-1.40256959314778E-06
8.90590368728629E-07
2.09223057644113E-06
-5.49589707223179E-06
1.80836575875484E-06
3.51806739748281E-06
2.5624431186166E-06
-3.46921075455331E-06
4.42949573790689E-06
2.32649071358726E-07
1.23132821962107E-07
1.55861099959852E-06
1.26862745098043E-06
-2.57678500199442E-06
1.63737373737374E-06
1.06639427987737E-06
3.45728155339805E-06
4.45795339412355E-07
-1.19716885743173E-06
1.19116234390054E-07
-1.06454918032795E-06
4.61088709677423E-06
-1.1466535433071E-06
2.50949050949051E-06
3.22515212981768E-07
1.53761283851555E-06
-3.6427870461237E-06
3.8611388611389E-06
-2.93313373253492E-06
2.2047952047952E-06
-1.59516616314194E-06
2.66634146341462E-06
6.52791878172593E-07
1.27951564076682E-06
-2.7187807276303E-06
3.38622754491016E-06
-2.19047619047616E-06
3.99900099900108E-06
2.3804780876491E-07
-2.2786561264822E-06
5.37711442786072E-06
-2.74696356275308E-06
1.69872423945047E-06
-2.70711297071129E-06
4.28739002932548E-06
-5.73951219512197E-06
4.12102564102563E-06
2.05210420841681E-06
4.12379110251445E-06
-3.37209302325583E-06
-1.41794087665646E-06
4.92639842983283E-07
-1.53596059113301E-06
6.41351074718527E-06
-2.73684210526311E-06
7.72908366533856E-07
4.20392156862738E-06
-6.26530612244897E-07
-1.40836653386448E-06
1.53767820773898E-07
2.66571155682902E-06
-2.98241985522234E-06
6.44511581067134E-08
2.91384317521782E-06
-2.51024590163955E-07
4.81425702811249E-06
-2.05231984205334E-06
-2.46314741035855E-06
1.645064805583E-07
2.01427115188582E-06
8.0579710144934E-07
1.3437185929648E-06
3.36363636363641E-06
3.36363636363641E-06
dMdT Data
0
0
0
0
0
0
0
0
0
0
0
0
0
0
0
0
0
0
0
0
0
0
0
0
0
0
0
0
0
0
0
0
0
0
0
0
0
0
0
0
0
0
0
0
0
0
0
0
0
0
0
0
0
0
0
0
0
0
0
0
0
0
0
0
0
0
0
0
0
0
0
0
0
0
0
0
0
0
0
0
0
0
0
0
0
0
0
0
0
0
0
0
0
0
0
0
0
0
0
0
0
 
*********************************************** Results ***************************************
 
TotalArea 0
AreaFirstQuad 0
AreaSecondQuad 0
AreaThirdQuad 0
AreaFourthQuad 0
Coercivity 0
PositiveCoercivity 0
NegativeCoercivity 0
Retentivity 5.06854023602484E-03
PositiveRetentivity 5.06854023602484E-03
NegativeRetentivity 0
Magnetization 0.00454692
PositiveMagnetization 0.00454692
NegativeMagnetization 0.00383973
Flatness 0.102913306738181
Squareness 1.11471946636951
SStar 0
SFD1 0
SFD2 0
Slope 0
Intercept 0
SlopeAtHc 3.36363636363641E-06
dH1 -1243.95575914635
dH2 31.9494999999999
InitialSlope -2.03726708074533E-06
FieldAtHalfMs 1594.6
FieldAtMs 1594.6
MomentMean 4.22417188118812E-03
MomentRMS 1.90980807028941E-04
SFD3 0
dH3 -2487.91151829269
UserField1 0
UserField2 0
CenterField 0
ExchangeField 0
ExchangeMoment 0
ExRegionOneIntercept 0
ExRegionOneSlope 0
ExRegionTwoIntercept 0
ExRegionTwoSlope 0
NegativeIntercept 0
NegativeSlope 0
AutoCenterOffset 0
PinningField 0
PinningMoment 0
PinRegionOneIntercept 0
PinRegionOneSlope 0
PinRegionTwoIntercept 0
PinRegionTwoSlope 0
PositiveIntercept 0
PositiveSlope 0
TotalOffset 0
BHMax 0
BCoercivity 0
BRetentivity 0
BNegativeCoercivity 0
BPositiveCoercivity 0
BNegativeRetentivity 0
BPositiveRetentivity 0
MomentYMean -7.15586227722772E-03
MomentYRMS 1.92741652399689E-04
YOffCorrection 0
Mrt 0
Ms1 0
Ms2 0
Ms3 0
Hc2 0
Hex2 0
HsatValue 0
HsatIntercept 0
HsatSlope 0
CenterH 0
Span .00070719
SpanAsPercentOfRange -13.3432075471698
RMSAsPercentOfRange -3.60341145337625
SpanAsPercentOfMean 16.7415062618402
RMSAsPercentOfMean 4.52114195162023
