Version 1.25
******************************************** Units *******************************************
System CGS
TemperatureUnit K
MomentUnit emu
AppliedFieldUnit G
 
******************************************** Setup ********************************************
 
Experiment CustomField
Minor False
Acquisition Continuous
EditedPoint No
MaxField 15000
FieldIncrement 100
Points 169
MinField 0
RampRate 10
AverageTime 0.3
TimeInterval 0
TimeConstant 0.1
TimeConstantIndex 0
Sensitivity -0.0053
SensitivityIndex 5
SensitivityY -400
SensitivityIndexY 0
SaturationField 8000
ExperimentTime 100
Use735Domains True
AutoRangeEnabled False
NumberOfVertices 2
VertexPts
0
168
VertexField
250.8772
1949.1228
StartAngle 0
EndAngle 0
AngleIncrement 0
StartTemp 0
FinishTemp 0
TempIncrement 0
TempPoints 0
LengthofSetPointsArray 169
SetPointArray
250.87719
260.9858
271.0944
281.20301
291.31161
301.42022
311.52882
321.63743
331.74603
341.85464
351.96324
362.07185
372.18045
382.28906
392.39766
402.50627
412.61487
422.72348
432.83208
442.94069
453.04929
463.15789
473.2665
483.3751
493.48371
503.59231
513.70092
523.80952
533.91813
544.02673
554.13534
564.24394
574.35255
584.46115
594.56976
604.67836
614.78697
624.89557
635.00418
645.11278
655.22139
665.32999
675.4386
685.5472
695.65581
705.76441
715.87302
725.98162
736.09023
746.19883
756.30744
766.41604
776.52464
786.63325
796.74185
806.85046
816.95906
827.06767
837.17627
847.28488
857.39348
867.50209
877.61069
887.7193
897.8279
907.93651
918.04511
928.15372
938.26232
948.37093
958.47953
968.58814
978.69674
988.80535
998.91395
1009.02256
1019.13116
1029.23977
1039.34837
1049.45698
1059.56558
1069.67419
1079.78279
1089.8914
1100
1110.1086
1120.21721
1130.32581
1140.43442
1150.54302
1160.65163
1170.76023
1180.86884
1190.97744
1201.08605
1211.19465
1221.30326
1231.41186
1241.52047
1251.62907
1261.73768
1271.84628
1281.95489
1292.06349
1302.1721
1312.2807
1322.38931
1332.49791
1342.60652
1352.71512
1362.82373
1372.93233
1383.04094
1393.14954
1403.25815
1413.36675
1423.47536
1433.58396
1443.69256
1453.80117
1463.90977
1474.01838
1484.12698
1494.23559
1504.34419
1514.4528
1524.5614
1534.67001
1544.77861
1554.88722
1564.99582
1575.10443
1585.21303
1595.32164
1605.43024
1615.53885
1625.64745
1635.75606
1645.86466
1655.97327
1666.08187
1676.19048
1686.29908
1696.40769
1706.51629
1716.6249
1726.7335
1736.84211
1746.95071
1757.05931
1767.16792
1777.27652
1787.38513
1797.49373
1807.60234
1817.71094
1827.81955
1837.92815
1848.03676
1858.14536
1868.25397
1878.36257
1888.47118
1898.57978
1908.68839
1918.79699
1928.9056
1939.0142
1949.12281
FieldDomainFile C:\IDEASVSM\Default UserID\Experiments\FORCexp0085B\fdomain.ini
TempDomainFile C:\IDEASVSM\Default UserID\Experiments\FORCexp0085B\tdomain.ini
NumSelectedResults 0
ResultsSelected 
UserName1 
UserValue1 
UserName2 
UserValue2 
LinearBackgroundCorrection Off
MaxLinearFieldCorrection 
MinLinearFieldCorrection 
AutoLinearCorrection Off
FitOneRegion Off
BackgroundMode Off
BackgroundFilename 
AutoCenter Off
OffsetCorrection 
SmoothDeriv Off
DerivOrder 0
DerivPoints 0
MinExFieldOne 
MaxExFieldOne 
MinExFieldTwo 
MaxExFieldTwo 
MinPinFieldOne 
MaxPinFieldOne 
MinPinFieldTwo 
MaxPinFieldTwo 
HCenterStart 
Mass 
Volume 
Density 
MolarWeight 
NumberOfMoles 
Demagnetization 
SampleArea 
Thickness 
MomentScaling 0
XAxis 0
YAxis 0
SimpleSpinValve False
HsatMax 0
HsatMin 0
FieldAutoRange False
 
*************************************************** Experiment Data ********************************************
 
DataPoints 169
MomentX Data
0.00349369
0.00348924
0.00351922
0.00353462
0.00355903
0.00356699
0.00357296
0.00358385
0.00356751
0.0035597
0.00358694
0.00360392
0.00361484
0.00363734
0.00362965
0.00366441
0.00362412
0.00366663
0.00367106
0.00369379
0.00368917
0.0037041
0.00372682
0.00374267
0.00376962
0.00372986
0.00377352
0.00376305
0.00380729
0.00376048
0.00383293
0.00378945
0.00384093
0.00384986
0.00383708
0.00384926
0.00389322
0.00385193
0.00388141
0.00387807
0.00387709
0.00389919
0.0039319
0.00390805
0.00393535
0.00395397
0.00399307
0.00393118
0.00394947
0.00397588
0.00397253
0.00400571
0.00397906
0.00401709
0.0040006
0.00401225
0.00407851
0.00404205
0.00406455
0.00406784
0.00405501
0.00407119
0.00410432
0.00409693
0.00409093
0.00410462
0.00413139
0.00411657
0.00406981
0.00410726
0.00411975
0.00412125
0.00415079
0.0041622
0.00417438
0.00419392
0.00417932
0.00414733
0.00416539
0.00416607
0.00420536
0.00418588
0.00423008
0.00419463
0.00420665
0.00419956
0.00426414
0.00427001
0.00425041
0.00425027
0.00428534
0.00426376
0.00425935
0.00432809
0.00431412
0.00430277
0.0042769
0.00429283
0.00431533
0.00433284
0.00432858
0.00430667
0.00433619
0.00436305
0.00433555
0.00436235
0.0043676
0.00435668
0.00437963
0.00437973
0.00440475
0.00439366
0.00441695
0.00441557
0.00445159
0.00438616
0.00443191
0.00446264
0.00443377
0.00443454
0.00448902
0.00439861
0.00441569
0.00447354
0.00442504
0.00447343
0.00445449
0.00446523
0.00444445
0.00450803
0.00447502
0.00451091
0.00447947
0.00450556
0.00453645
0.00455223
0.00451976
0.00452345
0.0045265
0.00452934
0.0045563
0.00455008
0.00459583
0.00454786
0.00454052
0.00454382
0.00461084
0.0045907
0.00457306
0.00459043
0.00456414
0.0045452
0.00457194
0.00461562
0.00459655
0.00458057
0.00456298
0.00456148
0.00458189
0.00461167
0.00465391
0.00461746
0.00463786
0.00460404
0.00466649
0.00467715
0.0046157
0.00459568
0.00461583
MomentY Data
-0.00686646
-0.00693003
-0.00700951
-0.00735919
-0.00683467
-0.00680288
-0.00699361
-0.00680288
-0.00689824
-0.00670751
-0.00683467
-0.0067393
-0.0070413
-0.0070413
-0.00683467
-0.00699361
-0.00683467
-0.00710487
-0.00689824
-0.00699361
-0.00691414
-0.00686646
-0.00720024
-0.00694593
-0.00685056
-0.00689824
-0.0067393
-0.00680288
-0.00734329
-0.00720024
-0.00735919
-0.00705719
-0.00726382
-0.0067393
-0.00667572
-0.00683467
-0.00715256
-0.0067393
-0.00715256
-0.00688235
-0.00688235
-0.00735919
-0.0070413
-0.00683467
-0.00710487
-0.00710487
-0.00729561
-0.00734329
-0.00724792
-0.0070413
-0.0070413
-0.00720024
-0.00751813
-0.00693003
-0.00689824
-0.00718435
-0.0073115
-0.00726382
-0.00713666
-0.00724792
-0.0070413
-0.00700951
-0.00694593
-0.00724792
-0.00691414
-0.00724792
-0.00716845
-0.00710487
-0.00712077
-0.00721614
-0.00693003
-0.00693003
-0.00750224
-0.0070413
-0.00699361
-0.00735919
-0.00696182
-0.00726382
-0.00724792
-0.00696182
-0.00694593
-0.00734329
-0.00694593
-0.00686646
-0.0070254
-0.00694593
-0.00696182
-0.00718435
-0.00688235
-0.00708898
-0.00688235
-0.00712077
-0.00713666
-0.00720024
-0.00715256
-0.00710487
-0.0073115
-0.00735919
-0.00693003
-0.00710487
-0.00683467
-0.00697772
-0.00710487
-0.0067393
-0.00686646
-0.0070254
-0.00724792
-0.00720024
-0.00699361
-0.00708898
-0.00720024
-0.0073115
-0.0070413
-0.00693003
-0.00680288
-0.00715256
-0.00724792
-0.00710487
-0.00680288
-0.00724792
-0.00724792
-0.00699361
-0.00689824
-0.00685056
-0.00726382
-0.00710487
-0.0073115
-0.00721614
-0.00688235
-0.00721614
-0.00715256
-0.00705719
-0.00720024
-0.00724792
-0.00689824
-0.00735919
-0.0073115
-0.00689824
-0.00740687
-0.00708898
-0.0073115
-0.00700951
-0.0073115
-0.00710487
-0.00686646
-0.00694593
-0.00721614
-0.00700951
-0.00720024
-0.00750224
-0.00729561
-0.00705719
-0.0070413
-0.00694593
-0.00699361
-0.00708898
-0.00720024
-0.0070254
-0.00686646
-0.00710487
-0.00715256
-0.00689824
-0.00737508
-0.00686646
-0.00705719
-0.00708898
-0.00724792
-0.00683467
-0.00699361
Field Data
251.559
257.9
267.122
279.825
291.028
301.032
311.534
321.344
331.294
341.262
351.559
361.661
371.565
381.945
391.675
401.668
411.885
422.054
431.964
441.985
452.186
462.097
472.348
482.291
492.241
502.552
512.457
522.402
532.682
542.634
552.672
562.572
573.104
582.758
592.74
605.265
616.394
626.66
636.38
646.466
656.759
666.72
676.478
686.912
696.905
706.778
716.708
727.199
736.94
746.923
757.374
767.179
777.474
787.307
797.192
807.499
817.426
827.393
837.39
847.81
857.58
867.537
877.937
887.859
897.765
907.926
918.086
928.346
938.074
948.069
958.352
968.276
978.17
988.178
998.604
1008.45
1018.36
1028.66
1038.68
1048.52
1058.59
1068.92
1078.98
1088.59
1099.06
1108.92
1119.4
1129.02
1138.94
1149.4
1159.29
1169.15
1179.35
1189.45
1199.29
1209.46
1219.77
1229.74
1239.77
1249.62
1259.59
1269.92
1279.65
1290.02
1299.87
1309.89
1320.32
1330.21
1340.07
1350.44
1360.25
1370.2
1380.44
1390.53
1400.41
1410.31
1420.73
1430.6
1440.56
1450.68
1460.69
1470.8
1480.77
1491.14
1501.03
1511.07
1521.1
1530.96
1541.37
1551.23
1561.08
1571.54
1581.48
1591.45
1601.66
1611.69
1621.5
1631.52
1641.98
1651.79
1661.59
1671.97
1681.87
1691.76
1701.97
1711.87
1721.97
1731.88
1742.42
1752.2
1762.38
1772.27
1782.23
1792.48
1802.53
1812.43
1822.65
1832.59
1842.59
1852.49
1862.96
1872.72
1882.74
1892.98
1902.93
1913.25
1922.96
1933.08
1943.17
Time Data
0
0.3
0.6
0.9
1.2
1.5
1.8
2.1
2.4
2.7
3
3.3
3.6
3.9
4.2
4.5
4.8
5.1
5.4
5.7
6
6.3
6.6
6.9
7.2
7.5
7.8
8.1
8.4
8.7
9
9.3
9.6
9.9
10.2
10.5
10.8
11.1
11.4
11.7
12
12.3
12.6
12.9
13.2
13.5
13.8
14.1
14.4
14.7
15
15.3
15.6
15.9
16.2
16.5
16.8
17.1
17.4
17.7
18
18.3
18.6
18.9
19.2
19.5
19.8
20.1
20.4
20.7
21
21.3
21.6
21.9
22.2
22.5
22.8
23.1
23.4
23.7
24
24.3
24.6
24.9
25.2
25.5
25.8
26.1
26.4
26.7
27
27.3
27.6
27.9
28.2
28.5
28.8
29.1
29.4
29.7
30.0000000000001
30.3000000000001
30.6000000000001
30.9000000000001
31.2000000000001
31.5000000000001
31.8000000000001
32.1000000000001
32.4
32.7
33
33.3
33.6
33.9
34.2
34.5
34.8
35.1
35.4
35.7
36
36.3
36.6
36.9
37.2
37.5
37.8
38.1
38.4
38.7
39
39.3
39.6
39.9
40.2
40.5
40.8
41.1
41.4
41.7
42
42.3
42.6
42.8999999999999
43.1999999999999
43.4999999999999
43.7999999999999
44.0999999999999
44.3999999999999
44.6999999999999
44.9999999999999
45.2999999999999
45.5999999999999
45.8999999999999
46.1999999999999
46.4999999999999
46.7999999999999
47.0999999999999
47.3999999999999
47.6999999999999
47.9999999999999
48.2999999999999
48.5999999999999
48.8999999999999
49.1999999999999
49.4999999999999
49.7999999999999
50.0999999999999
50.3999999999999
Temperature Data
0
0
0
0
0
0
0
0
0
0
0
0
0
0
0
0
0
0
0
0
0
0
0
0
0
0
0
0
0
0
0
0
0
0
0
0
0
0
0
0
0
0
0
0
0
0
0
0
0
0
0
0
0
0
0
0
0
0
0
0
0
0
0
0
0
0
0
0
0
0
0
0
0
0
0
0
0
0
0
0
0
0
0
0
0
0
0
0
0
0
0
0
0
0
0
0
0
0
0
0
0
0
0
0
0
0
0
0
0
0
0
0
0
0
0
0
0
0
0
0
0
0
0
0
0
0
0
0
0
0
0
0
0
0
0
0
0
0
0
0
0
0
0
0
0
0
0
0
0
0
0
0
0
0
0
0
0
0
0
0
0
0
0
0
0
0
0
0
0
Angle Data
0
0
0
0
0
0
0
0
0
0
0
0
0
0
0
0
0
0
0
0
0
0
0
0
0
0
0
0
0
0
0
0
0
0
0
0
0
0
0
0
0
0
0
0
0
0
0
0
0
0
0
0
0
0
0
0
0
0
0
0
0
0
0
0
0
0
0
0
0
0
0
0
0
0
0
0
0
0
0
0
0
0
0
0
0
0
0
0
0
0
0
0
0
0
0
0
0
0
0
0
0
0
0
0
0
0
0
0
0
0
0
0
0
0
0
0
0
0
0
0
0
0
0
0
0
0
0
0
0
0
0
0
0
0
0
0
0
0
0
0
0
0
0
0
0
0
0
0
0
0
0
0
0
0
0
0
0
0
0
0
0
0
0
0
0
0
0
0
0
Bx Data
0
0
0
0
0
0
0
0
0
0
0
0
0
0
0
0
0
0
0
0
0
0
0
0
0
0
0
0
0
0
0
0
0
0
0
0
0
0
0
0
0
0
0
0
0
0
0
0
0
0
0
0
0
0
0
0
0
0
0
0
0
0
0
0
0
0
0
0
0
0
0
0
0
0
0
0
0
0
0
0
0
0
0
0
0
0
0
0
0
0
0
0
0
0
0
0
0
0
0
0
0
0
0
0
0
0
0
0
0
0
0
0
0
0
0
0
0
0
0
0
0
0
0
0
0
0
0
0
0
0
0
0
0
0
0
0
0
0
0
0
0
0
0
0
0
0
0
0
0
0
0
0
0
0
0
0
0
0
0
0
0
0
0
0
0
0
0
0
0
Hint Data
0
0
0
0
0
0
0
0
0
0
0
0
0
0
0
0
0
0
0
0
0
0
0
0
0
0
0
0
0
0
0
0
0
0
0
0
0
0
0
0
0
0
0
0
0
0
0
0
0
0
0
0
0
0
0
0
0
0
0
0
0
0
0
0
0
0
0
0
0
0
0
0
0
0
0
0
0
0
0
0
0
0
0
0
0
0
0
0
0
0
0
0
0
0
0
0
0
0
0
0
0
0
0
0
0
0
0
0
0
0
0
0
0
0
0
0
0
0
0
0
0
0
0
0
0
0
0
0
0
0
0
0
0
0
0
0
0
0
0
0
0
0
0
0
0
0
0
0
0
0
0
0
0
0
0
0
0
0
0
0
0
0
0
0
0
0
0
0
0
Torque Data
-1.72731981114
-1.787254737
-1.87239433022
-2.05928534175
-1.98908034076
-2.04788457216
-2.17874729774
-2.18606467072
-2.28534552256
-2.28901827762
-2.40278975053
-2.4373419773
-2.6163006345
-2.6893893285
-2.67696937225
-2.80910934148
-2.81509805295
-2.99863880298
-2.97979134336
-3.09107071585
-3.12647731004
-3.17297056662
-3.40101896352
-3.34995952563
-3.37212650496
-3.46672430848
-3.4536014601
-3.55383811776
-3.91163840378
-3.90709503216
-4.06721825568
-3.97017749268
-4.16292429728
-3.9273809894
-3.9569662728
-4.13678653755
-4.40879506864
-4.223249738
-4.5517461328
-4.4492052751
-4.52004530365
-4.9065191568
-4.7632845414
-4.69481683904
-4.95141942735
-5.02156580886
-5.22882205188
-5.34003314471
-5.3412821648
-5.2593089199
-5.3328975462
-5.52387292296
-5.84515060362
-5.45606112921
-5.49922174208
-5.80135544065
-5.976610199
-6.01003382126
-5.9761677174
-6.1448590552
-6.038478054
-6.08100927687
-6.09808894641
-6.43513100328
-6.2072728971
-6.58057501392
-6.5812535867
-6.59577764502
-6.67980919698
-6.84139863366
-6.64140811056
-6.71018172828
-7.3384661008
-6.9580577514
-6.98384692044
-7.4213751555
-7.0896390152
-7.4720010812
-7.5282695456
-7.2996075064
-7.3528920387
-7.8493895468
-7.4945195514
-7.4747596914
-7.721336124
-7.7024806956
-7.793061308
-8.111274837
-7.838583709
-8.148073612
-7.9786395315
-8.3252482455
-8.416619971
-8.564325468
-8.5779936824
-8.5930560702
-8.918348355
-9.0498903106
-8.5916432931
-8.8783876494
-8.6088819853
-8.8611461824
-9.0917468955
-8.693831786
-8.9255053602
-9.202501206
-9.5695737344
-9.5778312504
-9.3719269527
-9.5732421512
-9.79412646
-10.0182173
-9.720092172
-9.6364146159
-9.5268211808
-10.0873268936
-10.2973373816
-10.164227022
-9.7999568128
-10.5144125856
-10.5869642648
-10.286201588
-10.2147068448
-10.2151440384
-10.9032117346
-10.7359559109
-11.12152265
-11.0476216944
-10.6082478195
-11.1938928522
-11.1657183648
-11.0906563726
-11.3870355552
-11.534702284
-11.0486350784
-11.8607329311
-11.85559725
-11.2546165248
-12.1619324026
-11.7095062742
-12.148715285
-11.7196904347
-12.296992505
-12.0197348712
-11.6865089262
-11.8905291891
-12.4259765958
-12.1396301788
-12.5458421808
-13.145424928
-12.8576371518
-12.5072461213
-12.549216099
-12.4504406064
-12.6061918333
-12.8482800214
-13.123517436
-12.874677786
-12.6520705314
-13.1617006263
-13.3249331776
-12.9184720128
-13.8853581192
-12.9980714508
-13.4293385667
-13.562990985
-13.9374602432
-13.2119638836
-13.5897731437
dMdH Data
-7.01782053303902E-07
3.25092170895685E-06
1.21231205227112E-06
2.17888065696687E-06
7.95681727309079E-07
5.68463149876224E-07
1.11009174311926E-06
-1.64221105527639E-06
-7.83507223113965E-07
2.64543070797319E-06
1.68085527618296E-06
1.10258481421646E-06
2.16763005780351E-06
-7.90339157245662E-07
3.4784349044331E-06
-3.94342762063225E-06
4.1803520503491E-06
4.47023208879889E-07
2.26823670292389E-06
-4.5289677482603E-07
1.50640702250028E-06
2.21636913471855E-06
1.59408629186362E-06
2.70854271356784E-06
-3.85607603530207E-06
4.40787481070164E-06
-1.05279034690797E-06
4.30350194552531E-06
-4.70357717041801E-06
7.21757322175731E-06
-4.39191919191918E-06
4.88796050132927E-06
9.25005179200319E-07
-1.28030454818674E-06
9.72455089820368E-07
3.95004043489981E-06
-4.02201441652059E-06
3.03292181069959E-06
-3.31152092008736E-07
-9.52103371222984E-08
2.21865274570823E-06
3.35212133633949E-06
-2.28579643473265E-06
2.73191233863707E-06
1.8859515851312E-06
3.93756294058405E-06
-5.89934229339428E-06
1.87763063340515E-06
2.64549734548736E-06
-3.20543488661377E-07
3.38398776134625E-06
-2.58863525983481E-06
3.86758873182139E-06
-1.66818411734953E-06
1.13029979625499E-06
6.67472549612161E-06
-3.65807163640007E-06
2.25067520256077E-06
3.15738963531627E-07
-1.31320368474914E-06
1.62498744601781E-06
3.18557692307694E-06
-7.4480951421079E-07
-6.05693519079429E-07
1.34730833579374E-06
2.63484251968511E-06
-1.44444444444449E-06
-4.80674342105264E-06
3.74687343671832E-06
1.21462608188276E-06
1.51148730350642E-07
2.98564786739436E-06
1.14008792965626E-06
1.1682332629964E-06
1.98456225878531E-06
-1.47325933400606E-06
-3.10582524271842E-06
1.80239520958078E-06
6.91056910569415E-08
3.90168818272098E-06
-1.88576960309771E-06
4.39363817097412E-06
-3.68886576482828E-06
1.14804202483283E-06
-7.19066937119706E-07
6.16221374045799E-06
6.1018711018719E-07
-1.97580645161296E-06
-1.33843212237128E-08
3.5460060667342E-06
-2.18864097363082E-06
-4.32352941176462E-07
6.80594059405926E-06
-1.41971544715443E-06
-1.11602753195675E-06
-2.50921435499515E-06
1.59779338014041E-06
2.24327018943171E-06
1.77766497461932E-06
-4.27281845536594E-07
-2.12100677637944E-06
3.03391572456319E-06
2.59016393442626E-06
-2.79187817258892E-06
2.67465069860278E-06
5.03355704697999E-07
-1.1041456016178E-06
2.32758620689656E-06
9.64320154293851E-09
2.55045871559632E-06
-1.11457286432161E-06
2.27441406250004E-06
-1.3676907829539E-07
3.64574898785424E-06
-6.609090909091E-06
4.39059500959688E-06
3.11347517730505E-06
-2.89859437751006E-06
7.60869565217149E-08
5.44255744255745E-06
-8.94263105835815E-06
1.71313941825476E-06
5.57859209257466E-06
-4.90394337714869E-06
4.81972111553784E-06
-1.8883349950149E-06
1.08924949290055E-06
-1.99615754082613E-06
6.44827586206885E-06
-3.35126903553302E-06
3.43116634799236E-06
-3.16297786720318E-06
2.6168505516549E-06
3.02546523016653E-06
1.57328015952144E-06
-3.30988786952089E-06
3.6826347305387E-07
2.91586998087963E-07
2.89500509683958E-07
2.75102040816331E-06
-5.99229287090587E-07
4.62121212121225E-06
-4.85035389282103E-06
-7.18903036238957E-07
3.33333333333286E-07
6.63564356435636E-06
-2.03229061553985E-06
-1.67362428842499E-06
1.77607361963191E-06
-2.58251473477405E-06
-1.91506572295253E-06
2.68473895582328E-06
4.26146341463414E-06
-1.89751243781099E-06
-1.61414141414136E-06
-1.72113502935417E-06
-1.5090543259564E-07
2.04100000000002E-06
3.00808080808079E-06
4.0343839541547E-06
-3.73463114754094E-06
2.03592814371252E-06
-3.30273437499995E-06
6.27638190954766E-06
1.03294573643412E-06
-6.32852729145202E-06
-1.97826086956523E-06
1.99702675916738E-06
1.99702675916738E-06
dMdT Data
0
0
0
0
0
0
0
0
0
0
0
0
0
0
0
0
0
0
0
0
0
0
0
0
0
0
0
0
0
0
0
0
0
0
0
0
0
0
0
0
0
0
0
0
0
0
0
0
0
0
0
0
0
0
0
0
0
0
0
0
0
0
0
0
0
0
0
0
0
0
0
0
0
0
0
0
0
0
0
0
0
0
0
0
0
0
0
0
0
0
0
0
0
0
0
0
0
0
0
0
0
0
0
0
0
0
0
0
0
0
0
0
0
0
0
0
0
0
0
0
0
0
0
0
0
0
0
0
0
0
0
0
0
0
0
0
0
0
0
0
0
0
0
0
0
0
0
0
0
0
0
0
0
0
0
0
0
0
0
0
0
0
0
0
0
0
0
0
0
 
*********************************************** Results ***************************************
 
TotalArea 0
AreaFirstQuad 0
AreaSecondQuad 0
AreaThirdQuad 0
AreaFourthQuad 0
Coercivity 0
PositiveCoercivity 0
NegativeCoercivity 0
Retentivity 3.67022959154708E-03
PositiveRetentivity 3.67022959154708E-03
NegativeRetentivity 0
Magnetization 0.00467715
PositiveMagnetization 0.00467715
NegativeMagnetization 0.00348924
Flatness -0.257640669300564
Squareness 0.78471496350279
SStar 0
SFD1 0
SFD2 0
Slope 0
Intercept 0
SlopeAtHc 1.99702675916738E-06
dH1 -2614.93548764043
dH2 75.274
InitialSlope -7.01782053303902E-07
FieldAtHalfMs 1943.17
FieldAtMs 1913.25
MomentMean 4.17628230769231E-03
MomentRMS 3.34946964204427E-04
SFD3 0
dH3 -5229.87097528085
UserField1 0
UserField2 0
CenterField 0
ExchangeField 0
ExchangeMoment 0
ExRegionOneIntercept 0
ExRegionOneSlope 0
ExRegionTwoIntercept 0
ExRegionTwoSlope 0
NegativeIntercept 0
NegativeSlope 0
AutoCenterOffset 0
PinningField 0
PinningMoment 0
PinRegionOneIntercept 0
PinRegionOneSlope 0
PinRegionTwoIntercept 0
PinRegionTwoSlope 0
PositiveIntercept 0
PositiveSlope 0
TotalOffset 0
BHMax 0
BCoercivity 0
BRetentivity 0
BNegativeCoercivity 0
BPositiveCoercivity 0
BNegativeRetentivity 0
BPositiveRetentivity 0
MomentYMean -7.06490224852071E-03
MomentYRMS 1.83870441155256E-04
YOffCorrection 0
Mrt 0
Ms1 0
Ms2 0
Ms3 0
Hc2 0
Hex2 0
HsatValue 0
HsatIntercept 0
HsatSlope 0
CenterH 0
Span .00118791
SpanAsPercentOfRange -22.4133962264151
RMSAsPercentOfRange -6.31975404159297
SpanAsPercentOfMean 28.4441977931421
RMSAsPercentOfMean 8.02021845092913
