Version 1.25
******************************************** Units *******************************************
System CGS
TemperatureUnit K
MomentUnit emu
AppliedFieldUnit G
 
******************************************** Setup ********************************************
 
Experiment CustomField
Minor False
Acquisition Continuous
EditedPoint No
MaxField 15000
FieldIncrement 100
Points 229
MinField 0
RampRate 10
AverageTime 0.3
TimeInterval 0
TimeConstant 0.1
TimeConstantIndex 0
Sensitivity -0.0053
SensitivityIndex 5
SensitivityY -400
SensitivityIndexY 0
SaturationField 8000
ExperimentTime 100
Use735Domains True
AutoRangeEnabled False
NumberOfVertices 2
VertexPts
0
228
VertexField
-52.381
2252.381
StartAngle 0
EndAngle 0
AngleIncrement 0
StartTemp 0
FinishTemp 0
TempIncrement 0
TempPoints 0
LengthofSetPointsArray 229
SetPointArray
-52.38095
-42.27235
-32.16374
-22.05514
-11.94653
-1.83793
8.27068
18.37928
28.48789
38.59649
48.7051
58.8137
68.92231
79.03091
89.13952
99.24812
109.35673
119.46533
129.57393
139.68254
149.79114
159.89975
170.00835
180.11696
190.22556
200.33417
210.44277
220.55138
230.65998
240.76859
250.87719
260.9858
271.0944
281.20301
291.31161
301.42022
311.52882
321.63743
331.74603
341.85464
351.96324
362.07185
372.18045
382.28906
392.39766
402.50627
412.61487
422.72348
432.83208
442.94069
453.04929
463.15789
473.2665
483.3751
493.48371
503.59231
513.70092
523.80952
533.91813
544.02673
554.13534
564.24394
574.35255
584.46115
594.56976
604.67836
614.78697
624.89557
635.00418
645.11278
655.22139
665.32999
675.4386
685.5472
695.65581
705.76441
715.87302
725.98162
736.09023
746.19883
756.30744
766.41604
776.52464
786.63325
796.74185
806.85046
816.95906
827.06767
837.17627
847.28488
857.39348
867.50209
877.61069
887.7193
897.8279
907.93651
918.04511
928.15372
938.26232
948.37093
958.47953
968.58814
978.69674
988.80535
998.91395
1009.02256
1019.13116
1029.23977
1039.34837
1049.45698
1059.56558
1069.67419
1079.78279
1089.8914
1100
1110.1086
1120.21721
1130.32581
1140.43442
1150.54302
1160.65163
1170.76023
1180.86884
1190.97744
1201.08605
1211.19465
1221.30326
1231.41186
1241.52047
1251.62907
1261.73768
1271.84628
1281.95489
1292.06349
1302.1721
1312.2807
1322.38931
1332.49791
1342.60652
1352.71512
1362.82373
1372.93233
1383.04094
1393.14954
1403.25815
1413.36675
1423.47536
1433.58396
1443.69256
1453.80117
1463.90977
1474.01838
1484.12698
1494.23559
1504.34419
1514.4528
1524.5614
1534.67001
1544.77861
1554.88722
1564.99582
1575.10443
1585.21303
1595.32164
1605.43024
1615.53885
1625.64745
1635.75606
1645.86466
1655.97327
1666.08187
1676.19048
1686.29908
1696.40769
1706.51629
1716.6249
1726.7335
1736.84211
1746.95071
1757.05931
1767.16792
1777.27652
1787.38513
1797.49373
1807.60234
1817.71094
1827.81955
1837.92815
1848.03676
1858.14536
1868.25397
1878.36257
1888.47118
1898.57978
1908.68839
1918.79699
1928.9056
1939.0142
1949.12281
1959.23141
1969.34002
1979.44862
1989.55723
1999.66583
2009.77444
2019.88304
2029.99165
2040.10025
2050.20886
2060.31746
2070.42607
2080.53467
2090.64327
2100.75188
2110.86048
2120.96909
2131.07769
2141.1863
2151.2949
2161.40351
2171.51211
2181.62072
2191.72932
2201.83793
2211.94653
2222.05514
2232.16374
2242.27235
2252.38095
FieldDomainFile C:\IDEASVSM\Default UserID\Experiments\FORCexp0115B\fdomain.ini
TempDomainFile C:\IDEASVSM\Default UserID\Experiments\FORCexp0115B\tdomain.ini
NumSelectedResults 0
ResultsSelected 
UserName1 
UserValue1 
UserName2 
UserValue2 
LinearBackgroundCorrection Off
MaxLinearFieldCorrection 
MinLinearFieldCorrection 
AutoLinearCorrection Off
FitOneRegion Off
BackgroundMode Off
BackgroundFilename 
AutoCenter Off
OffsetCorrection 
SmoothDeriv Off
DerivOrder 0
DerivPoints 0
MinExFieldOne 
MaxExFieldOne 
MinExFieldTwo 
MaxExFieldTwo 
MinPinFieldOne 
MaxPinFieldOne 
MinPinFieldTwo 
MaxPinFieldTwo 
HCenterStart 
Mass 
Volume 
Density 
MolarWeight 
NumberOfMoles 
Demagnetization 
SampleArea 
Thickness 
MomentScaling 0
XAxis 0
YAxis 0
SimpleSpinValve False
HsatMax 0
HsatMin 0
FieldAutoRange False
 
*************************************************** Experiment Data ********************************************
 
DataPoints 229
MomentX Data
0.00306803
0.00308025
0.00311721
0.00308983
0.00310574
0.0031227
0.00316311
0.00312793
0.00318906
0.00317356
0.00317947
0.00320216
0.00326265
0.00323293
0.00327987
0.00324489
0.00327021
0.00328733
0.00330508
0.00330027
0.00332926
0.0033322
0.0033311
0.00332745
0.00336286
0.00339621
0.00340138
0.00340477
0.00340916
0.00343921
0.00342326
0.00346524
0.00345731
0.00347801
0.00348901
0.00350991
0.00351539
0.00354196
0.00353577
0.00353233
0.00355326
0.00355172
0.00357367
0.00360767
0.00359831
0.00362499
0.0036132
0.00362308
0.00363751
0.00365365
0.00365349
0.00363939
0.00370207
0.00368572
0.00375364
0.00374241
0.00372225
0.00370215
0.0037198
0.00374749
0.00378284
0.00379646
0.00380948
0.00378162
0.00379311
0.00378951
0.00385677
0.00382151
0.00382663
0.00384461
0.00385794
0.0038705
0.0039052
0.00393103
0.00391509
0.00390747
0.00389666
0.00393457
0.00392738
0.00395124
0.00395567
0.00398721
0.00399293
0.00397215
0.00396914
0.0040238
0.00401499
0.00403171
0.00405697
0.00402735
0.00404242
0.00409295
0.00407493
0.00407886
0.00409879
0.00407168
0.00409656
0.00410542
0.0041533
0.00412425
0.00411373
0.00419025
0.00415061
0.00411235
0.00414183
0.00411949
0.00415737
0.00417811
0.00415668
0.00414097
0.00417537
0.0041799
0.00419881
0.00421028
0.00420222
0.0042257
0.0042142
0.00425185
0.00424982
0.0042607
0.00425015
0.00428799
0.0042587
0.00428558
0.00423944
0.00425251
0.0042585
0.00426675
0.00435882
0.00432741
0.00423419
0.00427398
0.00432129
0.00436859
0.00434944
0.00436588
0.0043601
0.00438563
0.0044219
0.00442067
0.00440778
0.00438635
0.00438801
0.00435987
0.00437866
0.00436528
0.00440399
0.00440488
0.00445963
0.00446238
0.00446457
0.00439798
0.00446486
0.00450913
0.0045122
0.00445088
0.00445629
0.00449187
0.00452035
0.00449964
0.00452592
0.00451821
0.00447261
0.00445924
0.00450792
0.00455678
0.00448394
0.00448091
0.00453398
0.00455844
0.00456015
0.00456726
0.00454495
0.00458
0.00453462
0.00458553
0.00456259
0.00454499
0.00454905
0.00457405
0.00455975
0.00460576
0.00459055
0.00454472
0.00459425
0.00463208
0.00461144
0.00460191
0.00460943
0.00461884
0.00464472
0.00462669
0.00467165
0.00466363
0.00469733
0.00462608
0.00464251
0.00464514
0.0046231
0.00466087
0.00471349
0.00469697
0.00471402
0.00465456
0.00468929
0.00467739
0.00465804
0.00471369
0.00467713
0.00469717
0.00464648
0.00468796
0.00464126
0.00468312
0.0046614
0.00466507
0.00473823
0.00478155
0.00475303
0.00474173
0.00474458
0.00474075
0.00476448
0.00472904
0.0047648
0.00475317
0.00475388
0.00474732
0.00472367
MomentY Data
-0.00670751
-0.0067393
-0.00691414
-0.00680288
-0.00712077
-0.00705719
-0.0070413
-0.00693003
-0.00696182
-0.00686646
-0.00670751
-0.00720024
-0.0067393
-0.00661214
-0.00726382
-0.0067393
-0.00713666
-0.00683467
-0.00721614
-0.00700951
-0.00667572
-0.00661214
-0.0070413
-0.00715256
-0.00683467
-0.00700951
-0.00678698
-0.00715256
-0.00651677
-0.00680288
-0.00689824
-0.00677109
-0.0070413
-0.0070413
-0.0070413
-0.00696182
-0.00694593
-0.00685056
-0.00648499
-0.00678698
-0.00707308
-0.00689824
-0.00680288
-0.00664393
-0.00678698
-0.00680288
-0.00683467
-0.0070413
-0.00710487
-0.00689824
-0.00685056
-0.00708898
-0.00713666
-0.00689824
-0.00710487
-0.00699361
-0.00683467
-0.00664393
-0.00658035
-0.00689824
-0.00689824
-0.00713666
-0.00683467
-0.00689824
-0.00705719
-0.00670751
-0.00720024
-0.0070254
-0.0067393
-0.00729561
-0.00696182
-0.00705719
-0.00699361
-0.0067393
-0.00710487
-0.00710487
-0.00685056
-0.00680288
-0.00685056
-0.00680288
-0.00705719
-0.00699361
-0.00724792
-0.00708898
-0.00715256
-0.00680288
-0.00708898
-0.00735919
-0.0070254
-0.00667572
-0.00689824
-0.00697772
-0.0070413
-0.00715256
-0.0067393
-0.00693003
-0.00734329
-0.00699361
-0.00699361
-0.00720024
-0.00689824
-0.00708898
-0.00720024
-0.00670751
-0.00720024
-0.00699361
-0.00694593
-0.00694593
-0.00689824
-0.00700951
-0.00694593
-0.00694593
-0.00708898
-0.00700951
-0.00735919
-0.00683467
-0.00705719
-0.00713666
-0.00713666
-0.00683467
-0.00670751
-0.0070413
-0.0067393
-0.00721614
-0.00699361
-0.00715256
-0.0070254
-0.00686646
-0.00697772
-0.00683467
-0.00689824
-0.00715256
-0.00693003
-0.00680288
-0.00691414
-0.00696182
-0.00689824
-0.00705719
-0.00721614
-0.00658035
-0.00686646
-0.00680288
-0.00720024
-0.00685056
-0.00715256
-0.00689824
-0.00721614
-0.00688235
-0.00693003
-0.00686646
-0.00699361
-0.00680288
-0.00651677
-0.00683467
-0.00705719
-0.00694593
-0.0067234
-0.00683467
-0.0067393
-0.00705719
-0.00705719
-0.00699361
-0.00713666
-0.00680288
-0.00708898
-0.0067393
-0.00720024
-0.00700951
-0.00699361
-0.0073115
-0.00721614
-0.00696182
-0.00724792
-0.0073115
-0.00735919
-0.00680288
-0.00715256
-0.00683467
-0.00677109
-0.00685056
-0.00742277
-0.00680288
-0.0067393
-0.00680288
-0.00678698
-0.0070413
-0.00705719
-0.00708898
-0.00724792
-0.00689824
-0.00669161
-0.00712077
-0.00724792
-0.00700951
-0.00699361
-0.00694593
-0.0067393
-0.0073115
-0.00705719
-0.00689824
-0.00710487
-0.00688235
-0.00689824
-0.00686646
-0.00720024
-0.00667572
-0.00683467
-0.00705719
-0.00700951
-0.00708898
-0.00715256
-0.00689824
-0.00685056
-0.00688235
-0.00697772
-0.00694593
-0.0067393
-0.00694593
-0.00693003
-0.00693003
-0.00664393
-0.00689824
-0.00696182
-0.00677109
-0.0070413
-0.00700951
-0.00694593
-0.00708898
-0.00683467
Field Data
-51.8387
-45.166
-35.5277
-25.5468
-15.2307
-5.27111
4.83422
15.1452
25.0476
34.8662
45.3496
55.4726
65.1305
75.4766
85.6732
95.463
105.742
116.098
125.773
135.692
146.13
156.104
166.428
176.184
186.236
196.61
206.468
216.458
226.726
236.762
246.608
256.676
267.211
276.947
286.837
297.277
307.157
317.417
327.38
337.222
347.629
357.661
367.544
377.425
387.997
397.801
407.636
418.158
428.069
438.135
448.361
458.218
468.545
478.399
488.322
498.615
508.687
518.538
528.584
539.061
548.884
558.737
569.111
579.147
589.281
599.101
609.367
619.615
629.385
639.348
649.495
659.809
669.542
679.725
689.854
699.823
709.814
720.092
730.157
740.264
750.061
760.528
770.41
780.518
790.477
800.442
810.893
820.689
830.501
841.085
850.934
860.951
871.156
881.173
891.126
901.054
911.559
921.595
931.615
941.365
951.574
961.805
971.78
981.648
992.087
1001.95
1011.78
1023.21
1035.48
1045.37
1055.67
1065.88
1075.66
1085.68
1096.05
1105.84
1116.23
1126.06
1135.92
1146.44
1156.32
1166.19
1176.49
1186.61
1196.48
1206.55
1216.93
1226.9
1236.87
1246.75
1256.79
1267.27
1277.18
1286.91
1297.41
1307.27
1317.26
1327.39
1337.59
1347.44
1357.44
1367.85
1377.7
1387.99
1398.07
1407.85
1418.26
1428.01
1438.06
1448.32
1458.33
1468.23
1478.33
1488.65
1498.59
1508.43
1518.68
1528.93
1538.82
1548.76
1559.06
1569.09
1579.2
1589.13
1599.04
1609.51
1619.33
1629.19
1639.67
1649.56
1659.39
1669.71
1679.76
1689.84
1700
1709.66
1720.1
1730.2
1740.05
1749.9
1760.51
1770.36
1780.12
1790.44
1800.51
1810.45
1820.43
1831.02
1840.84
1850.73
1860.97
1870.81
1881.15
1891.06
1901
1911.28
1921.27
1931.18
1941.45
1951.5
1961.62
1971.49
1981.89
1991.58
2001.61
2011.85
2021.96
2032.33
2042.01
2051.87
2062.33
2072.29
2082.08
2092.25
2102.69
2112.49
2122.34
2132.82
2142.76
2152.64
2163.01
2172.98
2182.85
2192.93
2203.2
2213.19
2223.31
2233.34
2243.24
Time Data
0
0.3
0.6
0.9
1.2
1.5
1.8
2.1
2.4
2.7
3
3.3
3.6
3.9
4.2
4.5
4.8
5.1
5.4
5.7
6
6.3
6.6
6.9
7.2
7.5
7.8
8.1
8.4
8.7
9
9.3
9.6
9.9
10.2
10.5
10.8
11.1
11.4
11.7
12
12.3
12.6
12.9
13.2
13.5
13.8
14.1
14.4
14.7
15
15.3
15.6
15.9
16.2
16.5
16.8
17.1
17.4
17.7
18
18.3
18.6
18.9
19.2
19.5
19.8
20.1
20.4
20.7
21
21.3
21.6
21.9
22.2
22.5
22.8
23.1
23.4
23.7
24
24.3
24.6
24.9
25.2
25.5
25.8
26.1
26.4
26.7
27
27.3
27.6
27.9
28.2
28.5
28.8
29.1
29.4
29.7
30.0000000000001
30.3000000000001
30.6000000000001
30.9000000000001
31.2000000000001
31.5000000000001
31.8000000000001
32.1000000000001
32.4
32.7
33
33.3
33.6
33.9
34.2
34.5
34.8
35.1
35.4
35.7
36
36.3
36.6
36.9
37.2
37.5
37.8
38.1
38.4
38.7
39
39.3
39.6
39.9
40.2
40.5
40.8
41.1
41.4
41.7
42
42.3
42.6
42.8999999999999
43.1999999999999
43.4999999999999
43.7999999999999
44.0999999999999
44.3999999999999
44.6999999999999
44.9999999999999
45.2999999999999
45.5999999999999
45.8999999999999
46.1999999999999
46.4999999999999
46.7999999999999
47.0999999999999
47.3999999999999
47.6999999999999
47.9999999999999
48.2999999999999
48.5999999999999
48.8999999999999
49.1999999999999
49.4999999999999
49.7999999999999
50.0999999999999
50.3999999999999
50.6999999999999
50.9999999999999
51.2999999999999
51.5999999999999
51.8999999999999
52.1999999999999
52.4999999999999
52.7999999999999
53.0999999999999
53.3999999999998
53.6999999999998
53.9999999999998
54.2999999999998
54.5999999999998
54.8999999999998
55.1999999999998
55.4999999999998
55.7999999999998
56.0999999999998
56.3999999999998
56.6999999999998
56.9999999999998
57.2999999999998
57.5999999999998
57.8999999999998
58.1999999999998
58.4999999999998
58.7999999999998
59.0999999999998
59.3999999999998
59.6999999999998
59.9999999999998
60.2999999999998
60.5999999999998
60.8999999999998
61.1999999999998
61.4999999999998
61.7999999999998
62.0999999999998
62.3999999999998
62.6999999999998
62.9999999999998
63.2999999999998
63.5999999999998
63.8999999999998
64.1999999999997
64.4999999999997
64.7999999999997
65.0999999999997
65.3999999999997
65.6999999999997
65.9999999999997
66.2999999999997
66.5999999999997
66.8999999999997
67.1999999999997
67.4999999999997
67.7999999999997
68.0999999999997
68.3999999999997
Temperature Data
0
0
0
0
0
0
0
0
0
0
0
0
0
0
0
0
0
0
0
0
0
0
0
0
0
0
0
0
0
0
0
0
0
0
0
0
0
0
0
0
0
0
0
0
0
0
0
0
0
0
0
0
0
0
0
0
0
0
0
0
0
0
0
0
0
0
0
0
0
0
0
0
0
0
0
0
0
0
0
0
0
0
0
0
0
0
0
0
0
0
0
0
0
0
0
0
0
0
0
0
0
0
0
0
0
0
0
0
0
0
0
0
0
0
0
0
0
0
0
0
0
0
0
0
0
0
0
0
0
0
0
0
0
0
0
0
0
0
0
0
0
0
0
0
0
0
0
0
0
0
0
0
0
0
0
0
0
0
0
0
0
0
0
0
0
0
0
0
0
0
0
0
0
0
0
0
0
0
0
0
0
0
0
0
0
0
0
0
0
0
0
0
0
0
0
0
0
0
0
0
0
0
0
0
0
0
0
0
0
0
0
0
0
0
0
0
0
0
0
0
0
0
0
0
0
0
0
0
0
Angle Data
0
0
0
0
0
0
0
0
0
0
0
0
0
0
0
0
0
0
0
0
0
0
0
0
0
0
0
0
0
0
0
0
0
0
0
0
0
0
0
0
0
0
0
0
0
0
0
0
0
0
0
0
0
0
0
0
0
0
0
0
0
0
0
0
0
0
0
0
0
0
0
0
0
0
0
0
0
0
0
0
0
0
0
0
0
0
0
0
0
0
0
0
0
0
0
0
0
0
0
0
0
0
0
0
0
0
0
0
0
0
0
0
0
0
0
0
0
0
0
0
0
0
0
0
0
0
0
0
0
0
0
0
0
0
0
0
0
0
0
0
0
0
0
0
0
0
0
0
0
0
0
0
0
0
0
0
0
0
0
0
0
0
0
0
0
0
0
0
0
0
0
0
0
0
0
0
0
0
0
0
0
0
0
0
0
0
0
0
0
0
0
0
0
0
0
0
0
0
0
0
0
0
0
0
0
0
0
0
0
0
0
0
0
0
0
0
0
0
0
0
0
0
0
0
0
0
0
0
0
Bx Data
0
0
0
0
0
0
0
0
0
0
0
0
0
0
0
0
0
0
0
0
0
0
0
0
0
0
0
0
0
0
0
0
0
0
0
0
0
0
0
0
0
0
0
0
0
0
0
0
0
0
0
0
0
0
0
0
0
0
0
0
0
0
0
0
0
0
0
0
0
0
0
0
0
0
0
0
0
0
0
0
0
0
0
0
0
0
0
0
0
0
0
0
0
0
0
0
0
0
0
0
0
0
0
0
0
0
0
0
0
0
0
0
0
0
0
0
0
0
0
0
0
0
0
0
0
0
0
0
0
0
0
0
0
0
0
0
0
0
0
0
0
0
0
0
0
0
0
0
0
0
0
0
0
0
0
0
0
0
0
0
0
0
0
0
0
0
0
0
0
0
0
0
0
0
0
0
0
0
0
0
0
0
0
0
0
0
0
0
0
0
0
0
0
0
0
0
0
0
0
0
0
0
0
0
0
0
0
0
0
0
0
0
0
0
0
0
0
0
0
0
0
0
0
0
0
0
0
0
0
Hint Data
0
0
0
0
0
0
0
0
0
0
0
0
0
0
0
0
0
0
0
0
0
0
0
0
0
0
0
0
0
0
0
0
0
0
0
0
0
0
0
0
0
0
0
0
0
0
0
0
0
0
0
0
0
0
0
0
0
0
0
0
0
0
0
0
0
0
0
0
0
0
0
0
0
0
0
0
0
0
0
0
0
0
0
0
0
0
0
0
0
0
0
0
0
0
0
0
0
0
0
0
0
0
0
0
0
0
0
0
0
0
0
0
0
0
0
0
0
0
0
0
0
0
0
0
0
0
0
0
0
0
0
0
0
0
0
0
0
0
0
0
0
0
0
0
0
0
0
0
0
0
0
0
0
0
0
0
0
0
0
0
0
0
0
0
0
0
0
0
0
0
0
0
0
0
0
0
0
0
0
0
0
0
0
0
0
0
0
0
0
0
0
0
0
0
0
0
0
0
0
0
0
0
0
0
0
0
0
0
0
0
0
0
0
0
0
0
0
0
0
0
0
0
0
0
0
0
0
0
0
Torque Data
0.347708598637
0.3043872238
0.245643491678
0.173791814784
0.108454311639
0.0371992247809
-0.034039193286
-0.104956690356
-0.174376882632
-0.239407367652
-0.304182895496
-0.399416033424
-0.43893397865
-0.499061845924
-0.622314703624
-0.6433537959
-0.75464470172
-0.79349151766
-0.90759557622
-0.95113443092
-0.9755229636
-1.03218150256
-1.1718694764
-1.26016663104
-1.27286160212
-1.3781397611
-1.40129418664
-1.54822883248
-1.47752119502
-1.61066347456
-1.70116116992
-1.73797629684
-1.8815128143
-1.9500669111
-2.0197053681
-2.06958896414
-2.13349102101
-2.17448420352
-2.1230560262
-2.28871896956
-2.45880772732
-2.46723141664
-2.50035772672
-2.50758528025
-2.63332787906
-2.70619246688
-2.78605754012
-2.9443759254
-3.04137459603
-3.0223603824
-3.07152393216
-3.24829823764
-3.3438463597
-3.30011111776
-3.46946432814
-3.48711885015
-3.47670777829
-3.44513017434
-3.4782677244
-3.71857215264
-3.78633356416
-3.98751599842
-3.88968587837
-3.99509500128
-4.15866798039
-4.01847594851
-4.38758864808
-4.353043221
-4.2416143305
-4.66443366228
-4.5216672809
-4.65639747671
-4.68251562662
-4.5808706925
-4.90132298898
-4.97215143801
-4.86262339584
-4.89869946496
-5.00198433792
-5.03592716032
-5.29332298859
-5.31883622608
-5.5838700472
-5.53307649164
-5.65393417112
-5.44531087296
-5.74840425914
-6.03960628191
-5.8346017254
-5.6148479562
-5.86994695616
-6.00747501172
-6.1340707428
-6.30264275288
-6.0055654518
-6.24433125162
-6.69384208911
-6.44527600795
-6.51535198015
-6.7780539276
-6.56418582976
-6.8182164089
-6.9970492272
-6.58441377648
-7.14326450088
-7.0072475395
-7.0277530554
-7.1071450353
-7.1429895552
-7.3275314687
-7.3326099231
-7.4035278684
-7.6253322268
-7.6100848168
-8.0660401995
-7.5580514728
-7.8774471937
-8.0363073596
-8.1066748272
-7.8355390748
-7.7560279632
-8.211493647
-7.928719057
-8.5627438854
-8.3677144928
-8.629921268
-8.549420022
-8.424459774
-8.6305325364
-8.5211248225
-8.6696390496
-9.0642247112
-8.8508957154
-8.7546943008
-8.9704743774
-9.1009784314
-9.0867756224
-9.3676434341
-9.6522367026
-8.866626804
-9.3208074624
-9.305319408
-9.919770648
-9.5085087744
-9.9997795592
-9.711687184
-10.2343627164
-9.8280646235
-9.9657989418
-9.9448313472
-10.1989912713
-9.9881925024
-9.6339365941
-10.1744314955
-10.5758343621
-10.4774491899
-10.210693112
-10.4497320031
-10.370569626
-10.9298935844
-11.0025826414
-10.9736035149
-11.270213472
-10.8106606944
-11.3355625792
-10.846970743
-11.6595646392
-11.4198235969
-11.4672125087
-12.06075794
-11.9743905546
-11.6242204722
-12.1747660992
-12.35526516
-12.510623
-11.6306118208
-12.303118456
-11.825346034
-11.7820351545
-11.987794944
-13.0678608127
-12.0435466368
-11.996762716
-12.1801484672
-12.2200253598
-12.747921585
-12.8471203917
-12.9800641596
-13.3422610528
-12.7667797152
-12.4528854617
-13.3216077237
-13.634424708
-13.2554039806
-13.29485261
-13.2756170904
-12.948014911
-14.11982257
-13.7011815255
-13.46191536
-13.9370550894
-13.5684842015
-13.6715528736
-13.6751044068
-14.4120723864
-13.430547282
-13.8194293532
-14.3425389527
-14.3134895151
-14.5456653926
-14.7509390648
-14.2951537696
-14.2634139648
-14.3995967875
-14.6719820668
-14.6732076657
-14.303085962
-14.8144184226
-14.8493910828
-14.9178597792
-14.3708870293
-14.9897375552
-15.196608787
-14.8485263937
-15.51339216
-15.5133774369
-15.4429556283
-15.8321025932
-15.3318051308
dMdH Data
1.83134263491544E-06
3.83470114024257E-06
-2.74323958761234E-06
1.54224949351015E-06
1.70288134350911E-06
3.99887979907631E-06
-3.41189683230883E-06
6.1732509290677E-06
-1.57863646548387E-06
5.63748402235919E-07
2.24143040600609E-06
6.26326634154426E-06
-2.8725800059926E-06
4.60349528274128E-06
-3.57310670289485E-06
2.46327463761067E-06
1.65314793356511E-06
1.83462532299741E-06
-4.84927916120582E-07
2.77735198313854E-06
2.94766392620802E-07
-1.06547849670668E-07
-3.74128741287414E-07
3.52268205332273E-06
3.2147676884519E-06
5.24447149523196E-07
3.39339339339364E-07
4.27541877678219E-07
2.99422080510161E-06
-1.61994718667477E-06
4.16964640444975E-06
-7.5272899857619E-07
2.12612982744456E-06
1.1122345803842E-06
2.00191570881229E-06
5.54655870445342E-07
2.58966861598437E-06
-6.21298805580614E-07
-3.49522454785609E-07
2.01114634380702E-06
-1.53508771929821E-07
2.22098553070932E-06
3.44094727254323E-06
-8.85357548240628E-07
2.72133822929416E-06
-1.19877986781899E-06
9.38984983843364E-07
1.45595802643529E-06
1.6034174448639E-06
-1.56463915509405E-08
-1.43045551384802E-06
6.06952648397404E-06
-1.65922468033287E-06
6.84470422251335E-06
-1.09103274069757E-06
-2.00158856235107E-06
-2.04040198964571E-06
1.75691817638864E-06
2.64293213706211E-06
3.59869693576301E-06
1.38232010555164E-06
1.25506072874492E-06
-2.77600637704265E-06
1.13380698638251E-06
-3.66598778004102E-07
6.55172413793106E-06
-3.44067135050736E-06
5.24053224155574E-07
1.80467730603232E-06
1.31368877500736E-06
1.21776226488269E-06
3.56519058871881E-06
2.53658057546893E-06
-1.57369927929705E-06
-7.6436954559141E-07
-1.08197377639872E-06
3.68846079003696E-06
-7.14356681569773E-07
2.36074008113186E-06
4.5217923854238E-07
3.0132798318525E-06
5.78830196316524E-07
-2.05579738820732E-06
-3.02239180640575E-07
5.48519819367783E-06
-8.4298153286764E-07
1.70681910984072E-06
2.57439869547493E-06
-2.79856386999244E-06
1.53010457914509E-06
5.04442447838672E-06
-1.76580107790297E-06
3.92333033842474E-07
2.00241133326632E-06
-2.73066075745361E-06
2.36839600190383E-06
8.82821841371088E-07
4.77844311377248E-06
-2.97948717948719E-06
-1.03046331668136E-06
7.47922979180922E-06
-3.97393483709277E-06
-3.87717875962706E-06
2.82402528977874E-06
-2.26503092365405E-06
3.85350966429298E-06
1.81452318460191E-06
-1.74653626731861E-06
-1.58847320525789E-06
3.3398058252427E-06
4.43682664054845E-07
1.9335378323108E-06
1.14471057884236E-06
-7.77242044358803E-07
2.39836567926459E-06
-1.10683349374391E-06
3.83011190233973E-06
-2.05882352941183E-07
1.03422053231944E-06
-1.06781376518218E-06
3.83383991894625E-06
-2.8436893203884E-06
2.65612648221346E-06
-4.67477203647412E-06
1.29791459781535E-06
5.77071290944116E-07
8.27482447341981E-07
9.23470411233725E-06
-3.17914979757081E-06
-9.28486055776902E-06
3.79675572519088E-06
4.77396569122096E-06
4.86125385405961E-06
-1.82380952380951E-06
1.66734279918861E-06
-5.78578578578528E-07
2.52023692003939E-06
3.5558823529413E-06
-1.2487309644675E-07
-1.28899999999998E-06
-2.05859750240159E-06
1.68527918781779E-07
-2.73469387755106E-06
1.86408730158734E-06
-1.36809815950924E-06
3.7185398655139E-06
9.12820512820429E-08
5.44776119402989E-06
2.68031189083835E-07
2.18781218781219E-07
-6.72626262626257E-06
6.62178217821789E-06
4.28972868217046E-06
3.08853118712277E-07
-6.23170731707309E-06
5.27804878048777E-07
3.47121951219515E-06
2.87967644084938E-06
-2.08350100603622E-06
2.55145631067963E-06
-7.68693918245284E-07
-4.51038575667648E-06
-1.3464249748238E-06
4.91220988900114E-06
4.66666666666661E-06
-7.41751527494916E-06
-3.07302231237253E-07
5.06393129770988E-06
2.47320525783628E-06
1.7395727365202E-07
6.88953488372124E-07
-2.21990049751247E-06
3.47718253968257E-06
-4.46653543307085E-06
5.27018633540372E-06
-2.19731800766287E-06
-1.74257425742576E-06
4.12182741116773E-07
2.5380710659898E-06
-1.34778510838833E-06
4.67106598984784E-06
-1.55840163934434E-06
-4.44089147286808E-06
4.91857000993051E-06
3.80583501006034E-06
-2.06813627254515E-06
-8.9990557129366E-07
7.65784114053003E-07
9.51466127401368E-07
2.52734374999998E-06
-1.83231707317071E-06
4.348162475822E-06
-8.09283551967729E-07
3.39034205231389E-06
-6.93093385214011E-06
1.6446446446446E-06
2.65388496468211E-07
-2.14605647517041E-06
3.75820895522393E-06
5.19960474308304E-06
-1.6737588652482E-06
1.63942307692308E-06
-6.13622291021682E-06
3.46261216350941E-06
-1.16210937499996E-06
-1.91394658753711E-06
5.3664416586308E-06
-3.77685950413227E-06
2.03245436105477E-06
-4.84608030592732E-06
4.16465863453814E-06
-4.77017364657809E-06
4.11602753195665E-06
-2.08045977011496E-06
3.74489795918455E-07
7.42741116751242E-06
4.13358778625948E-06
-2.86921529175046E-06
-1.14372469635628E-06
2.74831243972947E-07
-3.84152457372105E-07
2.40425531914892E-06
-3.51587301587298E-06
3.48198636806225E-06
-1.16416416416408E-06
7.01581027668111E-08
-6.54037886340971E-07
-2.38888888888898E-06
-2.38888888888898E-06
dMdT Data
0
0
0
0
0
0
0
0
0
0
0
0
0
0
0
0
0
0
0
0
0
0
0
0
0
0
0
0
0
0
0
0
0
0
0
0
0
0
0
0
0
0
0
0
0
0
0
0
0
0
0
0
0
0
0
0
0
0
0
0
0
0
0
0
0
0
0
0
0
0
0
0
0
0
0
0
0
0
0
0
0
0
0
0
0
0
0
0
0
0
0
0
0
0
0
0
0
0
0
0
0
0
0
0
0
0
0
0
0
0
0
0
0
0
0
0
0
0
0
0
0
0
0
0
0
0
0
0
0
0
0
0
0
0
0
0
0
0
0
0
0
0
0
0
0
0
0
0
0
0
0
0
0
0
0
0
0
0
0
0
0
0
0
0
0
0
0
0
0
0
0
0
0
0
0
0
0
0
0
0
0
0
0
0
0
0
0
0
0
0
0
0
0
0
0
0
0
0
0
0
0
0
0
0
0
0
0
0
0
0
0
0
0
0
0
0
0
0
0
0
0
0
0
0
0
0
0
0
0
 
*********************************************** Results ***************************************
 
TotalArea 0
AreaFirstQuad 0
AreaSecondQuad 0
AreaThirdQuad 0
AreaFourthQuad 0
Coercivity 0
PositiveCoercivity 0
NegativeCoercivity 0
Retentivity 9.59294307544098E-06
PositiveRetentivity 3.16296442144859E-03
NegativeRetentivity 3.14377853529771E-03
Magnetization 0.00478155
PositiveMagnetization 0.00478155
NegativeMagnetization 0.00306803
Flatness -326.717834930777
Squareness 2.0062412973703E-03
SStar 0
SFD1 0
SFD2 0
Slope 0
Intercept 0
SlopeAtHc -2.38888888888898E-06
dH1 2.61910111536395
dH2 40.205135
InitialSlope 1.83134263491544E-06
FieldAtHalfMs 2243.24
FieldAtMs 2132.82
MomentMean 4.11461772925764E-03
MomentRMS 4.89622899173253E-04
SFD3 0
dH3 5.23820223072789
UserField1 0
UserField2 0
CenterField 0
ExchangeField 0
ExchangeMoment 0
ExRegionOneIntercept 0
ExRegionOneSlope 0
ExRegionTwoIntercept 0
ExRegionTwoSlope 0
NegativeIntercept 0
NegativeSlope 0
AutoCenterOffset 0
PinningField 0
PinningMoment 0
PinRegionOneIntercept 0
PinRegionOneSlope 0
PinRegionTwoIntercept 0
PinRegionTwoSlope 0
PositiveIntercept 0
PositiveSlope 0
TotalOffset 0
BHMax 0
BCoercivity 0
BRetentivity 0
BNegativeCoercivity 0
BPositiveCoercivity 0
BNegativeRetentivity 0
BPositiveRetentivity 0
MomentYMean -6.9560619650655E-03
MomentYRMS 1.79212121751083E-04
YOffCorrection 0
Mrt 0
Ms1 0
Ms2 0
Ms3 0
Hc2 0
Hex2 0
HsatValue 0
HsatIntercept 0
HsatSlope 0
CenterH 0
Span .00171352
SpanAsPercentOfRange -32.3305660377358
RMSAsPercentOfRange -9.2381679089293
SpanAsPercentOfMean 41.6446949084904
RMSAsPercentOfMean 11.8995963025122
