Version 1.25
******************************************** Units *******************************************
System CGS
TemperatureUnit K
MomentUnit emu
AppliedFieldUnit G
 
******************************************** Setup ********************************************
 
Experiment CustomField
Minor False
Acquisition Continuous
EditedPoint No
MaxField 15000
FieldIncrement 100
Points 293
MinField 0
RampRate 10
AverageTime 0.3
TimeInterval 0
TimeConstant 0.1
TimeConstantIndex 0
Sensitivity -0.0053
SensitivityIndex 5
SensitivityY -400
SensitivityIndexY 0
SaturationField 8000
ExperimentTime 100
Use735Domains True
AutoRangeEnabled False
NumberOfVertices 2
VertexPts
0
292
VertexField
-1902.2556
1049.457
StartAngle 0
EndAngle 0
AngleIncrement 0
StartTemp 0
FinishTemp 0
TempIncrement 0
TempPoints 0
LengthofSetPointsArray 293
SetPointArray
-1902.25564
-1892.14703
-1882.03843
-1871.92982
-1861.82122
-1851.71261
-1841.60401
-1831.49541
-1821.3868
-1811.2782
-1801.16959
-1791.06099
-1780.95238
-1770.84378
-1760.73517
-1750.62657
-1740.51796
-1730.40936
-1720.30075
-1710.19215
-1700.08354
-1689.97494
-1679.86633
-1669.75773
-1659.64912
-1649.54052
-1639.43191
-1629.32331
-1619.2147
-1609.1061
-1598.99749
-1588.88889
-1578.78028
-1568.67168
-1558.56307
-1548.45447
-1538.34586
-1528.23726
-1518.12865
-1508.02005
-1497.91145
-1487.80284
-1477.69424
-1467.58563
-1457.47703
-1447.36842
-1437.25982
-1427.15121
-1417.04261
-1406.934
-1396.8254
-1386.71679
-1376.60819
-1366.49958
-1356.39098
-1346.28237
-1336.17377
-1326.06516
-1315.95656
-1305.84795
-1295.73935
-1285.63074
-1275.52214
-1265.41353
-1255.30493
-1245.19632
-1235.08772
-1224.97911
-1214.87051
-1204.7619
-1194.6533
-1184.5447
-1174.43609
-1164.32749
-1154.21888
-1144.11028
-1134.00167
-1123.89307
-1113.78446
-1103.67586
-1093.56725
-1083.45865
-1073.35004
-1063.24144
-1053.13283
-1043.02423
-1032.91562
-1022.80702
-1012.69841
-1002.58981
-992.4812
-982.3726
-972.26399
-962.15539
-952.04678
-941.93818
-931.82957
-921.72097
-911.61236
-901.50376
-891.39515
-881.28655
-871.17794
-861.06934
-850.96074
-840.85213
-830.74353
-820.63492
-810.52632
-800.41771
-790.30911
-780.2005
-770.0919
-759.98329
-749.87469
-739.76608
-729.65748
-719.54887
-709.44027
-699.33166
-689.22306
-679.11445
-669.00585
-658.89724
-648.78864
-638.68003
-628.57143
-618.46282
-608.35422
-598.24561
-588.13701
-578.0284
-567.9198
-557.81119
-547.70259
-537.59398
-527.48538
-517.37678
-507.26817
-497.15957
-487.05096
-476.94236
-466.83375
-456.72515
-446.61654
-436.50794
-426.39933
-416.29073
-406.18212
-396.07352
-385.96491
-375.85631
-365.7477
-355.6391
-345.53049
-335.42189
-325.31328
-315.20468
-305.09607
-294.98747
-284.87886
-274.77026
-264.66165
-254.55305
-244.44444
-234.33584
-224.22723
-214.11863
-204.01003
-193.90142
-183.79282
-173.68421
-163.57561
-153.467
-143.3584
-133.24979
-123.14119
-113.03258
-102.92398
-92.81537
-82.70677
-72.59816
-62.48956
-52.38095
-42.27235
-32.16374
-22.05514
-11.94653
-1.83793
8.27068
18.37928
28.48789
38.59649
48.7051
58.8137
68.92231
79.03091
89.13952
99.24812
109.35673
119.46533
129.57393
139.68254
149.79114
159.89975
170.00835
180.11696
190.22556
200.33417
210.44277
220.55138
230.65998
240.76859
250.87719
260.9858
271.0944
281.20301
291.31161
301.42022
311.52882
321.63743
331.74603
341.85464
351.96324
362.07185
372.18045
382.28906
392.39766
402.50627
412.61487
422.72348
432.83208
442.94069
453.04929
463.15789
473.2665
483.3751
493.48371
503.59231
513.70092
523.80952
533.91813
544.02673
554.13534
564.24394
574.35255
584.46115
594.56976
604.67836
614.78697
624.89557
635.00418
645.11278
655.22139
665.32999
675.4386
685.5472
695.65581
705.76441
715.87302
725.98162
736.09023
746.19883
756.30744
766.41604
776.52464
786.63325
796.74185
806.85046
816.95906
827.06767
837.17627
847.28488
857.39348
867.50209
877.61069
887.7193
897.8279
907.93651
918.04511
928.15372
938.26232
948.37093
958.47953
968.58814
978.69674
988.80535
998.91395
1009.02256
1019.13116
1029.23977
1039.34837
1049.45698
FieldDomainFile C:\IDEASVSM\Default UserID\Experiments\FORCexp0298B\fdomain.ini
TempDomainFile C:\IDEASVSM\Default UserID\Experiments\FORCexp0298B\tdomain.ini
NumSelectedResults 0
ResultsSelected 
UserName1 
UserValue1 
UserName2 
UserValue2 
LinearBackgroundCorrection Off
MaxLinearFieldCorrection 
MinLinearFieldCorrection 
AutoLinearCorrection Off
FitOneRegion Off
BackgroundMode Off
BackgroundFilename 
AutoCenter Off
OffsetCorrection 
SmoothDeriv Off
DerivOrder 0
DerivPoints 0
MinExFieldOne 
MaxExFieldOne 
MinExFieldTwo 
MaxExFieldTwo 
MinPinFieldOne 
MaxPinFieldOne 
MinPinFieldTwo 
MaxPinFieldTwo 
HCenterStart 
Mass 
Volume 
Density 
MolarWeight 
NumberOfMoles 
Demagnetization 
SampleArea 
Thickness 
MomentScaling 0
XAxis 0
YAxis 0
SimpleSpinValve False
HsatMax 0
HsatMin 0
FieldAutoRange False
 
*************************************************** Experiment Data ********************************************
 
DataPoints 293
MomentX Data
-0.00459261
-0.00459918
-0.00457769
-0.00454647
-0.00457709
-0.0045819
-0.00456933
-0.00453487
-0.00455705
-0.00456252
-0.00456637
-0.00452713
-0.00455633
-0.00455616
-0.00455272
-0.00451922
-0.00455133
-0.00450645
-0.00452205
-0.00450226
-0.00450159
-0.00450564
-0.00454759
-0.00451195
-0.00450949
-0.00448367
-0.00448416
-0.00448332
-0.00445848
-0.00446056
-0.00447067
-0.00447449
-0.00443289
-0.00441697
-0.00441594
-0.0044587
-0.00442186
-0.00445739
-0.0044107
-0.00442546
-0.00438551
-0.00442855
-0.00440387
-0.00437531
-0.00437432
-0.0043936
-0.00437824
-0.00440874
-0.00437886
-0.00438268
-0.00435266
-0.00437803
-0.00435309
-0.00432889
-0.00435411
-0.00435937
-0.00436019
-0.00431386
-0.00430606
-0.00429596
-0.00432717
-0.00429902
-0.00429998
-0.00430457
-0.00431362
-0.00429658
-0.00427576
-0.00425187
-0.00425297
-0.00425269
-0.00424748
-0.0042649
-0.00424188
-0.00423851
-0.00421223
-0.00418656
-0.00416159
-0.00422432
-0.00419319
-0.0041617
-0.00417262
-0.00419428
-0.0041782
-0.00416887
-0.00415672
-0.00414162
-0.00412765
-0.00414166
-0.00412515
-0.00414586
-0.00409087
-0.00413764
-0.00408286
-0.00412614
-0.00406781
-0.00410352
-0.00411039
-0.00409482
-0.00407635
-0.00407145
-0.004009
-0.00400157
-0.00401232
-0.00401777
-0.00400024
-0.00395704
-0.00395437
-0.00396177
-0.00398598
-0.00394456
-0.00397396
-0.0039549
-0.00395911
-0.00395369
-0.0039407
-0.00389179
-0.00391905
-0.00390039
-0.00389842
-0.00383071
-0.00389012
-0.0038352
-0.00388192
-0.0038619
-0.00389142
-0.00383042
-0.00383817
-0.0038155
-0.00381938
-0.00380751
-0.00377748
-0.00379247
-0.00379825
-0.00378781
-0.00373177
-0.00371655
-0.00368873
-0.00374384
-0.00371588
-0.00373483
-0.00371984
-0.00372929
-0.00367051
-0.00365125
-0.00360362
-0.00366786
-0.00363024
-0.00359751
-0.00359943
-0.00357864
-0.00361823
-0.0035783
-0.00357362
-0.00355738
-0.00349568
-0.00351215
-0.0035362
-0.00352635
-0.00348762
-0.00350751
-0.00342493
-0.0033752
-0.0034658
-0.00345099
-0.00349237
-0.00347002
-0.0034203
-0.00346251
-0.00335711
-0.00337019
-0.00332985
-0.00334776
-0.0033204
-0.00331051
-0.00329381
-0.00325529
-0.00325989
-0.00326286
-0.00324485
-0.00327031
-0.0031557
-0.00316699
-0.00313898
-0.00312565
-0.00317334
-0.00317493
-0.00309613
-0.00319994
-0.00312185
-0.00310609
-0.00307108
-0.00301506
-0.00297694
-0.00300002
-0.00298108
-0.00293681
-0.0029419
-0.00299335
-0.00296239
-0.0029025
-0.00297103
-0.00290845
-0.00286848
-0.00281763
-0.00285474
-0.00278649
-0.00279199
-0.00274443
-0.00282913
-0.00271919
-0.00270147
-0.00260004
-0.00261676
-0.00262899
-0.00262262
-0.00265601
-0.00258346
-0.00252714
-0.00256191
-0.00258937
-0.00250961
-0.00250096
-0.00245558
-0.00250027
-0.00246502
-0.00233092
-0.00236102
-0.00234619
-0.00232936
-0.00222152
-0.00225921
-0.0021733
-0.00213235
-0.00220243
-0.00210388
-0.00216636
-0.00211395
-0.00198744
-0.00187208
-0.00198073
-0.00189608
-0.00184887
-0.00173684
-0.00177548
-0.00170885
-0.00162749
-0.00157396
-0.00151251
-0.00153157
-0.00145956
-0.00132439
-0.00132674
-0.00124718
-0.00114574
-0.00110461
-0.00103049
-0.000951603
-0.00083024
-0.000844369
-0.0006687
-0.000509965
-0.000469856
-0.000410398
-0.000281827
-0.000197165
-0.0000950699
0.0000289403
0.0000913316
0.000269382
0.00043909
0.000566289
0.000516442
0.000766209
0.000853693
0.000926797
0.00107464
0.00121608
0.00125143
0.00137031
0.00141734
0.00156615
0.00166256
0.00172231
0.00183312
0.00205353
0.00211513
0.00222035
0.00227405
0.00238154
0.0024127
0.00243457
0.00250666
0.00266544
MomentY Data
-0.00623067
-0.00581741
-0.00591278
-0.00583331
-0.00581741
-0.0061353
-0.00594457
-0.00551542
-0.00588099
-0.00576973
-0.00589689
-0.00578562
-0.00567436
-0.00607173
-0.00565847
-0.00583331
-0.00592868
-0.00567436
-0.00602404
-0.00597636
-0.00569026
-0.00573794
-0.00572205
-0.00597636
-0.00581741
-0.00581741
-0.00600815
-0.00607173
-0.00603994
-0.00603994
-0.00575384
-0.00599225
-0.00569026
-0.00599225
-0.00638962
-0.00597636
-0.00578562
-0.00599225
-0.00603994
-0.00600815
-0.00600815
-0.00578562
-0.00607173
-0.00572205
-0.00616709
-0.00551542
-0.00588099
-0.00581741
-0.00596046
-0.00589689
-0.00610352
-0.00619888
-0.00591278
-0.00592868
-0.00594457
-0.00600815
-0.00602404
-0.00594457
-0.00562668
-0.00588099
-0.00572205
-0.00578562
-0.00576973
-0.00561078
-0.00592868
-0.00588099
-0.00562668
-0.0061512
-0.00623067
-0.00607173
-0.00602404
-0.00603994
-0.00603994
-0.00597636
-0.00583331
-0.0058651
-0.00616709
-0.00591278
-0.00603994
-0.00600815
-0.00597636
-0.00607173
-0.00607173
-0.00578562
-0.00597636
-0.00619888
-0.00592868
-0.00632604
-0.00597636
-0.00597636
-0.00607173
-0.00597636
-0.00596046
-0.00603994
-0.00594457
-0.00578562
-0.00611941
-0.00648499
-0.00623067
-0.00626246
-0.00610352
-0.00623067
-0.00611941
-0.00607173
-0.00600815
-0.00596046
-0.00603994
-0.00576973
-0.00623067
-0.00623067
-0.00572205
-0.00594457
-0.00619888
-0.00623067
-0.00592868
-0.00616709
-0.00632604
-0.00619888
-0.00603994
-0.00546773
-0.00591278
-0.00623067
-0.00623067
-0.00607173
-0.00626246
-0.00626246
-0.00596046
-0.00600815
-0.00619888
-0.00597636
-0.00594457
-0.00600815
-0.00581741
-0.00610352
-0.00597636
-0.0061353
-0.00591278
-0.00623067
-0.00632604
-0.00623067
-0.00626246
-0.00607173
-0.00596046
-0.00592868
-0.00573794
-0.0058651
-0.00610352
-0.00632604
-0.00629425
-0.00623067
-0.00623067
-0.00610352
-0.00592868
-0.00635783
-0.00623067
-0.00607173
-0.00607173
-0.00592868
-0.00603994
-0.0064532
-0.0061353
-0.00596046
-0.00607173
-0.00623067
-0.0061353
-0.00632604
-0.00562668
-0.00607173
-0.00594457
-0.00602404
-0.00618299
-0.0061353
-0.00602404
-0.00616709
-0.00626246
-0.00594457
-0.00603994
-0.0055631
-0.00626246
-0.00638962
-0.0061353
-0.0058492
-0.00597636
-0.00602404
-0.0061353
-0.0061353
-0.0058651
-0.00616709
-0.00596046
-0.00629425
-0.00592868
-0.00648499
-0.00626246
-0.00626246
-0.00648499
-0.00632604
-0.00597636
-0.00619888
-0.00632604
-0.00648499
-0.00616709
-0.00629425
-0.0061353
-0.00626246
-0.00581741
-0.00597636
-0.00627836
-0.00616709
-0.00597636
-0.00623067
-0.00651677
-0.00588099
-0.00607173
-0.00632604
-0.00619888
-0.00608762
-0.00632604
-0.00623067
-0.00619888
-0.00597636
-0.00600815
-0.00619888
-0.00611941
-0.00619888
-0.00635783
-0.00658035
-0.0067393
-0.00626246
-0.00626246
-0.00658035
-0.00635783
-0.00629425
-0.00616709
-0.00603994
-0.00623067
-0.00597636
-0.00619888
-0.00642141
-0.00611941
-0.00608762
-0.00623067
-0.00661214
-0.00658035
-0.00603994
-0.00642141
-0.00651677
-0.00624657
-0.00616709
-0.00651677
-0.00642141
-0.00661214
-0.00623067
-0.00661214
-0.00642141
-0.00623067
-0.00616709
-0.00626246
-0.00632604
-0.00635783
-0.00619888
-0.00619888
-0.00651677
-0.0061353
-0.00632604
-0.00616709
-0.00626246
-0.00635783
-0.00619888
-0.00642141
-0.00685056
-0.00664393
-0.00632604
-0.00651677
-0.00664393
-0.00654856
-0.00626246
-0.00686646
-0.00708898
-0.00632604
-0.00661214
-0.00626246
-0.00651677
-0.00680288
-0.00626246
-0.00693003
-0.00658035
-0.00648499
-0.0067393
-0.00661214
-0.00696182
-0.0064532
-0.00642141
-0.00686646
Field Data
-1901.57
-1895.15
-1885.91
-1875.54
-1865.43
-1855.34
-1845.01
-1835.16
-1824.9
-1814.85
-1804.9
-1794.81
-1784.37
-1774.6
-1764.6
-1754.33
-1744.1
-1734.13
-1724.01
-1714.24
-1703.87
-1693.7
-1683.76
-1673.78
-1663.32
-1653.35
-1643.58
-1633.1
-1623.15
-1613.26
-1602.88
-1592.99
-1582.7
-1572.81
-1562.85
-1552.42
-1542.49
-1532.58
-1522.48
-1512.06
-1502.25
-1492.36
-1482.03
-1471.93
-1462.01
-1451.91
-1441.67
-1431.51
-1421.41
-1411.65
-1401.51
-1391.18
-1381.27
-1371.36
-1360.96
-1351.06
-1341.14
-1330.81
-1320.76
-1310.55
-1300.48
-1290.57
-1280.5
-1270.26
-1260.34
-1250.45
-1240.05
-1230.04
-1220.06
-1209.81
-1199.81
-1189.8
-1179.85
-1169.41
-1159.48
-1149.48
-1139.2
-1129.25
-1118.93
-1109.21
-1099.33
-1088.93
-1078.87
-1068.95
-1058.81
-1048.56
-1038.6
-1028.62
-1018.27
-1008.4
-998.094
-988.252
-978.321
-967.939
-957.967
-948.042
-937.747
-927.692
-917.802
-907.692
-897.386
-887.293
-877.379
-867.31
-857.269
-846.935
-836.997
-827.117
-816.763
-806.743
-796.873
-786.53
-776.447
-766.547
-756.584
-746.244
-736.255
-726.084
-716.147
-706.055
-695.871
-685.865
-675.938
-665.647
-655.661
-645.714
-635.587
-625.286
-615.386
-605.439
-595.028
-585.159
-574.823
-565.116
-554.887
-544.51
-534.71
-524.93
-514.543
-504.427
-494.455
-484.534
-474.214
-464.217
-454.216
-444.03
-433.913
-423.785
-413.726
-403.832
-393.571
-383.611
-373.634
-363.542
-353.229
-343.346
-333.294
-323.013
-313.102
-303.146
-292.827
-282.738
-272.809
-262.761
-252.406
-242.542
-232.29
-222.164
-212.621
-202.038
-191.994
-181.984
-172.076
-162.088
-151.841
-141.708
-131.912
-121.585
-111.441
-101.627
-91.539
-81.0798
-71.1599
-61.0788
-51.159
-41.0882
-30.6948
-21.0814
-11.2174
-0.511668
9.64095
19.6358
29.6443
39.5013
50.0721
59.6237
69.7089
79.9262
90.0747
100.007
110.044
120.354
131.285
143.548
153.935
163.95
174.03
184.041
193.972
204.302
214.193
224.196
236.75
247.846
257.749
268.03
278.083
288.169
298.048
308.511
318.314
328.293
338.657
348.626
358.835
368.753
378.706
389.011
398.882
409.008
419.002
429.407
439.243
449.189
459.601
469.48
479.393
489.82
499.667
510.058
519.898
529.807
539.804
550.21
562.336
573.423
583.903
593.627
603.653
614.054
623.967
633.91
644.277
654.109
664.435
674.48
684.266
694.583
704.561
714.533
724.597
734.871
744.868
754.774
765.212
775.181
785.071
795.428
805.359
815.654
825.395
835.41
845.745
855.774
865.632
875.743
885.922
896.083
906.011
916.218
926.258
936.162
946.319
956.568
966.757
976.642
986.561
996.615
1007.1
1016.88
1026.62
1037.17
1046.42
Time Data
0
0.3
0.6
0.9
1.2
1.5
1.8
2.1
2.4
2.7
3
3.3
3.6
3.9
4.2
4.5
4.8
5.1
5.4
5.7
6
6.3
6.6
6.9
7.2
7.5
7.8
8.1
8.4
8.7
9
9.3
9.6
9.9
10.2
10.5
10.8
11.1
11.4
11.7
12
12.3
12.6
12.9
13.2
13.5
13.8
14.1
14.4
14.7
15
15.3
15.6
15.9
16.2
16.5
16.8
17.1
17.4
17.7
18
18.3
18.6
18.9
19.2
19.5
19.8
20.1
20.4
20.7
21
21.3
21.6
21.9
22.2
22.5
22.8
23.1
23.4
23.7
24
24.3
24.6
24.9
25.2
25.5
25.8
26.1
26.4
26.7
27
27.3
27.6
27.9
28.2
28.5
28.8
29.1
29.4
29.7
30.0000000000001
30.3000000000001
30.6000000000001
30.9000000000001
31.2000000000001
31.5000000000001
31.8000000000001
32.1000000000001
32.4
32.7
33
33.3
33.6
33.9
34.2
34.5
34.8
35.1
35.4
35.7
36
36.3
36.6
36.9
37.2
37.5
37.8
38.1
38.4
38.7
39
39.3
39.6
39.9
40.2
40.5
40.8
41.1
41.4
41.7
42
42.3
42.6
42.8999999999999
43.1999999999999
43.4999999999999
43.7999999999999
44.0999999999999
44.3999999999999
44.6999999999999
44.9999999999999
45.2999999999999
45.5999999999999
45.8999999999999
46.1999999999999
46.4999999999999
46.7999999999999
47.0999999999999
47.3999999999999
47.6999999999999
47.9999999999999
48.2999999999999
48.5999999999999
48.8999999999999
49.1999999999999
49.4999999999999
49.7999999999999
50.0999999999999
50.3999999999999
50.6999999999999
50.9999999999999
51.2999999999999
51.5999999999999
51.8999999999999
52.1999999999999
52.4999999999999
52.7999999999999
53.0999999999999
53.3999999999998
53.6999999999998
53.9999999999998
54.2999999999998
54.5999999999998
54.8999999999998
55.1999999999998
55.4999999999998
55.7999999999998
56.0999999999998
56.3999999999998
56.6999999999998
56.9999999999998
57.2999999999998
57.5999999999998
57.8999999999998
58.1999999999998
58.4999999999998
58.7999999999998
59.0999999999998
59.3999999999998
59.6999999999998
59.9999999999998
60.2999999999998
60.5999999999998
60.8999999999998
61.1999999999998
61.4999999999998
61.7999999999998
62.0999999999998
62.3999999999998
62.6999999999998
62.9999999999998
63.2999999999998
63.5999999999998
63.8999999999998
64.1999999999997
64.4999999999997
64.7999999999997
65.0999999999997
65.3999999999997
65.6999999999997
65.9999999999997
66.2999999999997
66.5999999999997
66.8999999999997
67.1999999999997
67.4999999999997
67.7999999999997
68.0999999999997
68.3999999999997
68.6999999999997
68.9999999999997
69.2999999999997
69.5999999999997
69.8999999999997
70.1999999999997
70.4999999999997
70.7999999999997
71.0999999999997
71.3999999999997
71.6999999999997
71.9999999999997
72.2999999999997
72.5999999999997
72.8999999999997
73.1999999999997
73.4999999999997
73.7999999999997
74.0999999999997
74.3999999999997
74.6999999999996
74.9999999999996
75.2999999999996
75.5999999999996
75.8999999999996
76.1999999999996
76.4999999999996
76.7999999999996
77.0999999999996
77.3999999999996
77.6999999999996
77.9999999999996
78.2999999999996
78.5999999999996
78.8999999999996
79.1999999999996
79.4999999999996
79.7999999999996
80.0999999999996
80.3999999999996
80.6999999999996
80.9999999999996
81.2999999999996
81.5999999999996
81.8999999999996
82.1999999999996
82.4999999999996
82.7999999999996
83.0999999999996
83.3999999999996
83.6999999999996
83.9999999999996
84.2999999999996
84.5999999999996
84.8999999999996
85.1999999999995
85.4999999999995
85.7999999999995
86.0999999999995
86.3999999999995
86.6999999999995
86.9999999999995
87.2999999999995
87.5999999999995
Temperature Data
0
0
0
0
0
0
0
0
0
0
0
0
0
0
0
0
0
0
0
0
0
0
0
0
0
0
0
0
0
0
0
0
0
0
0
0
0
0
0
0
0
0
0
0
0
0
0
0
0
0
0
0
0
0
0
0
0
0
0
0
0
0
0
0
0
0
0
0
0
0
0
0
0
0
0
0
0
0
0
0
0
0
0
0
0
0
0
0
0
0
0
0
0
0
0
0
0
0
0
0
0
0
0
0
0
0
0
0
0
0
0
0
0
0
0
0
0
0
0
0
0
0
0
0
0
0
0
0
0
0
0
0
0
0
0
0
0
0
0
0
0
0
0
0
0
0
0
0
0
0
0
0
0
0
0
0
0
0
0
0
0
0
0
0
0
0
0
0
0
0
0
0
0
0
0
0
0
0
0
0
0
0
0
0
0
0
0
0
0
0
0
0
0
0
0
0
0
0
0
0
0
0
0
0
0
0
0
0
0
0
0
0
0
0
0
0
0
0
0
0
0
0
0
0
0
0
0
0
0
0
0
0
0
0
0
0
0
0
0
0
0
0
0
0
0
0
0
0
0
0
0
0
0
0
0
0
0
0
0
0
0
0
0
0
0
0
0
0
0
0
0
0
0
0
0
0
0
0
0
0
0
0
0
0
0
0
0
0
0
0
0
0
0
Angle Data
0
0
0
0
0
0
0
0
0
0
0
0
0
0
0
0
0
0
0
0
0
0
0
0
0
0
0
0
0
0
0
0
0
0
0
0
0
0
0
0
0
0
0
0
0
0
0
0
0
0
0
0
0
0
0
0
0
0
0
0
0
0
0
0
0
0
0
0
0
0
0
0
0
0
0
0
0
0
0
0
0
0
0
0
0
0
0
0
0
0
0
0
0
0
0
0
0
0
0
0
0
0
0
0
0
0
0
0
0
0
0
0
0
0
0
0
0
0
0
0
0
0
0
0
0
0
0
0
0
0
0
0
0
0
0
0
0
0
0
0
0
0
0
0
0
0
0
0
0
0
0
0
0
0
0
0
0
0
0
0
0
0
0
0
0
0
0
0
0
0
0
0
0
0
0
0
0
0
0
0
0
0
0
0
0
0
0
0
0
0
0
0
0
0
0
0
0
0
0
0
0
0
0
0
0
0
0
0
0
0
0
0
0
0
0
0
0
0
0
0
0
0
0
0
0
0
0
0
0
0
0
0
0
0
0
0
0
0
0
0
0
0
0
0
0
0
0
0
0
0
0
0
0
0
0
0
0
0
0
0
0
0
0
0
0
0
0
0
0
0
0
0
0
0
0
0
0
0
0
0
0
0
0
0
0
0
0
0
0
0
0
0
0
Bx Data
0
0
0
0
0
0
0
0
0
0
0
0
0
0
0
0
0
0
0
0
0
0
0
0
0
0
0
0
0
0
0
0
0
0
0
0
0
0
0
0
0
0
0
0
0
0
0
0
0
0
0
0
0
0
0
0
0
0
0
0
0
0
0
0
0
0
0
0
0
0
0
0
0
0
0
0
0
0
0
0
0
0
0
0
0
0
0
0
0
0
0
0
0
0
0
0
0
0
0
0
0
0
0
0
0
0
0
0
0
0
0
0
0
0
0
0
0
0
0
0
0
0
0
0
0
0
0
0
0
0
0
0
0
0
0
0
0
0
0
0
0
0
0
0
0
0
0
0
0
0
0
0
0
0
0
0
0
0
0
0
0
0
0
0
0
0
0
0
0
0
0
0
0
0
0
0
0
0
0
0
0
0
0
0
0
0
0
0
0
0
0
0
0
0
0
0
0
0
0
0
0
0
0
0
0
0
0
0
0
0
0
0
0
0
0
0
0
0
0
0
0
0
0
0
0
0
0
0
0
0
0
0
0
0
0
0
0
0
0
0
0
0
0
0
0
0
0
0
0
0
0
0
0
0
0
0
0
0
0
0
0
0
0
0
0
0
0
0
0
0
0
0
0
0
0
0
0
0
0
0
0
0
0
0
0
0
0
0
0
0
0
0
0
Hint Data
0
0
0
0
0
0
0
0
0
0
0
0
0
0
0
0
0
0
0
0
0
0
0
0
0
0
0
0
0
0
0
0
0
0
0
0
0
0
0
0
0
0
0
0
0
0
0
0
0
0
0
0
0
0
0
0
0
0
0
0
0
0
0
0
0
0
0
0
0
0
0
0
0
0
0
0
0
0
0
0
0
0
0
0
0
0
0
0
0
0
0
0
0
0
0
0
0
0
0
0
0
0
0
0
0
0
0
0
0
0
0
0
0
0
0
0
0
0
0
0
0
0
0
0
0
0
0
0
0
0
0
0
0
0
0
0
0
0
0
0
0
0
0
0
0
0
0
0
0
0
0
0
0
0
0
0
0
0
0
0
0
0
0
0
0
0
0
0
0
0
0
0
0
0
0
0
0
0
0
0
0
0
0
0
0
0
0
0
0
0
0
0
0
0
0
0
0
0
0
0
0
0
0
0
0
0
0
0
0
0
0
0
0
0
0
0
0
0
0
0
0
0
0
0
0
0
0
0
0
0
0
0
0
0
0
0
0
0
0
0
0
0
0
0
0
0
0
0
0
0
0
0
0
0
0
0
0
0
0
0
0
0
0
0
0
0
0
0
0
0
0
0
0
0
0
0
0
0
0
0
0
0
0
0
0
0
0
0
0
0
0
0
0
Torque Data
11.8480551519
11.0248645615
11.1509709298
10.9406062374
10.8519711363
11.383067502
10.9677910957
10.1216781672
10.732218651
10.4711944905
10.643296761
10.3840886322
10.1251577532
10.774892058
9.984936162
10.2335507323
10.340210788
9.8400779068
10.3855052004
10.2449153664
9.6954633062
9.718348978
9.634558908
10.0031118408
9.6762144012
9.6182148235
9.874875177
9.915742263
9.803728611
9.7439936044
9.2227150592
9.5455943275
9.005974502
9.4246707225
9.986017617
9.2778207912
8.9242609938
9.183602505
9.1956878512
9.084683289
9.0257433375
8.6342278632
8.9984860119
8.4224570565
9.0163472509
8.0078934522
8.4784468533
8.3276805891
8.4722574486
8.3243447685
8.5541443152
8.6237578784
8.1671456306
8.1303546048
8.0903219872
8.117371139
8.0790810056
7.9110932017
7.4314938768
7.7073314445
7.441411584
7.4667476034
7.388139265
7.1271494028
7.4721525512
7.3538839455
6.977364534
7.566222048
7.6017912402
7.3456396713
7.2277034324
7.186320612
7.126223209
6.9888151476
6.7636062788
6.741815148
7.025548928
6.677006815
6.7582700642
6.6643000615
6.5699918388
6.6116889489
6.5506073451
6.184538499
6.3278297316
6.4998976128
6.157527048
6.5070912648
6.0855480972
6.026561424
6.06015728262
5.90614972272
5.83124318766
5.84629348366
5.69470188919
5.48501075604
5.73845836927
6.01607334308
5.71852138734
5.68438484232
5.47721339872
5.52842987631
5.36904182639
5.2660721463
5.15060074235
5.0481221901
5.05541166018
4.77224176841
5.08898072121
5.02654940781
4.55974714965
4.6755826421
4.81310177936
4.77610139649
4.48554442912
4.60215390996
4.6575785802
4.50090758592
4.32548491118
3.86051810515
4.11453213138
4.27339847955
4.21154661846
4.04162885931
4.10605078606
4.04375809644
3.78839089002
3.7568120809
3.81470396768
3.61832142204
3.53718559796
3.51572304585
3.34398106843
3.44919680832
3.31620447132
3.340732203
3.1616225938
3.2706656031
3.25501959972
3.14291817609
3.0965046593
2.94195962382
2.82653357844
2.75219404356
2.60626415504
2.604280353
2.64839667376
2.6808808614
2.6040948755
2.51614392744
2.45221102257
2.34137741072
2.21515642312
2.31133823386
2.20085333343
2.08470420858
2.02367117862
1.91504071284
1.89111729388
1.9562617672
1.7965814931
1.68524853948
1.65642258957
1.63717707987
1.5485865318
1.53433039368
1.3070214972
1.34891982372
1.26394041797
1.21708499352
1.18709698206
1.1165264352
1.03659270704
0.99961128392
0.95089818886
0.84239312556
0.79674056528
0.6763895135
0.69789480486
0.64935791174
0.5616192267
0.47425196616
0.425277179964
0.367941134352
0.3138758127
0.25208843346
0.18002807148
0.130010891126
0.066860864004
0.003220566309
-0.057158107446
-0.127337966642
-0.185646242978
-0.247375311198
-0.324717067779
-0.377181911148
-0.416605481604
-0.495452922656
-0.569816155188
-0.64854439493
-0.67865125196
-0.7575381645
-0.8054728605
-0.89896360808
-0.89550300835
-0.979824222
-1.0926229908
-1.13499741069
-1.15924650192
-1.27293834234
-1.39584651661
-1.31849443404
-1.4374820775
-1.56788370984
-1.59775512112
-1.6316647886
-1.75916418132
-1.79548594323
-1.84756378624
-1.84377279996
-1.9124782591
-2.03504891184
-2.07238103237
-2.16109073888
-2.28141192805
-2.42652380355
-2.5522133458
-2.43616582706
-2.49798256972
-2.6914157928
-2.66394348566
-2.70279500975
-2.70885111287
-2.71307460866
-2.86362216267
-2.8057814928
-2.97169967984
-3.1453350462
-3.05766723647
-3.10503928196
-3.23931287166
-3.50315805698
-3.5520992514
-3.3232353874
-3.61099001376
-3.73686580371
-3.64739096271
-3.66095113543
-3.93386776081
-3.94309249614
-4.12575715938
-3.9496840197
-4.26004972278
-4.20030207369
-4.13987522145
-4.1595788632
-4.28518845436
-4.39395984132
-4.47947906263
-4.42930432304
-4.49168985136
-4.78898528667
-4.5699886404
-4.77473051496
-4.71913127308
-4.85454000526
-4.99134795593
-4.93076272064
-5.17154033619
-5.58768666624
-5.48386660235
-5.2848370764
-5.51152564365
-5.68570255182
-5.66864308992
-5.48430550778
-6.08314797612
-6.35231446534
-5.73146182644
-6.05816168652
-5.80065367468
-6.10075243674
-6.43769459872
-5.99046883728
-6.69965501271
-6.4266461847
-6.39783821939
-6.7164874695
-6.659086194
-7.0793355216
-6.624984184
-6.6600938097
-7.1852010732
dMdH Data
-1.02336448598134E-06
2.32575757575756E-06
3.01060752169711E-06
-3.02868447082094E-06
-4.76709613478691E-07
1.21684414327203E-06
3.49847715736044E-06
-2.1617933723197E-06
-5.44278606965125E-07
-3.86934673366897E-07
3.88899900891969E-06
-2.79693486590037E-06
1.74002047082762E-08
3.44000000000039E-07
3.26192794547222E-06
-3.13880742913002E-06
4.50150451354069E-06
-1.5415019762845E-06
2.02558853633568E-06
6.46094503375458E-08
-3.98230088495604E-07
-4.22032193158949E-06
3.57114228456913E-06
2.35181644359477E-07
2.5897693079237E-06
-5.01535312179829E-08
8.01526717557456E-08
2.49648241206034E-06
-2.10313447927176E-07
-9.73988439306435E-07
-3.8624873609705E-07
4.04275996112734E-06
1.6097067745197E-06
1.03413654618469E-07
-4.09971236816883E-06
3.70996978851968E-06
-3.58526740665997E-06
4.62277227722779E-06
-1.41650671785027E-06
4.07237512742106E-06
-4.35187057633972E-06
2.38915779283642E-06
2.82772277227721E-06
9.97983870967928E-08
-1.90891089108913E-06
1.49999999999998E-06
-3.001968503937E-06
2.95841584158422E-06
-3.91393442622937E-07
2.9605522682445E-06
-2.45595353339783E-06
2.51664984863765E-06
2.44197780020182E-06
-2.42499999999998E-06
-5.31313131313213E-07
-8.26612903225282E-08
4.48499515972886E-06
7.76119402985129E-07
9.89226248775693E-07
-3.09930486593848E-06
2.84056508577195E-06
-9.53326713009311E-08
-4.48242187499963E-07
-9.12298387096771E-07
1.72295247724971E-06
2.0019230769231E-06
2.38661338661343E-06
-1.10220440881804E-07
2.73170731707387E-08
5.21000000000028E-07
-1.7402597402598E-06
2.313567839196E-06
3.227969348659E-07
2.6465256797583E-06
2.56700000000002E-06
2.42898832684826E-06
-6.30452261306534E-06
3.01647286821706E-06
3.2397119341564E-06
-1.10526315789474E-06
-2.08269230769231E-06
1.5984095427435E-06
9.40524193548412E-07
1.19822485207098E-06
1.47317073170728E-06
1.40261044176709E-06
-1.40380761523046E-06
1.59516908212561E-06
-2.09827760891592E-06
5.33572676111011E-06
-4.75208290997758E-06
5.51606081965566E-06
-4.16875361202084E-06
5.84937825912562E-06
-3.59798488664993E-06
-6.67314230208831E-07
1.54848334162113E-06
1.86754297269966E-06
4.84668644906072E-07
6.05957694546859E-06
7.36153769939576E-07
-1.0843251966915E-06
-5.41265269639543E-07
1.74584204760483E-06
4.18037545964776E-06
2.68665727510629E-07
-7.48987854251042E-07
-2.33822677226196E-06
4.13373253493018E-06
-2.97872340425538E-06
1.84279222662673E-06
-4.17534463949238E-07
5.47474747474739E-07
1.3038241493526E-06
4.73017408123796E-06
-2.72900190209232E-06
1.83462786353359E-06
1.98248968501563E-07
6.70927467300825E-06
-5.83366064414768E-06
5.48870677593445E-06
-4.70635640173265E-06
1.94538917500729E-06
-2.9561385940316E-06
6.13250226198859E-06
-7.65280932161538E-07
2.20075720803807E-06
-3.91919191919187E-07
1.19332462048857E-06
2.88444914033235E-06
-1.51889755800991E-06
-5.59210526315782E-07
1.0755125167405E-06
5.47854140189653E-06
1.46670521345286E-06
2.8387755102041E-06
-5.63496932515334E-06
2.69182632136326E-06
-1.87327006722027E-06
1.50320898515847E-06
-9.52524947081974E-07
5.69573643410853E-06
1.92657797339203E-06
4.76252374762524E-06
-6.3066954643628E-06
3.71849362459228E-06
3.23163507109004E-06
-1.90873844318508E-07
2.10127349909033E-06
-3.85829841146088E-06
4.00903614457831E-06
4.6907888142728E-07
1.60919540229883E-06
5.9827402307767E-06
-1.66649802691488E-06
-2.39255869478713E-06
9.58078007975882E-07
3.90777923519325E-06
-1.9977902772198E-06
8.00271344122492E-06
4.92913073644563E-06
-9.12478598046127E-06
1.47392515923563E-06
-3.99613713182034E-06
2.26581508515815E-06
4.84978540772532E-06
-4.16847718743827E-06
1.10447448391491E-05
-1.23594443919493E-06
4.01632815611308E-06
-1.78921078921078E-06
2.76140492531289E-06
9.90188225871026E-07
1.62974529130479E-06
3.80144083686961E-06
-4.69579420171499E-07
-2.87595623123822E-07
1.77543375394319E-06
-2.59425310780515E-06
1.13610229976209E-05
-1.07943246137374E-06
2.82361717356023E-06
1.32227633889157E-06
-4.80755660396379E-06
-1.57882194065979E-07
7.58173456231839E-06
-1.07984688039612E-05
7.9166666666667E-06
1.47210858631616E-06
3.44837164167905E-06
5.60488651655602E-06
3.80876255183094E-06
-2.34148320990159E-06
1.79172815680931E-06
4.63482557896058E-06
-5.04699956371683E-07
-5.03557691366606E-06
3.05069714736168E-06
6.02982189422389E-06
-6.82773737172461E-06
6.06983511154219E-06
3.65657304912633E-06
4.14661991356114E-06
-3.5727351497064E-06
6.81477783325015E-06
-5.45634920634906E-07
4.75077414843671E-06
-8.52884905850367E-06
1.06427879961278E-05
1.79152765140023E-06
1.01399580125962E-05
-1.33184642345069E-06
-1.10219899062723E-06
6.43239422397242E-07
-3.24773854683397E-06
7.21675121854167E-06
5.58397779099744E-06
-3.51958700273306E-06
-2.62448628500429E-06
8.13628481077225E-06
8.66820322677605E-07
4.37861829409494E-06
-4.48289698063999E-06
3.45283573317662E-06
1.35208711433757E-05
-3.02421380488293E-06
1.43910722950024E-06
1.70499442812281E-06
1.0649812364211E-05
-3.77126275765462E-06
8.25660740028837E-06
4.16327775518504E-06
-7.046048662779E-06
9.4650403380715E-06
-6.32452677396498E-06
5.28699687279334E-06
1.21329241392538E-05
1.17152432212857E-05
-1.04561639880666E-05
8.60264227642273E-06
4.76435563629025E-06
1.12063619085726E-05
-3.71324236017681E-06
5.49480455220189E-06
7.33832416343466E-06
5.10782442748093E-06
6.31941587823945E-06
-1.901057251147E-06
6.92337275261997E-06
1.36356299808332E-05
-2.36347178919857E-07
7.67435130703187E-06
1.03173311635476E-05
3.98314933178387E-06
7.37879542060721E-06
8.06120989168204E-06
1.17634002132403E-05
-1.41601523351372E-06
1.76162254312074E-05
1.57725556438792E-05
3.90393225618065E-06
5.94758427528254E-06
1.29791035735918E-05
8.11094079325543E-06
1.02412578994884E-05
1.25389484327604E-05
6.02407067683694E-06
1.79287483637095E-05
1.64845070422536E-05
1.30581049173596E-05
-4.97723414877684E-06
2.41671020803095E-05
8.72310300129624E-06
7.41570298234941E-06
1.4621995846108E-05
1.38952745849298E-05
3.47898828855429E-06
1.19742143432716E-05
4.60762222004507E-06
1.48217131474103E-05
9.73445072697899E-06
5.88264251255295E-06
1.08117865157576E-05
2.16321523211307E-05
6.23166413758211E-06
1.06079241859059E-05
5.34115774815998E-06
1.02517882689556E-05
3.18609406952963E-06
2.24537987679676E-06
6.83317535545011E-06
1.71654054054054E-05
1.71654054054054E-05
dMdT Data
0
0
0
0
0
0
0
0
0
0
0
0
0
0
0
0
0
0
0
0
0
0
0
0
0
0
0
0
0
0
0
0
0
0
0
0
0
0
0
0
0
0
0
0
0
0
0
0
0
0
0
0
0
0
0
0
0
0
0
0
0
0
0
0
0
0
0
0
0
0
0
0
0
0
0
0
0
0
0
0
0
0
0
0
0
0
0
0
0
0
0
0
0
0
0
0
0
0
0
0
0
0
0
0
0
0
0
0
0
0
0
0
0
0
0
0
0
0
0
0
0
0
0
0
0
0
0
0
0
0
0
0
0
0
0
0
0
0
0
0
0
0
0
0
0
0
0
0
0
0
0
0
0
0
0
0
0
0
0
0
0
0
0
0
0
0
0
0
0
0
0
0
0
0
0
0
0
0
0
0
0
0
0
0
0
0
0
0
0
0
0
0
0
0
0
0
0
0
0
0
0
0
0
0
0
0
0
0
0
0
0
0
0
0
0
0
0
0
0
0
0
0
0
0
0
0
0
0
0
0
0
0
0
0
0
0
0
0
0
0
0
0
0
0
0
0
0
0
0
0
0
0
0
0
0
0
0
0
0
0
0
0
0
0
0
0
0
0
0
0
0
0
0
0
0
0
0
0
0
0
0
0
0
0
0
0
0
0
0
0
0
0
0
 
*********************************************** Results ***************************************
 
TotalArea 0
AreaFirstQuad 0
AreaSecondQuad 0
AreaThirdQuad 0
AreaFourthQuad 0
Coercivity 0
PositiveCoercivity 0
NegativeCoercivity 0
Retentivity 1.71714181351434E-03
PositiveRetentivity -6.53860920560753E-03
NegativeRetentivity -3.10432557857885E-03
Magnetization 0.00363231
PositiveMagnetization 0.00266544
NegativeMagnetization -0.00459918
Flatness 2.80784461373372
Squareness 0.472740986731403
SStar 0
SFD1 0
SFD2 0
Slope 0
Intercept 0
SlopeAtHc 1.71654054054054E-05
dH1 -838.968831260409
dH2 68.2569999999999
InitialSlope -1.02336448598134E-06
FieldAtHalfMs 902.871754374159
FieldAtMs 1046.42
MomentMean -3.0047153549488E-03
MomentRMS 1.7426854000394E-03
SFD3 0
dH3 -1677.93766252082
UserField1 0
UserField2 0
CenterField 0
ExchangeField 0
ExchangeMoment 0
ExRegionOneIntercept 0
ExRegionOneSlope 0
ExRegionTwoIntercept 0
ExRegionTwoSlope 0
NegativeIntercept 0
NegativeSlope 0
AutoCenterOffset 0
PinningField 0
PinningMoment 0
PinRegionOneIntercept 0
PinRegionOneSlope 0
PinRegionTwoIntercept 0
PinRegionTwoSlope 0
PositiveIntercept 0
PositiveSlope 0
TotalOffset 0
BHMax 0
BCoercivity 0
BRetentivity 0
BNegativeCoercivity 0
BPositiveCoercivity 0
BNegativeRetentivity 0
BPositiveRetentivity 0
MomentYMean -6.12488901023891E-03
MomentYRMS 2.67685659229055E-04
YOffCorrection 0
Mrt 0
Ms1 0
Ms2 0
Ms3 0
Hc2 0
Hex2 0
HsatValue 0
HsatIntercept 0
HsatSlope 0
CenterH 0
Span .00726462
SpanAsPercentOfRange -137.068301886792
RMSAsPercentOfRange -32.880856604517
SpanAsPercentOfMean -241.77398328381
RMSAsPercentOfMean -57.9983523953168
