Version 1.25
******************************************** Units *******************************************
System CGS
TemperatureUnit K
MomentUnit emu
AppliedFieldUnit G
 
******************************************** Setup ********************************************
 
Experiment CustomField
Minor False
Acquisition Continuous
EditedPoint No
MaxField 15000
FieldIncrement 100
Points 293
MinField 0
RampRate 10
AverageTime 0.3
TimeInterval 0
TimeConstant 0.1
TimeConstantIndex 0
Sensitivity -0.0053
SensitivityIndex 5
SensitivityY -400
SensitivityIndexY 0
SaturationField 8000
ExperimentTime 100
Use735Domains True
AutoRangeEnabled False
NumberOfVertices 2
VertexPts
0
292
VertexField
-1760.7352
1190.9774
StartAngle 0
EndAngle 0
AngleIncrement 0
StartTemp 0
FinishTemp 0
TempIncrement 0
TempPoints 0
LengthofSetPointsArray 293
SetPointArray
-1760.73517
-1750.62657
-1740.51796
-1730.40936
-1720.30075
-1710.19215
-1700.08354
-1689.97494
-1679.86633
-1669.75773
-1659.64912
-1649.54052
-1639.43191
-1629.32331
-1619.2147
-1609.1061
-1598.99749
-1588.88889
-1578.78028
-1568.67168
-1558.56307
-1548.45447
-1538.34586
-1528.23726
-1518.12865
-1508.02005
-1497.91145
-1487.80284
-1477.69424
-1467.58563
-1457.47703
-1447.36842
-1437.25982
-1427.15121
-1417.04261
-1406.934
-1396.8254
-1386.71679
-1376.60819
-1366.49958
-1356.39098
-1346.28237
-1336.17377
-1326.06516
-1315.95656
-1305.84795
-1295.73935
-1285.63074
-1275.52214
-1265.41353
-1255.30493
-1245.19632
-1235.08772
-1224.97911
-1214.87051
-1204.7619
-1194.6533
-1184.5447
-1174.43609
-1164.32749
-1154.21888
-1144.11028
-1134.00167
-1123.89307
-1113.78446
-1103.67586
-1093.56725
-1083.45865
-1073.35004
-1063.24144
-1053.13283
-1043.02423
-1032.91562
-1022.80702
-1012.69841
-1002.58981
-992.4812
-982.3726
-972.26399
-962.15539
-952.04678
-941.93818
-931.82957
-921.72097
-911.61236
-901.50376
-891.39515
-881.28655
-871.17794
-861.06934
-850.96074
-840.85213
-830.74353
-820.63492
-810.52632
-800.41771
-790.30911
-780.2005
-770.0919
-759.98329
-749.87469
-739.76608
-729.65748
-719.54887
-709.44027
-699.33166
-689.22306
-679.11445
-669.00585
-658.89724
-648.78864
-638.68003
-628.57143
-618.46282
-608.35422
-598.24561
-588.13701
-578.0284
-567.9198
-557.81119
-547.70259
-537.59398
-527.48538
-517.37678
-507.26817
-497.15957
-487.05096
-476.94236
-466.83375
-456.72515
-446.61654
-436.50794
-426.39933
-416.29073
-406.18212
-396.07352
-385.96491
-375.85631
-365.7477
-355.6391
-345.53049
-335.42189
-325.31328
-315.20468
-305.09607
-294.98747
-284.87886
-274.77026
-264.66165
-254.55305
-244.44444
-234.33584
-224.22723
-214.11863
-204.01003
-193.90142
-183.79282
-173.68421
-163.57561
-153.467
-143.3584
-133.24979
-123.14119
-113.03258
-102.92398
-92.81537
-82.70677
-72.59816
-62.48956
-52.38095
-42.27235
-32.16374
-22.05514
-11.94653
-1.83793
8.27068
18.37928
28.48789
38.59649
48.7051
58.8137
68.92231
79.03091
89.13952
99.24812
109.35673
119.46533
129.57393
139.68254
149.79114
159.89975
170.00835
180.11696
190.22556
200.33417
210.44277
220.55138
230.65998
240.76859
250.87719
260.9858
271.0944
281.20301
291.31161
301.42022
311.52882
321.63743
331.74603
341.85464
351.96324
362.07185
372.18045
382.28906
392.39766
402.50627
412.61487
422.72348
432.83208
442.94069
453.04929
463.15789
473.2665
483.3751
493.48371
503.59231
513.70092
523.80952
533.91813
544.02673
554.13534
564.24394
574.35255
584.46115
594.56976
604.67836
614.78697
624.89557
635.00418
645.11278
655.22139
665.32999
675.4386
685.5472
695.65581
705.76441
715.87302
725.98162
736.09023
746.19883
756.30744
766.41604
776.52464
786.63325
796.74185
806.85046
816.95906
827.06767
837.17627
847.28488
857.39348
867.50209
877.61069
887.7193
897.8279
907.93651
918.04511
928.15372
938.26232
948.37093
958.47953
968.58814
978.69674
988.80535
998.91395
1009.02256
1019.13116
1029.23977
1039.34837
1049.45698
1059.56558
1069.67419
1079.78279
1089.8914
1100
1110.1086
1120.21721
1130.32581
1140.43442
1150.54302
1160.65163
1170.76023
1180.86884
1190.97744
FieldDomainFile C:\IDEASVSM\Default UserID\Experiments\FORCexp0284B\fdomain.ini
TempDomainFile C:\IDEASVSM\Default UserID\Experiments\FORCexp0284B\tdomain.ini
NumSelectedResults 0
ResultsSelected 
UserName1 
UserValue1 
UserName2 
UserValue2 
LinearBackgroundCorrection Off
MaxLinearFieldCorrection 
MinLinearFieldCorrection 
AutoLinearCorrection Off
FitOneRegion Off
BackgroundMode Off
BackgroundFilename 
AutoCenter Off
OffsetCorrection 
SmoothDeriv Off
DerivOrder 0
DerivPoints 0
MinExFieldOne 
MaxExFieldOne 
MinExFieldTwo 
MaxExFieldTwo 
MinPinFieldOne 
MaxPinFieldOne 
MinPinFieldTwo 
MaxPinFieldTwo 
HCenterStart 
Mass 
Volume 
Density 
MolarWeight 
NumberOfMoles 
Demagnetization 
SampleArea 
Thickness 
MomentScaling 0
XAxis 0
YAxis 0
SimpleSpinValve False
HsatMax 0
HsatMin 0
FieldAutoRange False
 
*************************************************** Experiment Data ********************************************
 
DataPoints 293
MomentX Data
-0.00454406
-0.0045134
-0.00450471
-0.00447859
-0.00450242
-0.00445181
-0.00446053
-0.00444863
-0.00446573
-0.00447867
-0.00443189
-0.00450113
-0.00442086
-0.0044208
-0.00442736
-0.00441866
-0.00442333
-0.00442229
-0.00440759
-0.00441603
-0.00439957
-0.00437771
-0.00439918
-0.00435225
-0.00437629
-0.00437272
-0.00437205
-0.00437779
-0.00440067
-0.0043892
-0.00436234
-0.0043375
-0.00432212
-0.00432048
-0.00433006
-0.00433983
-0.00433775
-0.00430782
-0.0043165
-0.00429081
-0.00430143
-0.00428113
-0.0043037
-0.00429124
-0.00428178
-0.0042488
-0.00424066
-0.00424996
-0.0042537
-0.00425901
-0.00419828
-0.00423878
-0.00421598
-0.00422563
-0.00419542
-0.00422921
-0.00422031
-0.0042221
-0.00417226
-0.00418911
-0.00415607
-0.0041597
-0.00414932
-0.00416132
-0.00417428
-0.00413944
-0.00412307
-0.00415066
-0.0041311
-0.00412936
-0.00414523
-0.00407698
-0.00407558
-0.00406679
-0.00409952
-0.00405667
-0.00404825
-0.00405247
-0.00405128
-0.0040085
-0.00406106
-0.0040071
-0.00401798
-0.00400687
-0.00399555
-0.00398232
-0.00398751
-0.00398547
-0.00396412
-0.00394838
-0.00398077
-0.00394009
-0.00396336
-0.00397802
-0.0039185
-0.00392867
-0.00390142
-0.00389242
-0.00391962
-0.0039113
-0.00387824
-0.00388135
-0.00383255
-0.00388443
-0.00385026
-0.0038518
-0.00382804
-0.00381635
-0.00380524
-0.00378773
-0.0037974
-0.00379866
-0.00373776
-0.00374722
-0.00377559
-0.00377033
-0.00374934
-0.00372881
-0.00373972
-0.00370936
-0.00369336
-0.00374929
-0.00369224
-0.00366487
-0.00367405
-0.00366248
-0.00363283
-0.00366841
-0.00364178
-0.00361767
-0.00359825
-0.00356831
-0.00360267
-0.00357136
-0.00358488
-0.00355564
-0.0035973
-0.00356227
-0.00351993
-0.00349222
-0.00349305
-0.00338907
-0.00344708
-0.00348626
-0.00342307
-0.00343516
-0.00340193
-0.00338018
-0.00331091
-0.00340153
-0.00338722
-0.0033572
-0.00337258
-0.00335642
-0.003306
-0.00328791
-0.00327954
-0.00331385
-0.00330164
-0.00321468
-0.00322543
-0.00320948
-0.00328882
-0.00316069
-0.00323557
-0.00315751
-0.00320597
-0.00319101
-0.00313343
-0.00307243
-0.00315591
-0.00309699
-0.00307636
-0.00304027
-0.00310361
-0.00302302
-0.00304397
-0.00300428
-0.00307108
-0.00297395
-0.00302558
-0.00293072
-0.00294878
-0.00296602
-0.00291097
-0.00290869
-0.00285362
-0.0028003
-0.00276864
-0.00278304
-0.00277662
-0.00280168
-0.00270451
-0.00269329
-0.00265381
-0.00264945
-0.00268636
-0.00274154
-0.00270243
-0.00261251
-0.00254879
-0.00252452
-0.00250717
-0.00251863
-0.0025309
-0.00252336
-0.00247108
-0.0024399
-0.00243374
-0.00245677
-0.00240029
-0.00239408
-0.00234765
-0.00224345
-0.00231784
-0.00232029
-0.00223923
-0.00210614
-0.00215219
-0.0021056
-0.0020287
-0.00207707
-0.00204455
-0.00199045
-0.00194172
-0.00186311
-0.00180264
-0.00189783
-0.00179123
-0.00173719
-0.0016223
-0.00166055
-0.00159131
-0.0015116
-0.00145099
-0.0014937
-0.00135836
-0.00134518
-0.00132974
-0.00119203
-0.00107555
-0.00109768
-0.0010257
-0.000927942
-0.000665714
-0.000751559
-0.000623672
-0.000498638
-0.000418722
-0.000321191
-0.00025302
-0.00012702
-0.0000620172
0.000055822
0.000247545
0.000371828
0.000433469
0.000491439
0.000663036
0.000774546
0.000910654
0.000976992
0.00113918
0.001196
0.00122887
0.00143717
0.00155845
0.00163007
0.00176945
0.00188401
0.00188405
0.00197223
0.00208963
0.00223397
0.002283
0.00238262
0.0025108
0.00255455
0.00265026
0.00261851
0.00273297
0.00280964
0.00293616
0.00292473
0.00303988
0.0031063
0.00317011
0.00316955
0.00320825
0.00325302
0.00333663
0.00339614
0.00341034
MomentY Data
-0.00623067
-0.00597636
-0.00602404
-0.00594457
-0.00561078
-0.00562668
-0.00530879
-0.00581741
-0.00607173
-0.00562668
-0.00619888
-0.00607173
-0.00581741
-0.00562668
-0.00635783
-0.00581741
-0.00616709
-0.00600815
-0.00632604
-0.0061353
-0.00596046
-0.0061353
-0.00567436
-0.00594457
-0.00632604
-0.00638962
-0.0061353
-0.00562668
-0.00594457
-0.00629425
-0.00599225
-0.00607173
-0.00616709
-0.00596046
-0.00596046
-0.00600815
-0.00611941
-0.00632604
-0.00599225
-0.00581741
-0.00581741
-0.00553131
-0.00592868
-0.00592868
-0.00578562
-0.00589689
-0.00597636
-0.00616709
-0.00588099
-0.00592868
-0.00610352
-0.00600815
-0.0061353
-0.00600815
-0.00603994
-0.00581741
-0.00632604
-0.00602404
-0.00596046
-0.00635783
-0.00567436
-0.00597636
-0.0058651
-0.00600815
-0.0064532
-0.00597636
-0.0058492
-0.00572205
-0.00581741
-0.00611941
-0.00597636
-0.00638962
-0.00607173
-0.00588099
-0.00627836
-0.00607173
-0.0061353
-0.00597636
-0.00581741
-0.00616709
-0.00591278
-0.00597636
-0.00607173
-0.0061353
-0.00623067
-0.00623067
-0.00607173
-0.00591278
-0.00603994
-0.00610352
-0.00600815
-0.00578562
-0.00581741
-0.00592868
-0.00597636
-0.00591278
-0.00572205
-0.00597636
-0.00619888
-0.00600815
-0.00610352
-0.0061353
-0.00596046
-0.00616709
-0.00658035
-0.00610352
-0.00623067
-0.00597636
-0.0055631
-0.00597636
-0.00578562
-0.00597636
-0.00618299
-0.00588099
-0.00589689
-0.00573794
-0.00623067
-0.00597636
-0.00607173
-0.00588099
-0.00610352
-0.00616709
-0.00588099
-0.00607173
-0.00596046
-0.00600815
-0.00607173
-0.00607173
-0.00632604
-0.00623067
-0.00600815
-0.00594457
-0.00632604
-0.00619888
-0.00607173
-0.00602404
-0.00616709
-0.00603994
-0.00605583
-0.00623067
-0.00616709
-0.00607173
-0.00592868
-0.00610352
-0.00610352
-0.00619888
-0.00623067
-0.00638962
-0.00607173
-0.00597636
-0.00581741
-0.00596046
-0.00603994
-0.0058492
-0.00581741
-0.00635783
-0.00619888
-0.00607173
-0.00629425
-0.00611941
-0.00626246
-0.00551542
-0.00594457
-0.00619888
-0.00596046
-0.00599225
-0.00575384
-0.00576973
-0.00594457
-0.00572205
-0.0061353
-0.00608762
-0.00619888
-0.00623067
-0.00572205
-0.00629425
-0.00591278
-0.00616709
-0.00605583
-0.00635783
-0.00607173
-0.00603994
-0.00623067
-0.00596046
-0.00602404
-0.00591278
-0.00608762
-0.00626246
-0.00588099
-0.0064532
-0.00626246
-0.00619888
-0.00626246
-0.00635783
-0.0061353
-0.00619888
-0.00607173
-0.0058651
-0.00603994
-0.00629425
-0.00610352
-0.00635783
-0.00623067
-0.00610352
-0.00596046
-0.0061353
-0.00576973
-0.00591278
-0.00616709
-0.00610352
-0.00592868
-0.00623067
-0.00635783
-0.00623067
-0.00621478
-0.00632604
-0.00610352
-0.00626246
-0.00626246
-0.00616709
-0.00635783
-0.00656446
-0.00623067
-0.00603994
-0.00616709
-0.00592868
-0.00648499
-0.00642141
-0.00618299
-0.00635783
-0.00616709
-0.00623067
-0.00602404
-0.00623067
-0.00635783
-0.0061353
-0.00573794
-0.00632604
-0.00664393
-0.00638962
-0.00629425
-0.00592868
-0.00632604
-0.0064532
-0.00642141
-0.00619888
-0.00642141
-0.00623067
-0.00623067
-0.00629425
-0.00607173
-0.00632604
-0.00626246
-0.00635783
-0.00670751
-0.00670751
-0.00683467
-0.00654856
-0.00648499
-0.00651677
-0.00616709
-0.00654856
-0.00664393
-0.00651677
-0.00654856
-0.00683467
-0.00642141
-0.00667572
-0.00651677
-0.00677109
-0.00664393
-0.00638962
-0.00648499
-0.00667572
-0.0064532
-0.00683467
-0.00648499
-0.00677109
-0.0070413
-0.00683467
-0.00670751
-0.00678698
-0.00693003
-0.0070254
-0.00680288
-0.00667572
-0.00694593
-0.00677109
-0.00642141
-0.00654856
-0.00688235
-0.00658035
-0.00689824
Field Data
-1760.13
-1753.73
-1744.16
-1734.15
-1724.01
-1713.75
-1703.77
-1693.41
-1683.51
-1673.57
-1663.14
-1653.08
-1643.03
-1632.95
-1622.88
-1612.86
-1603.05
-1592.58
-1582.54
-1572.63
-1562.3
-1552.2
-1542.22
-1532.06
-1522.07
-1511.83
-1501.86
-1491.88
-1481.93
-1471.55
-1461.59
-1451.7
-1441.31
-1431.25
-1421.39
-1411.31
-1400.92
-1391.01
-1381.15
-1370.68
-1360.73
-1350.9
-1340.36
-1330.7
-1320.35
-1310.32
-1300.53
-1290.14
-1280.12
-1270.12
-1260.11
-1249.67
-1239.88
-1229.84
-1219.43
-1209.6
-1199.24
-1189.44
-1179.47
-1169.04
-1159.11
-1149.28
-1138.94
-1128.86
-1118.83
-1109.02
-1098.73
-1088.6
-1078.51
-1068.37
-1058.55
-1048.26
-1038.24
-1028.31
-1017.99
-1007.92
-998.039
-987.984
-977.5
-967.706
-957.785
-947.362
-937.503
-927.544
-917.42
-907.211
-897.06
-886.974
-877.008
-867.073
-856.62
-846.867
-836.712
-826.458
-816.509
-806.701
-796.179
-786.186
-776.08
-766.062
-756.23
-745.928
-735.761
-725.902
-715.996
-705.595
-695.575
-685.734
-675.344
-665.279
-655.4
-645.391
-635.059
-624.987
-614.895
-604.903
-594.938
-584.877
-574.61
-564.498
-554.653
-544.421
-534.329
-524.233
-514.238
-504.218
-494.194
-483.833
-473.953
-464.018
-453.694
-443.793
-433.35
-423.562
-413.668
-403.159
-393.276
-383.416
-373.229
-363.024
-352.927
-343.04
-332.838
-322.735
-312.487
-302.573
-292.655
-282.374
-272.414
-262.411
-252.183
-242.123
-232.108
-222.144
-211.732
-201.962
-191.977
-181.551
-171.589
-161.456
-151.395
-141.437
-131.132
-121.259
-111.366
-100.927
-90.9417
-81.1588
-71.0638
-60.5502
-50.8124
-40.7862
-30.403
-20.6767
-10.7273
-0.219794
9.93643
20.2096
30.051
39.6523
49.9984
60.0579
70.2924
80.0979
90.3527
100.51
110.494
120.44
130.892
140.816
150.906
160.758
171.046
181.049
191.019
201.038
211.462
221.253
231.244
241.664
251.585
261.476
271.815
281.846
291.813
301.76
312.217
321.989
332.326
342.209
352.035
362.478
372.466
382.42
392.691
402.664
412.688
422.704
433.093
443.146
452.871
463.254
473.173
483.504
493.407
503.27
513.72
523.612
533.468
543.583
553.9
563.771
573.873
584.133
594.192
604.324
614.123
624.293
634.559
644.434
654.336
664.763
674.778
684.694
694.694
705.135
714.988
724.972
735.329
745.267
755.152
765.481
775.52
785.829
795.652
805.537
815.839
825.894
835.788
845.843
856.289
866.064
876.04
886.373
896.376
906.597
916.606
926.424
936.866
946.741
956.674
966.822
977.146
987.009
996.821
1007.31
1017.3
1027.19
1037.47
1047.53
1057.71
1067.56
1077.57
1087.98
1097.89
1107.86
1117.98
1128.28
1138.18
1148.07
1158.42
1168.38
1178.78
Time Data
0
0.3
0.6
0.9
1.2
1.5
1.8
2.1
2.4
2.7
3
3.3
3.6
3.9
4.2
4.5
4.8
5.1
5.4
5.7
6
6.3
6.6
6.9
7.2
7.5
7.8
8.1
8.4
8.7
9
9.3
9.6
9.9
10.2
10.5
10.8
11.1
11.4
11.7
12
12.3
12.6
12.9
13.2
13.5
13.8
14.1
14.4
14.7
15
15.3
15.6
15.9
16.2
16.5
16.8
17.1
17.4
17.7
18
18.3
18.6
18.9
19.2
19.5
19.8
20.1
20.4
20.7
21
21.3
21.6
21.9
22.2
22.5
22.8
23.1
23.4
23.7
24
24.3
24.6
24.9
25.2
25.5
25.8
26.1
26.4
26.7
27
27.3
27.6
27.9
28.2
28.5
28.8
29.1
29.4
29.7
30.0000000000001
30.3000000000001
30.6000000000001
30.9000000000001
31.2000000000001
31.5000000000001
31.8000000000001
32.1000000000001
32.4
32.7
33
33.3
33.6
33.9
34.2
34.5
34.8
35.1
35.4
35.7
36
36.3
36.6
36.9
37.2
37.5
37.8
38.1
38.4
38.7
39
39.3
39.6
39.9
40.2
40.5
40.8
41.1
41.4
41.7
42
42.3
42.6
42.8999999999999
43.1999999999999
43.4999999999999
43.7999999999999
44.0999999999999
44.3999999999999
44.6999999999999
44.9999999999999
45.2999999999999
45.5999999999999
45.8999999999999
46.1999999999999
46.4999999999999
46.7999999999999
47.0999999999999
47.3999999999999
47.6999999999999
47.9999999999999
48.2999999999999
48.5999999999999
48.8999999999999
49.1999999999999
49.4999999999999
49.7999999999999
50.0999999999999
50.3999999999999
50.6999999999999
50.9999999999999
51.2999999999999
51.5999999999999
51.8999999999999
52.1999999999999
52.4999999999999
52.7999999999999
53.0999999999999
53.3999999999998
53.6999999999998
53.9999999999998
54.2999999999998
54.5999999999998
54.8999999999998
55.1999999999998
55.4999999999998
55.7999999999998
56.0999999999998
56.3999999999998
56.6999999999998
56.9999999999998
57.2999999999998
57.5999999999998
57.8999999999998
58.1999999999998
58.4999999999998
58.7999999999998
59.0999999999998
59.3999999999998
59.6999999999998
59.9999999999998
60.2999999999998
60.5999999999998
60.8999999999998
61.1999999999998
61.4999999999998
61.7999999999998
62.0999999999998
62.3999999999998
62.6999999999998
62.9999999999998
63.2999999999998
63.5999999999998
63.8999999999998
64.1999999999997
64.4999999999997
64.7999999999997
65.0999999999997
65.3999999999997
65.6999999999997
65.9999999999997
66.2999999999997
66.5999999999997
66.8999999999997
67.1999999999997
67.4999999999997
67.7999999999997
68.0999999999997
68.3999999999997
68.6999999999997
68.9999999999997
69.2999999999997
69.5999999999997
69.8999999999997
70.1999999999997
70.4999999999997
70.7999999999997
71.0999999999997
71.3999999999997
71.6999999999997
71.9999999999997
72.2999999999997
72.5999999999997
72.8999999999997
73.1999999999997
73.4999999999997
73.7999999999997
74.0999999999997
74.3999999999997
74.6999999999996
74.9999999999996
75.2999999999996
75.5999999999996
75.8999999999996
76.1999999999996
76.4999999999996
76.7999999999996
77.0999999999996
77.3999999999996
77.6999999999996
77.9999999999996
78.2999999999996
78.5999999999996
78.8999999999996
79.1999999999996
79.4999999999996
79.7999999999996
80.0999999999996
80.3999999999996
80.6999999999996
80.9999999999996
81.2999999999996
81.5999999999996
81.8999999999996
82.1999999999996
82.4999999999996
82.7999999999996
83.0999999999996
83.3999999999996
83.6999999999996
83.9999999999996
84.2999999999996
84.5999999999996
84.8999999999996
85.1999999999995
85.4999999999995
85.7999999999995
86.0999999999995
86.3999999999995
86.6999999999995
86.9999999999995
87.2999999999995
87.5999999999995
Temperature Data
0
0
0
0
0
0
0
0
0
0
0
0
0
0
0
0
0
0
0
0
0
0
0
0
0
0
0
0
0
0
0
0
0
0
0
0
0
0
0
0
0
0
0
0
0
0
0
0
0
0
0
0
0
0
0
0
0
0
0
0
0
0
0
0
0
0
0
0
0
0
0
0
0
0
0
0
0
0
0
0
0
0
0
0
0
0
0
0
0
0
0
0
0
0
0
0
0
0
0
0
0
0
0
0
0
0
0
0
0
0
0
0
0
0
0
0
0
0
0
0
0
0
0
0
0
0
0
0
0
0
0
0
0
0
0
0
0
0
0
0
0
0
0
0
0
0
0
0
0
0
0
0
0
0
0
0
0
0
0
0
0
0
0
0
0
0
0
0
0
0
0
0
0
0
0
0
0
0
0
0
0
0
0
0
0
0
0
0
0
0
0
0
0
0
0
0
0
0
0
0
0
0
0
0
0
0
0
0
0
0
0
0
0
0
0
0
0
0
0
0
0
0
0
0
0
0
0
0
0
0
0
0
0
0
0
0
0
0
0
0
0
0
0
0
0
0
0
0
0
0
0
0
0
0
0
0
0
0
0
0
0
0
0
0
0
0
0
0
0
0
0
0
0
0
0
0
0
0
0
0
0
0
0
0
0
0
0
0
0
0
0
0
0
Angle Data
0
0
0
0
0
0
0
0
0
0
0
0
0
0
0
0
0
0
0
0
0
0
0
0
0
0
0
0
0
0
0
0
0
0
0
0
0
0
0
0
0
0
0
0
0
0
0
0
0
0
0
0
0
0
0
0
0
0
0
0
0
0
0
0
0
0
0
0
0
0
0
0
0
0
0
0
0
0
0
0
0
0
0
0
0
0
0
0
0
0
0
0
0
0
0
0
0
0
0
0
0
0
0
0
0
0
0
0
0
0
0
0
0
0
0
0
0
0
0
0
0
0
0
0
0
0
0
0
0
0
0
0
0
0
0
0
0
0
0
0
0
0
0
0
0
0
0
0
0
0
0
0
0
0
0
0
0
0
0
0
0
0
0
0
0
0
0
0
0
0
0
0
0
0
0
0
0
0
0
0
0
0
0
0
0
0
0
0
0
0
0
0
0
0
0
0
0
0
0
0
0
0
0
0
0
0
0
0
0
0
0
0
0
0
0
0
0
0
0
0
0
0
0
0
0
0
0
0
0
0
0
0
0
0
0
0
0
0
0
0
0
0
0
0
0
0
0
0
0
0
0
0
0
0
0
0
0
0
0
0
0
0
0
0
0
0
0
0
0
0
0
0
0
0
0
0
0
0
0
0
0
0
0
0
0
0
0
0
0
0
0
0
0
Bx Data
0
0
0
0
0
0
0
0
0
0
0
0
0
0
0
0
0
0
0
0
0
0
0
0
0
0
0
0
0
0
0
0
0
0
0
0
0
0
0
0
0
0
0
0
0
0
0
0
0
0
0
0
0
0
0
0
0
0
0
0
0
0
0
0
0
0
0
0
0
0
0
0
0
0
0
0
0
0
0
0
0
0
0
0
0
0
0
0
0
0
0
0
0
0
0
0
0
0
0
0
0
0
0
0
0
0
0
0
0
0
0
0
0
0
0
0
0
0
0
0
0
0
0
0
0
0
0
0
0
0
0
0
0
0
0
0
0
0
0
0
0
0
0
0
0
0
0
0
0
0
0
0
0
0
0
0
0
0
0
0
0
0
0
0
0
0
0
0
0
0
0
0
0
0
0
0
0
0
0
0
0
0
0
0
0
0
0
0
0
0
0
0
0
0
0
0
0
0
0
0
0
0
0
0
0
0
0
0
0
0
0
0
0
0
0
0
0
0
0
0
0
0
0
0
0
0
0
0
0
0
0
0
0
0
0
0
0
0
0
0
0
0
0
0
0
0
0
0
0
0
0
0
0
0
0
0
0
0
0
0
0
0
0
0
0
0
0
0
0
0
0
0
0
0
0
0
0
0
0
0
0
0
0
0
0
0
0
0
0
0
0
0
0
Hint Data
0
0
0
0
0
0
0
0
0
0
0
0
0
0
0
0
0
0
0
0
0
0
0
0
0
0
0
0
0
0
0
0
0
0
0
0
0
0
0
0
0
0
0
0
0
0
0
0
0
0
0
0
0
0
0
0
0
0
0
0
0
0
0
0
0
0
0
0
0
0
0
0
0
0
0
0
0
0
0
0
0
0
0
0
0
0
0
0
0
0
0
0
0
0
0
0
0
0
0
0
0
0
0
0
0
0
0
0
0
0
0
0
0
0
0
0
0
0
0
0
0
0
0
0
0
0
0
0
0
0
0
0
0
0
0
0
0
0
0
0
0
0
0
0
0
0
0
0
0
0
0
0
0
0
0
0
0
0
0
0
0
0
0
0
0
0
0
0
0
0
0
0
0
0
0
0
0
0
0
0
0
0
0
0
0
0
0
0
0
0
0
0
0
0
0
0
0
0
0
0
0
0
0
0
0
0
0
0
0
0
0
0
0
0
0
0
0
0
0
0
0
0
0
0
0
0
0
0
0
0
0
0
0
0
0
0
0
0
0
0
0
0
0
0
0
0
0
0
0
0
0
0
0
0
0
0
0
0
0
0
0
0
0
0
0
0
0
0
0
0
0
0
0
0
0
0
0
0
0
0
0
0
0
0
0
0
0
0
0
0
0
0
0
Torque Data
10.9667891871
10.4809218228
10.5068896064
10.3087760655
9.6730408278
9.64272285
9.0449571383
9.8512602681
10.2218181723
9.4166428476
10.3096052832
10.0370554284
9.5581791523
9.188087106
10.3179951504
9.3826678926
9.8861536245
9.568459527
10.0112113416
9.648556839
9.312026658
9.52321266
8.7511114792
9.1074379142
9.6286757028
9.6600192046
9.214361658
8.3943313584
8.8094366201
9.2623035875
8.7582126775
8.814330441
8.8886884879
8.530908375
8.4721382394
8.4793621765
8.5728038572
8.7995849004
8.2761960875
7.9738075388
7.9159243093
7.472246679
7.9465655248
7.889294476
7.639043367
7.7268129048
7.7724354708
7.9564094926
7.5283729188
7.5301350416
7.6911065872
7.5082048105
7.607035764
7.389063196
7.3652840342
7.036739136
7.5864402096
7.1652341376
7.0301837562
7.4325575832
6.5772074196
6.8685110208
6.679996994
6.782360209
7.220033756
6.6279027672
6.426691516
6.22902363
6.2741348591
6.5377940617
6.326275878
6.6979830612
6.3039129552
6.0474808269
6.3913076964
6.1198181016
6.1232686767
5.90454805824
5.686518275
5.96792999554
5.6631719923
5.66177636232
5.69226509019
5.6907607032
5.7161412714
5.65253236137
5.4467061138
5.24448212772
5.29707569952
5.29219739696
5.146701453
4.89965065254
4.86749675592
4.89980501544
4.87975172724
4.76984553878
4.55577604695
4.69853056296
4.8108267904
4.6026154053
4.6156649296
4.5764920584
4.38547401006
4.47670296518
4.7115042786
4.3066131944
4.33389828525
4.09819324824
3.7570062064
3.97594680444
3.791895348
3.85708895676
3.92656344641
3.67554229713
3.62596817655
3.47089711982
3.70686234846
3.49543550772
3.4888767753
3.31980709302
3.38533567856
3.35749330489
3.14238350571
3.18300123309
3.06509502948
3.0294173767
3.00061253562
2.93770334109
2.99824563612
2.89114303206
2.7258616061
2.63815855401
2.741389434
2.62561001056
2.51168040564
2.42864594236
2.42536848684
2.31580963504
2.26021137507
2.26188274608
2.17653257243
2.0828462592
1.97328999384
1.9698195272
1.90727065424
1.87561371824
1.82343672885
1.80426255788
1.65402425622
1.56826260396
1.46705190603
1.44316445658
1.40191839352
1.2993646848
1.23173185412
1.28404006246
1.19004238576
1.10232865323
1.08002406325
0.98801546096
0.9481051317
0.78008445854
0.77952335324
0.75166998992
0.66379258836
0.60477981575
0.523263991128
0.468264363124
0.422443733566
0.34647127191
0.31174931772
0.248290886844
0.18846454864
0.128829694389
0.061382146965
0.0013834383845
-0.0587519245754
-0.124634422064
-0.18198374733
-0.252102582509
-0.303576785232
-0.362746112526
-0.437968747908
-0.477420329034
-0.544288278908
-0.5942935178
-0.67264548428
-0.7542506824
-0.76977454308
-0.9087138112
-0.94504278876
-0.99651955104
-1.07116873316
-1.15107876367
-1.1719588707
-1.24621043744
-1.28394016926
-1.2976709703
-1.39669988536
-1.521093632
-1.5355540792
-1.66241995708
-1.69358956605
-1.72025269792
-1.73933971398
-1.851388128
-1.80140779141
-1.90385011942
-2.04948435134
-2.08867947568
-2.0871028638
-2.25848080026
-2.36807550878
-2.3827328214
-2.44048817298
-2.54726857056
-2.51884946176
-2.64716689184
-2.71222758878
-2.73292126514
-2.87927682993
-3.04101235284
-2.94818481591
-2.92033514976
-3.04288537563
-2.9837267836
-3.3314690628
-3.36232733292
-3.29842730932
-3.45600830489
-3.415951151
-3.51267105657
-3.45703390692
-3.63953995911
-3.77777172336
-3.7077090372
-3.52380092662
-3.94930248972
-4.21596557687
-4.11768837508
-4.118554368
-3.94116710284
-4.26867261912
-4.4184673208
-4.46091499854
-4.3710472488
-4.59123109308
-4.51706129124
-4.58159234043
-4.69089681475
-4.58507905296
-4.84246342524
-4.8566629792
-4.99616719107
-5.33684374652
-5.40314748287
-5.57599033813
-5.40841641264
-5.42007682212
-5.51216428711
-5.28081132901
-5.67147206784
-5.8203484372
-5.77628897521
-5.86997201856
-6.19629131799
-5.88590293446
-6.18454722528
-6.10534024282
-6.41046851769
-6.35607508882
-6.17762518764
-6.33678203854
-6.58899572148
-6.4326852772
-6.8846314377
-6.597180327
-6.9551959371
-7.305137511
-7.1595218651
-7.0946004021
-7.2455083688
-7.4675924271
-7.643494692
-7.4688139232
-7.3957631592
-7.7654108214
-7.6396854252
-7.3087204338
-7.5182052792
-7.972651887
-7.688349333
-8.1315073472
dMdH Data
4.79062499999994E-06
9.08045977011455E-07
2.60939060939063E-06
-2.35009861932935E-06
4.93274853801174E-06
-8.73747494990004E-07
1.14864864864862E-06
-1.7272727272727E-06
-1.30181086519109E-06
4.48513902205182E-06
-6.88270377733586E-06
7.9870646766169E-06
5.95238095243169E-09
-6.51439920556119E-07
8.68263473053911E-07
-4.76044852191646E-07
9.93314231136478E-08
1.46414342629477E-06
-8.51664984863717E-07
1.59341723136487E-06
2.16435643564361E-06
-2.15130260521042E-06
4.61909448818891E-06
-2.40640640640635E-06
3.48632812499962E-07
6.7201604814479E-08
-5.75150300601275E-07
-2.29949748743712E-06
1.10500963391131E-06
2.69678714859438E-06
2.51162790697677E-06
1.48026948989417E-06
1.63021868787257E-07
-9.71602434077125E-07
-9.69246031746026E-07
2.00192492781586E-07
3.02018163471231E-06
-8.80324543610519E-07
2.45367717287488E-06
-1.06733668341711E-06
2.0651068158698E-06
-2.14136622390884E-06
1.28985507246376E-06
9.14009661835756E-07
3.28813559322036E-06
8.31460674157241E-07
-8.95091434071177E-07
-3.73253493013998E-07
-5.30999999999969E-07
6.066933066933E-06
-3.87931034482763E-06
2.32890704800817E-06
-9.61155378486031E-07
2.90201729106634E-06
-3.43743641912504E-06
8.59073359073373E-07
-1.82653061224556E-07
4.99899699097297E-06
-1.61553211888787E-06
3.32729103726078E-06
-3.69277721261372E-07
1.00386847195358E-06
-1.19047619047616E-06
-1.29212362911269E-06
3.55147808358815E-06
1.59086491739553E-06
-2.72359328726544E-06
1.93855302279478E-06
1.715976331361E-07
-1.61608961303458E-06
6.63265306122449E-06
1.39720558882272E-07
8.85196374622335E-07
-3.17151162790699E-06
4.25521350546171E-06
8.52140471612218E-07
-4.19691695673805E-07
1.13506295307122E-07
4.36798039616093E-06
-5.29785303900815E-06
5.17701237647506E-06
-1.10356019880309E-06
1.11557385279645E-06
1.11813512445678E-06
1.2959153687922E-06
-5.11279676879076E-07
2.02260559190963E-07
2.1422837648003E-06
1.58429793658783E-06
-3.0986319716828E-06
4.17102430021525E-06
-2.29148202855734E-06
-1.42968597620437E-06
5.98251080510602E-06
-1.0369086460033E-06
2.58981182284739E-06
9.00630441308911E-07
-2.6914704136157E-06
8.30505090836495E-07
3.36248982912943E-06
-3.01883129489436E-07
4.79984262811053E-06
-5.26219697738109E-06
3.44942459115686E-06
-1.48062686280162E-07
2.37125748502993E-06
1.18788740981607E-06
1.06929740134744E-06
1.73969200198708E-06
-9.78844012551857E-07
-1.25886701968261E-07
5.89430894308944E-06
-9.39237490071462E-07
-2.81113753468096E-06
5.26421136909528E-07
2.10637230306073E-06
2.04055262896331E-06
-1.06262783675858E-06
3.00237341772154E-06
1.62519045200609E-06
-5.46618451915561E-06
5.65299246928258E-06
2.7109746434231E-06
-9.18459229614787E-07
1.15469061876245E-06
2.95790103750997E-06
-3.43403146414438E-06
2.69534412955466E-06
2.42677403120281E-06
1.88105385509494E-06
3.02393697606302E-06
-3.29024226754766E-06
3.19881487535759E-06
-1.36648473822518E-06
2.78237701018173E-06
-4.21531923505007E-06
3.55273833671396E-06
4.156277608717E-06
2.71533561979425E-06
-8.22026344459024E-08
1.05168402953373E-05
-5.68613997255439E-06
-3.87805602296349E-06
6.16608118657302E-06
-1.21948759330241E-06
3.35047388586408E-06
2.11555296177416E-06
6.95481927710843E-06
-9.05928221533542E-06
1.39910050840829E-06
2.98409542743538E-06
-1.53569645531704E-06
1.62183861902849E-06
4.84248943526702E-06
1.85158648925283E-06
8.38257386079093E-07
-3.29081143295607E-06
1.22565749849431E-06
8.58186124543566E-06
-1.06848225822482E-06
1.60172725446879E-06
-7.69917515769046E-06
1.29778182923124E-05
-7.568988173456E-06
7.47772775170036E-06
-4.85313410713746E-06
1.52919890829914E-06
5.70381376919269E-06
5.80200882666259E-06
-8.57277824559961E-06
5.8766032993557E-06
1.98686339471452E-06
3.71055797168505E-06
-6.36621303797217E-06
7.6697553158666E-06
-2.06277451147198E-06
3.8634618136369E-06
-6.78765216331011E-06
1.01163384125066E-05
-4.99028619479804E-06
9.42989214175655E-06
-1.76461966876739E-06
-1.75819693029426E-06
5.36821781019621E-06
2.24469101040664E-07
5.51582532051282E-06
5.36094912527649E-06
3.02908534251816E-06
-1.45102781136638E-06
6.36273538156594E-07
-2.54364596021112E-06
9.4449844479005E-06
1.12166350094969E-06
3.95987963891677E-06
4.3517317097516E-07
-3.54086722947048E-06
-5.63578796854256E-06
3.9145230707637E-06
8.62955854126679E-06
6.42273964318114E-06
2.45374582954199E-06
1.67811200309509E-06
-1.14245837902502E-06
-1.23106250627069E-06
7.58017492711359E-07
4.99952185139142E-06
3.19074907900123E-06
5.95917577633725E-07
-2.33026408985125E-06
5.74801546916346E-06
5.94656707842573E-07
4.64857829395271E-06
1.04681535061282E-05
-7.24272222763119E-06
-2.4566329088541E-07
8.08659217877095E-06
1.32877396166134E-05
-4.43257291365869E-06
4.63443748134885E-06
7.90745501285349E-06
-4.65857651931038E-06
3.27855630607923E-06
5.23666634401316E-06
4.92073109158841E-06
7.97019162526615E-06
5.78660287081337E-06
-9.62292761827745E-06
1.08157467532468E-05
5.34256055363321E-06
1.1135989144131E-05
-3.87498733664271E-06
6.8540882993466E-06
7.76900584795322E-06
6.02544984590916E-06
-4.21535728385314E-06
1.38116134299417E-05
1.29596853490659E-06
1.50399376582896E-06
1.39453164556962E-05
1.17632801454251E-05
-2.12237460439244E-06
7.18721917124314E-06
9.85861234368704E-06
0.0000262228
-8.22191360980746E-06
1.29794986298588E-05
1.25234375000001E-05
7.71613401564162E-06
9.81394646810213E-06
6.89640870005059E-06
1.21986639558525E-05
6.47502739316666E-06
1.14307110291978E-05
1.95177644304182E-05
1.25728882144664E-05
5.98340128130459E-06
5.76529090004975E-06
1.73435415403275E-05
1.10900049726505E-05
1.30296764311698E-05
6.78649616368289E-06
1.62578187650361E-05
5.49888706087288E-06
3.2860141957413E-06
2.03796106056159E-05
1.21170946148466E-05
7.29476471786515E-06
1.33480176211454E-05
1.16010126582278E-05
4.02698077116474E-09
8.68939692550256E-06
1.13715614103061E-05
1.46344925479063E-05
4.99694251936402E-06
9.49756888168564E-06
1.28308308308308E-05
4.42366026289176E-06
9.31031128404673E-06
-3.15606361829029E-06
1.12436149312376E-05
7.78375634517774E-06
1.26393606393607E-05
-1.09798270893373E-06
1.16195761856709E-05
6.66198595787377E-06
6.30533596837934E-06
-5.4368932038807E-08
3.90909090909088E-06
4.52679474216386E-06
8.07826086956511E-06
5.97489959839356E-06
1.36538461538461E-06
1.36538461538461E-06
dMdT Data
0
0
0
0
0
0
0
0
0
0
0
0
0
0
0
0
0
0
0
0
0
0
0
0
0
0
0
0
0
0
0
0
0
0
0
0
0
0
0
0
0
0
0
0
0
0
0
0
0
0
0
0
0
0
0
0
0
0
0
0
0
0
0
0
0
0
0
0
0
0
0
0
0
0
0
0
0
0
0
0
0
0
0
0
0
0
0
0
0
0
0
0
0
0
0
0
0
0
0
0
0
0
0
0
0
0
0
0
0
0
0
0
0
0
0
0
0
0
0
0
0
0
0
0
0
0
0
0
0
0
0
0
0
0
0
0
0
0
0
0
0
0
0
0
0
0
0
0
0
0
0
0
0
0
0
0
0
0
0
0
0
0
0
0
0
0
0
0
0
0
0
0
0
0
0
0
0
0
0
0
0
0
0
0
0
0
0
0
0
0
0
0
0
0
0
0
0
0
0
0
0
0
0
0
0
0
0
0
0
0
0
0
0
0
0
0
0
0
0
0
0
0
0
0
0
0
0
0
0
0
0
0
0
0
0
0
0
0
0
0
0
0
0
0
0
0
0
0
0
0
0
0
0
0
0
0
0
0
0
0
0
0
0
0
0
0
0
0
0
0
0
0
0
0
0
0
0
0
0
0
0
0
0
0
0
0
0
0
0
0
0
0
0
 
*********************************************** Results ***************************************
 
TotalArea 0
AreaFirstQuad 0
AreaSecondQuad 0
AreaThirdQuad 0
AreaFourthQuad 0
Coercivity 0
PositiveCoercivity 0
NegativeCoercivity 0
Retentivity 3.45576808335544E-03
PositiveRetentivity 3.8880627812499E-03
NegativeRetentivity -3.02347338546097E-03
Magnetization 0.0039772
PositiveMagnetization 0.00341034
NegativeMagnetization -0.00454406
Flatness 1.87490633414418
Squareness 0.868894720747117
SStar 0
SFD1 0
SFD2 0
Slope 0
Intercept 0
SlopeAtHc 1.36538461538461E-06
dH1 360.680295718771
dH2 103.749
InitialSlope 4.79062499999994E-06
FieldAtHalfMs 932.050303630363
FieldAtMs 1178.78
MomentMean -2.61180127713311E-03
MomentRMS 2.10950669622152E-03
SFD3 0
dH3 721.360591437543
UserField1 0
UserField2 0
CenterField 0
ExchangeField 0
ExchangeMoment 0
ExRegionOneIntercept 0
ExRegionOneSlope 0
ExRegionTwoIntercept 0
ExRegionTwoSlope 0
NegativeIntercept 0
NegativeSlope 0
AutoCenterOffset 0
PinningField 0
PinningMoment 0
PinRegionOneIntercept 0
PinRegionOneSlope 0
PinRegionTwoIntercept 0
PinRegionTwoSlope 0
PositiveIntercept 0
PositiveSlope 0
TotalOffset 0
BHMax 0
BCoercivity 0
BRetentivity 0
BNegativeCoercivity 0
BPositiveCoercivity 0
BNegativeRetentivity 0
BPositiveRetentivity 0
MomentYMean -6.15092802047782E-03
MomentYRMS 2.89898084364119E-04
YOffCorrection 0
Mrt 0
Ms1 0
Ms2 0
Ms3 0
Hc2 0
Hex2 0
HsatValue 0
HsatIntercept 0
HsatSlope 0
CenterH 0
Span .0079544
SpanAsPercentOfRange -150.083018867925
RMSAsPercentOfRange -39.802013136255
SpanAsPercentOfMean -304.556095811826
RMSAsPercentOfMean -80.7682695728313
