Version 1.25
******************************************** Units *******************************************
System CGS
TemperatureUnit K
MomentUnit emu
AppliedFieldUnit G
 
******************************************** Setup ********************************************
 
Experiment CustomField
Minor False
Acquisition Continuous
EditedPoint No
MaxField 15000
FieldIncrement 100
Points 293
MinField 0
RampRate 10
AverageTime 0.3
TimeInterval 0
TimeConstant 0.1
TimeConstantIndex 0
Sensitivity -0.0053
SensitivityIndex 5
SensitivityY -400
SensitivityIndexY 0
SaturationField 8000
ExperimentTime 100
Use735Domains True
AutoRangeEnabled False
NumberOfVertices 2
VertexPts
0
292
VertexField
-1417.0426
1534.67
StartAngle 0
EndAngle 0
AngleIncrement 0
StartTemp 0
FinishTemp 0
TempIncrement 0
TempPoints 0
LengthofSetPointsArray 293
SetPointArray
-1417.04261
-1406.934
-1396.8254
-1386.71679
-1376.60819
-1366.49958
-1356.39098
-1346.28237
-1336.17377
-1326.06516
-1315.95656
-1305.84795
-1295.73935
-1285.63074
-1275.52214
-1265.41353
-1255.30493
-1245.19632
-1235.08772
-1224.97911
-1214.87051
-1204.7619
-1194.6533
-1184.5447
-1174.43609
-1164.32749
-1154.21888
-1144.11028
-1134.00167
-1123.89307
-1113.78446
-1103.67586
-1093.56725
-1083.45865
-1073.35004
-1063.24144
-1053.13283
-1043.02423
-1032.91562
-1022.80702
-1012.69841
-1002.58981
-992.4812
-982.3726
-972.26399
-962.15539
-952.04678
-941.93818
-931.82957
-921.72097
-911.61236
-901.50376
-891.39515
-881.28655
-871.17794
-861.06934
-850.96074
-840.85213
-830.74353
-820.63492
-810.52632
-800.41771
-790.30911
-780.2005
-770.0919
-759.98329
-749.87469
-739.76608
-729.65748
-719.54887
-709.44027
-699.33166
-689.22306
-679.11445
-669.00585
-658.89724
-648.78864
-638.68003
-628.57143
-618.46282
-608.35422
-598.24561
-588.13701
-578.0284
-567.9198
-557.81119
-547.70259
-537.59398
-527.48538
-517.37678
-507.26817
-497.15957
-487.05096
-476.94236
-466.83375
-456.72515
-446.61654
-436.50794
-426.39933
-416.29073
-406.18212
-396.07352
-385.96491
-375.85631
-365.7477
-355.6391
-345.53049
-335.42189
-325.31328
-315.20468
-305.09607
-294.98747
-284.87886
-274.77026
-264.66165
-254.55305
-244.44444
-234.33584
-224.22723
-214.11863
-204.01003
-193.90142
-183.79282
-173.68421
-163.57561
-153.467
-143.3584
-133.24979
-123.14119
-113.03258
-102.92398
-92.81537
-82.70677
-72.59816
-62.48956
-52.38095
-42.27235
-32.16374
-22.05514
-11.94653
-1.83793
8.27068
18.37928
28.48789
38.59649
48.7051
58.8137
68.92231
79.03091
89.13952
99.24812
109.35673
119.46533
129.57393
139.68254
149.79114
159.89975
170.00835
180.11696
190.22556
200.33417
210.44277
220.55138
230.65998
240.76859
250.87719
260.9858
271.0944
281.20301
291.31161
301.42022
311.52882
321.63743
331.74603
341.85464
351.96324
362.07185
372.18045
382.28906
392.39766
402.50627
412.61487
422.72348
432.83208
442.94069
453.04929
463.15789
473.2665
483.3751
493.48371
503.59231
513.70092
523.80952
533.91813
544.02673
554.13534
564.24394
574.35255
584.46115
594.56976
604.67836
614.78697
624.89557
635.00418
645.11278
655.22139
665.32999
675.4386
685.5472
695.65581
705.76441
715.87302
725.98162
736.09023
746.19883
756.30744
766.41604
776.52464
786.63325
796.74185
806.85046
816.95906
827.06767
837.17627
847.28488
857.39348
867.50209
877.61069
887.7193
897.8279
907.93651
918.04511
928.15372
938.26232
948.37093
958.47953
968.58814
978.69674
988.80535
998.91395
1009.02256
1019.13116
1029.23977
1039.34837
1049.45698
1059.56558
1069.67419
1079.78279
1089.8914
1100
1110.1086
1120.21721
1130.32581
1140.43442
1150.54302
1160.65163
1170.76023
1180.86884
1190.97744
1201.08605
1211.19465
1221.30326
1231.41186
1241.52047
1251.62907
1261.73768
1271.84628
1281.95489
1292.06349
1302.1721
1312.2807
1322.38931
1332.49791
1342.60652
1352.71512
1362.82373
1372.93233
1383.04094
1393.14954
1403.25815
1413.36675
1423.47536
1433.58396
1443.69256
1453.80117
1463.90977
1474.01838
1484.12698
1494.23559
1504.34419
1514.4528
1524.5614
1534.67001
FieldDomainFile C:\IDEASVSM\Default UserID\Experiments\FORCexp0250B\fdomain.ini
TempDomainFile C:\IDEASVSM\Default UserID\Experiments\FORCexp0250B\tdomain.ini
NumSelectedResults 0
ResultsSelected 
UserName1 
UserValue1 
UserName2 
UserValue2 
LinearBackgroundCorrection Off
MaxLinearFieldCorrection 
MinLinearFieldCorrection 
AutoLinearCorrection Off
FitOneRegion Off
BackgroundMode Off
BackgroundFilename 
AutoCenter Off
OffsetCorrection 
SmoothDeriv Off
DerivOrder 0
DerivPoints 0
MinExFieldOne 
MaxExFieldOne 
MinExFieldTwo 
MaxExFieldTwo 
MinPinFieldOne 
MaxPinFieldOne 
MinPinFieldTwo 
MaxPinFieldTwo 
HCenterStart 
Mass 
Volume 
Density 
MolarWeight 
NumberOfMoles 
Demagnetization 
SampleArea 
Thickness 
MomentScaling 0
XAxis 0
YAxis 0
SimpleSpinValve False
HsatMax 0
HsatMin 0
FieldAutoRange False
 
*************************************************** Experiment Data ********************************************
 
DataPoints 293
MomentX Data
-0.00411139
-0.00411069
-0.00408616
-0.0040772
-0.0040466
-0.00404433
-0.0040316
-0.0040291
-0.00401583
-0.00403247
-0.00402563
-0.00400812
-0.00403679
-0.00400473
-0.00399731
-0.00398007
-0.00397313
-0.00397709
-0.00397204
-0.00394483
-0.0039734
-0.00398293
-0.00396266
-0.00392455
-0.00391647
-0.00390585
-0.00392033
-0.00390075
-0.00391054
-0.00392323
-0.00389539
-0.00386673
-0.00385369
-0.00381998
-0.00385
-0.00384949
-0.003806
-0.00383302
-0.00379756
-0.00382912
-0.0038408
-0.00383398
-0.00378651
-0.0037845
-0.00376451
-0.00376481
-0.0037506
-0.0037335
-0.0037475
-0.00372493
-0.00369715
-0.00371399
-0.0037251
-0.00369051
-0.00369288
-0.00367974
-0.00369607
-0.00368202
-0.0037141
-0.0036736
-0.0036775
-0.0035996
-0.00358891
-0.00358236
-0.00364007
-0.00362171
-0.00362873
-0.00355243
-0.0035766
-0.0035487
-0.00357285
-0.00355461
-0.00353369
-0.00349236
-0.00351118
-0.00354716
-0.00350036
-0.00350477
-0.00346054
-0.00346349
-0.0034551
-0.0034531
-0.00344642
-0.00344338
-0.00341377
-0.00342669
-0.00342357
-0.00342953
-0.00342536
-0.00338535
-0.00334378
-0.00337239
-0.00331509
-0.00336318
-0.00330134
-0.00327773
-0.00326501
-0.00329932
-0.00330691
-0.00324685
-0.00322549
-0.00323329
-0.00324458
-0.00325207
-0.00322503
-0.00324442
-0.00323282
-0.00313276
-0.00316179
-0.00316479
-0.00317671
-0.00310847
-0.0030873
-0.00311294
-0.00310588
-0.00306902
-0.00307446
-0.0030381
-0.00307634
-0.00299305
-0.00301143
-0.00298641
-0.00297418
-0.00293839
-0.00298089
-0.00296726
-0.0029159
-0.00295932
-0.00292361
-0.00290304
-0.00286762
-0.00290482
-0.00284759
-0.00283648
-0.00281662
-0.00278947
-0.00275056
-0.00283271
-0.00277358
-0.00275837
-0.00276137
-0.00270949
-0.00273237
-0.00268144
-0.00269652
-0.00264778
-0.00270683
-0.00266404
-0.00258921
-0.00261242
-0.00263204
-0.00257629
-0.00255635
-0.00255199
-0.0025375
-0.00250674
-0.00252273
-0.00249306
-0.00239428
-0.0024094
-0.00239827
-0.00240386
-0.00235211
-0.00232956
-0.00229739
-0.00233314
-0.0022726
-0.00227808
-0.00221707
-0.00224502
-0.00222
-0.00218455
-0.00215467
-0.00211932
-0.00209459
-0.00207553
-0.00198333
-0.00200076
-0.00196589
-0.00192986
-0.00198818
-0.00195493
-0.00192571
-0.00183951
-0.00186231
-0.0018025
-0.00177647
-0.00170915
-0.0017267
-0.00164676
-0.00164458
-0.00162864
-0.0015704
-0.00154027
-0.00149359
-0.0013586
-0.00136943
-0.00133504
-0.0013709
-0.00122919
-0.00122308
-0.00113702
-0.00107586
-0.00103735
-0.000956368
-0.00082444
-0.000731373
-0.000685481
-0.000658812
-0.000565356
-0.000413727
-0.000324411
-0.000256671
-0.000180472
-0.0000633965
-0.0000961302
0.0000485058
0.000206518
0.000317506
0.000373154
0.000507174
0.000676319
0.000824616
0.000810826
0.00100311
0.00109434
0.00118602
0.00141702
0.00142468
0.00157589
0.00169357
0.00174038
0.00186116
0.00205412
0.00203135
0.00207094
0.00222688
0.00237304
0.00238805
0.00248765
0.00260622
0.00255513
0.00276232
0.0028685
0.00278002
0.00288086
0.00305171
0.00315388
0.00318825
0.00319212
0.00321914
0.00335534
0.00337038
0.00349001
0.00352425
0.00348392
0.00355533
0.00364989
0.00357318
0.00365341
0.00374772
0.00379217
0.00381097
0.00378713
0.00385859
0.00392108
0.00393273
0.00397484
0.00397143
0.00402615
0.00404697
0.00408393
0.00416037
0.00408863
0.00415409
0.00417646
0.00425569
0.00421428
0.00428377
0.00422779
0.00425731
0.00421812
0.00428779
0.00427071
0.00437736
0.00434061
0.00434565
0.00442289
0.00437441
0.0043392
0.00438399
0.00443488
0.00444219
MomentY Data
-0.00576973
-0.00588099
-0.00600815
-0.00619888
-0.00603994
-0.00619888
-0.00619888
-0.00635783
-0.00591278
-0.00638962
-0.0058651
-0.00603994
-0.00602404
-0.00565847
-0.00629425
-0.00626246
-0.00607173
-0.00603994
-0.00597636
-0.00603994
-0.00594457
-0.00588099
-0.00623067
-0.00605583
-0.00551542
-0.00583331
-0.00648499
-0.00597636
-0.00629425
-0.00597636
-0.00583331
-0.00588099
-0.00616709
-0.00623067
-0.00616709
-0.00619888
-0.0061353
-0.0064532
-0.00616709
-0.0061353
-0.00602404
-0.0061353
-0.00616709
-0.00602404
-0.00589689
-0.00580152
-0.00599225
-0.00596046
-0.0061353
-0.00588099
-0.00610352
-0.00572205
-0.0058651
-0.00603994
-0.0061353
-0.00616709
-0.00600815
-0.00589689
-0.00594457
-0.00581741
-0.00632604
-0.00608762
-0.00638962
-0.00623067
-0.00592868
-0.00603994
-0.00597636
-0.00607173
-0.00626246
-0.00629425
-0.00602404
-0.0061353
-0.00642141
-0.0061353
-0.00616709
-0.00597636
-0.00626246
-0.00635783
-0.00632604
-0.00599225
-0.00608762
-0.00607173
-0.00602404
-0.00611941
-0.00651677
-0.00635783
-0.00599225
-0.00638962
-0.00605583
-0.00600815
-0.00629425
-0.00600815
-0.0058651
-0.0061353
-0.00602404
-0.0061353
-0.0058651
-0.00629425
-0.00642141
-0.0061353
-0.00607173
-0.00626246
-0.00616709
-0.00589689
-0.00626246
-0.00602404
-0.00632604
-0.00623067
-0.00626246
-0.0061353
-0.00600815
-0.00654856
-0.00638962
-0.00597636
-0.00600815
-0.00573794
-0.00632604
-0.00600815
-0.0061353
-0.0064532
-0.00594457
-0.00610352
-0.00589689
-0.00623067
-0.00621478
-0.00626246
-0.00642141
-0.00623067
-0.00635783
-0.0061353
-0.00588099
-0.00623067
-0.00589689
-0.00605583
-0.0061353
-0.00623067
-0.00599225
-0.00632604
-0.00602404
-0.00632604
-0.00616709
-0.00597636
-0.00603994
-0.00591278
-0.00605583
-0.00599225
-0.00616709
-0.00610352
-0.00651677
-0.00648499
-0.00626246
-0.00623067
-0.00638962
-0.00635783
-0.00602404
-0.00619888
-0.0058651
-0.00642141
-0.00638962
-0.00648499
-0.00616709
-0.00619888
-0.00607173
-0.00632604
-0.00632604
-0.00602404
-0.00648499
-0.00658035
-0.00603994
-0.00597636
-0.00648499
-0.00616709
-0.00603994
-0.00605583
-0.0064532
-0.00610352
-0.00632604
-0.00594457
-0.00664393
-0.00648499
-0.00638962
-0.00626246
-0.00626246
-0.00632604
-0.00658035
-0.00658035
-0.00623067
-0.00616709
-0.00642141
-0.00654856
-0.00635783
-0.00632604
-0.00651677
-0.00602404
-0.00632604
-0.00632604
-0.00635783
-0.00607173
-0.0064532
-0.00623067
-0.00648499
-0.00635783
-0.00632604
-0.00635783
-0.00626246
-0.00629425
-0.00638962
-0.00651677
-0.00664393
-0.0064532
-0.00648499
-0.00648499
-0.00648499
-0.00638962
-0.00680288
-0.0067234
-0.00664393
-0.00648499
-0.00658035
-0.00683467
-0.00696182
-0.0067393
-0.00661214
-0.00664393
-0.00648499
-0.00670751
-0.00664393
-0.0067393
-0.00648499
-0.00683467
-0.00658035
-0.00632604
-0.00696182
-0.0070254
-0.00710487
-0.00667572
-0.00683467
-0.00670751
-0.00670751
-0.00667572
-0.00681877
-0.0067393
-0.00696182
-0.00683467
-0.00700951
-0.00694593
-0.00689824
-0.00708898
-0.00670751
-0.00651677
-0.00685056
-0.00712077
-0.00705719
-0.00696182
-0.00699361
-0.00712077
-0.00689824
-0.00683467
-0.00664393
-0.0067393
-0.00694593
-0.00670751
-0.00688235
-0.00689824
-0.00715256
-0.0070254
-0.00659625
-0.00699361
-0.00670751
-0.00694593
-0.00680288
-0.0070413
-0.00724792
-0.00715256
-0.00696182
-0.00667572
-0.00689824
-0.00699361
-0.00697772
-0.00681877
-0.00700951
-0.00740687
-0.00705719
-0.00632604
-0.00735919
-0.00696182
-0.0070413
-0.00681877
-0.00699361
-0.00726382
-0.00700951
-0.00705719
-0.00715256
Field Data
-1415.76
-1408.57
-1399.03
-1388.52
-1378.54
-1368.55
-1358.26
-1348.19
-1338.02
-1327.94
-1318.03
-1307.71
-1297.67
-1287.78
-1277.67
-1267.52
-1257.38
-1247.53
-1237.2
-1227.09
-1217.06
-1206.86
-1196.81
-1186.68
-1176.65
-1166.65
-1156.82
-1146.2
-1136.4
-1126.56
-1115.98
-1106.19
-1096.15
-1086.06
-1075.69
-1065.96
-1055.56
-1045.65
-1035.63
-1025.42
-1015.49
-1005.45
-994.976
-985.203
-975.316
-964.842
-954.917
-945.02
-934.842
-924.68
-914.704
-904.738
-894.354
-884.137
-874.175
-864.353
-854.384
-843.694
-834.064
-824.126
-813.803
-803.693
-793.94
-783.676
-773.322
-763.47
-753.263
-743.246
-733.381
-722.949
-713.084
-703.147
-692.688
-682.836
-672.844
-662.669
-652.457
-642.554
-632.614
-622.381
-612.234
-602.3
-592.002
-582.024
-571.791
-561.981
-551.81
-541.653
-531.53
-521.627
-511.728
-501.159
-491.394
-481.476
-471.118
-461.138
-451.09
-441.041
-430.694
-420.618
-410.703
-400.75
-390.719
-380.207
-370.363
-360.631
-350.229
-340.215
-330.205
-320.156
-309.696
-299.854
-290.036
-279.469
-269.697
-259.721
-249.582
-239.292
-229.208
-219.119
-209.429
-199.175
-188.939
-178.976
-169.036
-158.635
-148.708
-138.806
-128.6
-118.416
-108.287
-98.3664
-88.3672
-78.1278
-68.1325
-58.0583
-48.1728
-37.7622
-27.839
-17.9177
-7.5708
2.01109
12.6576
22.8717
32.7829
42.688
52.8024
63.3424
72.851
82.7971
93.2631
103.247
113.038
123.554
133.473
143.671
153.479
163.878
173.757
183.61
194.087
203.957
213.904
223.985
234.27
244.166
254.166
264.656
274.396
284.44
294.751
304.749
314.976
324.864
334.879
344.914
355.167
365.154
375.112
385.496
395.303
405.408
415.602
425.653
435.569
445.678
455.938
466.052
476.143
486.048
496.09
506.437
516.317
526.191
536.706
546.512
556.375
566.632
576.867
589.192
600.224
610.166
620.653
630.327
640.708
650.656
660.471
670.912
680.893
690.825
700.914
711.315
721.205
731.348
741.343
751.284
761.67
771.603
781.476
791.737
801.879
811.744
821.842
832.255
842.056
851.943
862.203
872.438
882.329
892.61
902.557
912.768
922.759
932.673
942.709
953.201
962.958
972.896
983.265
993.078
1003.42
1013.55
1023.54
1033.47
1043.42
1053.89
1063.75
1073.61
1084.18
1093.87
1103.93
1114.23
1124.21
1134.18
1144.07
1154.63
1164.47
1174.29
1184.84
1194.66
1204.88
1214.79
1224.69
1235.1
1245.07
1255
1265.19
1275.36
1285.28
1295.3
1305.65
1315.51
1325.75
1335.85
1345.84
1355.81
1365.85
1376.26
1386.16
1396.04
1406.47
1416.24
1426.31
1436.37
1446.7
1456.55
1466.59
1476.8
1486.83
1497.19
1506.98
1516.91
1527.33
Time Data
0
0.3
0.6
0.9
1.2
1.5
1.8
2.1
2.4
2.7
3
3.3
3.6
3.9
4.2
4.5
4.8
5.1
5.4
5.7
6
6.3
6.6
6.9
7.2
7.5
7.8
8.1
8.4
8.7
9
9.3
9.6
9.9
10.2
10.5
10.8
11.1
11.4
11.7
12
12.3
12.6
12.9
13.2
13.5
13.8
14.1
14.4
14.7
15
15.3
15.6
15.9
16.2
16.5
16.8
17.1
17.4
17.7
18
18.3
18.6
18.9
19.2
19.5
19.8
20.1
20.4
20.7
21
21.3
21.6
21.9
22.2
22.5
22.8
23.1
23.4
23.7
24
24.3
24.6
24.9
25.2
25.5
25.8
26.1
26.4
26.7
27
27.3
27.6
27.9
28.2
28.5
28.8
29.1
29.4
29.7
30.0000000000001
30.3000000000001
30.6000000000001
30.9000000000001
31.2000000000001
31.5000000000001
31.8000000000001
32.1000000000001
32.4
32.7
33
33.3
33.6
33.9
34.2
34.5
34.8
35.1
35.4
35.7
36
36.3
36.6
36.9
37.2
37.5
37.8
38.1
38.4
38.7
39
39.3
39.6
39.9
40.2
40.5
40.8
41.1
41.4
41.7
42
42.3
42.6
42.8999999999999
43.1999999999999
43.4999999999999
43.7999999999999
44.0999999999999
44.3999999999999
44.6999999999999
44.9999999999999
45.2999999999999
45.5999999999999
45.8999999999999
46.1999999999999
46.4999999999999
46.7999999999999
47.0999999999999
47.3999999999999
47.6999999999999
47.9999999999999
48.2999999999999
48.5999999999999
48.8999999999999
49.1999999999999
49.4999999999999
49.7999999999999
50.0999999999999
50.3999999999999
50.6999999999999
50.9999999999999
51.2999999999999
51.5999999999999
51.8999999999999
52.1999999999999
52.4999999999999
52.7999999999999
53.0999999999999
53.3999999999998
53.6999999999998
53.9999999999998
54.2999999999998
54.5999999999998
54.8999999999998
55.1999999999998
55.4999999999998
55.7999999999998
56.0999999999998
56.3999999999998
56.6999999999998
56.9999999999998
57.2999999999998
57.5999999999998
57.8999999999998
58.1999999999998
58.4999999999998
58.7999999999998
59.0999999999998
59.3999999999998
59.6999999999998
59.9999999999998
60.2999999999998
60.5999999999998
60.8999999999998
61.1999999999998
61.4999999999998
61.7999999999998
62.0999999999998
62.3999999999998
62.6999999999998
62.9999999999998
63.2999999999998
63.5999999999998
63.8999999999998
64.1999999999997
64.4999999999997
64.7999999999997
65.0999999999997
65.3999999999997
65.6999999999997
65.9999999999997
66.2999999999997
66.5999999999997
66.8999999999997
67.1999999999997
67.4999999999997
67.7999999999997
68.0999999999997
68.3999999999997
68.6999999999997
68.9999999999997
69.2999999999997
69.5999999999997
69.8999999999997
70.1999999999997
70.4999999999997
70.7999999999997
71.0999999999997
71.3999999999997
71.6999999999997
71.9999999999997
72.2999999999997
72.5999999999997
72.8999999999997
73.1999999999997
73.4999999999997
73.7999999999997
74.0999999999997
74.3999999999997
74.6999999999996
74.9999999999996
75.2999999999996
75.5999999999996
75.8999999999996
76.1999999999996
76.4999999999996
76.7999999999996
77.0999999999996
77.3999999999996
77.6999999999996
77.9999999999996
78.2999999999996
78.5999999999996
78.8999999999996
79.1999999999996
79.4999999999996
79.7999999999996
80.0999999999996
80.3999999999996
80.6999999999996
80.9999999999996
81.2999999999996
81.5999999999996
81.8999999999996
82.1999999999996
82.4999999999996
82.7999999999996
83.0999999999996
83.3999999999996
83.6999999999996
83.9999999999996
84.2999999999996
84.5999999999996
84.8999999999996
85.1999999999995
85.4999999999995
85.7999999999995
86.0999999999995
86.3999999999995
86.6999999999995
86.9999999999995
87.2999999999995
87.5999999999995
Temperature Data
0
0
0
0
0
0
0
0
0
0
0
0
0
0
0
0
0
0
0
0
0
0
0
0
0
0
0
0
0
0
0
0
0
0
0
0
0
0
0
0
0
0
0
0
0
0
0
0
0
0
0
0
0
0
0
0
0
0
0
0
0
0
0
0
0
0
0
0
0
0
0
0
0
0
0
0
0
0
0
0
0
0
0
0
0
0
0
0
0
0
0
0
0
0
0
0
0
0
0
0
0
0
0
0
0
0
0
0
0
0
0
0
0
0
0
0
0
0
0
0
0
0
0
0
0
0
0
0
0
0
0
0
0
0
0
0
0
0
0
0
0
0
0
0
0
0
0
0
0
0
0
0
0
0
0
0
0
0
0
0
0
0
0
0
0
0
0
0
0
0
0
0
0
0
0
0
0
0
0
0
0
0
0
0
0
0
0
0
0
0
0
0
0
0
0
0
0
0
0
0
0
0
0
0
0
0
0
0
0
0
0
0
0
0
0
0
0
0
0
0
0
0
0
0
0
0
0
0
0
0
0
0
0
0
0
0
0
0
0
0
0
0
0
0
0
0
0
0
0
0
0
0
0
0
0
0
0
0
0
0
0
0
0
0
0
0
0
0
0
0
0
0
0
0
0
0
0
0
0
0
0
0
0
0
0
0
0
0
0
0
0
0
0
Angle Data
0
0
0
0
0
0
0
0
0
0
0
0
0
0
0
0
0
0
0
0
0
0
0
0
0
0
0
0
0
0
0
0
0
0
0
0
0
0
0
0
0
0
0
0
0
0
0
0
0
0
0
0
0
0
0
0
0
0
0
0
0
0
0
0
0
0
0
0
0
0
0
0
0
0
0
0
0
0
0
0
0
0
0
0
0
0
0
0
0
0
0
0
0
0
0
0
0
0
0
0
0
0
0
0
0
0
0
0
0
0
0
0
0
0
0
0
0
0
0
0
0
0
0
0
0
0
0
0
0
0
0
0
0
0
0
0
0
0
0
0
0
0
0
0
0
0
0
0
0
0
0
0
0
0
0
0
0
0
0
0
0
0
0
0
0
0
0
0
0
0
0
0
0
0
0
0
0
0
0
0
0
0
0
0
0
0
0
0
0
0
0
0
0
0
0
0
0
0
0
0
0
0
0
0
0
0
0
0
0
0
0
0
0
0
0
0
0
0
0
0
0
0
0
0
0
0
0
0
0
0
0
0
0
0
0
0
0
0
0
0
0
0
0
0
0
0
0
0
0
0
0
0
0
0
0
0
0
0
0
0
0
0
0
0
0
0
0
0
0
0
0
0
0
0
0
0
0
0
0
0
0
0
0
0
0
0
0
0
0
0
0
0
0
Bx Data
0
0
0
0
0
0
0
0
0
0
0
0
0
0
0
0
0
0
0
0
0
0
0
0
0
0
0
0
0
0
0
0
0
0
0
0
0
0
0
0
0
0
0
0
0
0
0
0
0
0
0
0
0
0
0
0
0
0
0
0
0
0
0
0
0
0
0
0
0
0
0
0
0
0
0
0
0
0
0
0
0
0
0
0
0
0
0
0
0
0
0
0
0
0
0
0
0
0
0
0
0
0
0
0
0
0
0
0
0
0
0
0
0
0
0
0
0
0
0
0
0
0
0
0
0
0
0
0
0
0
0
0
0
0
0
0
0
0
0
0
0
0
0
0
0
0
0
0
0
0
0
0
0
0
0
0
0
0
0
0
0
0
0
0
0
0
0
0
0
0
0
0
0
0
0
0
0
0
0
0
0
0
0
0
0
0
0
0
0
0
0
0
0
0
0
0
0
0
0
0
0
0
0
0
0
0
0
0
0
0
0
0
0
0
0
0
0
0
0
0
0
0
0
0
0
0
0
0
0
0
0
0
0
0
0
0
0
0
0
0
0
0
0
0
0
0
0
0
0
0
0
0
0
0
0
0
0
0
0
0
0
0
0
0
0
0
0
0
0
0
0
0
0
0
0
0
0
0
0
0
0
0
0
0
0
0
0
0
0
0
0
0
0
Hint Data
0
0
0
0
0
0
0
0
0
0
0
0
0
0
0
0
0
0
0
0
0
0
0
0
0
0
0
0
0
0
0
0
0
0
0
0
0
0
0
0
0
0
0
0
0
0
0
0
0
0
0
0
0
0
0
0
0
0
0
0
0
0
0
0
0
0
0
0
0
0
0
0
0
0
0
0
0
0
0
0
0
0
0
0
0
0
0
0
0
0
0
0
0
0
0
0
0
0
0
0
0
0
0
0
0
0
0
0
0
0
0
0
0
0
0
0
0
0
0
0
0
0
0
0
0
0
0
0
0
0
0
0
0
0
0
0
0
0
0
0
0
0
0
0
0
0
0
0
0
0
0
0
0
0
0
0
0
0
0
0
0
0
0
0
0
0
0
0
0
0
0
0
0
0
0
0
0
0
0
0
0
0
0
0
0
0
0
0
0
0
0
0
0
0
0
0
0
0
0
0
0
0
0
0
0
0
0
0
0
0
0
0
0
0
0
0
0
0
0
0
0
0
0
0
0
0
0
0
0
0
0
0
0
0
0
0
0
0
0
0
0
0
0
0
0
0
0
0
0
0
0
0
0
0
0
0
0
0
0
0
0
0
0
0
0
0
0
0
0
0
0
0
0
0
0
0
0
0
0
0
0
0
0
0
0
0
0
0
0
0
0
0
0
Torque Data
8.1685529448
8.2837860843
8.4055820945
8.6072688576
8.3262988876
8.483477224
8.4196907488
8.5715628277
7.9114178956
8.4850319828
7.730377753
7.8984899374
7.8172159868
7.2868644966
8.0419743975
7.9377932992
7.6344718674
7.5350063482
7.393952592
7.4115499746
7.2348983642
7.0975315914
7.4569281627
7.1863323444
6.489718943
6.8054311115
7.5019661318
6.850103832
7.1527857
6.7327281216
6.5098572938
6.5054923281
6.7600557035
6.7668814602
6.6338770421
6.6077581248
6.476177268
6.74778858
6.3868234167
6.291259326
6.1173523796
6.168737385
6.13610653984
5.93490228012
5.75133116724
5.59755015984
5.72210139325
5.6327539092
5.7355361226
5.4380338332
5.58291415808
5.1769560729
5.2454756454
5.34013443178
5.3633258775
5.33054274277
5.1332672296
4.97517071166
4.95815183248
4.79427883366
5.14815033012
4.89257758066
5.0729749028
4.88282654292
4.58477867496
4.6113129918
4.50177086268
4.51278903558
4.59276917726
4.55042174325
4.29564653936
4.3140177891
4.44803365008
4.1894037108
4.14948950396
3.96034850484
4.08598586422
4.08524909782
4.00194146856
3.72946254725
3.72704794308
3.657002979
3.56624372808
3.56164348584
3.72623043507
3.57297966123
3.3065834725
3.46095684186
3.2188553199
3.13401326005
3.220943964
3.01103844585
2.8820749494
2.9539997028
2.83803367672
2.8292199714
2.645687959
2.77602231425
2.76566275854
2.5806176154
2.49367772619
2.509680845
2.40959923771
2.24203885623
2.31938347298
2.17245556924
2.21556266316
2.11976739405
2.0678956043
1.9642531068
1.8607000224
1.96361191024
1.85321982632
1.67020735284
1.62038003055
1.49026351474
1.57886571528
1.4377022298
1.4062598424
1.4140187308
1.24496535053
1.215668596
1.11415249971
1.11514039392
1.05052155208
0.9934453421
0.95491503828
0.86485438002
0.817616938
0.7265176848
0.63683476413
0.612888577488
0.521091658008
0.473128675074
0.41801332725
0.361742108061
0.2886634608
0.238885187688
0.16770324956
0.113348086908
0.046689804972
-0.0120189978324
-0.076451144544
-0.135235330326
-0.198527669307
-0.255797168
-0.325637153016
-0.386611605248
-0.47475321127
-0.536938365529
-0.584056433226
-0.64329798549
-0.72226986556
-0.78553532782
-0.80404669092
-0.89059928848
-0.9001696829
-1.05232782798
-1.11024120234
-1.1907090139
-1.19695199683
-1.26430496816
-1.29876733392
-1.4169380694
-1.4820013908
-1.47086575064
-1.64826396834
-1.7415291096
-1.65733537624
-1.6999158384
-1.91145728749
-1.87941451041
-1.90243614144
-1.96732115712
-2.1610411628
-2.10518949728
-2.24680064868
-2.17068351378
-2.49221787016
-2.49993770504
-2.52583595486
-2.53885138368
-2.60269090092
-2.69269790412
-2.86619646915
-2.9327172273
-2.84079921846
-2.87418462868
-3.05750942163
-3.18291449088
-3.1540558847
-3.20374071948
-3.36471913609
-3.16979563164
-3.39522362424
-3.45725677248
-3.53733766625
-3.44043651336
-3.7226381244
-3.67106091864
-3.89244663776
-3.87933169978
-3.92627570412
-4.00751191041
-4.01240822168
-4.095391528
-4.22015871102
-4.37217919424
-4.52380542949
-4.45803189
-4.54542028086
-4.61287066185
-4.67700721295
-4.67303580776
-5.04326746784
-5.0511828456
-5.0604821631
-5.00383773897
-5.1423855966
-5.41126112179
-5.58253725978
-5.4705863392
-5.43413436188
-5.52944396215
-5.46072473944
-5.71441619193
-5.72841637779
-5.8796214134
-5.72189474171
-6.1006947887
-5.93914095495
-5.77420687872
-6.42408206138
-6.5524008942
-6.69782489283
-6.36330297972
-6.58150015386
-6.52570964896
-6.59525982015
-6.62951066616
-6.8420901934
-6.830617515
-7.1257012428
-7.0634264049
-7.3138629242
-7.3202461677
-7.3380028
-7.6107998178
-7.2721481918
-7.1284991999
-7.5625387008
-7.9341755571
-7.9337635699
-7.8959570076
-8.0011793927
-8.2218546651
-8.0327935328
-8.0258846343
-7.8719940212
-8.051172138
-8.3690121384
-8.1482160729
-8.4287452215
-8.520016224
-8.9054378792
-8.816877
-8.3455095375
-8.9193704496
-8.6210284528
-8.997063129
-8.882180272
-9.262900563
-9.60892994
-9.554747276
-9.3694958288
-9.0510079332
-9.421961104
-9.6250256986
-9.6722363552
-9.5192756708
-9.8586655297
-10.4899055688
-10.0657406689
-9.0865340748
-10.646540173
-10.140238921
-10.326700167
-10.069959536
-10.3983091563
-10.8753186658
-10.5631913798
-10.7051220829
-10.9243194648
dMdH Data
9.73574408901494E-08
2.57127882599582E-06
8.52521408182738E-07
3.06613226452901E-06
2.27227227227267E-07
1.23712342079688E-06
2.48262164846069E-07
1.30481809242871E-06
-1.65079365079367E-06
6.90211907164489E-07
1.69670542635652E-06
-2.85557768924301E-06
3.24165824064713E-06
7.33926805143446E-07
1.69852216748767E-06
6.84418145956572E-07
-4.02030456852776E-07
4.88867376573127E-07
2.69139465875365E-06
-2.84845463609177E-06
-9.3431372549017E-07
2.0169154228856E-06
3.76209279368218E-06
8.05583250249227E-07
1.06199999999998E-06
-1.47304170905384E-06
1.84369114877587E-06
-9.98979591836692E-07
-1.28963414634145E-06
2.63137996219282E-06
2.92747701736465E-06
1.29880478087652E-06
3.34093161546078E-06
-2.89488910318228E-06
5.24152106885926E-08
4.18173076923075E-06
-2.72653884964686E-06
3.5389221556886E-06
-3.09108716944171E-06
-1.17623363544813E-06
6.79282868525925E-07
4.53217490929919E-06
2.05668679013585E-07
2.02184686962681E-06
-2.86423524918801E-08
1.43173803526446E-06
1.7277963019097E-06
-1.37551581843192E-06
2.22101948435346E-06
2.78468323977544E-06
-1.68974513345373E-06
-1.06991525423728E-06
3.38553391406473E-06
-2.37904035334251E-07
1.33781307269395E-06
-1.63807804193001E-06
1.31431244153416E-06
-3.33125649013503E-06
4.07526665325017E-06
-3.77797151990726E-07
7.70524233432245E-06
1.09607300317854E-06
6.38152766952425E-07
-5.57369132702334E-06
1.86358099878196E-06
-6.87763299696282E-07
7.6170510132774E-06
-2.4500760263558E-06
2.67446319018404E-06
-2.44804865686768E-06
1.83556405353727E-06
2.00019122287027E-06
4.19508729192043E-06
-1.88350680544437E-06
-3.53611793611792E-06
4.58284371327851E-06
-4.45319600121157E-07
4.44969818913485E-06
-2.8828300596113E-07
8.26845373016665E-07
2.01328769881197E-07
6.48669644591205E-07
3.04670274604147E-07
2.89357959542656E-06
-1.31702344546381E-06
3.06754498082795E-07
-5.86787437235425E-07
4.11933221377056E-07
4.04018984146218E-06
4.19941408223054E-06
-2.70697322357835E-06
5.86789554531488E-06
-4.84875983061098E-06
5.97026452983202E-06
2.36573146292583E-06
1.26592356687897E-06
-3.41427007662455E-06
-7.33545955349381E-07
5.96069868995634E-06
2.15431164901662E-06
-7.83683311564363E-07
-1.12551091615988E-06
-7.12519025875208E-07
2.74685087362864E-06
-1.99239621866011E-06
1.1151701595847E-06
9.9920111843419E-06
-2.90009990009988E-06
-2.98537167877398E-07
-1.13957934990443E-06
6.93355009144482E-06
2.15624363414138E-06
-2.42642187943597E-06
7.2247237003681E-07
3.69486768243786E-06
-5.36542065292456E-07
3.53352769679301E-06
-3.79214597381988E-06
8.25552582020019E-06
-1.89680082559336E-06
2.44002340550027E-06
1.19480265728802E-06
3.59229147847034E-06
-4.27565392354125E-06
1.31045091818092E-06
5.17376851012394E-06
-4.38497273278128E-06
3.4989222026259E-06
2.01983503534958E-06
3.49689011748445E-06
-3.74977319920164E-06
5.7234578766301E-06
1.08502451315506E-06
1.98693385891369E-06
2.69500307716743E-06
3.93606797835214E-06
-7.89099571590494E-06
5.9587633021606E-06
1.53306522330742E-06
-2.89941914969698E-07
5.41438067020179E-06
-2.14906105381011E-06
4.98624450514483E-06
-1.52151101783838E-06
4.92069741850156E-06
-5.83821086767379E-06
4.05977229601518E-06
7.86971793954943E-06
-2.33357798534095E-06
-1.87464169692339E-06
5.58399022426104E-06
2.03656419160453E-06
4.14606314187916E-07
1.46083274523644E-06
3.0162777015101E-06
-1.63030179445351E-06
2.85315895759207E-06
9.99898775179673E-06
-1.53455800263879E-06
1.06232700200438E-06
-5.66362715298861E-07
5.20257364029353E-06
2.23688126177959E-06
3.12785610111815E-06
-3.61257073565079E-06
0.000006054
-5.22402287893229E-07
6.26386036960987E-06
-2.78275587415374E-06
2.42653476869361E-06
3.54570914182837E-06
2.92167791141097E-06
3.57504045307444E-06
2.46929605591613E-06
1.89935226706528E-06
8.99249000292596E-06
-1.74526884950432E-06
3.50170717011445E-06
3.46976117103238E-06
-5.94677271336799E-06
3.29045027214248E-06
2.86639199529137E-06
8.57626106855036E-06
-2.29931423961276E-06
5.91651004055793E-06
2.53703703703704E-06
6.65612022938499E-06
-1.73917352095929E-06
8.07067137809186E-06
2.17088229436353E-07
1.54054315260462E-06
5.89473684210526E-06
3.05144824792383E-06
4.43937232524966E-06
1.3766061594942E-05
-1.09804319172666E-06
3.35283221214782E-06
-3.50366389838788E-06
1.14977687626774E-05
5.53843364757062E-07
8.65620599476966E-06
5.83198245446745E-06
3.98077320653299E-06
7.80098256430019E-06
1.32617611580217E-05
9.48211920529796E-06
4.39536442869455E-06
2.67197675583609E-06
9.40958517921867E-06
1.50291406482308E-05
8.58725122584362E-06
6.84934277047524E-06
7.51247165532886E-06
1.17134067033517E-05
-3.29279750528115E-06
1.39260543038706E-05
1.59078022752441E-05
1.12415679124886E-05
5.42325309424034E-06
1.32143561427726E-05
1.71459706031424E-05
1.468577936225E-05
-1.32430615576684E-06
1.96188144066931E-05
9.22726812986756E-06
8.93567251461989E-06
2.25696140693698E-05
7.74441411384094E-07
1.47077132574651E-05
1.18307027244395E-05
4.58427186367642E-06
1.20888799919928E-05
1.94633851119629E-05
-2.26883220406539E-06
3.77335112466638E-06
1.59823716306243E-05
1.47071845441739E-05
1.44758414504775E-06
1.0149801284011E-05
1.1464900406111E-05
-5.04343534057253E-06
2.07397397397397E-05
1.06928499496475E-05
-8.89246231155776E-06
9.63132760267429E-06
1.73275862068967E-05
1.03620689655173E-05
3.25165562913904E-06
3.99380804953568E-07
2.68588469184886E-06
1.32233009708738E-05
1.50701402805611E-06
1.19989969909729E-05
3.46208291203241E-06
-3.81912878787871E-06
7.25711382113828E-06
9.62932790224035E-06
-7.27109004739338E-06
8.17006109979621E-06
9.22798434442266E-06
4.48536831483358E-06
1.89898989898986E-06
-2.29010566762729E-06
7.16750250752252E-06
6.29305135951663E-06
1.14327772325802E-06
4.14060963618498E-06
-3.43750000000054E-07
5.46107784431142E-06
2.01159420289856E-06
3.74847870182559E-06
7.46484374999996E-06
-7.10297029702975E-06
6.55255255255253E-06
2.24373119358072E-06
7.89143426294828E-06
-3.97790585975025E-06
7.01919191919187E-06
-5.66599190283405E-06
2.83029721955894E-06
-4.01125895598778E-06
6.91857000993053E-06
-1.69781312127238E-06
1.03242981606969E-05
-3.73096446700514E-06
5.01992031872554E-07
7.56513222331038E-06
-4.83349950149553E-06
-3.3986486486486E-06
4.57507660878452E-06
5.12487411883184E-06
7.01535508637242E-07
7.01535508637242E-07
dMdT Data
0
0
0
0
0
0
0
0
0
0
0
0
0
0
0
0
0
0
0
0
0
0
0
0
0
0
0
0
0
0
0
0
0
0
0
0
0
0
0
0
0
0
0
0
0
0
0
0
0
0
0
0
0
0
0
0
0
0
0
0
0
0
0
0
0
0
0
0
0
0
0
0
0
0
0
0
0
0
0
0
0
0
0
0
0
0
0
0
0
0
0
0
0
0
0
0
0
0
0
0
0
0
0
0
0
0
0
0
0
0
0
0
0
0
0
0
0
0
0
0
0
0
0
0
0
0
0
0
0
0
0
0
0
0
0
0
0
0
0
0
0
0
0
0
0
0
0
0
0
0
0
0
0
0
0
0
0
0
0
0
0
0
0
0
0
0
0
0
0
0
0
0
0
0
0
0
0
0
0
0
0
0
0
0
0
0
0
0
0
0
0
0
0
0
0
0
0
0
0
0
0
0
0
0
0
0
0
0
0
0
0
0
0
0
0
0
0
0
0
0
0
0
0
0
0
0
0
0
0
0
0
0
0
0
0
0
0
0
0
0
0
0
0
0
0
0
0
0
0
0
0
0
0
0
0
0
0
0
0
0
0
0
0
0
0
0
0
0
0
0
0
0
0
0
0
0
0
0
0
0
0
0
0
0
0
0
0
0
0
0
0
0
0
 
*********************************************** Results ***************************************
 
TotalArea 0
AreaFirstQuad 0
AreaSecondQuad 0
AreaThirdQuad 0
AreaFourthQuad 0
Coercivity 0
PositiveCoercivity 0
NegativeCoercivity 0
Retentivity 6.26588211331663E-04
PositiveRetentivity -3.97355522948536E-03
NegativeRetentivity -2.72037880682204E-03
Magnetization 0.00427679
PositiveMagnetization 0.00444219
NegativeMagnetization -0.00411139
Flatness 5.34157355281314
Squareness 0.146508996544526
SStar 0
SFD1 0
SFD2 0
Slope 0
Intercept 0
SlopeAtHc 7.01535508637242E-07
dH1 3217.97802819539
dH2 35.3005
InitialSlope 9.73574408901494E-08
FieldAtHalfMs 962.596038700782
FieldAtMs 1527.33
MomentMean -1.35732535460751E-03
MomentRMS 2.83090956972453E-03
SFD3 0
dH3 6435.95605639077
UserField1 0
UserField2 0
CenterField 0
ExchangeField 0
ExchangeMoment 0
ExRegionOneIntercept 0
ExRegionOneSlope 0
ExRegionTwoIntercept 0
ExRegionTwoSlope 0
NegativeIntercept 0
NegativeSlope 0
AutoCenterOffset 0
PinningField 0
PinningMoment 0
PinRegionOneIntercept 0
PinRegionOneSlope 0
PinRegionTwoIntercept 0
PinRegionTwoSlope 0
PositiveIntercept 0
PositiveSlope 0
TotalOffset 0
BHMax 0
BCoercivity 0
BRetentivity 0
BNegativeCoercivity 0
BPositiveCoercivity 0
BNegativeRetentivity 0
BPositiveRetentivity 0
MomentYMean -6.35706928327645E-03
MomentYRMS 3.73740686643248E-04
YOffCorrection 0
Mrt 0
Ms1 0
Ms2 0
Ms3 0
Hc2 0
Hex2 0
HsatValue 0
HsatIntercept 0
HsatSlope 0
CenterH 0
Span .00855358
SpanAsPercentOfRange -161.388301886792
RMSAsPercentOfRange -53.41338810801
SpanAsPercentOfMean -630.179048152637
RMSAsPercentOfMean -208.565290563155
