Start Time:  5/5/2017 10:36:01 AM         Time Completed:  5/5/2017 10:37:37 AM     Elapsed Time:  00:01:36
Sample ID:     FORC_desvirgao3

Experiment:    C:\IDEASVSM\Default UserID\Experiments\FORCexp0316B\FORCexp0316B.exp
Data File:     C:\IDEASVSM\Default UserID\CarlosHernandez\FORC_floopy\FORC_desvirgao3 (ProfileData)\FORC_desvirgao3#631.txt
Plot File:     C:\IDEASVSM\Default UserID\CarlosHernandez\FORC_floopy\FORC_desvirgao3 (ProfileData)\FORC_desvirgao3#631.oc2
VSM Exp File:  C:\IDEASVSM\Default UserID\Experiments\FORCexp0316B\FORCexp0316B.stp
VSM Data File: C:\IDEASVSM\Default UserID\CarlosHernandez\FORC_floopy\FORC_desvirgao3 (ProfileData)\FORC_desvirgao3#631.dat

***DATA***

Field(G)	 Moment(emu)	
-2083.07 	-0.00467565 	
-2075.82 	-0.00461615 	
-2066.52 	-0.00469866 	
-2055.93 	-0.00465833 	
-2046.07 	-0.00464771 	
-2035.69 	-0.00468471 	
-2025.86 	-0.00464918 	
-2015.56 	-0.00462627 	
-2005.63 	-0.00466735 	
-1995.65 	-0.00464764 	
-1985.21 	-0.00467465 	
-1975.25 	-0.00463062 	
-1965.41 	-0.00463278 	
-1955.07 	-0.0046849 	
-1944.9 	-0.00465487 	
-1934.9 	-0.00463862 	
-1925.03 	-0.0046341 	
-1914.56 	-0.00459205 	
-1904.66 	-0.00459753 	
-1894.49 	-0.00461215 	
-1884.56 	-0.00462677 	
-1874.62 	-0.00465635 	
-1864.21 	-0.00460397 	
-1854.09 	-0.00460393 	
-1844.34 	-0.00456795 	
-1834.07 	-0.00460284 	
-1824.07 	-0.00457457 	
-1813.87 	-0.00458502 	
-1803.84 	-0.00459938 	
-1793.57 	-0.00458282 	
-1783.94 	-0.00454835 	
-1773.5 	-0.00454667 	
-1763.52 	-0.00456011 	
-1753.32 	-0.00454074 	
-1743.37 	-0.0045639 	
-1733.15 	-0.0045385 	
-1723.1 	-0.00455865 	
-1713.13 	-0.00453363 	
-1703.19 	-0.00455088 	
-1692.73 	-0.00451046 	
-1682.65 	-0.00452579 	
-1672.9 	-0.00452665 	
-1662.69 	-0.00453869 	
-1652.64 	-0.00447654 	
-1642.61 	-0.00450936 	
-1632.52 	-0.00451451 	
-1622.28 	-0.00449713 	
-1612.23 	-0.00448317 	
-1602.39 	-0.00447972 	
-1591.92 	-0.00450337 	
-1582.09 	-0.00446714 	
-1571.57 	-0.00449378 	
-1561.91 	-0.00446809 	
-1552.09 	-0.00446576 	
-1541.7 	-0.00444367 	
-1531.66 	-0.00446748 	
-1521.66 	-0.00444819 	
-1511.56 	-0.00447807 	
-1501.36 	-0.0044805 	
-1491.39 	-0.004423 	
-1481.27 	-0.00441425 	
-1471.06 	-0.00444397 	
-1460.9 	-0.00442594 	
-1451.13 	-0.0044007 	
-1440.88 	-0.00444643 	
-1430.78 	-0.00441116 	
-1420.8 	-0.00442839 	
-1410.82 	-0.00438727 	
-1400.44 	-0.00439662 	
-1390.51 	-0.00437817 	
-1380.6 	-0.00438766 	
-1370.23 	-0.0043582 	
-1360.29 	-0.00436079 	
-1350.38 	-0.00436068 	
-1340.04 	-0.00435094 	
-1329.93 	-0.0043484 	
-1319.94 	-0.00432941 	
-1310.14 	-0.00430318 	
-1299.75 	-0.00434669 	
-1289.59 	-0.00435884 	
-1279.56 	-0.00430845 	
-1269.73 	-0.00434656 	
-1259.74 	-0.00431781 	
-1249.25 	-0.00430277 	
-1239.3 	-0.004268 	
-1229.54 	-0.00430765 	
-1219.11 	-0.00429691 	
-1209.09 	-0.00428366 	
-1199 	-0.00429283 	
-1188.98 	-0.0042721 	
-1178.93 	-0.00426328 	
-1168.84 	-0.0042328 	
-1158.8 	-0.00423188 	
-1148.85 	-0.00424043 	
-1138.4 	-0.00419336 	
-1128.57 	-0.0042319 	
-1118.6 	-0.00422059 	
-1108.29 	-0.00418869 	
-1098.32 	-0.00422042 	
-1087.95 	-0.00420623 	
-1078.41 	-0.00422976 	
-1067.86 	-0.00423123 	
-1057.88 	-0.00422902 	
-1047.81 	-0.00418455 	
-1037.99 	-0.00421068 	
-1028 	-0.00413022 	
-1017.43 	-0.00415809 	
-1007.64 	-0.00415141 	
-997.734 	-0.0041805 	
-987.294 	-0.00416992 	
-977.359 	-0.00410061 	
-967.507 	-0.00411275 	
-957.29 	-0.00411235 	
-947.04 	-0.00407695 	
-937.17 	-0.00410191 	
-927.046 	-0.00417147 	
-916.799 	-0.00405615 	
-906.991 	-0.00404427 	
-896.599 	-0.00408252 	
-886.651 	-0.0040908 	
-876.743 	-0.00405294 	
-866.386 	-0.00405044 	
-856.503 	-0.00403192 	
-846.534 	-0.00407195 	
-836.276 	-0.00398615 	
-826.152 	-0.00401456 	
-816.204 	-0.00400943 	
-806.234 	-0.00396021 	
-795.905 	-0.00399108 	
-785.994 	-0.00400111 	
-775.863 	-0.00399535 	
-765.602 	-0.00400156 	
-755.698 	-0.00395951 	
-745.444 	-0.00397578 	
-735.716 	-0.00394346 	
-725.518 	-0.00395117 	
-715.278 	-0.00394615 	
-705.286 	-0.00388962 	
-695.349 	-0.00388599 	
-685.03 	-0.00393415 	
-675.182 	-0.00392249 	
-665.18 	-0.00386756 	
-654.94 	-0.00388654 	
-644.67 	-0.0038451 	
-634.856 	-0.00388359 	
-624.86 	-0.00385446 	
-614.504 	-0.00381114 	
-604.663 	-0.00383636 	
-594.248 	-0.00381712 	
-584.431 	-0.00380379 	
-574.545 	-0.00376491 	
-564.093 	-0.00374948 	
-554.128 	-0.00375254 	
-544.307 	-0.00373106 	
-534.02 	-0.00382052 	
-523.935 	-0.00371762 	
-514.097 	-0.00373174 	
-503.919 	-0.00374513 	
-493.573 	-0.0037018 	
-483.73 	-0.00371822 	
-473.486 	-0.0036438 	
-463.516 	-0.00366452 	
-453.492 	-0.00368914 	
-443.165 	-0.00370167 	
-433.278 	-0.00362641 	
-423.363 	-0.00364389 	
-412.964 	-0.00368463 	
-403.074 	-0.00373374 	
-393.221 	-0.00366392 	
-382.698 	-0.00361827 	
-372.783 	-0.00360832 	
-362.903 	-0.00363046 	
-352.783 	-0.00357701 	
-342.416 	-0.00363076 	
-332.505 	-0.00352869 	
-322.549 	-0.00355983 	
-312.302 	-0.00352315 	
-302.237 	-0.00346582 	
-292 	-0.00358287 	
-281.975 	-0.00353682 	
-272.246 	-0.00351193 	
-261.758 	-0.00343373 	
-251.846 	-0.00343627 	
-241.996 	-0.00341937 	
-231.586 	-0.0034216 	
-221.632 	-0.00340485 	
-211.718 	-0.00346122 	
-201.708 	-0.00335473 	
-191.366 	-0.0033976 	
-181.345 	-0.00333566 	
-171.53 	-0.00335477 	
-161.167 	-0.00330997 	
-151.099 	-0.00336242 	
-141.049 	-0.00334425 	
-131.163 	-0.00329853 	
-120.805 	-0.0033523 	
-110.765 	-0.00328234 	
-100.683 	-0.00331936 	
-90.825 	-0.00327589 	
-80.7263 	-0.00325699 	
-70.3258 	-0.00319746 	
-60.4987 	-0.00321419 	
-50.5618 	-0.00318938 	
-40.0894 	-0.00320709 	
-30.2383 	-0.0031732 	
-20.5567 	-0.00321992 	
-10.035 	-0.00317227 	
 0.153837 	-0.00309341 	
 10.3487 	-0.00304863 	
 20.2817 	-0.00310622 	
 30.2689 	-0.0031542 	
 40.4726 	-0.00306204 	
 50.46 	-0.00298443 	
 60.4714 	-0.00298696 	
 70.2907 	-0.00298892 	
 80.6796 	-0.00306102 	
 90.6788 	-0.00297208 	
 100.657 	-0.00297582 	
 110.82 	-0.00286285 	
 120.949 	-0.00289077 	
 131.321 	-0.00290146 	
 140.927 	-0.00289182 	
 151.292 	-0.002925 	
 161.161 	-0.002857 	
 171.058 	-0.00279033 	
 181.356 	-0.00281259 	
 191.273 	-0.00274983 	
 201.609 	-0.00281681 	
 211.567 	-0.00279313 	
 221.459 	-0.0028509 	
 231.819 	-0.00274387 	
 241.795 	-0.00274986 	
 252.079 	-0.00261259 	
 262.07 	-0.00259803 	
 271.913 	-0.00261047 	
 282.25 	-0.00262905 	
 292.363 	-0.00252776 	
 302.173 	-0.0025968 	
 312.141 	-0.00254625 	
 322.651 	-0.0026461 	
 332.535 	-0.00246711 	
 342.426 	-0.00244557 	
 352.694 	-0.00250288 	
 362.754 	-0.00256777 	
 372.578 	-0.00251874 	
 382.786 	-0.00229833 	
 393.111 	-0.00234919 	
 403.143 	-0.00235406 	
 413.052 	-0.00236565 	
 423.024 	-0.00232533 	
 433.088 	-0.00226636 	
 443.489 	-0.00208862 	
 453.471 	-0.00211953 	
 463.258 	-0.00208691 	
 473.717 	-0.00210272 	
 483.615 	-0.00212416 	
 493.609 	-0.00206798 	
 503.927 	-0.00193269 	
 513.855 	-0.00183297 	
 523.902 	-0.00177514 	
 533.953 	-0.00182379 	
 544.18 	-0.0018493 	
 554.183 	-0.00168995 	
 564.029 	-0.00174464 	
 574.439 	-0.00171925 	
 584.406 	-0.0015937 	
 594.761 	-0.00157483 	
 604.56 	-0.00153655 	
 614.536 	-0.00139854 	
 624.5 	-0.00138162 	
 634.607 	-0.0012077 	
 644.842 	-0.00120915 	
 654.885 	-0.00114959 	
 664.775 	-0.00106403 	
 675.068 	-0.000986857 	
 685.142 	-0.000896992 	
 695.094 	-0.000844558 	
 705.302 	-0.000775773 	
 715.454 	-0.000696659 	
 725.61 	-0.000557704 	
 735.489 	-0.000491681 	
 745.729 	-0.000376645 	
 755.568 	-0.000365302 	
 765.459 	-0.000174989 	
 775.894 	-0.0000322414 	
 785.934 	 0.0000766815 	
 795.925 	 0.000143914 	
 805.791 	 0.000191297 	
 816.342 	 0.000331805 	
 826.316 	 0.000434606 	
 836.318 	 0.000624048 	
 846.331 	 0.000746061 	
 856.273 	 0.000797281 	

	
	
