Version 1.25
******************************************** Units *******************************************
System CGS
TemperatureUnit K
MomentUnit emu
AppliedFieldUnit G
 
******************************************** Setup ********************************************
 
Experiment CustomField
Minor False
Acquisition Continuous
EditedPoint No
MaxField 15000
FieldIncrement 100
Points 109
MinField 0
RampRate 10
AverageTime 0.3
TimeInterval 0
TimeConstant 0.1
TimeConstantIndex 0
Sensitivity -0.0053
SensitivityIndex 5
SensitivityY -400
SensitivityIndexY 0
SaturationField 8000
ExperimentTime 100
Use735Domains True
AutoRangeEnabled False
NumberOfVertices 2
VertexPts
0
108
VertexField
554.1353
1645.8647
StartAngle 0
EndAngle 0
AngleIncrement 0
StartTemp 0
FinishTemp 0
TempIncrement 0
TempPoints 0
LengthofSetPointsArray 109
SetPointArray
554.13534
564.24394
574.35255
584.46115
594.56976
604.67836
614.78697
624.89557
635.00418
645.11278
655.22139
665.32999
675.4386
685.5472
695.65581
705.76441
715.87302
725.98162
736.09023
746.19883
756.30744
766.41604
776.52464
786.63325
796.74185
806.85046
816.95906
827.06767
837.17627
847.28488
857.39348
867.50209
877.61069
887.7193
897.8279
907.93651
918.04511
928.15372
938.26232
948.37093
958.47953
968.58814
978.69674
988.80535
998.91395
1009.02256
1019.13116
1029.23977
1039.34837
1049.45698
1059.56558
1069.67419
1079.78279
1089.8914
1100
1110.1086
1120.21721
1130.32581
1140.43442
1150.54302
1160.65163
1170.76023
1180.86884
1190.97744
1201.08605
1211.19465
1221.30326
1231.41186
1241.52047
1251.62907
1261.73768
1271.84628
1281.95489
1292.06349
1302.1721
1312.2807
1322.38931
1332.49791
1342.60652
1352.71512
1362.82373
1372.93233
1383.04094
1393.14954
1403.25815
1413.36675
1423.47536
1433.58396
1443.69256
1453.80117
1463.90977
1474.01838
1484.12698
1494.23559
1504.34419
1514.4528
1524.5614
1534.67001
1544.77861
1554.88722
1564.99582
1575.10443
1585.21303
1595.32164
1605.43024
1615.53885
1625.64745
1635.75606
1645.86466
FieldDomainFile C:\IDEASVSM\Default UserID\Experiments\FORCexp0055B\fdomain.ini
TempDomainFile C:\IDEASVSM\Default UserID\Experiments\FORCexp0055B\tdomain.ini
NumSelectedResults 0
ResultsSelected 
UserName1 
UserValue1 
UserName2 
UserValue2 
LinearBackgroundCorrection Off
MaxLinearFieldCorrection 
MinLinearFieldCorrection 
AutoLinearCorrection Off
FitOneRegion Off
BackgroundMode Off
BackgroundFilename 
AutoCenter Off
OffsetCorrection 
SmoothDeriv Off
DerivOrder 0
DerivPoints 0
MinExFieldOne 
MaxExFieldOne 
MinExFieldTwo 
MaxExFieldTwo 
MinPinFieldOne 
MaxPinFieldOne 
MinPinFieldTwo 
MaxPinFieldTwo 
HCenterStart 
Mass 
Volume 
Density 
MolarWeight 
NumberOfMoles 
Demagnetization 
SampleArea 
Thickness 
MomentScaling 0
XAxis 0
YAxis 0
SimpleSpinValve False
HsatMax 0
HsatMin 0
FieldAutoRange False
 
*************************************************** Experiment Data ********************************************
 
DataPoints 109
MomentX Data
0.00382518
0.00384104
0.00387102
0.00383438
0.00386131
0.00383032
0.00385561
0.00386376
0.00387894
0.0039247
0.00394937
0.00392556
0.0039288
0.00393654
0.00392579
0.00396189
0.0039901
0.00399444
0.003946
0.00399409
0.00398536
0.00400612
0.0039905
0.00402239
0.0039996
0.00404134
0.00404034
0.00406817
0.00404753
0.00405455
0.00404451
0.004074
0.00407545
0.00413425
0.00411138
0.0041405
0.0041051
0.00412549
0.0041265
0.00410821
0.00413541
0.00414235
0.00418466
0.00414203
0.00414861
0.00416918
0.00417088
0.00416368
0.00422127
0.00421236
0.00422489
0.00418924
0.00424202
0.00425257
0.00425026
0.00422992
0.00424244
0.00423578
0.00425612
0.00426769
0.00426655
0.00428083
0.00425559
0.00429966
0.00425949
0.00430816
0.0043091
0.00435445
0.00433152
0.00429826
0.0043351
0.00433426
0.00434827
0.00435869
0.00436534
0.00437545
0.00441977
0.00439869
0.00438646
0.00439574
0.00440771
0.00437385
0.00441311
0.00441562
0.00443818
0.00442514
0.00445984
0.00439238
0.00443513
0.00439263
0.00448975
0.00446708
0.00444934
0.00443759
0.00444031
0.00451135
0.00446972
0.00446783
0.00449209
0.00446877
0.00447694
0.00449534
0.00449091
0.00448949
0.00452295
0.0045184
0.00453777
0.00453675
0.00446661
MomentY Data
-0.00696182
-0.0073115
-0.00735919
-0.00705719
-0.00708898
-0.00708898
-0.00720024
-0.00681877
-0.00710487
-0.00740687
-0.00680288
-0.00677109
-0.00726382
-0.00683467
-0.00678698
-0.00683467
-0.00683467
-0.00724792
-0.00699361
-0.0073115
-0.0073115
-0.00688235
-0.00683467
-0.00710487
-0.00710487
-0.00715256
-0.00712077
-0.00705719
-0.00721614
-0.00710487
-0.00694593
-0.00708898
-0.00693003
-0.00713666
-0.00726382
-0.00683467
-0.00694593
-0.00762939
-0.00705719
-0.00710487
-0.00689824
-0.00696182
-0.00678698
-0.00720024
-0.00689824
-0.0070413
-0.00689824
-0.00697772
-0.00715256
-0.0073115
-0.0070413
-0.00718435
-0.00699361
-0.00688235
-0.00720024
-0.00693003
-0.00697772
-0.00721614
-0.0070413
-0.00693003
-0.00735919
-0.00716845
-0.00694593
-0.0067393
-0.00697772
-0.00715256
-0.0070254
-0.00745455
-0.00720024
-0.00696182
-0.00694593
-0.00693003
-0.00713666
-0.00724792
-0.00715256
-0.00718435
-0.00734329
-0.00726382
-0.0070413
-0.00735919
-0.00720024
-0.0073115
-0.00705719
-0.00715256
-0.00700951
-0.00710487
-0.00699361
-0.00708898
-0.00724792
-0.00708898
-0.00705719
-0.00710487
-0.00710487
-0.00735919
-0.00715256
-0.0073115
-0.00727971
-0.00689824
-0.00724792
-0.00724792
-0.00715256
-0.00708898
-0.00713666
-0.0067393
-0.00715256
-0.0070413
-0.00737508
-0.00710487
-0.00724792
Field Data
555.397
562.624
572.212
582.253
592.344
602.583
612.516
622.327
632.725
642.677
652.296
662.84
672.816
682.638
692.621
703.046
712.904
722.907
732.95
742.89
753.152
762.929
772.785
783.19
793.2
802.943
813.107
823.136
833.14
843.049
853.377
863.517
873.44
883.323
893.215
903.543
913.342
923.193
933.488
943.457
953.385
963.352
973.654
983.524
993.354
1003.74
1013.52
1023.51
1033.72
1043.76
1053.75
1063.8
1073.65
1083.53
1093.94
1103.73
1113.67
1123.93
1133.92
1143.97
1154
1163.72
1174.08
1183.83
1194.2
1204.03
1213.78
1224.19
1234.16
1243.97
1254.25
1264.15
1273.96
1283.98
1294.52
1304.09
1314.4
1324.14
1334.06
1344.59
1354.33
1364.18
1374.31
1384.44
1394.22
1404.3
1414.58
1424.47
1434.3
1444.57
1454.48
1464.56
1474.69
1484.48
1494.61
1504.62
1514.43
1524.73
1534.68
1544.54
1554.59
1564.91
1574.78
1584.79
1594.89
1604.73
1614.77
1624.73
1634.87
Time Data
0
0.3
0.6
0.9
1.2
1.5
1.8
2.1
2.4
2.7
3
3.3
3.6
3.9
4.2
4.5
4.8
5.1
5.4
5.7
6
6.3
6.6
6.9
7.2
7.5
7.8
8.1
8.4
8.7
9
9.3
9.6
9.9
10.2
10.5
10.8
11.1
11.4
11.7
12
12.3
12.6
12.9
13.2
13.5
13.8
14.1
14.4
14.7
15
15.3
15.6
15.9
16.2
16.5
16.8
17.1
17.4
17.7
18
18.3
18.6
18.9
19.2
19.5
19.8
20.1
20.4
20.7
21
21.3
21.6
21.9
22.2
22.5
22.8
23.1
23.4
23.7
24
24.3
24.6
24.9
25.2
25.5
25.8
26.1
26.4
26.7
27
27.3
27.6
27.9
28.2
28.5
28.8
29.1
29.4
29.7
30.0000000000001
30.3000000000001
30.6000000000001
30.9000000000001
31.2000000000001
31.5000000000001
31.8000000000001
32.1000000000001
32.4
Temperature Data
0
0
0
0
0
0
0
0
0
0
0
0
0
0
0
0
0
0
0
0
0
0
0
0
0
0
0
0
0
0
0
0
0
0
0
0
0
0
0
0
0
0
0
0
0
0
0
0
0
0
0
0
0
0
0
0
0
0
0
0
0
0
0
0
0
0
0
0
0
0
0
0
0
0
0
0
0
0
0
0
0
0
0
0
0
0
0
0
0
0
0
0
0
0
0
0
0
0
0
0
0
0
0
0
0
0
0
0
0
Angle Data
0
0
0
0
0
0
0
0
0
0
0
0
0
0
0
0
0
0
0
0
0
0
0
0
0
0
0
0
0
0
0
0
0
0
0
0
0
0
0
0
0
0
0
0
0
0
0
0
0
0
0
0
0
0
0
0
0
0
0
0
0
0
0
0
0
0
0
0
0
0
0
0
0
0
0
0
0
0
0
0
0
0
0
0
0
0
0
0
0
0
0
0
0
0
0
0
0
0
0
0
0
0
0
0
0
0
0
0
0
Bx Data
0
0
0
0
0
0
0
0
0
0
0
0
0
0
0
0
0
0
0
0
0
0
0
0
0
0
0
0
0
0
0
0
0
0
0
0
0
0
0
0
0
0
0
0
0
0
0
0
0
0
0
0
0
0
0
0
0
0
0
0
0
0
0
0
0
0
0
0
0
0
0
0
0
0
0
0
0
0
0
0
0
0
0
0
0
0
0
0
0
0
0
0
0
0
0
0
0
0
0
0
0
0
0
0
0
0
0
0
0
Hint Data
0
0
0
0
0
0
0
0
0
0
0
0
0
0
0
0
0
0
0
0
0
0
0
0
0
0
0
0
0
0
0
0
0
0
0
0
0
0
0
0
0
0
0
0
0
0
0
0
0
0
0
0
0
0
0
0
0
0
0
0
0
0
0
0
0
0
0
0
0
0
0
0
0
0
0
0
0
0
0
0
0
0
0
0
0
0
0
0
0
0
0
0
0
0
0
0
0
0
0
0
0
0
0
0
0
0
0
0
0
Torque Data
-3.86657394254
-4.113625376
-4.21101682828
-4.10907004907
-4.19911476912
-4.27169883534
-4.41026220384
-4.24350467779
-4.49542887075
-4.76022499099
-4.43749141248
-4.4881492956
-4.88721431712
-4.66560545946
-4.70080487458
-4.80508740482
-4.87246358168
-5.23957210344
-5.1259664495
-5.431640235
-5.506670848
-5.25074440315
-5.28173045595
-5.5644631353
-5.635582884
-5.74309798408
-5.78994793239
-5.80902714784
-6.0120548796
-5.98975354863
-5.92749690561
-6.12145474266
-6.0529654032
-6.30397592118
-6.4881529813
-6.17541823581
-6.34400959806
-7.04339944227
-6.58780217872
-6.70313933559
-6.5766785424
-6.70668322064
-6.60817022492
-7.08160884576
-6.85239429696
-7.067634462
-6.9915042048
-7.1417661972
-7.3937443232
-7.63145124
-7.419769875
-7.64271153
-7.5086893765
-7.4572326955
-7.8766305456
-7.6488820119
-7.7708774324
-8.1104362302
-7.984270896
-7.9277464191
-8.49250526
-8.342068634
-8.1550774944
-7.978185519
-8.332793224
-8.6118968168
-8.527290012
-9.1257855645
-8.8862481984
-8.6602952254
-8.7119327025
-8.7605974245
-9.0918193736
-9.3061843216
-9.2591319712
-9.3690389915
-9.652020376
-9.6183146148
-9.393516678
-9.8950932821
-9.7515010392
-9.97420207
-9.6987667889
-9.9022901664
-9.7727990322
-9.977368941
-9.8930208338
-10.0980393406
-10.395691656
-10.2405278386
-10.2645417112
-10.4055084072
-10.4774807403
-10.9245703712
-10.6902877016
-11.00102913
-11.0246112153
-10.5179534752
-11.1232378656
-11.1947023568
-11.1192982504
-11.0936156918
-11.2386694348
-10.680375247
-11.4075464184
-11.299385349
-11.9090579316
-11.5434954351
-11.8494069704
dMdH Data
2.19454822194548E-06
3.1268251981644E-06
-3.64903894034458E-06
2.668714696264E-06
-3.02666276003521E-06
2.54605859257025E-06
8.30700234430711E-07
1.4598961338719E-06
4.59807073954981E-06
2.56471566690924E-06
-2.25815629742034E-06
3.24779470729735E-07
7.88026878436164E-07
-1.07683061204042E-06
3.46282973621099E-06
2.86163522012579E-06
4.33869839048308E-07
-4.82325998207709E-06
4.83802816901409E-06
-8.50711362307472E-07
2.12335072108009E-06
-1.58482142857143E-06
3.06487265737621E-06
-2.27672327672328E-06
4.28410140613779E-06
-9.83864620228388E-08
2.77495263735172E-06
-2.06317473010801E-06
7.08446866485008E-07
-9.72114639814037E-07
2.90828402366862E-06
1.46125163760966E-07
5.94961044217342E-06
-2.31196926809537E-06
2.81951975213011E-06
-3.61261353199303E-06
2.06984062531717E-06
9.81058766391517E-08
-1.83468753134717E-06
2.73972602739724E-06
6.96297782682896E-07
4.10696952048139E-06
-4.31914893617022E-06
6.69379450661234E-07
1.98055074138265E-06
1.73824130879378E-07
-7.20720720720694E-07
5.64054848188046E-06
-8.8745019920319E-07
1.25425425425427E-06
-3.54726368159205E-06
5.35837563451766E-06
1.06781376518218E-06
-2.2190201729108E-07
-2.07763023493359E-06
1.2595573440644E-06
-6.49122807017578E-07
2.0360360360361E-06
1.15124378109451E-06
-1.13659022931224E-07
1.46913580246915E-06
-2.43629343629348E-06
4.52000000000002E-06
-3.8736740597878E-06
4.95116988809768E-06
9.64102564102176E-08
4.35638808837657E-06
-2.29989969909729E-06
-3.3904179408767E-06
3.58365758754863E-06
-8.48484848484182E-08
1.42813455657494E-06
1.03992015968061E-06
6.30929791271306E-07
1.05642633228848E-06
4.29873908826371E-06
-2.16427104722789E-06
-1.23286290322585E-06
8.81291547958255E-07
1.22895277207384E-06
-3.43756345177653E-06
3.87561697926947E-06
2.47778874629879E-07
2.30674846625763E-06
-1.29365079365078E-06
3.37548638132292E-06
-6.82103134479257E-06
4.34893184130211E-06
-4.13826679649465E-06
9.80020181634705E-06
-2.24900793650793E-06
-1.75123395853893E-06
-1.20020429009198E-06
2.68509378084932E-07
7.09690309690307E-06
-4.24362895005089E-06
-1.83495145631074E-07
2.43819095477385E-06
-2.36511156186609E-06
8.12935323383093E-07
1.782945736434E-06
-4.48834853090148E-07
-1.41858141858166E-07
3.31287128712875E-06
-4.62398373983818E-07
1.92928286852594E-06
-1.02409638554218E-07
-6.91715976331368E-06
-6.91715976331368E-06
dMdT Data
0
0
0
0
0
0
0
0
0
0
0
0
0
0
0
0
0
0
0
0
0
0
0
0
0
0
0
0
0
0
0
0
0
0
0
0
0
0
0
0
0
0
0
0
0
0
0
0
0
0
0
0
0
0
0
0
0
0
0
0
0
0
0
0
0
0
0
0
0
0
0
0
0
0
0
0
0
0
0
0
0
0
0
0
0
0
0
0
0
0
0
0
0
0
0
0
0
0
0
0
0
0
0
0
0
0
0
0
0
 
*********************************************** Results ***************************************
 
TotalArea 0
AreaFirstQuad 0
AreaSecondQuad 0
AreaThirdQuad 0
AreaFourthQuad 0
Coercivity 0
PositiveCoercivity 0
NegativeCoercivity 0
Retentivity 2.60633450117615E-03
PositiveRetentivity 2.60633450117615E-03
NegativeRetentivity 0
Magnetization 0.00453777
PositiveMagnetization 0.00453777
NegativeMagnetization 0.00382518
Flatness -0.713751630109019
Squareness 0.574364611070228
SStar 0
SFD1 0
SFD2 0
Slope 0
Intercept 0
SlopeAtHc -6.91715976331368E-06
dH1 593.820284993696
dH2 84.816
InitialSlope 2.19454822194548E-06
FieldAtHalfMs 1634.87
FieldAtMs 1614.77
MomentMean 4.21638027522936E-03
MomentRMS 2.07266950651403E-04
SFD3 0
dH3 1187.64056998739
UserField1 0
UserField2 0
CenterField 0
ExchangeField 0
ExchangeMoment 0
ExRegionOneIntercept 0
ExRegionOneSlope 0
ExRegionTwoIntercept 0
ExRegionTwoSlope 0
NegativeIntercept 0
NegativeSlope 0
AutoCenterOffset 0
PinningField 0
PinningMoment 0
PinRegionOneIntercept 0
PinRegionOneSlope 0
PinRegionTwoIntercept 0
PinRegionTwoSlope 0
PositiveIntercept 0
PositiveSlope 0
TotalOffset 0
BHMax 0
BCoercivity 0
BRetentivity 0
BNegativeCoercivity 0
BPositiveCoercivity 0
BNegativeRetentivity 0
BPositiveRetentivity 0
MomentYMean -7.09247853211009E-03
MomentYRMS 1.73784276719335E-04
YOffCorrection 0
Mrt 0
Ms1 0
Ms2 0
Ms3 0
Hc2 0
Hex2 0
HsatValue 0
HsatIntercept 0
HsatSlope 0
CenterH 0
Span .00071259
SpanAsPercentOfRange -13.4450943396226
RMSAsPercentOfRange -3.91069718210194
SpanAsPercentOfMean 16.900515453655
RMSAsPercentOfMean 4.91575562738178
