Version 1.25
******************************************** Units *******************************************
System CGS
TemperatureUnit K
MomentUnit emu
AppliedFieldUnit G
 
******************************************** Setup ********************************************
 
Experiment CustomField
Minor False
Acquisition Continuous
EditedPoint No
MaxField 15000
FieldIncrement 100
Points 293
MinField 0
RampRate 10
AverageTime 0.3
TimeInterval 0
TimeConstant 0.1
TimeConstantIndex 0
Sensitivity -0.0053
SensitivityIndex 5
SensitivityY -400
SensitivityIndexY 0
SaturationField 8000
ExperimentTime 100
Use735Domains True
AutoRangeEnabled False
NumberOfVertices 2
VertexPts
0
292
VertexField
-527.4854
2424.2272
StartAngle 0
EndAngle 0
AngleIncrement 0
StartTemp 0
FinishTemp 0
TempIncrement 0
TempPoints 0
LengthofSetPointsArray 293
SetPointArray
-527.48538
-517.37678
-507.26817
-497.15957
-487.05096
-476.94236
-466.83375
-456.72515
-446.61654
-436.50794
-426.39933
-416.29073
-406.18212
-396.07352
-385.96491
-375.85631
-365.7477
-355.6391
-345.53049
-335.42189
-325.31328
-315.20468
-305.09607
-294.98747
-284.87886
-274.77026
-264.66165
-254.55305
-244.44444
-234.33584
-224.22723
-214.11863
-204.01003
-193.90142
-183.79282
-173.68421
-163.57561
-153.467
-143.3584
-133.24979
-123.14119
-113.03258
-102.92398
-92.81537
-82.70677
-72.59816
-62.48956
-52.38095
-42.27235
-32.16374
-22.05514
-11.94653
-1.83793
8.27068
18.37928
28.48789
38.59649
48.7051
58.8137
68.92231
79.03091
89.13952
99.24812
109.35673
119.46533
129.57393
139.68254
149.79114
159.89975
170.00835
180.11696
190.22556
200.33417
210.44277
220.55138
230.65998
240.76859
250.87719
260.9858
271.0944
281.20301
291.31161
301.42022
311.52882
321.63743
331.74603
341.85464
351.96324
362.07185
372.18045
382.28906
392.39766
402.50627
412.61487
422.72348
432.83208
442.94069
453.04929
463.15789
473.2665
483.3751
493.48371
503.59231
513.70092
523.80952
533.91813
544.02673
554.13534
564.24394
574.35255
584.46115
594.56976
604.67836
614.78697
624.89557
635.00418
645.11278
655.22139
665.32999
675.4386
685.5472
695.65581
705.76441
715.87302
725.98162
736.09023
746.19883
756.30744
766.41604
776.52464
786.63325
796.74185
806.85046
816.95906
827.06767
837.17627
847.28488
857.39348
867.50209
877.61069
887.7193
897.8279
907.93651
918.04511
928.15372
938.26232
948.37093
958.47953
968.58814
978.69674
988.80535
998.91395
1009.02256
1019.13116
1029.23977
1039.34837
1049.45698
1059.56558
1069.67419
1079.78279
1089.8914
1100
1110.1086
1120.21721
1130.32581
1140.43442
1150.54302
1160.65163
1170.76023
1180.86884
1190.97744
1201.08605
1211.19465
1221.30326
1231.41186
1241.52047
1251.62907
1261.73768
1271.84628
1281.95489
1292.06349
1302.1721
1312.2807
1322.38931
1332.49791
1342.60652
1352.71512
1362.82373
1372.93233
1383.04094
1393.14954
1403.25815
1413.36675
1423.47536
1433.58396
1443.69256
1453.80117
1463.90977
1474.01838
1484.12698
1494.23559
1504.34419
1514.4528
1524.5614
1534.67001
1544.77861
1554.88722
1564.99582
1575.10443
1585.21303
1595.32164
1605.43024
1615.53885
1625.64745
1635.75606
1645.86466
1655.97327
1666.08187
1676.19048
1686.29908
1696.40769
1706.51629
1716.6249
1726.7335
1736.84211
1746.95071
1757.05931
1767.16792
1777.27652
1787.38513
1797.49373
1807.60234
1817.71094
1827.81955
1837.92815
1848.03676
1858.14536
1868.25397
1878.36257
1888.47118
1898.57978
1908.68839
1918.79699
1928.9056
1939.0142
1949.12281
1959.23141
1969.34002
1979.44862
1989.55723
1999.66583
2009.77444
2019.88304
2029.99165
2040.10025
2050.20886
2060.31746
2070.42607
2080.53467
2090.64327
2100.75188
2110.86048
2120.96909
2131.07769
2141.1863
2151.2949
2161.40351
2171.51211
2181.62072
2191.72932
2201.83793
2211.94653
2222.05514
2232.16374
2242.27235
2252.38095
2262.48956
2272.59816
2282.70677
2292.81537
2302.92398
2313.03258
2323.14119
2333.24979
2343.3584
2353.467
2363.57561
2373.68421
2383.79282
2393.90142
2404.01003
2414.11863
2424.22723
FieldDomainFile C:\IDEASVSM\Default UserID\Experiments\FORCexp0162B\fdomain.ini
TempDomainFile C:\IDEASVSM\Default UserID\Experiments\FORCexp0162B\tdomain.ini
NumSelectedResults 0
ResultsSelected 
UserName1 
UserValue1 
UserName2 
UserValue2 
LinearBackgroundCorrection Off
MaxLinearFieldCorrection 
MinLinearFieldCorrection 
AutoLinearCorrection Off
FitOneRegion Off
BackgroundMode Off
BackgroundFilename 
AutoCenter Off
OffsetCorrection 
SmoothDeriv Off
DerivOrder 0
DerivPoints 0
MinExFieldOne 
MaxExFieldOne 
MinExFieldTwo 
MaxExFieldTwo 
MinPinFieldOne 
MaxPinFieldOne 
MinPinFieldTwo 
MaxPinFieldTwo 
HCenterStart 
Mass 
Volume 
Density 
MolarWeight 
NumberOfMoles 
Demagnetization 
SampleArea 
Thickness 
MomentScaling 0
XAxis 0
YAxis 0
SimpleSpinValve False
HsatMax 0
HsatMin 0
FieldAutoRange False
 
*************************************************** Experiment Data ********************************************
 
DataPoints 293
MomentX Data
0.00184617
0.00191743
0.00187373
0.00189967
0.00192895
0.00192419
0.0019522
0.00194876
0.00200764
0.00201048
0.00207203
0.00204617
0.0020822
0.00207708
0.00211569
0.00210282
0.00212462
0.00214433
0.0021782
0.00219693
0.00224466
0.00222404
0.00225838
0.00227904
0.00231958
0.00230844
0.00231041
0.00232944
0.00234842
0.00242628
0.00236969
0.00240015
0.00239219
0.00244189
0.00246385
0.00249581
0.00250185
0.00248528
0.00250939
0.00254022
0.0025427
0.00255826
0.00260607
0.00260027
0.00262785
0.00262981
0.00261331
0.00265096
0.00271206
0.00271942
0.00275107
0.00273554
0.00275722
0.00274226
0.00275494
0.00280826
0.0028114
0.00280612
0.0028374
0.00285667
0.00286168
0.00292564
0.00290565
0.00287902
0.00291324
0.00292658
0.00292725
0.00298237
0.00301487
0.00298336
0.00300134
0.00301252
0.00302719
0.00303459
0.00305283
0.00313502
0.00310581
0.00308663
0.00314736
0.00315839
0.00313967
0.0031722
0.00316328
0.00319726
0.00320989
0.00320413
0.00321729
0.00325566
0.00326745
0.00323872
0.00333261
0.00333173
0.00334125
0.00334263
0.00336193
0.00340354
0.00338532
0.00339563
0.00339937
0.00343075
0.0034414
0.00347001
0.00346091
0.00354406
0.00352465
0.00356687
0.00353228
0.00359035
0.00361785
0.00358875
0.00355327
0.00362275
0.00359471
0.00360592
0.0036352
0.00365254
0.00365505
0.00368688
0.00373384
0.00367243
0.00378215
0.00378462
0.00377892
0.00378689
0.00379685
0.00380122
0.0038696
0.0038784
0.00381999
0.00386877
0.00383884
0.00384666
0.00387512
0.00391567
0.00393424
0.00389695
0.00396557
0.00399088
0.00395789
0.00397912
0.00402264
0.00404452
0.00398645
0.00400026
0.00400067
0.00401931
0.00397836
0.00406432
0.00405817
0.00405501
0.00401395
0.00401993
0.00411276
0.00415317
0.00410176
0.00408841
0.00411202
0.00413939
0.00418918
0.00422338
0.00419159
0.00423223
0.00419251
0.00416049
0.00426241
0.00425573
0.00418187
0.00420386
0.00416868
0.00424574
0.00422902
0.00427674
0.00419023
0.00428611
0.00425086
0.00433438
0.00432633
0.00427961
0.00423703
0.00433568
0.00431989
0.00435179
0.00434334
0.00431735
0.00433742
0.00433
0.00430324
0.00433183
0.00439212
0.00445857
0.00448557
0.00443153
0.00439763
0.00444079
0.00442788
0.00438371
0.00442525
0.00439643
0.00439347
0.00441685
0.00442792
0.00442594
0.00444421
0.00439157
0.00445072
0.00440357
0.0044253
0.00444988
0.00450402
0.00446486
0.00448565
0.00449376
0.00440582
0.00450074
0.00450843
0.00452773
0.00451735
0.00454762
0.00456274
0.00460087
0.0045254
0.00448636
0.00445139
0.00453414
0.00461985
0.00456942
0.0045565
0.00454585
0.00466109
0.00459499
0.00457004
0.00452146
0.0046279
0.00463733
0.00465407
0.00465489
0.00460766
0.00463277
0.00463794
0.00458096
0.00460511
0.00461278
0.00461771
0.00468076
0.0046472
0.00463803
0.00468217
0.004642
0.00463023
0.00454452
0.00464407
0.00463872
0.00468974
0.00473273
0.004689
0.00476239
0.00471008
0.00470169
0.0047605
0.00472038
0.00466585
0.00472603
0.00468319
0.00465718
0.00471135
0.00473167
0.00474133
0.00471924
0.0047075
0.00476422
0.00472077
0.00466916
0.00472205
0.00476379
0.00476695
0.00472937
0.00481112
0.00477503
0.00473588
0.00476591
0.00478517
0.00477141
0.00477992
0.00480928
0.00481963
0.00479794
0.0048074
0.00483649
0.00473603
0.00475445
0.00478109
0.00477607
0.00474584
MomentY Data
-0.00635783
-0.00642141
-0.00685056
-0.0064532
-0.00667572
-0.00683467
-0.00651677
-0.00686646
-0.00667572
-0.00642141
-0.00654856
-0.00667572
-0.0067393
-0.00710487
-0.00688235
-0.00667572
-0.00658035
-0.00632604
-0.00658035
-0.00670751
-0.00670751
-0.00670751
-0.00677109
-0.00683467
-0.00689824
-0.00651677
-0.00691414
-0.00686646
-0.00681877
-0.00721614
-0.00688235
-0.00685056
-0.00689824
-0.00658035
-0.00677109
-0.00680288
-0.00658035
-0.00654856
-0.0067393
-0.00632604
-0.00689824
-0.00661214
-0.00715256
-0.00693003
-0.00654856
-0.00658035
-0.00699361
-0.0067393
-0.00700951
-0.0067393
-0.0067393
-0.0067393
-0.00667572
-0.00689824
-0.00694593
-0.00664393
-0.00654856
-0.00667572
-0.00667572
-0.0067393
-0.00648499
-0.00648499
-0.00699361
-0.00677109
-0.00683467
-0.00708898
-0.00686646
-0.00708898
-0.00693003
-0.00688235
-0.00651677
-0.00667572
-0.0067393
-0.0067393
-0.00680288
-0.00664393
-0.0067393
-0.00651677
-0.00694593
-0.00661214
-0.00689824
-0.0070413
-0.00696182
-0.00708898
-0.0070413
-0.00696182
-0.00680288
-0.00677109
-0.00700951
-0.00678698
-0.00683467
-0.00715256
-0.00715256
-0.00683467
-0.00689824
-0.00661214
-0.00700951
-0.00694593
-0.00724792
-0.0070413
-0.00705719
-0.00724792
-0.00721614
-0.00720024
-0.00678698
-0.00680288
-0.00691414
-0.00740687
-0.00699361
-0.00696182
-0.00715256
-0.00680288
-0.00724792
-0.00705719
-0.00689824
-0.00686646
-0.00699361
-0.00697772
-0.00670751
-0.00693003
-0.00696182
-0.00729561
-0.00680288
-0.00693003
-0.00683467
-0.00735919
-0.00700951
-0.00693003
-0.00724792
-0.00677109
-0.00680288
-0.00683467
-0.0067393
-0.00712077
-0.00658035
-0.00699361
-0.00658035
-0.00670751
-0.00710487
-0.00734329
-0.00689824
-0.00683467
-0.00726382
-0.00708898
-0.00683467
-0.00720024
-0.00667572
-0.00691414
-0.00710487
-0.00708898
-0.00678698
-0.00708898
-0.00680288
-0.00694593
-0.00697772
-0.00688235
-0.00720024
-0.00715256
-0.00651677
-0.0067393
-0.0067393
-0.0070413
-0.00667572
-0.0067393
-0.00708898
-0.00689824
-0.00700951
-0.00694593
-0.0070413
-0.00715256
-0.00708898
-0.00664393
-0.00696182
-0.00705719
-0.00724792
-0.00716845
-0.00683467
-0.00715256
-0.00747045
-0.00713666
-0.00694593
-0.0067393
-0.00670751
-0.00708898
-0.0070413
-0.00699361
-0.00708898
-0.00693003
-0.00716845
-0.00685056
-0.00689824
-0.00705719
-0.00708898
-0.0073115
-0.00693003
-0.00724792
-0.00683467
-0.00740687
-0.00715256
-0.0070413
-0.00677109
-0.00729561
-0.00715256
-0.00708898
-0.00751813
-0.00720024
-0.00670751
-0.0070254
-0.00686646
-0.0070254
-0.00691414
-0.00720024
-0.00696182
-0.00688235
-0.00735919
-0.0067393
-0.0073115
-0.00700951
-0.00708898
-0.00683467
-0.0070254
-0.00669161
-0.00705719
-0.00715256
-0.00724792
-0.00726382
-0.00654856
-0.00683467
-0.0070254
-0.00710487
-0.00715256
-0.00700951
-0.00718435
-0.00726382
-0.00737508
-0.00689824
-0.00710487
-0.00713666
-0.00705719
-0.00680288
-0.00720024
-0.00708898
-0.00724792
-0.00688235
-0.00721614
-0.00700951
-0.0073115
-0.00740687
-0.0073115
-0.00710487
-0.00705719
-0.0070254
-0.00720024
-0.00713666
-0.00699361
-0.00699361
-0.00700951
-0.00705719
-0.00683467
-0.0073115
-0.00721614
-0.00712077
-0.00708898
-0.00699361
-0.00693003
-0.00699361
-0.00681877
-0.00661214
-0.00683467
-0.00694593
-0.00694593
-0.00720024
-0.0067393
-0.00708898
-0.00710487
-0.00685056
-0.00720024
-0.00708898
-0.00721614
-0.00720024
-0.0073115
-0.00670751
-0.00715256
-0.00720024
-0.00729561
-0.00724792
-0.00667572
-0.00715256
-0.00710487
-0.00708898
-0.00683467
-0.0073115
-0.00694593
Field Data
-526.901
-520.429
-510.955
-500.884
-490.958
-480.419
-470.521
-460.129
-450.218
-440.348
-429.877
-419.941
-410.075
-399.707
-389.651
-379.641
-369.666
-359.151
-349.288
-339.45
-329.199
-318.938
-308.824
-298.896
-288.927
-278.694
-268.639
-258.687
-248.541
-238.22
-228.26
-218.402
-207.994
-198.128
-188.142
-177.843
-167.762
-157.835
-147.809
-137.408
-127.333
-117.325
-107.216
-97.2955
-87.3889
-77.0809
-66.9998
-57.0285
-47.0229
-36.5265
-26.5797
-16.5982
-6.43638
3.54578
13.8705
23.6275
33.3475
43.7811
54.1495
64.2056
73.8652
84.4136
94.2996
104.156
114.502
124.493
134.53
144.722
154.733
165.002
174.902
184.804
195.184
205.249
215.207
225.082
235.583
245.476
255.261
265.675
275.763
285.85
295.681
306.088
315.968
325.962
336.18
346.294
356.164
366.393
376.571
386.57
396.396
406.812
416.913
426.993
436.888
446.94
457.283
467.121
477.064
487.547
497.275
507.421
517.701
527.589
537.624
547.586
558.37
567.648
578.03
588.096
598.221
608.169
618.169
628.735
638.432
648.293
658.66
668.832
678.626
689.049
699.053
708.945
718.844
729.283
739.269
749.139
759.412
769.53
779.42
789.533
799.94
809.725
820.034
829.998
839.993
849.916
860.31
870.31
880.245
890.233
900.722
910.559
920.344
930.753
940.725
951.03
960.921
970.915
980.999
991.286
1001.18
1011.15
1021.54
1031.44
1041.35
1051.76
1061.73
1071.59
1081.87
1092.06
1101.9
1112.19
1122.21
1132.38
1142.37
1152.35
1162.26
1172.72
1182.54
1192.53
1202.84
1212.81
1222.83
1232.91
1243.16
1253.01
1263.12
1273.32
1283.21
1293.28
1303.77
1313.53
1323.93
1333.73
1343.63
1353.79
1364.1
1373.94
1383.93
1394.24
1404.3
1414.5
1424.39
1434.35
1444.72
1454.71
1464.67
1474.94
1484.93
1494.86
1504.88
1515.28
1525.16
1535.09
1545.32
1555.49
1565.24
1575.5
1585.77
1595.77
1605.69
1615.84
1625.91
1635.76
1646.06
1656.14
1666.1
1676.06
1686.62
1696.2
1706.22
1716.91
1726.61
1736.83
1746.81
1756.72
1767.05
1776.96
1786.96
1797.1
1807.33
1817.28
1827.18
1837.62
1847.41
1857.49
1867.74
1877.79
1887.81
1897.89
1907.75
1918.2
1928.07
1938.13
1948.15
1958.49
1968.35
1978.35
1988.58
1998.64
2008.61
2018.67
2029.02
2039.13
2049.09
2059.13
2069.01
2079.45
2089.16
2099.12
2109.47
2119.51
2129.63
2139.6
2149.6
2162.14
2173.2
2183.38
2193.38
2203.28
2213.7
2223.57
2233.5
2243.88
2253.8
2263.92
2273.88
2284.01
2294.15
2304.12
2314.51
2324.28
2334.33
2344.62
2354.5
2364.66
2374.71
2384.65
2394.84
2404.97
2415.3
Time Data
0
0.3
0.6
0.9
1.2
1.5
1.8
2.1
2.4
2.7
3
3.3
3.6
3.9
4.2
4.5
4.8
5.1
5.4
5.7
6
6.3
6.6
6.9
7.2
7.5
7.8
8.1
8.4
8.7
9
9.3
9.6
9.9
10.2
10.5
10.8
11.1
11.4
11.7
12
12.3
12.6
12.9
13.2
13.5
13.8
14.1
14.4
14.7
15
15.3
15.6
15.9
16.2
16.5
16.8
17.1
17.4
17.7
18
18.3
18.6
18.9
19.2
19.5
19.8
20.1
20.4
20.7
21
21.3
21.6
21.9
22.2
22.5
22.8
23.1
23.4
23.7
24
24.3
24.6
24.9
25.2
25.5
25.8
26.1
26.4
26.7
27
27.3
27.6
27.9
28.2
28.5
28.8
29.1
29.4
29.7
30.0000000000001
30.3000000000001
30.6000000000001
30.9000000000001
31.2000000000001
31.5000000000001
31.8000000000001
32.1000000000001
32.4
32.7
33
33.3
33.6
33.9
34.2
34.5
34.8
35.1
35.4
35.7
36
36.3
36.6
36.9
37.2
37.5
37.8
38.1
38.4
38.7
39
39.3
39.6
39.9
40.2
40.5
40.8
41.1
41.4
41.7
42
42.3
42.6
42.8999999999999
43.1999999999999
43.4999999999999
43.7999999999999
44.0999999999999
44.3999999999999
44.6999999999999
44.9999999999999
45.2999999999999
45.5999999999999
45.8999999999999
46.1999999999999
46.4999999999999
46.7999999999999
47.0999999999999
47.3999999999999
47.6999999999999
47.9999999999999
48.2999999999999
48.5999999999999
48.8999999999999
49.1999999999999
49.4999999999999
49.7999999999999
50.0999999999999
50.3999999999999
50.6999999999999
50.9999999999999
51.2999999999999
51.5999999999999
51.8999999999999
52.1999999999999
52.4999999999999
52.7999999999999
53.0999999999999
53.3999999999998
53.6999999999998
53.9999999999998
54.2999999999998
54.5999999999998
54.8999999999998
55.1999999999998
55.4999999999998
55.7999999999998
56.0999999999998
56.3999999999998
56.6999999999998
56.9999999999998
57.2999999999998
57.5999999999998
57.8999999999998
58.1999999999998
58.4999999999998
58.7999999999998
59.0999999999998
59.3999999999998
59.6999999999998
59.9999999999998
60.2999999999998
60.5999999999998
60.8999999999998
61.1999999999998
61.4999999999998
61.7999999999998
62.0999999999998
62.3999999999998
62.6999999999998
62.9999999999998
63.2999999999998
63.5999999999998
63.8999999999998
64.1999999999997
64.4999999999997
64.7999999999997
65.0999999999997
65.3999999999997
65.6999999999997
65.9999999999997
66.2999999999997
66.5999999999997
66.8999999999997
67.1999999999997
67.4999999999997
67.7999999999997
68.0999999999997
68.3999999999997
68.6999999999997
68.9999999999997
69.2999999999997
69.5999999999997
69.8999999999997
70.1999999999997
70.4999999999997
70.7999999999997
71.0999999999997
71.3999999999997
71.6999999999997
71.9999999999997
72.2999999999997
72.5999999999997
72.8999999999997
73.1999999999997
73.4999999999997
73.7999999999997
74.0999999999997
74.3999999999997
74.6999999999996
74.9999999999996
75.2999999999996
75.5999999999996
75.8999999999996
76.1999999999996
76.4999999999996
76.7999999999996
77.0999999999996
77.3999999999996
77.6999999999996
77.9999999999996
78.2999999999996
78.5999999999996
78.8999999999996
79.1999999999996
79.4999999999996
79.7999999999996
80.0999999999996
80.3999999999996
80.6999999999996
80.9999999999996
81.2999999999996
81.5999999999996
81.8999999999996
82.1999999999996
82.4999999999996
82.7999999999996
83.0999999999996
83.3999999999996
83.6999999999996
83.9999999999996
84.2999999999996
84.5999999999996
84.8999999999996
85.1999999999995
85.4999999999995
85.7999999999995
86.0999999999995
86.3999999999995
86.6999999999995
86.9999999999995
87.2999999999995
87.5999999999995
Temperature Data
0
0
0
0
0
0
0
0
0
0
0
0
0
0
0
0
0
0
0
0
0
0
0
0
0
0
0
0
0
0
0
0
0
0
0
0
0
0
0
0
0
0
0
0
0
0
0
0
0
0
0
0
0
0
0
0
0
0
0
0
0
0
0
0
0
0
0
0
0
0
0
0
0
0
0
0
0
0
0
0
0
0
0
0
0
0
0
0
0
0
0
0
0
0
0
0
0
0
0
0
0
0
0
0
0
0
0
0
0
0
0
0
0
0
0
0
0
0
0
0
0
0
0
0
0
0
0
0
0
0
0
0
0
0
0
0
0
0
0
0
0
0
0
0
0
0
0
0
0
0
0
0
0
0
0
0
0
0
0
0
0
0
0
0
0
0
0
0
0
0
0
0
0
0
0
0
0
0
0
0
0
0
0
0
0
0
0
0
0
0
0
0
0
0
0
0
0
0
0
0
0
0
0
0
0
0
0
0
0
0
0
0
0
0
0
0
0
0
0
0
0
0
0
0
0
0
0
0
0
0
0
0
0
0
0
0
0
0
0
0
0
0
0
0
0
0
0
0
0
0
0
0
0
0
0
0
0
0
0
0
0
0
0
0
0
0
0
0
0
0
0
0
0
0
0
0
0
0
0
0
0
0
0
0
0
0
0
0
0
0
0
0
0
Angle Data
0
0
0
0
0
0
0
0
0
0
0
0
0
0
0
0
0
0
0
0
0
0
0
0
0
0
0
0
0
0
0
0
0
0
0
0
0
0
0
0
0
0
0
0
0
0
0
0
0
0
0
0
0
0
0
0
0
0
0
0
0
0
0
0
0
0
0
0
0
0
0
0
0
0
0
0
0
0
0
0
0
0
0
0
0
0
0
0
0
0
0
0
0
0
0
0
0
0
0
0
0
0
0
0
0
0
0
0
0
0
0
0
0
0
0
0
0
0
0
0
0
0
0
0
0
0
0
0
0
0
0
0
0
0
0
0
0
0
0
0
0
0
0
0
0
0
0
0
0
0
0
0
0
0
0
0
0
0
0
0
0
0
0
0
0
0
0
0
0
0
0
0
0
0
0
0
0
0
0
0
0
0
0
0
0
0
0
0
0
0
0
0
0
0
0
0
0
0
0
0
0
0
0
0
0
0
0
0
0
0
0
0
0
0
0
0
0
0
0
0
0
0
0
0
0
0
0
0
0
0
0
0
0
0
0
0
0
0
0
0
0
0
0
0
0
0
0
0
0
0
0
0
0
0
0
0
0
0
0
0
0
0
0
0
0
0
0
0
0
0
0
0
0
0
0
0
0
0
0
0
0
0
0
0
0
0
0
0
0
0
0
0
0
Bx Data
0
0
0
0
0
0
0
0
0
0
0
0
0
0
0
0
0
0
0
0
0
0
0
0
0
0
0
0
0
0
0
0
0
0
0
0
0
0
0
0
0
0
0
0
0
0
0
0
0
0
0
0
0
0
0
0
0
0
0
0
0
0
0
0
0
0
0
0
0
0
0
0
0
0
0
0
0
0
0
0
0
0
0
0
0
0
0
0
0
0
0
0
0
0
0
0
0
0
0
0
0
0
0
0
0
0
0
0
0
0
0
0
0
0
0
0
0
0
0
0
0
0
0
0
0
0
0
0
0
0
0
0
0
0
0
0
0
0
0
0
0
0
0
0
0
0
0
0
0
0
0
0
0
0
0
0
0
0
0
0
0
0
0
0
0
0
0
0
0
0
0
0
0
0
0
0
0
0
0
0
0
0
0
0
0
0
0
0
0
0
0
0
0
0
0
0
0
0
0
0
0
0
0
0
0
0
0
0
0
0
0
0
0
0
0
0
0
0
0
0
0
0
0
0
0
0
0
0
0
0
0
0
0
0
0
0
0
0
0
0
0
0
0
0
0
0
0
0
0
0
0
0
0
0
0
0
0
0
0
0
0
0
0
0
0
0
0
0
0
0
0
0
0
0
0
0
0
0
0
0
0
0
0
0
0
0
0
0
0
0
0
0
0
Hint Data
0
0
0
0
0
0
0
0
0
0
0
0
0
0
0
0
0
0
0
0
0
0
0
0
0
0
0
0
0
0
0
0
0
0
0
0
0
0
0
0
0
0
0
0
0
0
0
0
0
0
0
0
0
0
0
0
0
0
0
0
0
0
0
0
0
0
0
0
0
0
0
0
0
0
0
0
0
0
0
0
0
0
0
0
0
0
0
0
0
0
0
0
0
0
0
0
0
0
0
0
0
0
0
0
0
0
0
0
0
0
0
0
0
0
0
0
0
0
0
0
0
0
0
0
0
0
0
0
0
0
0
0
0
0
0
0
0
0
0
0
0
0
0
0
0
0
0
0
0
0
0
0
0
0
0
0
0
0
0
0
0
0
0
0
0
0
0
0
0
0
0
0
0
0
0
0
0
0
0
0
0
0
0
0
0
0
0
0
0
0
0
0
0
0
0
0
0
0
0
0
0
0
0
0
0
0
0
0
0
0
0
0
0
0
0
0
0
0
0
0
0
0
0
0
0
0
0
0
0
0
0
0
0
0
0
0
0
0
0
0
0
0
0
0
0
0
0
0
0
0
0
0
0
0
0
0
0
0
0
0
0
0
0
0
0
0
0
0
0
0
0
0
0
0
0
0
0
0
0
0
0
0
0
0
0
0
0
0
0
0
0
0
0
Torque Data
3.34994698483
3.34188798489
3.5003278848
3.2323046288
3.27749813976
3.28350532673
3.06627713717
3.15945737334
3.00552930696
2.82765505068
2.81507532712
2.80340853252
2.7636184475
2.83986627309
2.68171455985
2.53437701652
2.4325316631
2.27200359204
2.2984372908
2.2768642695
2.20810558449
2.13927982438
2.09107509816
2.04285552432
1.99308778848
1.81618469838
1.85740765546
1.77626393802
1.69474391457
1.7190288708
1.570965211
1.49617600512
1.43479253056
1.3037515848
1.27392641478
1.20984458784
1.1039326767
1.0335919676
0.9961291937
0.86924850432
0.87837359392
0.7757693255
0.76686887296
0.674260733865
0.572271454984
0.507219300315
0.468570471278
0.38433217005
0.329607487779
0.24616304145
0.17912857221
0.11186024926
0.0429674706936
-0.0244596414272
-0.096343522065
-0.156979456075
-0.2183781046
-0.292270364892
-0.36148690014
-0.43270080008
-0.479015083348
-0.547421351864
-0.659494625556
-0.70524965004
-0.78258338434
-0.88252838714
-0.9237448638
-1.02593136356
-1.07230433199
-1.1356015147
-1.13979610654
-1.23369975888
-1.3154035312
-1.3832345857
-1.46402739616
-1.49542905226
-1.5876645119
-1.59971063252
-1.77302503773
-1.7566802945
-1.90227935712
-2.012755605
-2.05847789942
-2.16985171024
-2.2248254784
-2.26928877084
-2.2869921984
-2.34478784046
-2.49653511964
-2.48670196314
-2.57373851657
-2.7649651192
-2.83524617376
-2.78042577204
-2.87596593312
-2.82333749502
-3.06237080488
-3.1044139542
-3.31435060136
-3.2891390973
-3.36673129016
-3.53370165224
-3.5884060185
-3.65355298104
-3.51362633298
-3.58912465632
-3.71720760336
-4.05589831582
-3.9050220157
-3.95186319936
-4.1343942568
-4.00074651648
-4.33585795032
-4.29196418511
-4.26427812256
-4.3171837281
-4.46494441952
-4.52360703196
-4.4179685366
-4.63502582496
-4.72447205932
-5.02703277489
-4.75557367264
-4.91301011835
-4.91306152148
-5.36693216077
-5.18191344819
-5.19155574417
-5.50415742304
-5.2105568877
-5.3023007296
-5.39619750911
-5.391035642
-5.76586548825
-5.3961107319
-5.80468231278
-5.52744793755
-5.70082006916
-6.1123907097
-6.3909387199
-6.0721412688
-6.08444877811
-6.54268247804
-6.45493453982
-6.29024752648
-6.70164498072
-6.280016697
-6.5755545642
-6.82721878527
-6.8827970167
-6.65802059302
-7.02720662828
-6.8109073984
-7.0233771195
-7.1280200888
-7.098731084
-7.497969924
-7.5227765056
-6.9190502121
-7.221766487
-7.291046491
-7.689522078
-7.355975868
-7.495382067
-7.9553242458
-7.8114290112
-8.0074539387
-8.0041424355
-8.183821338
-8.3879501632
-8.3830024092
-7.9230858429
-8.3739555688
-8.5590306039
-8.8629740136
-8.8380536895
-8.4965883572
-8.9622292056
-9.436074804
-9.0872519112
-8.9130868353
-8.715801904
-8.7450503127
-9.3115878994
-9.322188309
-9.3275874653
-9.5249661974
-9.3818053137
-9.778482645
-9.4122584064
-9.5466812832
-9.8394165856
-9.955054614
-10.34211675
-9.8710654317
-10.396054052
-9.8741844424
-10.7748478577
-10.4761400552
-10.385495022
-10.0545946737
-10.9059155646
-10.7637444928
-10.7417896144
-11.4663511508
-11.0530164216
-10.3652493532
-10.927939446
-10.7476578504
-11.0685177
-10.9642357878
-11.4899269848
-11.1785247558
-11.120776424
-11.9653806129
-11.023877368
-12.03516769
-11.6087298914
-11.810949578
-11.4553170002
-11.849180148
-11.350308882
-12.0411187218
-12.2803017896
-12.5143311512
-12.6160204906
-11.4390900936
-12.0066014824
-12.41423307
-12.6250697952
-12.7813386176
-12.596790421
-12.9844912855
-13.2003948096
-13.4755986744
-12.6763437888
-13.1256078867
-13.2562745834
-13.1809960506
-12.7743800352
-13.5926850744
-13.4541042522
-13.82721938
-13.20172377
-13.9132230498
-13.5853416163
-14.243898725
-14.5062808263
-14.391591025
-14.0559195645
-14.0337868902
-14.041245456
-14.4624740664
-14.4065614422
-14.1901745622
-14.2608799593
-14.3631168459
-14.5316716447
-14.1410005767
-15.203898675
-15.0756710424
-14.9473507224
-14.9539906406
-14.8230263311
-14.7583997889
-14.963527956
-14.657627992
-14.2963723796
-14.853104844
-15.1656046434
-15.2350639434
-15.8641447872
-14.91878841
-15.7628432586
-15.868727145
-15.3718345728
-16.227900912
-16.0488836016
-16.4086364232
-16.4454201624
-16.773677725
-15.4549079412
-16.5546716456
-16.7353738272
-17.0303612913
-16.9936181904
-15.71798274
-16.9133725296
-16.8720058377
-16.904736157
-16.3679411028
-17.583938155
-16.776504729
dMdH Data
1.10105067985167E-05
-4.61262402364364E-06
2.57571244166418E-06
2.9498287326214E-06
-4.51655754815438E-07
2.82986461911498E-06
-3.31023864511179E-07
5.94087377661188E-06
2.87740628166121E-07
5.87813962372267E-06
-2.6026570048309E-06
3.65193594161771E-06
-4.93827160493864E-07
3.8394988066826E-06
-1.28571428571428E-06
2.18546365914784E-06
1.87446504992868E-06
3.43404643617561E-06
1.90384224435863E-06
4.65613110916007E-06
-2.00955072605007E-06
3.39529365236306E-06
2.08098307816278E-06
4.06660648008827E-06
-1.08863480895141E-06
1.95922426653407E-07
1.91217845659161E-06
1.87068795584467E-06
7.54384265090591E-06
-5.68172690763052E-06
3.0898762426456E-06
-7.64796310530362E-07
5.03750253395496E-06
2.19907871019429E-06
3.10321390426256E-06
5.99146910028737E-07
-1.66918505087137E-06
2.40474765609415E-06
2.96413806364776E-06
2.46153846153848E-07
1.55475619504396E-06
4.72944900583635E-06
-5.84647951212119E-07
2.78400258413584E-06
1.90143577803612E-07
-1.63672615091603E-06
3.77583665118889E-06
6.1065803150236E-06
7.0119278990893E-07
3.18192785619494E-06
-1.55587837499375E-06
2.13347608991303E-06
-1.49867363376264E-06
1.22812047203219E-06
5.46479450650814E-06
3.23045267489712E-07
-5.06057353166679E-07
3.01685891748002E-06
1.91624983840654E-06
5.18655016770899E-07
6.06347882143264E-06
-2.02205138579811E-06
-2.70179781664706E-06
3.30755847670599E-06
1.33520168151333E-06
6.67530138487952E-08
5.40816326530608E-06
3.246428928179E-06
-3.06845846723145E-06
1.81616161616161E-06
1.12906483538678E-06
1.41329479768787E-06
7.35221063089944E-07
1.83169311106645E-06
8.32303797468357E-06
-2.7816398438244E-06
-1.93874456686548E-06
6.20643842616251E-06
1.05915114269253E-06
-1.85567010309282E-06
3.22494299593537E-06
-9.07333943647642E-07
3.26511002210048E-06
1.27834008097166E-06
-5.76345807484498E-07
1.28792327265609E-06
3.79375123591065E-06
1.19452887537992E-06
-2.80868120050834E-06
9.22479858518369E-06
-8.80088008800861E-08
9.68858131487871E-07
1.32488479262677E-07
1.9107019107019E-06
4.12797619047621E-06
-1.8413340070743E-06
1.02566653402311E-06
3.61597215508063E-07
3.18967269770281E-06
1.07110530021116E-06
2.7291805780788E-06
-9.35444078947346E-07
8.19534792036266E-06
-1.88813229571985E-06
4.26982200647251E-06
-3.44693572496266E-06
5.82915077293716E-06
2.55007418397628E-06
-3.13645182151327E-06
-3.41745328453094E-06
6.902443870455E-06
-2.76938271604938E-06
1.12685967028546E-06
0.000002928
1.64111300397503E-06
2.58842941115792E-07
3.22786735625191E-06
4.52975788559855E-06
-6.03716083366102E-06
1.12027772105371E-05
2.36975918641432E-07
-5.69772091163531E-07
8.05701577031934E-07
1.00616223860999E-06
4.18622473417002E-07
6.84758662126977E-06
8.91590678824743E-07
-5.68577825367467E-06
4.82111089148056E-06
-3.02628918099091E-06
7.73262137842373E-07
2.73469779955799E-06
4.144098109351E-06
1.80133863614325E-06
-3.74247290244881E-06
6.86543271635815E-06
2.55063992744127E-06
-3.1739465076005E-06
2.12299999999997E-06
4.38047307498739E-06
2.19062875450544E-06
-5.53627609877016E-06
1.40388329775342E-06
4.19008686764738E-08
1.79075799788648E-06
-4.10649819494582E-06
8.34158175642891E-06
-6.21777373369716E-07
-3.16189713828244E-07
-4.07179690598974E-06
5.81316224360853E-07
9.38245401253288E-06
4.05315947843532E-06
-4.94802694898942E-06
-1.34848484848489E-06
2.38244197780027E-06
2.62920268972137E-06
4.99398194583751E-06
3.46855983772822E-06
-3.09241245136182E-06
3.98822374877326E-06
-4.0365853658536E-06
-3.11175898931E-06
1.01716566866268E-05
-6.56833824975436E-07
-7.39339339339358E-06
2.20340681362729E-06
-3.5499495459132E-06
7.36711281070738E-06
-1.70264765784111E-06
4.7767767767768E-06
-8.39088263821543E-06
9.61685055165498E-06
-3.51796407185626E-06
8.28571428571409E-06
-7.85365853658527E-07
-4.74314720812188E-06
-4.21167161226508E-06
9.6715686274509E-06
-1.59656218402424E-06
3.16782522343602E-06
-8.0552907530983E-07
-2.66290983606558E-06
1.92980769230764E-06
-7.57142857142878E-07
-2.70303030303026E-06
2.81397637795282E-06
5.84772065955388E-06
6.75304878048771E-06
2.70270270270271E-06
-5.24151309408344E-06
-3.36978131212733E-06
4.23137254901963E-06
-1.30535894843271E-06
-4.43473895582343E-06
4.00578592092575E-06
-2.88488488488494E-06
-2.97188755020056E-07
2.27653359298929E-06
1.10810810810812E-06
-1.99395770392791E-07
1.82335329341313E-06
-5.06153846153849E-06
5.98684210526309E-06
-4.74823766364561E-06
2.12414467253178E-06
2.4169124877089E-06
5.55282051282054E-06
-3.8167641325536E-06
2.02434274586171E-06
8.11000000000041E-07
-8.86491935483863E-06
9.35172413793108E-06
7.63654419066552E-07
1.95939086294417E-06
-1.00776699029126E-06
3.00297619047612E-06
1.5180722891567E-06
3.82831325301203E-06
-7.14678030303036E-06
-4.07515657620032E-06
-3.49001996007981E-06
7.74087932647325E-06
8.83608247422698E-06
-4.93444227005867E-06
-1.29458917835676E-06
-1.07467204843592E-06
1.11558567279768E-05
-6.67003027245196E-06
-2.49500000000001E-06
-4.79092702169634E-06
1.04046920821114E-05
9.4773869346737E-07
1.69090909090902E-06
7.85440613027153E-08
-4.82431052093961E-06
2.49107142857137E-06
5.0439024390249E-07
-5.66965174129355E-06
2.41017964071854E-06
7.60912698412728E-07
4.99999999999939E-07
6.03349282296651E-06
-3.40020263424524E-06
-9.11530815109347E-07
4.40518962075856E-06
-3.88491295938107E-06
-1.19371196754569E-06
-8.57100000000001E-06
9.73118279569894E-06
-5.31809145129247E-07
5.11735205616867E-06
4.27335984095417E-06
-4.22512077294695E-06
7.25914935707216E-06
-5.25200803212848E-06
-8.35657370517979E-07
5.95242914979753E-06
-3.84291187739481E-06
-5.61585993820798E-06
6.04216867469877E-06
-4.13913043478262E-06
-2.59063745019909E-06
5.35276679841904E-06
2.03811434302912E-06
9.65999999999988E-07
-1.76156299840509E-06
-1.06148282097655E-06
5.57170923379156E-06
-4.34499999999996E-06
-5.21313131313123E-06
5.07581573896371E-06
4.22897669706167E-06
3.18227593152014E-07
-3.62042389210013E-06
8.2409274193548E-06
-3.56620553359687E-06
-3.93072289156633E-06
2.964461994077E-06
1.8994082840237E-06
-1.3801404212638E-06
8.190567853705E-07
3.00511770726715E-06
1.0298507462687E-06
-2.10787172011667E-06
9.5748987854252E-07
2.86318897637798E-06
-9.99601990049734E-06
1.85311871227371E-06
2.61432777232576E-06
-4.9555774925961E-07
-2.92642787996117E-06
-2.92642787996117E-06
dMdT Data
0
0
0
0
0
0
0
0
0
0
0
0
0
0
0
0
0
0
0
0
0
0
0
0
0
0
0
0
0
0
0
0
0
0
0
0
0
0
0
0
0
0
0
0
0
0
0
0
0
0
0
0
0
0
0
0
0
0
0
0
0
0
0
0
0
0
0
0
0
0
0
0
0
0
0
0
0
0
0
0
0
0
0
0
0
0
0
0
0
0
0
0
0
0
0
0
0
0
0
0
0
0
0
0
0
0
0
0
0
0
0
0
0
0
0
0
0
0
0
0
0
0
0
0
0
0
0
0
0
0
0
0
0
0
0
0
0
0
0
0
0
0
0
0
0
0
0
0
0
0
0
0
0
0
0
0
0
0
0
0
0
0
0
0
0
0
0
0
0
0
0
0
0
0
0
0
0
0
0
0
0
0
0
0
0
0
0
0
0
0
0
0
0
0
0
0
0
0
0
0
0
0
0
0
0
0
0
0
0
0
0
0
0
0
0
0
0
0
0
0
0
0
0
0
0
0
0
0
0
0
0
0
0
0
0
0
0
0
0
0
0
0
0
0
0
0
0
0
0
0
0
0
0
0
0
0
0
0
0
0
0
0
0
0
0
0
0
0
0
0
0
0
0
0
0
0
0
0
0
0
0
0
0
0
0
0
0
0
0
0
0
0
0
 
*********************************************** Results ***************************************
 
TotalArea 0
AreaFirstQuad 0
AreaSecondQuad 0
AreaThirdQuad 0
AreaFourthQuad 0
Coercivity 0
PositiveCoercivity 0
NegativeCoercivity 0
Retentivity 2.45002153782406E-03
PositiveRetentivity 7.64761704264525E-03
NegativeRetentivity 2.74757396699712E-03
Magnetization 0.00483649
PositiveMagnetization 0.00483649
NegativeMagnetization 0.00184617
Flatness -0.121448903439978
Squareness 0.506570165104045
SStar 0
SFD1 0
SFD2 0
Slope 0
Intercept 0
SlopeAtHc -2.92642787996117E-06
dH1 111.258345444831
dH2 56.3799999999999
InitialSlope 1.10105067985167E-05
FieldAtHalfMs -239.285107051117
FieldAtMs 2364.66
MomentMean 3.76261385665529E-03
MomentRMS 8.79416627125156E-04
SFD3 0
dH3 222.516690889662
UserField1 0
UserField2 0
CenterField 0
ExchangeField 0
ExchangeMoment 0
ExRegionOneIntercept 0
ExRegionOneSlope 0
ExRegionTwoIntercept 0
ExRegionTwoSlope 0
NegativeIntercept 0
NegativeSlope 0
AutoCenterOffset 0
PinningField 0
PinningMoment 0
PinRegionOneIntercept 0
PinRegionOneSlope 0
PinRegionTwoIntercept 0
PinRegionTwoSlope 0
PositiveIntercept 0
PositiveSlope 0
TotalOffset 0
BHMax 0
BCoercivity 0
BRetentivity 0
BNegativeCoercivity 0
BPositiveCoercivity 0
BNegativeRetentivity 0
BPositiveRetentivity 0
MomentYMean -6.93979812286689E-03
MomentYRMS 2.31632792255709E-04
YOffCorrection 0
Mrt 0
Ms1 0
Ms2 0
Ms3 0
Hc2 0
Hex2 0
HsatValue 0
HsatIntercept 0
HsatSlope 0
CenterH 0
Span .00299032
SpanAsPercentOfRange -56.4211320754717
RMSAsPercentOfRange -16.5927665495312
SpanAsPercentOfMean 79.4745385501289
RMSAsPercentOfMean 23.3724921192657
