Version 1.25
******************************************** Units *******************************************
System CGS
TemperatureUnit K
MomentUnit emu
AppliedFieldUnit G
 
******************************************** Setup ********************************************
 
Experiment CustomField
Minor False
Acquisition Continuous
EditedPoint No
MaxField 15000
FieldIncrement 100
Points 293
MinField 0
RampRate 10
AverageTime 0.3
TimeInterval 0
TimeConstant 0.1
TimeConstantIndex 0
Sensitivity -0.0053
SensitivityIndex 5
SensitivityY -400
SensitivityIndexY 0
SaturationField 8000
ExperimentTime 100
Use735Domains True
AutoRangeEnabled False
NumberOfVertices 2
VertexPts
0
292
VertexField
-547.7026
2404.01
StartAngle 0
EndAngle 0
AngleIncrement 0
StartTemp 0
FinishTemp 0
TempIncrement 0
TempPoints 0
LengthofSetPointsArray 293
SetPointArray
-547.70259
-537.59398
-527.48538
-517.37678
-507.26817
-497.15957
-487.05096
-476.94236
-466.83375
-456.72515
-446.61654
-436.50794
-426.39933
-416.29073
-406.18212
-396.07352
-385.96491
-375.85631
-365.7477
-355.6391
-345.53049
-335.42189
-325.31328
-315.20468
-305.09607
-294.98747
-284.87886
-274.77026
-264.66165
-254.55305
-244.44444
-234.33584
-224.22723
-214.11863
-204.01003
-193.90142
-183.79282
-173.68421
-163.57561
-153.467
-143.3584
-133.24979
-123.14119
-113.03258
-102.92398
-92.81537
-82.70677
-72.59816
-62.48956
-52.38095
-42.27235
-32.16374
-22.05514
-11.94653
-1.83793
8.27068
18.37928
28.48789
38.59649
48.7051
58.8137
68.92231
79.03091
89.13952
99.24812
109.35673
119.46533
129.57393
139.68254
149.79114
159.89975
170.00835
180.11696
190.22556
200.33417
210.44277
220.55138
230.65998
240.76859
250.87719
260.9858
271.0944
281.20301
291.31161
301.42022
311.52882
321.63743
331.74603
341.85464
351.96324
362.07185
372.18045
382.28906
392.39766
402.50627
412.61487
422.72348
432.83208
442.94069
453.04929
463.15789
473.2665
483.3751
493.48371
503.59231
513.70092
523.80952
533.91813
544.02673
554.13534
564.24394
574.35255
584.46115
594.56976
604.67836
614.78697
624.89557
635.00418
645.11278
655.22139
665.32999
675.4386
685.5472
695.65581
705.76441
715.87302
725.98162
736.09023
746.19883
756.30744
766.41604
776.52464
786.63325
796.74185
806.85046
816.95906
827.06767
837.17627
847.28488
857.39348
867.50209
877.61069
887.7193
897.8279
907.93651
918.04511
928.15372
938.26232
948.37093
958.47953
968.58814
978.69674
988.80535
998.91395
1009.02256
1019.13116
1029.23977
1039.34837
1049.45698
1059.56558
1069.67419
1079.78279
1089.8914
1100
1110.1086
1120.21721
1130.32581
1140.43442
1150.54302
1160.65163
1170.76023
1180.86884
1190.97744
1201.08605
1211.19465
1221.30326
1231.41186
1241.52047
1251.62907
1261.73768
1271.84628
1281.95489
1292.06349
1302.1721
1312.2807
1322.38931
1332.49791
1342.60652
1352.71512
1362.82373
1372.93233
1383.04094
1393.14954
1403.25815
1413.36675
1423.47536
1433.58396
1443.69256
1453.80117
1463.90977
1474.01838
1484.12698
1494.23559
1504.34419
1514.4528
1524.5614
1534.67001
1544.77861
1554.88722
1564.99582
1575.10443
1585.21303
1595.32164
1605.43024
1615.53885
1625.64745
1635.75606
1645.86466
1655.97327
1666.08187
1676.19048
1686.29908
1696.40769
1706.51629
1716.6249
1726.7335
1736.84211
1746.95071
1757.05931
1767.16792
1777.27652
1787.38513
1797.49373
1807.60234
1817.71094
1827.81955
1837.92815
1848.03676
1858.14536
1868.25397
1878.36257
1888.47118
1898.57978
1908.68839
1918.79699
1928.9056
1939.0142
1949.12281
1959.23141
1969.34002
1979.44862
1989.55723
1999.66583
2009.77444
2019.88304
2029.99165
2040.10025
2050.20886
2060.31746
2070.42607
2080.53467
2090.64327
2100.75188
2110.86048
2120.96909
2131.07769
2141.1863
2151.2949
2161.40351
2171.51211
2181.62072
2191.72932
2201.83793
2211.94653
2222.05514
2232.16374
2242.27235
2252.38095
2262.48956
2272.59816
2282.70677
2292.81537
2302.92398
2313.03258
2323.14119
2333.24979
2343.3584
2353.467
2363.57561
2373.68421
2383.79282
2393.90142
2404.01003
FieldDomainFile C:\IDEASVSM\Default UserID\Experiments\FORCexp0164B\fdomain.ini
TempDomainFile C:\IDEASVSM\Default UserID\Experiments\FORCexp0164B\tdomain.ini
NumSelectedResults 0
ResultsSelected 
UserName1 
UserValue1 
UserName2 
UserValue2 
LinearBackgroundCorrection Off
MaxLinearFieldCorrection 
MinLinearFieldCorrection 
AutoLinearCorrection Off
FitOneRegion Off
BackgroundMode Off
BackgroundFilename 
AutoCenter Off
OffsetCorrection 
SmoothDeriv Off
DerivOrder 0
DerivPoints 0
MinExFieldOne 
MaxExFieldOne 
MinExFieldTwo 
MaxExFieldTwo 
MinPinFieldOne 
MaxPinFieldOne 
MinPinFieldTwo 
MaxPinFieldTwo 
HCenterStart 
Mass 
Volume 
Density 
MolarWeight 
NumberOfMoles 
Demagnetization 
SampleArea 
Thickness 
MomentScaling 0
XAxis 0
YAxis 0
SimpleSpinValve False
HsatMax 0
HsatMin 0
FieldAutoRange False
 
*************************************************** Experiment Data ********************************************
 
DataPoints 293
MomentX Data
0.00176834
0.00176484
0.00177224
0.00181397
0.00183167
0.00185145
0.00186244
0.00187841
0.00191833
0.00191988
0.001949
0.00196595
0.00200114
0.00196107
0.00200365
0.00201668
0.00206269
0.00209423
0.0020835
0.00208767
0.00212262
0.00217203
0.00213866
0.00216147
0.00221932
0.00221829
0.00223503
0.00225359
0.00227721
0.0022711
0.00227245
0.00229386
0.00232639
0.00234466
0.00237793
0.00240073
0.00244629
0.00240674
0.00243908
0.00247541
0.00246019
0.00249359
0.00248161
0.00250148
0.00250493
0.00252118
0.00253476
0.00255015
0.00257743
0.00261359
0.00262565
0.00267393
0.00267683
0.00270195
0.00269288
0.00270769
0.00272511
0.00272116
0.00275325
0.00279536
0.00281809
0.00277922
0.00284019
0.00280296
0.00286602
0.00284849
0.00288408
0.00287048
0.00291103
0.00289689
0.00293894
0.00295413
0.00296164
0.00297656
0.00298389
0.00299185
0.00302358
0.0030729
0.00308391
0.0030858
0.00309983
0.00308053
0.00309519
0.0031372
0.0031292
0.00318436
0.00316389
0.00319024
0.0032234
0.00319219
0.00322445
0.00326555
0.00327564
0.00327427
0.00330409
0.0032941
0.00335464
0.00333585
0.00335945
0.00334584
0.00340609
0.00334764
0.00339878
0.00345027
0.00345939
0.00346664
0.00346695
0.00353233
0.00348765
0.00354877
0.0035547
0.00360208
0.00356573
0.00361118
0.00364949
0.00365455
0.00363649
0.00366656
0.00366866
0.00366975
0.00363513
0.00371737
0.00371792
0.00374305
0.00374964
0.00373765
0.00375398
0.00381237
0.00384883
0.00379056
0.00378778
0.00381008
0.0038126
0.00380238
0.00382891
0.00387375
0.00388958
0.00388794
0.00395934
0.00396249
0.00396072
0.00395574
0.00395843
0.00398436
0.00398887
0.00402324
0.00402526
0.00409096
0.00409612
0.00403026
0.00402635
0.00404394
0.00403082
0.00408719
0.00405165
0.00408161
0.00411305
0.00421511
0.00413719
0.0041524
0.00417856
0.00413534
0.00418339
0.00417417
0.00420365
0.00420565
0.00417238
0.00418382
0.0042317
0.00421783
0.00419567
0.00421875
0.00423281
0.00421632
0.00426218
0.00428232
0.00426997
0.00429621
0.00432005
0.00429775
0.00430781
0.00428041
0.00435401
0.00433138
0.00433218
0.00431513
0.00430515
0.0043735
0.00428355
0.00437958
0.00439401
0.00439897
0.00434566
0.0044082
0.00442105
0.00436879
0.00438
0.00440512
0.00447546
0.00443638
0.00443084
0.00439814
0.00444938
0.00443816
0.00454848
0.00451496
0.00448069
0.00447302
0.00439908
0.00444517
0.00450423
0.00455461
0.00450228
0.0044465
0.00442274
0.00449169
0.00444927
0.00453336
0.00454275
0.00451069
0.00452162
0.00453349
0.0045692
0.00452499
0.00459718
0.00457073
0.00451649
0.00451584
0.00459984
0.00459304
0.00459105
0.00456479
0.00455209
0.00458266
0.00464556
0.00452193
0.0045613
0.00451782
0.00454879
0.00462034
0.00464742
0.00459247
0.00457513
0.00459039
0.00461669
0.00459783
0.00464549
0.004654
0.00461474
0.00464719
0.00467773
0.0046442
0.00467444
0.00462773
0.0046695
0.00463936
0.00460649
0.00466503
0.00471734
0.00471937
0.00468557
0.00470694
0.00469243
0.00471642
0.00467092
0.00472024
0.00467955
0.00472183
0.0047649
0.00479258
0.00473801
0.00471523
0.00472178
0.00471062
0.00477779
0.00475927
0.00473222
0.0047793
0.00475745
0.00473322
0.00477707
0.00477316
0.00474449
0.00473234
0.00475649
0.00472546
0.00473787
0.0048227
0.00485258
0.00475869
0.00476914
0.00477224
0.00485987
MomentY Data
-0.00626246
-0.00658035
-0.00677109
-0.00699361
-0.00670751
-0.00712077
-0.0067393
-0.00658035
-0.00658035
-0.00688235
-0.00697772
-0.00658035
-0.00648499
-0.00689824
-0.00658035
-0.00648499
-0.00724792
-0.00694593
-0.00661214
-0.00715256
-0.00667572
-0.00658035
-0.00651677
-0.00678698
-0.00670751
-0.00680288
-0.00661214
-0.00683467
-0.00700951
-0.0067393
-0.00689824
-0.00654856
-0.00688235
-0.00705719
-0.00686646
-0.00648499
-0.00683467
-0.00683467
-0.00669161
-0.00697772
-0.00677109
-0.00689824
-0.00680288
-0.00685056
-0.00699361
-0.00705719
-0.00680288
-0.00697772
-0.00685056
-0.00694593
-0.00685056
-0.00720024
-0.00658035
-0.00661214
-0.00664393
-0.00683467
-0.00710487
-0.00667572
-0.00708898
-0.00689824
-0.00654856
-0.00664393
-0.00680288
-0.00710487
-0.00683467
-0.00683467
-0.00688235
-0.00700951
-0.00677109
-0.0064532
-0.00742277
-0.00713666
-0.00697772
-0.00677109
-0.00700951
-0.00686646
-0.00697772
-0.00726382
-0.00720024
-0.00694593
-0.00680288
-0.00710487
-0.00680288
-0.00713666
-0.00720024
-0.0067393
-0.0067393
-0.00691414
-0.00667572
-0.0067393
-0.00683467
-0.00685056
-0.00694593
-0.00716845
-0.00683467
-0.00726382
-0.00720024
-0.00680288
-0.00693003
-0.00677109
-0.00677109
-0.00700951
-0.00670751
-0.00670751
-0.00715256
-0.00697772
-0.00705719
-0.0070254
-0.00681877
-0.00699361
-0.00705719
-0.00661214
-0.00681877
-0.00680288
-0.0070413
-0.0070413
-0.0070254
-0.00740687
-0.00693003
-0.00713666
-0.00667572
-0.00708898
-0.00683467
-0.00683467
-0.00699361
-0.00680288
-0.00697772
-0.00720024
-0.00697772
-0.00735919
-0.00718435
-0.00686646
-0.00700951
-0.00688235
-0.00699361
-0.00705719
-0.00677109
-0.00678698
-0.00718435
-0.0070254
-0.00705719
-0.00680288
-0.00694593
-0.00689824
-0.00664393
-0.00689824
-0.00724792
-0.00694593
-0.00686646
-0.00713666
-0.00715256
-0.00699361
-0.00694593
-0.00689824
-0.00697772
-0.00710487
-0.00735919
-0.00710487
-0.00689824
-0.00683467
-0.0067393
-0.00708898
-0.00720024
-0.00705719
-0.0070413
-0.00688235
-0.00708898
-0.00680288
-0.00715256
-0.00724792
-0.00729561
-0.00708898
-0.00735919
-0.00683467
-0.00724792
-0.00715256
-0.00699361
-0.00729561
-0.00735919
-0.00694593
-0.0073115
-0.00688235
-0.00713666
-0.0073115
-0.00715256
-0.00694593
-0.00720024
-0.00705719
-0.00664393
-0.00715256
-0.00651677
-0.00699361
-0.0070413
-0.00691414
-0.00705719
-0.00710487
-0.00726382
-0.00689824
-0.0067393
-0.00678698
-0.00686646
-0.0067393
-0.00705719
-0.0070413
-0.0070254
-0.00688235
-0.00724792
-0.00708898
-0.00694593
-0.00715256
-0.0070413
-0.00715256
-0.00740687
-0.00694593
-0.00678698
-0.00700951
-0.00696182
-0.00721614
-0.00724792
-0.00718435
-0.00726382
-0.0073115
-0.0070413
-0.00699361
-0.00710487
-0.00710487
-0.00724792
-0.00716845
-0.00735919
-0.00729561
-0.00720024
-0.00689824
-0.00708898
-0.00715256
-0.00696182
-0.00693003
-0.00680288
-0.00729561
-0.00710487
-0.00747045
-0.00685056
-0.00678698
-0.0067393
-0.00713666
-0.00677109
-0.00680288
-0.00688235
-0.00694593
-0.00740687
-0.00724792
-0.00705719
-0.00713666
-0.00700951
-0.0070413
-0.00710487
-0.00683467
-0.00720024
-0.00762939
-0.00708898
-0.00713666
-0.00724792
-0.00680288
-0.00683467
-0.00699361
-0.00715256
-0.00708898
-0.00734329
-0.00686646
-0.00667572
-0.00721614
-0.00710487
-0.00726382
-0.00715256
-0.00721614
-0.0070413
-0.00716845
-0.00683467
-0.00715256
-0.00700951
-0.00661214
-0.0070413
-0.00699361
-0.00689824
-0.00693003
-0.00696182
-0.00677109
-0.00740687
-0.00693003
-0.00708898
-0.00742277
-0.00664393
-0.00724792
-0.00720024
Field Data
-547.102
-540.805
-531.049
-520.971
-510.979
-500.932
-490.642
-480.371
-470.281
-460.201
-450.252
-440.258
-429.801
-419.931
-409.883
-399.933
-389.868
-379.376
-369.501
-359.652
-349.113
-339.24
-328.965
-319.133
-308.989
-298.835
-288.889
-278.803
-268.526
-258.539
-248.589
-238.468
-228.04
-218.275
-208.282
-197.836
-188.025
-177.651
-167.769
-157.698
-147.633
-137.748
-127.329
-117.441
-107.473
-97.1307
-87.1281
-77.28
-66.938
-56.8294
-46.8479
-36.6226
-26.7716
-16.7696
-6.38497
3.50458
13.4994
23.7168
33.4247
43.7811
54.2576
64.2244
74.1106
84.0275
94.2206
104.266
114.346
124.68
134.609
144.478
154.735
164.847
175.171
184.993
194.88
205.234
215.135
225.53
235.282
245.584
255.582
265.387
275.778
285.874
295.782
305.958
315.965
326.128
336.18
346.232
356.174
366.83
376.49
386.376
396.657
406.639
416.651
426.779
436.95
446.935
456.952
467.38
477.239
487.549
497.392
507.317
517.823
527.674
537.577
547.811
557.987
567.85
577.893
588.375
598.032
608.116
618.607
628.382
638.545
648.47
658.763
668.593
678.646
688.979
698.897
708.935
719.132
729.242
739.219
749.245
759.571
769.691
779.715
789.696
799.629
810.058
819.832
829.718
840.067
850.12
860.046
870.211
880.423
890.384
900.715
910.555
920.598
930.962
940.717
950.72
961.053
971.056
981.018
990.999
1001.42
1011.39
1021.11
1031.6
1041.58
1051.54
1061.75
1071.8
1082.09
1091.88
1101.91
1112.21
1122.14
1132.18
1142.18
1152.49
1162.51
1172.33
1182.82
1192.68
1202.56
1212.75
1222.9
1233.19
1243.15
1252.97
1263.06
1273.45
1283.36
1293.27
1303.72
1313.56
1323.48
1333.8
1343.88
1353.82
1363.92
1374.17
1384.19
1394.27
1404.42
1414.26
1424.75
1434.41
1444.26
1454.87
1464.69
1475.14
1484.73
1494.93
1505.13
1515.18
1524.98
1535.38
1545.27
1555.42
1565.32
1575.43
1585.68
1595.64
1605.84
1615.96
1625.9
1635.96
1646.2
1656.11
1666.09
1676.36
1686.29
1696.12
1706.33
1716.65
1726.54
1736.69
1746.82
1756.95
1767
1776.97
1787
1797.43
1807.24
1817.09
1827.35
1837.54
1847.45
1857.39
1867.97
1877.75
1887.64
1897.97
1907.84
1918.22
1928.15
1937.92
1948.58
1958.31
1968.3
1978.38
1988.58
1998.65
2008.57
2019.04
2028.8
2038.78
2049.04
2059.2
2069.13
2079.33
2089.42
2099.42
2109.18
2119.47
2129.65
2139.64
2149.67
2159.99
2169.87
2179.72
2190.17
2200.1
2210.29
2220.34
2230.16
2240.71
2250.2
2260.67
2270.58
2280.58
2291
2300.71
2310.72
2321.18
2331.18
2341.25
2351.08
2361.17
2371.62
2381.13
2391.62
Time Data
0
0.3
0.6
0.9
1.2
1.5
1.8
2.1
2.4
2.7
3
3.3
3.6
3.9
4.2
4.5
4.8
5.1
5.4
5.7
6
6.3
6.6
6.9
7.2
7.5
7.8
8.1
8.4
8.7
9
9.3
9.6
9.9
10.2
10.5
10.8
11.1
11.4
11.7
12
12.3
12.6
12.9
13.2
13.5
13.8
14.1
14.4
14.7
15
15.3
15.6
15.9
16.2
16.5
16.8
17.1
17.4
17.7
18
18.3
18.6
18.9
19.2
19.5
19.8
20.1
20.4
20.7
21
21.3
21.6
21.9
22.2
22.5
22.8
23.1
23.4
23.7
24
24.3
24.6
24.9
25.2
25.5
25.8
26.1
26.4
26.7
27
27.3
27.6
27.9
28.2
28.5
28.8
29.1
29.4
29.7
30.0000000000001
30.3000000000001
30.6000000000001
30.9000000000001
31.2000000000001
31.5000000000001
31.8000000000001
32.1000000000001
32.4
32.7
33
33.3
33.6
33.9
34.2
34.5
34.8
35.1
35.4
35.7
36
36.3
36.6
36.9
37.2
37.5
37.8
38.1
38.4
38.7
39
39.3
39.6
39.9
40.2
40.5
40.8
41.1
41.4
41.7
42
42.3
42.6
42.8999999999999
43.1999999999999
43.4999999999999
43.7999999999999
44.0999999999999
44.3999999999999
44.6999999999999
44.9999999999999
45.2999999999999
45.5999999999999
45.8999999999999
46.1999999999999
46.4999999999999
46.7999999999999
47.0999999999999
47.3999999999999
47.6999999999999
47.9999999999999
48.2999999999999
48.5999999999999
48.8999999999999
49.1999999999999
49.4999999999999
49.7999999999999
50.0999999999999
50.3999999999999
50.6999999999999
50.9999999999999
51.2999999999999
51.5999999999999
51.8999999999999
52.1999999999999
52.4999999999999
52.7999999999999
53.0999999999999
53.3999999999998
53.6999999999998
53.9999999999998
54.2999999999998
54.5999999999998
54.8999999999998
55.1999999999998
55.4999999999998
55.7999999999998
56.0999999999998
56.3999999999998
56.6999999999998
56.9999999999998
57.2999999999998
57.5999999999998
57.8999999999998
58.1999999999998
58.4999999999998
58.7999999999998
59.0999999999998
59.3999999999998
59.6999999999998
59.9999999999998
60.2999999999998
60.5999999999998
60.8999999999998
61.1999999999998
61.4999999999998
61.7999999999998
62.0999999999998
62.3999999999998
62.6999999999998
62.9999999999998
63.2999999999998
63.5999999999998
63.8999999999998
64.1999999999997
64.4999999999997
64.7999999999997
65.0999999999997
65.3999999999997
65.6999999999997
65.9999999999997
66.2999999999997
66.5999999999997
66.8999999999997
67.1999999999997
67.4999999999997
67.7999999999997
68.0999999999997
68.3999999999997
68.6999999999997
68.9999999999997
69.2999999999997
69.5999999999997
69.8999999999997
70.1999999999997
70.4999999999997
70.7999999999997
71.0999999999997
71.3999999999997
71.6999999999997
71.9999999999997
72.2999999999997
72.5999999999997
72.8999999999997
73.1999999999997
73.4999999999997
73.7999999999997
74.0999999999997
74.3999999999997
74.6999999999996
74.9999999999996
75.2999999999996
75.5999999999996
75.8999999999996
76.1999999999996
76.4999999999996
76.7999999999996
77.0999999999996
77.3999999999996
77.6999999999996
77.9999999999996
78.2999999999996
78.5999999999996
78.8999999999996
79.1999999999996
79.4999999999996
79.7999999999996
80.0999999999996
80.3999999999996
80.6999999999996
80.9999999999996
81.2999999999996
81.5999999999996
81.8999999999996
82.1999999999996
82.4999999999996
82.7999999999996
83.0999999999996
83.3999999999996
83.6999999999996
83.9999999999996
84.2999999999996
84.5999999999996
84.8999999999996
85.1999999999995
85.4999999999995
85.7999999999995
86.0999999999995
86.3999999999995
86.6999999999995
86.9999999999995
87.2999999999995
87.5999999999995
Temperature Data
0
0
0
0
0
0
0
0
0
0
0
0
0
0
0
0
0
0
0
0
0
0
0
0
0
0
0
0
0
0
0
0
0
0
0
0
0
0
0
0
0
0
0
0
0
0
0
0
0
0
0
0
0
0
0
0
0
0
0
0
0
0
0
0
0
0
0
0
0
0
0
0
0
0
0
0
0
0
0
0
0
0
0
0
0
0
0
0
0
0
0
0
0
0
0
0
0
0
0
0
0
0
0
0
0
0
0
0
0
0
0
0
0
0
0
0
0
0
0
0
0
0
0
0
0
0
0
0
0
0
0
0
0
0
0
0
0
0
0
0
0
0
0
0
0
0
0
0
0
0
0
0
0
0
0
0
0
0
0
0
0
0
0
0
0
0
0
0
0
0
0
0
0
0
0
0
0
0
0
0
0
0
0
0
0
0
0
0
0
0
0
0
0
0
0
0
0
0
0
0
0
0
0
0
0
0
0
0
0
0
0
0
0
0
0
0
0
0
0
0
0
0
0
0
0
0
0
0
0
0
0
0
0
0
0
0
0
0
0
0
0
0
0
0
0
0
0
0
0
0
0
0
0
0
0
0
0
0
0
0
0
0
0
0
0
0
0
0
0
0
0
0
0
0
0
0
0
0
0
0
0
0
0
0
0
0
0
0
0
0
0
0
0
Angle Data
0
0
0
0
0
0
0
0
0
0
0
0
0
0
0
0
0
0
0
0
0
0
0
0
0
0
0
0
0
0
0
0
0
0
0
0
0
0
0
0
0
0
0
0
0
0
0
0
0
0
0
0
0
0
0
0
0
0
0
0
0
0
0
0
0
0
0
0
0
0
0
0
0
0
0
0
0
0
0
0
0
0
0
0
0
0
0
0
0
0
0
0
0
0
0
0
0
0
0
0
0
0
0
0
0
0
0
0
0
0
0
0
0
0
0
0
0
0
0
0
0
0
0
0
0
0
0
0
0
0
0
0
0
0
0
0
0
0
0
0
0
0
0
0
0
0
0
0
0
0
0
0
0
0
0
0
0
0
0
0
0
0
0
0
0
0
0
0
0
0
0
0
0
0
0
0
0
0
0
0
0
0
0
0
0
0
0
0
0
0
0
0
0
0
0
0
0
0
0
0
0
0
0
0
0
0
0
0
0
0
0
0
0
0
0
0
0
0
0
0
0
0
0
0
0
0
0
0
0
0
0
0
0
0
0
0
0
0
0
0
0
0
0
0
0
0
0
0
0
0
0
0
0
0
0
0
0
0
0
0
0
0
0
0
0
0
0
0
0
0
0
0
0
0
0
0
0
0
0
0
0
0
0
0
0
0
0
0
0
0
0
0
0
Bx Data
0
0
0
0
0
0
0
0
0
0
0
0
0
0
0
0
0
0
0
0
0
0
0
0
0
0
0
0
0
0
0
0
0
0
0
0
0
0
0
0
0
0
0
0
0
0
0
0
0
0
0
0
0
0
0
0
0
0
0
0
0
0
0
0
0
0
0
0
0
0
0
0
0
0
0
0
0
0
0
0
0
0
0
0
0
0
0
0
0
0
0
0
0
0
0
0
0
0
0
0
0
0
0
0
0
0
0
0
0
0
0
0
0
0
0
0
0
0
0
0
0
0
0
0
0
0
0
0
0
0
0
0
0
0
0
0
0
0
0
0
0
0
0
0
0
0
0
0
0
0
0
0
0
0
0
0
0
0
0
0
0
0
0
0
0
0
0
0
0
0
0
0
0
0
0
0
0
0
0
0
0
0
0
0
0
0
0
0
0
0
0
0
0
0
0
0
0
0
0
0
0
0
0
0
0
0
0
0
0
0
0
0
0
0
0
0
0
0
0
0
0
0
0
0
0
0
0
0
0
0
0
0
0
0
0
0
0
0
0
0
0
0
0
0
0
0
0
0
0
0
0
0
0
0
0
0
0
0
0
0
0
0
0
0
0
0
0
0
0
0
0
0
0
0
0
0
0
0
0
0
0
0
0
0
0
0
0
0
0
0
0
0
0
Hint Data
0
0
0
0
0
0
0
0
0
0
0
0
0
0
0
0
0
0
0
0
0
0
0
0
0
0
0
0
0
0
0
0
0
0
0
0
0
0
0
0
0
0
0
0
0
0
0
0
0
0
0
0
0
0
0
0
0
0
0
0
0
0
0
0
0
0
0
0
0
0
0
0
0
0
0
0
0
0
0
0
0
0
0
0
0
0
0
0
0
0
0
0
0
0
0
0
0
0
0
0
0
0
0
0
0
0
0
0
0
0
0
0
0
0
0
0
0
0
0
0
0
0
0
0
0
0
0
0
0
0
0
0
0
0
0
0
0
0
0
0
0
0
0
0
0
0
0
0
0
0
0
0
0
0
0
0
0
0
0
0
0
0
0
0
0
0
0
0
0
0
0
0
0
0
0
0
0
0
0
0
0
0
0
0
0
0
0
0
0
0
0
0
0
0
0
0
0
0
0
0
0
0
0
0
0
0
0
0
0
0
0
0
0
0
0
0
0
0
0
0
0
0
0
0
0
0
0
0
0
0
0
0
0
0
0
0
0
0
0
0
0
0
0
0
0
0
0
0
0
0
0
0
0
0
0
0
0
0
0
0
0
0
0
0
0
0
0
0
0
0
0
0
0
0
0
0
0
0
0
0
0
0
0
0
0
0
0
0
0
0
0
0
0
Torque Data
3.42620439092
3.55868618175
3.59578057341
3.64346799531
3.42739675229
3.56702155764
3.3065836306
3.16100930985
3.09461357835
3.16726435235
3.14173238544
2.8970517303
2.78725518699
2.89678482144
2.69717359905
2.59356150567
2.82573207456
2.63511913968
2.44319234214
2.57243250912
2.33058063636
2.232317934
2.14378924305
2.16594928834
2.07254680739
2.0329386448
1.91017451246
1.90552650001
1.88223568226
1.7423718827
1.71482658336
1.56162200608
1.569451094
1.54040814725
1.43016002172
1.28296448164
1.28508882675
1.21418596017
1.12264471809
1.10037248856
0.99963632997
0.95021876352
0.86620390752
0.80453661696
0.75162424753
0.685469804733
0.592722008928
0.5392382016
0.45856278528
0.394733034342
0.320934349824
0.263691509424
0.17616649806
0.110882942944
0.0424212937321
-0.0239526477886
-0.095911482078
-0.158326716096
-0.236947029806
-0.302012535264
-0.355309149056
-0.426702417892
-0.504165518528
-0.597004463925
-0.643966708202
-0.71262370222
-0.7869691931
-0.8739457068
-0.91144965381
-0.9323454296
-1.14856231595
-1.17645699102
-1.22229419012
-1.25260425237
-1.3660133088
-1.40923105164
-1.5011517922
-1.6382093246
-1.69408686768
-1.70580927312
-1.73869367616
-1.88554013469
-1.87608464064
-2.04018554084
-2.12970138768
-2.0619427494
-2.1293829245
-2.25489464992
-2.2442435496
-2.3333613176
-2.43433175258
-2.5129909248
-2.6150731857
-2.7697170372
-2.71101969819
-2.95375250098
-2.99998719624
-2.90332632352
-3.0280766085
-3.02623710915
-3.09406311768
-3.2761047838
-3.20108536489
-3.27023979299
-3.55762612352
-3.53991597724
-3.65437529737
-3.7071209196
-3.66561392029
-3.83117648771
-3.93782027653
-3.754703699
-3.94051945161
-4.00264452
-4.2109227216
-4.2819271908
-4.3459616178
-4.65434378434
-4.42513600635
-4.6279099102
-4.39771733436
-4.73964240514
-4.63832145682
-4.70894410193
-4.88781304817
-4.8227997328
-5.01790173904
-5.25071741808
-5.15806320068
-5.51383631155
-5.45702391385
-5.28505246386
-5.46542008965
-5.4349642656
-5.59229337069
-5.71673321702
-5.55115625688
-5.63127947164
-6.03533535145
-5.972433048
-6.06950803074
-5.91994100768
-6.11535652839
-6.14208252416
-5.98428740995
-6.2812269232
-6.67242065616
-6.46639688466
-6.45939565182
-6.7849653952
-6.87398924568
-6.79118695216
-6.81408235674
-6.83614894176
-6.9876283624
-7.1857944693
-7.5145425009
-7.329383892
-7.1850688192
-7.1869288918
-7.155451775
-7.597968764
-7.7913077016
-7.7056046172
-7.758878883
-7.6546184935
-7.9548280172
-7.7020846784
-8.1695109808
-8.3531553208
-8.4812195811
-8.3106239234
-8.7045971158
-8.1515742156
-8.7160586752
-8.67426714
-8.552485669
-8.9968732959
-9.1485770485
-8.7030419121
-9.23486319
-8.7643286075
-9.1589039776
-9.455743605
-9.3249355232
-9.1238958108
-9.5293736352
-9.412880022
-8.9286446484
-9.6832787792
-8.8883529384
-9.6104090537
-9.746497047
-9.6401779778
-9.9112587798
-10.0481334462
-10.349127545
-9.8949044384
-9.733301418
-9.8741735926
-10.0572352974
-9.941411002
-10.4780217087
-10.526250609
-10.574140302
-10.427999073
-11.0529330416
-10.8842781124
-10.7333372511
-11.1252348752
-11.021887716
-11.2683576008
-11.7449256216
-11.0832037452
-10.8988039632
-11.3270877796
-11.319223138
-11.8053163944
-11.931525904
-11.8980738785
-12.1021778638
-12.25670614
-11.873673777
-11.8620017932
-12.1232528271
-12.1965750855
-12.5138237968
-12.4493754305
-12.8551802758
-12.8180219895
-12.72282408
-12.2579655328
-12.66800726
-12.8562259208
-12.5816795768
-12.5924882127
-12.431242768
-13.4059751994
-13.1258920815
-13.8755391255
-12.7966405632
-12.744251695
-12.721372252
-13.5451665802
-12.9181563456
-13.0494204736
-13.2702031525
-13.4606566656
-14.4328787446
-14.1936742152
-13.890667077
-14.1190254108
-13.9389713958
-14.073094245
-14.2706287359
-13.7994721168
-14.607846912
-15.5546477442
-14.5256035792
-14.695810272
-14.9968887096
-14.1454324704
-14.2804961914
-14.6825247062
-15.0860365008
-15.0248804406
-15.6386375485
-14.6917524744
-14.3505950124
-15.5867902386
-15.4166442669
-15.8330937304
-15.6653223352
-15.876229614
-15.563314977
-15.916396273
-15.2424076472
-16.0268127176
-15.772799402
-14.9478665338
-15.987834954
-15.9494870938
-15.80386784
-15.9439893213
-16.0868167104
-15.7169186862
-17.2667472066
-16.2249327375
-16.6667590984
-17.5264218409
-15.7568772666
-17.2582397496
-17.2202379888
dMdH Data
-5.55820231856442E-07
7.5850758507586E-07
4.14070252034135E-06
1.77141713370697E-06
1.96874688961878E-06
1.06802721088435E-06
1.55486320708793E-06
3.95639246778989E-06
1.53769841269832E-07
2.92692732937984E-06
1.69601761056635E-06
3.36520990723918E-06
-4.0597771023303E-06
4.23765923566879E-06
1.30954773869345E-06
4.57128663686041E-06
3.00609988562714E-06
-1.08658227848102E-06
4.23393237892168E-07
3.31625391403361E-06
5.00455788514132E-06
-3.24768856447688E-06
2.31997558991048E-06
5.70287854889589E-06
-1.01437857002162E-07
1.68308867886587E-06
1.840174499306E-06
2.29833609029871E-06
-6.11795333934127E-07
1.35678391959822E-07
2.11540361624344E-06
3.11948599923282E-06
1.87096774193552E-06
3.32933053137194E-06
2.18265364732911E-06
4.64376720008154E-06
-3.81241565452089E-06
3.27261687917426E-06
3.60738754840629E-06
-1.51217088922005E-06
3.37885685381889E-06
-1.14982243977349E-06
2.00950647249191E-06
3.46107544141241E-07
1.57121723407755E-06
1.35764701177694E-06
1.56273799006916E-06
2.63778766196091E-06
3.57715212789109E-06
1.20823523518513E-06
4.72162185950534E-06
2.94386356715023E-07
2.51149770045991E-06
-8.73406178169074E-07
1.49754033297775E-06
1.74290282366268E-06
-3.86595415663515E-07
3.30555526941978E-06
4.06608473987101E-06
2.1696177158402E-06
-3.89994782678491E-06
6.16718253727414E-06
-3.75419738022967E-06
6.18653795214407E-06
-1.74507734883628E-06
3.53075396825395E-06
-1.3160441261854E-06
4.08399637425726E-06
-1.43276927753573E-06
4.09963927074194E-06
1.50217563291139E-06
7.2743122820613E-07
1.51903889228262E-06
7.4137756650145E-07
7.68785010623912E-07
3.20472679527323E-06
4.74458874458872E-06
1.12899917965546E-06
1.83459522422836E-07
1.40328065613122E-06
-1.96838347781743E-06
1.41083630064475E-06
4.16105388272586E-06
-8.07428340734783E-07
5.42059748427669E-06
-2.04556810232837E-06
2.59273836465611E-06
3.29884600079585E-06
-3.10485475527256E-06
3.24481995574329E-06
3.85698198198199E-06
1.04451345755693E-06
-1.38579809832053E-07
2.90049606069447E-06
-1.00080144259668E-06
6.04674390731122E-06
-1.85525276461294E-06
2.32032248549798E-06
-1.36304456685026E-06
6.01477488269941E-06
-5.60510164940547E-06
5.18713865503605E-06
4.99418040737148E-06
9.26546784516919E-07
7.30478589420642E-07
2.95069484104221E-08
6.63688965587253E-06
-4.51176411188528E-06
5.9722493648622E-06
5.82743710691819E-07
4.80381222751696E-06
-3.61943642337948E-06
4.33600457927876E-06
3.96707051879466E-06
5.0178500595001E-07
-1.72147555047182E-06
3.07621483375961E-06
2.06631900029486E-07
1.09823677581866E-07
-3.36345088895365E-06
8.3662258392676E-06
5.47100368049541E-08
2.43201393593339E-06
6.64448477515617E-07
-1.19446104801754E-06
1.60145140727667E-06
5.77546983184962E-06
3.65440513180315E-06
-5.81188908837027E-06
-2.69223319775321E-07
2.20355731225295E-06
2.51396648044714E-07
-1.02394549644324E-06
2.67089499647638E-06
4.29954933358904E-06
1.61960302844282E-06
-1.65891159215076E-07
6.8992173156827E-06
3.13339301700936E-07
-1.78319564779356E-07
-4.89916379734376E-07
2.63415589502511E-07
2.60315229394643E-06
4.36550188752308E-07
3.49288617886179E-06
2.01135118988365E-07
6.33925125434195E-06
5.28959507944615E-07
-6.58402479256221E-06
-3.78399303203349E-07
1.75847245826256E-06
-1.31700461754669E-06
5.64773068830779E-06
-3.41042126475386E-06
3.00501504513539E-06
3.23456790123453E-06
9.72926596758829E-06
-7.80761523046095E-06
1.52710843373492E-06
2.56219392752202E-06
-4.30049751243775E-06
4.66958211856173E-06
-9.41777323799855E-07
2.93918245264209E-06
1.9417475728158E-07
-3.35045317220543E-06
1.13944223107576E-06
4.78799999999993E-06
-1.34529582929196E-06
-2.21157684630733E-06
2.35030549898168E-06
1.34032411820779E-06
-1.67241379310343E-06
4.64170040485835E-06
1.97644749754661E-06
-1.21674876847293E-06
2.55004859086495E-06
2.39357429718873E-06
-2.27087576374741E-06
9.97026759167425E-07
-2.63715110683342E-06
7.42684157416762E-06
-2.28355196770937E-06
7.6555023923405E-08
-1.73272357723572E-06
-1.00604838709683E-06
6.62306201550392E-06
-8.92361111111098E-06
9.66096579476882E-06
1.42871287128713E-06
4.83902439024394E-07
-5.32035928143713E-06
6.20436507936511E-06
1.26600985221674E-06
-5.31097560975616E-06
1.0686367969495E-06
2.60041407867493E-06
7.14111675126905E-06
-3.68331762488217E-06
-5.64154786150709E-07
-3.12918660287081E-06
5.34306569343072E-06
-1.10000000000001E-06
1.08156862745097E-05
-3.33532338308455E-06
-3.49693877551025E-06
-7.3749999999995E-07
-7.47623862487377E-06
4.54088669950738E-06
5.96565656565661E-06
4.98318496538075E-06
-5.10536585365851E-06
-5.60040160642569E-06
-2.32941176470595E-06
6.81324110671928E-06
-4.26760563380275E-06
8.35884691848913E-06
9.16992187499974E-07
-3.2351160443996E-06
1.09519038076145E-06
1.15579357351516E-06
3.59617321248734E-06
-4.49745676500515E-06
7.07051909892266E-06
-2.56298449612398E-06
-5.48432760364017E-06
-6.4039408866956E-08
8.29220138203365E-06
-6.71273445212271E-07
-1.98009950248703E-07
-2.63390170511536E-06
-1.26620139581257E-06
2.93096836049852E-06
6.41182466870547E-06
-1.25512690355331E-05
3.83723196881087E-06
-4.26692836113837E-06
3.12512613521692E-06
7.19818913480882E-06
2.55954631379969E-06
-5.61860940695296E-06
-1.75328614762387E-06
1.47725072604063E-06
2.66464032421482E-06
-1.81695568400768E-06
4.79959718026186E-06
8.71033776867941E-07
-3.68292682926836E-06
3.33504624871529E-06
3.05705705705705E-06
-3.32638888888879E-06
2.96470588235299E-06
-4.63853028798405E-06
4.21068548387103E-06
-2.87870105062078E-06
-3.36782786885246E-06
5.86573146292577E-06
5.09844054580904E-06
1.99803149606225E-07
-3.40382678751245E-06
2.0950980392157E-06
-1.43805748265604E-06
2.39899999999998E-06
-4.6618852459017E-06
4.79300291545185E-06
-3.99705304518648E-06
4.23223223223228E-06
4.29411764705875E-06
2.68217054263577E-06
-5.52327935222669E-06
-2.31269035532997E-06
6.26794258373202E-07
-1.12386706948639E-06
6.5917566241412E-06
-1.84278606965164E-06
-2.7545824847252E-06
4.46255924170614E-06
-2.30242360379356E-06
-2.31423113658066E-06
4.42482341069631E-06
-3.90999999999933E-07
-2.75143953934745E-06
-1.25128733264673E-06
2.41258741258753E-06
-2.96653919694076E-06
0.000001241
8.42403177755698E-06
3.03967446592062E-06
-9.30525272547056E-06
9.99999999999972E-07
3.2597266035749E-07
8.35367016205928E-06
8.35367016205928E-06
dMdT Data
0
0
0
0
0
0
0
0
0
0
0
0
0
0
0
0
0
0
0
0
0
0
0
0
0
0
0
0
0
0
0
0
0
0
0
0
0
0
0
0
0
0
0
0
0
0
0
0
0
0
0
0
0
0
0
0
0
0
0
0
0
0
0
0
0
0
0
0
0
0
0
0
0
0
0
0
0
0
0
0
0
0
0
0
0
0
0
0
0
0
0
0
0
0
0
0
0
0
0
0
0
0
0
0
0
0
0
0
0
0
0
0
0
0
0
0
0
0
0
0
0
0
0
0
0
0
0
0
0
0
0
0
0
0
0
0
0
0
0
0
0
0
0
0
0
0
0
0
0
0
0
0
0
0
0
0
0
0
0
0
0
0
0
0
0
0
0
0
0
0
0
0
0
0
0
0
0
0
0
0
0
0
0
0
0
0
0
0
0
0
0
0
0
0
0
0
0
0
0
0
0
0
0
0
0
0
0
0
0
0
0
0
0
0
0
0
0
0
0
0
0
0
0
0
0
0
0
0
0
0
0
0
0
0
0
0
0
0
0
0
0
0
0
0
0
0
0
0
0
0
0
0
0
0
0
0
0
0
0
0
0
0
0
0
0
0
0
0
0
0
0
0
0
0
0
0
0
0
0
0
0
0
0
0
0
0
0
0
0
0
0
0
0
 
*********************************************** Results ***************************************
 
TotalArea 0
AreaFirstQuad 0
AreaSecondQuad 0
AreaThirdQuad 0
AreaFourthQuad 0
Coercivity 0
PositiveCoercivity 0
NegativeCoercivity 0
Retentivity 6.19096055294488E-04
PositiveRetentivity 1.46424963951088E-03
NegativeRetentivity 2.70244175009985E-03
Magnetization 0.00485987
PositiveMagnetization 0.00485987
NegativeMagnetization 0.00176484
Flatness -3.36514128460142
Squareness 0.127389427144036
SStar 0
SFD1 0
SFD2 0
Slope 0
Intercept 0
SlopeAtHc 8.35367016205928E-06
dH1 -556.921122884196
dH2 245.0333
InitialSlope -5.55820231856442E-07
FieldAtHalfMs -191.546925043898
FieldAtMs 2391.62
MomentMean 3.71997327645051E-03
MomentRMS 9.10452445901559E-04
SFD3 0
dH3 -1113.84224576839
UserField1 0
UserField2 0
CenterField 0
ExchangeField 0
ExchangeMoment 0
ExRegionOneIntercept 0
ExRegionOneSlope 0
ExRegionTwoIntercept 0
ExRegionTwoSlope 0
NegativeIntercept 0
NegativeSlope 0
AutoCenterOffset 0
PinningField 0
PinningMoment 0
PinRegionOneIntercept 0
PinRegionOneSlope 0
PinRegionTwoIntercept 0
PinRegionTwoSlope 0
PositiveIntercept 0
PositiveSlope 0
TotalOffset 0
BHMax 0
BCoercivity 0
BRetentivity 0
BNegativeCoercivity 0
BPositiveCoercivity 0
BNegativeRetentivity 0
BPositiveRetentivity 0
MomentYMean -6.96963457337884E-03
MomentYRMS 2.20027742239564E-04
YOffCorrection 0
Mrt 0
Ms1 0
Ms2 0
Ms3 0
Hc2 0
Hex2 0
HsatValue 0
HsatIntercept 0
HsatSlope 0
CenterH 0
Span .00309503
SpanAsPercentOfRange -58.3967924528302
RMSAsPercentOfRange -17.1783480358785
SpanAsPercentOfMean 83.2003288731467
RMSAsPercentOfMean 24.4747039357843
