Version 1.25
******************************************** Units *******************************************
System CGS
TemperatureUnit K
MomentUnit emu
AppliedFieldUnit G
 
******************************************** Setup ********************************************
 
Experiment CustomField
Minor False
Acquisition Continuous
EditedPoint No
MaxField 15000
FieldIncrement 100
Points 241
MinField 0
RampRate 10
AverageTime 0.3
TimeInterval 0
TimeConstant 0.1
TimeConstantIndex 0
Sensitivity -0.0053
SensitivityIndex 5
SensitivityY -400
SensitivityIndexY 0
SaturationField 8000
ExperimentTime 100
Use735Domains True
AutoRangeEnabled False
NumberOfVertices 2
VertexPts
0
240
VertexField
-113.0326
2313.0326
StartAngle 0
EndAngle 0
AngleIncrement 0
StartTemp 0
FinishTemp 0
TempIncrement 0
TempPoints 0
LengthofSetPointsArray 241
SetPointArray
-113.03258
-102.92398
-92.81537
-82.70677
-72.59816
-62.48956
-52.38095
-42.27235
-32.16374
-22.05514
-11.94653
-1.83793
8.27068
18.37928
28.48789
38.59649
48.7051
58.8137
68.92231
79.03091
89.13952
99.24812
109.35673
119.46533
129.57393
139.68254
149.79114
159.89975
170.00835
180.11696
190.22556
200.33417
210.44277
220.55138
230.65998
240.76859
250.87719
260.9858
271.0944
281.20301
291.31161
301.42022
311.52882
321.63743
331.74603
341.85464
351.96324
362.07185
372.18045
382.28906
392.39766
402.50627
412.61487
422.72348
432.83208
442.94069
453.04929
463.15789
473.2665
483.3751
493.48371
503.59231
513.70092
523.80952
533.91813
544.02673
554.13534
564.24394
574.35255
584.46115
594.56976
604.67836
614.78697
624.89557
635.00418
645.11278
655.22139
665.32999
675.4386
685.5472
695.65581
705.76441
715.87302
725.98162
736.09023
746.19883
756.30744
766.41604
776.52464
786.63325
796.74185
806.85046
816.95906
827.06767
837.17627
847.28488
857.39348
867.50209
877.61069
887.7193
897.8279
907.93651
918.04511
928.15372
938.26232
948.37093
958.47953
968.58814
978.69674
988.80535
998.91395
1009.02256
1019.13116
1029.23977
1039.34837
1049.45698
1059.56558
1069.67419
1079.78279
1089.8914
1100
1110.1086
1120.21721
1130.32581
1140.43442
1150.54302
1160.65163
1170.76023
1180.86884
1190.97744
1201.08605
1211.19465
1221.30326
1231.41186
1241.52047
1251.62907
1261.73768
1271.84628
1281.95489
1292.06349
1302.1721
1312.2807
1322.38931
1332.49791
1342.60652
1352.71512
1362.82373
1372.93233
1383.04094
1393.14954
1403.25815
1413.36675
1423.47536
1433.58396
1443.69256
1453.80117
1463.90977
1474.01838
1484.12698
1494.23559
1504.34419
1514.4528
1524.5614
1534.67001
1544.77861
1554.88722
1564.99582
1575.10443
1585.21303
1595.32164
1605.43024
1615.53885
1625.64745
1635.75606
1645.86466
1655.97327
1666.08187
1676.19048
1686.29908
1696.40769
1706.51629
1716.6249
1726.7335
1736.84211
1746.95071
1757.05931
1767.16792
1777.27652
1787.38513
1797.49373
1807.60234
1817.71094
1827.81955
1837.92815
1848.03676
1858.14536
1868.25397
1878.36257
1888.47118
1898.57978
1908.68839
1918.79699
1928.9056
1939.0142
1949.12281
1959.23141
1969.34002
1979.44862
1989.55723
1999.66583
2009.77444
2019.88304
2029.99165
2040.10025
2050.20886
2060.31746
2070.42607
2080.53467
2090.64327
2100.75188
2110.86048
2120.96909
2131.07769
2141.1863
2151.2949
2161.40351
2171.51211
2181.62072
2191.72932
2201.83793
2211.94653
2222.05514
2232.16374
2242.27235
2252.38095
2262.48956
2272.59816
2282.70677
2292.81537
2302.92398
2313.03258
FieldDomainFile C:\IDEASVSM\Default UserID\Experiments\FORCexp0121B\fdomain.ini
TempDomainFile C:\IDEASVSM\Default UserID\Experiments\FORCexp0121B\tdomain.ini
NumSelectedResults 0
ResultsSelected 
UserName1 
UserValue1 
UserName2 
UserValue2 
LinearBackgroundCorrection Off
MaxLinearFieldCorrection 
MinLinearFieldCorrection 
AutoLinearCorrection Off
FitOneRegion Off
BackgroundMode Off
BackgroundFilename 
AutoCenter Off
OffsetCorrection 
SmoothDeriv Off
DerivOrder 0
DerivPoints 0
MinExFieldOne 
MaxExFieldOne 
MinExFieldTwo 
MaxExFieldTwo 
MinPinFieldOne 
MaxPinFieldOne 
MinPinFieldTwo 
MaxPinFieldTwo 
HCenterStart 
Mass 
Volume 
Density 
MolarWeight 
NumberOfMoles 
Demagnetization 
SampleArea 
Thickness 
MomentScaling 0
XAxis 0
YAxis 0
SimpleSpinValve False
HsatMax 0
HsatMin 0
FieldAutoRange False
 
*************************************************** Experiment Data ********************************************
 
DataPoints 241
MomentX Data
0.00295681
0.00292237
0.00296539
0.0029971
0.00305632
0.00302268
0.00308947
0.00309141
0.00307713
0.00307526
0.00313869
0.00311802
0.00313594
0.0031475
0.00317624
0.00317594
0.00320495
0.00318538
0.00322021
0.00322109
0.00325509
0.0032337
0.00326692
0.00328201
0.00331871
0.00330525
0.0033412
0.0033289
0.00334093
0.00337858
0.00341352
0.00336918
0.0033961
0.00340509
0.00338804
0.00341128
0.00342359
0.00343152
0.00342867
0.00344098
0.00347084
0.00349561
0.00347794
0.00350986
0.0035196
0.00355878
0.00355337
0.00355392
0.00356142
0.00357898
0.00356666
0.00362344
0.00360174
0.00362929
0.00360442
0.00364508
0.00362149
0.003641
0.00366283
0.00366273
0.00370096
0.00370474
0.00363636
0.00372314
0.00374126
0.00377234
0.00372127
0.00377264
0.00378165
0.00377974
0.00382171
0.00378946
0.00381702
0.00380574
0.00383264
0.00380815
0.00384939
0.00385756
0.00389909
0.0038847
0.00390162
0.0039073
0.00392102
0.00387684
0.00391028
0.0039125
0.00388399
0.00394861
0.00396956
0.00397654
0.00395464
0.0040008
0.00399656
0.00399595
0.00405481
0.00403102
0.00400413
0.00408657
0.004053
0.00401934
0.00407248
0.00407862
0.00405957
0.0040999
0.00406591
0.00408224
0.0040962
0.004122
0.00409709
0.00411585
0.00413536
0.00419963
0.0041532
0.00415474
0.00416382
0.00419606
0.00419514
0.00417005
0.00418268
0.00419038
0.00424679
0.00424699
0.004249
0.00422406
0.00421966
0.00426951
0.00427351
0.00426933
0.00427146
0.00427973
0.00428257
0.00423665
0.00429195
0.00430621
0.00435302
0.00433229
0.00432598
0.00431805
0.00432999
0.00438195
0.00432836
0.00435226
0.00432233
0.0043588
0.00435876
0.00439619
0.0043698
0.00435733
0.00435658
0.00438138
0.00437811
0.00446666
0.00437055
0.00440296
0.00446024
0.00446678
0.00445268
0.00442642
0.00443544
0.00449669
0.00449019
0.004448
0.00446959
0.00446766
0.00442373
0.00449079
0.00455269
0.00447802
0.00452108
0.00446095
0.00452173
0.00454846
0.0045537
0.0044945
0.00452557
0.00450101
0.00452024
0.00450189
0.00454782
0.00453133
0.00455966
0.00457712
0.00450985
0.0045173
0.00455774
0.00453695
0.00458786
0.00466822
0.00460997
0.00460493
0.00455647
0.00461296
0.00460149
0.00465147
0.00467153
0.00462504
0.00460821
0.00462135
0.0046397
0.0046075
0.00464777
0.0046282
0.0046221
0.00464105
0.00463168
0.00462797
0.00468181
0.0046743
0.00466429
0.00467481
0.00470165
0.0046491
0.00468135
0.00466444
0.004677
0.00472821
0.00472682
0.00477747
0.00467298
0.00469511
0.00471285
0.00467266
0.00476509
0.00478357
0.00473064
0.00476769
0.00470806
0.00473329
0.00471241
0.0047189
0.00470915
0.0047598
0.00470672
0.00475197
0.00468589
0.00479903
0.00483068
0.00481284
0.00475517
0.00477062
0.00477037
MomentY Data
-0.00700951
-0.00680288
-0.00697772
-0.00648499
-0.0067393
-0.00670751
-0.0070413
-0.00683467
-0.00700951
-0.00642141
-0.00705719
-0.00694593
-0.00683467
-0.00705719
-0.00699361
-0.00680288
-0.00686646
-0.00667572
-0.00683467
-0.00716845
-0.00724792
-0.00658035
-0.00661214
-0.00689824
-0.00691414
-0.00677109
-0.00686646
-0.0070413
-0.00693003
-0.00678698
-0.00681877
-0.00713666
-0.00697772
-0.00693003
-0.00683467
-0.00724792
-0.0070413
-0.00710487
-0.00694593
-0.00697772
-0.0067393
-0.00677109
-0.00680288
-0.0073115
-0.00689824
-0.00694593
-0.00740687
-0.0070413
-0.0070413
-0.00735919
-0.00661214
-0.00715256
-0.00691414
-0.00710487
-0.00708898
-0.00699361
-0.00713666
-0.00715256
-0.00710487
-0.00710487
-0.00686646
-0.0070413
-0.0070413
-0.0070413
-0.00683467
-0.00677109
-0.0070413
-0.00699361
-0.00699361
-0.00729561
-0.00685056
-0.00737508
-0.0070254
-0.00756582
-0.00720024
-0.0073115
-0.00720024
-0.00667572
-0.00696182
-0.00720024
-0.00710487
-0.00715256
-0.00689824
-0.00680288
-0.00705719
-0.00747045
-0.00693003
-0.00745455
-0.00699361
-0.00720024
-0.00718435
-0.00737508
-0.00696182
-0.00715256
-0.00762939
-0.00694593
-0.00689824
-0.00720024
-0.00683467
-0.00705719
-0.00724792
-0.00691414
-0.00721614
-0.00708898
-0.0070254
-0.0067393
-0.00745455
-0.00745455
-0.0070254
-0.00729561
-0.00693003
-0.00724792
-0.00705719
-0.00715256
-0.00683467
-0.00683467
-0.00705719
-0.00735919
-0.00693003
-0.00713666
-0.00693003
-0.00715256
-0.00720024
-0.00708898
-0.00720024
-0.00670751
-0.00694593
-0.00724792
-0.00694593
-0.00680288
-0.00735919
-0.00715256
-0.00758171
-0.00740687
-0.00708898
-0.00693003
-0.00694593
-0.00742277
-0.00726382
-0.00724792
-0.00677109
-0.00729561
-0.00705719
-0.00742277
-0.00705719
-0.00747045
-0.00689824
-0.00715256
-0.00713666
-0.0070413
-0.00696182
-0.00693003
-0.0070413
-0.0067393
-0.00735919
-0.00742277
-0.00715256
-0.00715256
-0.00751813
-0.00721614
-0.0070413
-0.0070254
-0.0070413
-0.00715256
-0.00710487
-0.00720024
-0.00720024
-0.00713666
-0.00710487
-0.00710487
-0.00708898
-0.00750224
-0.00747045
-0.00693003
-0.00689824
-0.00747045
-0.00758171
-0.00715256
-0.00710487
-0.00710487
-0.00705719
-0.00708898
-0.00683467
-0.00689824
-0.00697772
-0.00678698
-0.00693003
-0.00689824
-0.00689824
-0.00688235
-0.00713666
-0.00700951
-0.00767708
-0.0070413
-0.00724792
-0.00724792
-0.00700951
-0.00693003
-0.00724792
-0.00710487
-0.00708898
-0.0070413
-0.00729561
-0.0073115
-0.00685056
-0.00689824
-0.00683467
-0.00705719
-0.00686646
-0.00740687
-0.00715256
-0.00721614
-0.00697772
-0.00683467
-0.00710487
-0.00710487
-0.0070413
-0.00715256
-0.00694593
-0.00713666
-0.00693003
-0.00686646
-0.00697772
-0.00697772
-0.0067393
-0.00718435
-0.00715256
-0.0067393
-0.00710487
-0.00683467
-0.00678698
-0.00699361
-0.00715256
-0.00721614
-0.00751813
-0.0070254
-0.0070254
-0.00715256
-0.00735919
-0.00696182
-0.00713666
Field Data
-112.32
-105.894
-96.6707
-86.2424
-76.0992
-66.073
-56.0263
-45.6808
-35.6821
-25.6429
-15.6625
-5.5967
4.88232
14.6263
24.5204
35.1906
44.7009
54.7141
64.6157
75.1831
85.3386
95.5008
105.539
115.643
125.716
135.697
145.554
155.881
165.829
175.854
186.152
196.028
206.372
216.173
226.146
236.41
246.603
256.428
266.521
276.99
286.681
296.692
307.12
316.923
326.949
337.045
347.253
357.333
367.392
377.171
387.417
397.719
407.617
417.529
427.847
437.79
447.982
457.926
467.945
478.225
488.214
498.118
508.353
518.502
528.401
538.397
548.848
558.708
568.565
579.027
588.914
598.873
609.075
619.258
629.09
639.094
649.574
659.391
669.487
679.482
689.465
699.729
709.703
719.602
729.974
739.96
749.905
760.043
770.326
780.271
790.101
800.324
810.456
820.591
830.622
840.456
850.756
860.825
870.677
880.885
891.142
901.065
911.015
921.454
931.265
941.459
951.303
961.562
971.819
981.643
991.522
1001.67
1011.98
1021.86
1031.81
1042.11
1052.21
1062.07
1072.33
1082.34
1092.24
1102.27
1112.79
1122.71
1132.62
1142.9
1152.69
1163.12
1172.89
1182.88
1193.09
1203.09
1213.12
1223.28
1233.32
1243.38
1253.33
1263.76
1273.47
1283.75
1293.7
1303.83
1314.1
1324.04
1333.82
1344.23
1354.32
1364.12
1374.28
1384.53
1394.48
1404.65
1414.5
1424.68
1434.8
1444.65
1455.07
1465.23
1474.99
1485
1494.86
1505.38
1515.33
1524.99
1535.59
1545.52
1555.41
1565.51
1575.77
1585.76
1595.97
1605.79
1615.89
1626.26
1636.1
1645.92
1656.25
1666.29
1676.25
1686.28
1696.46
1706.3
1716.38
1726.83
1736.8
1746.96
1756.73
1766.79
1777.17
1787.16
1796.95
1807.24
1817.26
1827.27
1837.33
1847.75
1857.56
1867.43
1877.92
1887.76
1897.62
1907.92
1917.86
1928.07
1937.87
1948.42
1958.4
1968.38
1978.23
1988.24
1998.56
2008.59
2018.38
2028.81
2038.82
2048.67
2058.72
2069.24
2078.98
2089.07
2099.34
2109.2
2119.49
2129.32
2139.24
2149.52
2159.63
2169.58
2179.46
2189.94
2199.81
2209.66
2220.03
2230.01
2240.38
2250.23
2260.02
2270.54
2280.21
2290.27
2300.7
Time Data
0
0.3
0.6
0.9
1.2
1.5
1.8
2.1
2.4
2.7
3
3.3
3.6
3.9
4.2
4.5
4.8
5.1
5.4
5.7
6
6.3
6.6
6.9
7.2
7.5
7.8
8.1
8.4
8.7
9
9.3
9.6
9.9
10.2
10.5
10.8
11.1
11.4
11.7
12
12.3
12.6
12.9
13.2
13.5
13.8
14.1
14.4
14.7
15
15.3
15.6
15.9
16.2
16.5
16.8
17.1
17.4
17.7
18
18.3
18.6
18.9
19.2
19.5
19.8
20.1
20.4
20.7
21
21.3
21.6
21.9
22.2
22.5
22.8
23.1
23.4
23.7
24
24.3
24.6
24.9
25.2
25.5
25.8
26.1
26.4
26.7
27
27.3
27.6
27.9
28.2
28.5
28.8
29.1
29.4
29.7
30.0000000000001
30.3000000000001
30.6000000000001
30.9000000000001
31.2000000000001
31.5000000000001
31.8000000000001
32.1000000000001
32.4
32.7
33
33.3
33.6
33.9
34.2
34.5
34.8
35.1
35.4
35.7
36
36.3
36.6
36.9
37.2
37.5
37.8
38.1
38.4
38.7
39
39.3
39.6
39.9
40.2
40.5
40.8
41.1
41.4
41.7
42
42.3
42.6
42.8999999999999
43.1999999999999
43.4999999999999
43.7999999999999
44.0999999999999
44.3999999999999
44.6999999999999
44.9999999999999
45.2999999999999
45.5999999999999
45.8999999999999
46.1999999999999
46.4999999999999
46.7999999999999
47.0999999999999
47.3999999999999
47.6999999999999
47.9999999999999
48.2999999999999
48.5999999999999
48.8999999999999
49.1999999999999
49.4999999999999
49.7999999999999
50.0999999999999
50.3999999999999
50.6999999999999
50.9999999999999
51.2999999999999
51.5999999999999
51.8999999999999
52.1999999999999
52.4999999999999
52.7999999999999
53.0999999999999
53.3999999999998
53.6999999999998
53.9999999999998
54.2999999999998
54.5999999999998
54.8999999999998
55.1999999999998
55.4999999999998
55.7999999999998
56.0999999999998
56.3999999999998
56.6999999999998
56.9999999999998
57.2999999999998
57.5999999999998
57.8999999999998
58.1999999999998
58.4999999999998
58.7999999999998
59.0999999999998
59.3999999999998
59.6999999999998
59.9999999999998
60.2999999999998
60.5999999999998
60.8999999999998
61.1999999999998
61.4999999999998
61.7999999999998
62.0999999999998
62.3999999999998
62.6999999999998
62.9999999999998
63.2999999999998
63.5999999999998
63.8999999999998
64.1999999999997
64.4999999999997
64.7999999999997
65.0999999999997
65.3999999999997
65.6999999999997
65.9999999999997
66.2999999999997
66.5999999999997
66.8999999999997
67.1999999999997
67.4999999999997
67.7999999999997
68.0999999999997
68.3999999999997
68.6999999999997
68.9999999999997
69.2999999999997
69.5999999999997
69.8999999999997
70.1999999999997
70.4999999999997
70.7999999999997
71.0999999999997
71.3999999999997
71.6999999999997
71.9999999999997
Temperature Data
0
0
0
0
0
0
0
0
0
0
0
0
0
0
0
0
0
0
0
0
0
0
0
0
0
0
0
0
0
0
0
0
0
0
0
0
0
0
0
0
0
0
0
0
0
0
0
0
0
0
0
0
0
0
0
0
0
0
0
0
0
0
0
0
0
0
0
0
0
0
0
0
0
0
0
0
0
0
0
0
0
0
0
0
0
0
0
0
0
0
0
0
0
0
0
0
0
0
0
0
0
0
0
0
0
0
0
0
0
0
0
0
0
0
0
0
0
0
0
0
0
0
0
0
0
0
0
0
0
0
0
0
0
0
0
0
0
0
0
0
0
0
0
0
0
0
0
0
0
0
0
0
0
0
0
0
0
0
0
0
0
0
0
0
0
0
0
0
0
0
0
0
0
0
0
0
0
0
0
0
0
0
0
0
0
0
0
0
0
0
0
0
0
0
0
0
0
0
0
0
0
0
0
0
0
0
0
0
0
0
0
0
0
0
0
0
0
0
0
0
0
0
0
0
0
0
0
0
0
0
0
0
0
0
0
0
0
0
0
0
0
Angle Data
0
0
0
0
0
0
0
0
0
0
0
0
0
0
0
0
0
0
0
0
0
0
0
0
0
0
0
0
0
0
0
0
0
0
0
0
0
0
0
0
0
0
0
0
0
0
0
0
0
0
0
0
0
0
0
0
0
0
0
0
0
0
0
0
0
0
0
0
0
0
0
0
0
0
0
0
0
0
0
0
0
0
0
0
0
0
0
0
0
0
0
0
0
0
0
0
0
0
0
0
0
0
0
0
0
0
0
0
0
0
0
0
0
0
0
0
0
0
0
0
0
0
0
0
0
0
0
0
0
0
0
0
0
0
0
0
0
0
0
0
0
0
0
0
0
0
0
0
0
0
0
0
0
0
0
0
0
0
0
0
0
0
0
0
0
0
0
0
0
0
0
0
0
0
0
0
0
0
0
0
0
0
0
0
0
0
0
0
0
0
0
0
0
0
0
0
0
0
0
0
0
0
0
0
0
0
0
0
0
0
0
0
0
0
0
0
0
0
0
0
0
0
0
0
0
0
0
0
0
0
0
0
0
0
0
0
0
0
0
0
0
Bx Data
0
0
0
0
0
0
0
0
0
0
0
0
0
0
0
0
0
0
0
0
0
0
0
0
0
0
0
0
0
0
0
0
0
0
0
0
0
0
0
0
0
0
0
0
0
0
0
0
0
0
0
0
0
0
0
0
0
0
0
0
0
0
0
0
0
0
0
0
0
0
0
0
0
0
0
0
0
0
0
0
0
0
0
0
0
0
0
0
0
0
0
0
0
0
0
0
0
0
0
0
0
0
0
0
0
0
0
0
0
0
0
0
0
0
0
0
0
0
0
0
0
0
0
0
0
0
0
0
0
0
0
0
0
0
0
0
0
0
0
0
0
0
0
0
0
0
0
0
0
0
0
0
0
0
0
0
0
0
0
0
0
0
0
0
0
0
0
0
0
0
0
0
0
0
0
0
0
0
0
0
0
0
0
0
0
0
0
0
0
0
0
0
0
0
0
0
0
0
0
0
0
0
0
0
0
0
0
0
0
0
0
0
0
0
0
0
0
0
0
0
0
0
0
0
0
0
0
0
0
0
0
0
0
0
0
0
0
0
0
0
0
Hint Data
0
0
0
0
0
0
0
0
0
0
0
0
0
0
0
0
0
0
0
0
0
0
0
0
0
0
0
0
0
0
0
0
0
0
0
0
0
0
0
0
0
0
0
0
0
0
0
0
0
0
0
0
0
0
0
0
0
0
0
0
0
0
0
0
0
0
0
0
0
0
0
0
0
0
0
0
0
0
0
0
0
0
0
0
0
0
0
0
0
0
0
0
0
0
0
0
0
0
0
0
0
0
0
0
0
0
0
0
0
0
0
0
0
0
0
0
0
0
0
0
0
0
0
0
0
0
0
0
0
0
0
0
0
0
0
0
0
0
0
0
0
0
0
0
0
0
0
0
0
0
0
0
0
0
0
0
0
0
0
0
0
0
0
0
0
0
0
0
0
0
0
0
0
0
0
0
0
0
0
0
0
0
0
0
0
0
0
0
0
0
0
0
0
0
0
0
0
0
0
0
0
0
0
0
0
0
0
0
0
0
0
0
0
0
0
0
0
0
0
0
0
0
0
0
0
0
0
0
0
0
0
0
0
0
0
0
0
0
0
0
0
Torque Data
0.7873081632
0.72038417472
0.674541076804
0.559281101576
0.51285533856
0.44318530823
0.39449798619
0.312213193336
0.250114036771
0.164663574489
0.110533238375
0.038874286431
-0.0333690460344
-0.103220578097
-0.171486114644
-0.239397428928
-0.306936941814
-0.365256011652
-0.441626986319
-0.538946293195
-0.618527345712
-0.62842868928
-0.69783864346
-0.79773316832
-0.86921802424
-0.91881659973
-0.99944071884
-1.0976048853
-1.14919994487
-1.19351758092
-1.26932767304
-1.39898518648
-1.44000603184
-1.49808537519
-1.54563328182
-1.7134807672
-1.7364057039
-1.82188760436
-1.85123620953
-1.9327586628
-1.9320292633
-2.00892823428
-2.0893005056
-2.3171825145
-2.25537266976
-2.34109097685
-2.57205782811
-2.5160888529
-2.5869172896
-2.77567305149
-2.56165544238
-2.84470901064
-2.81832100438
-2.96648926623
-3.03299882606
-3.0617325219
-3.19709522012
-3.27534319056
-3.32468839215
-3.39772645575
-3.35230190244
-3.5073982734
-3.5794659789
-3.6509281326
-3.61144646267
-3.64553454273
-3.8646034224
-3.90738585588
-3.97632186965
-4.22435517147
-4.03439069184
-4.41673628484
-4.278995505
-4.68519456156
-4.5295989816
-4.672735781
-4.67708869776
-4.40190968652
-4.66084798634
-4.89243347568
-4.89855919455
-5.00485365624
-4.89570162272
-4.89536605376
-5.15156521306
-5.527834182
-5.19686414715
-5.66577854565
-5.38735961686
-5.61813846504
-5.67636211935
-5.90245352592
-5.64224878992
-5.86932636296
-6.33713918058
-5.83774854408
-5.86871906944
-6.198146598
-5.95078997159
-6.21657281315
-6.45892592464
-6.2300895591
-6.5740117821
-6.53216897692
-6.542509131
-6.3447746387
-7.09153577865
-7.1680120071
-6.8274172026
-7.16168448723
-6.87127720566
-7.2600240264
-7.1417351362
-7.3089149616
-7.0520808527
-7.1224779537
-7.4256458899
-7.8159749233
-7.4312790699
-7.7242925844
-7.5692559672
-7.8840523112
-8.0123550696
-7.9588687358
-8.1551358288
-7.666013179
-8.0065040517
-8.4302007104
-8.1468118377
-8.0469906944
-8.7801759971
-8.6051734104
-9.1975240352
-9.0606759336
-8.7429808136
-8.6166607014
-8.7055424469
-9.3805998152
-9.2502568554
-9.3045173
-8.759759133
-9.5122351863
-9.273853379
-9.8280443908
-9.4130211658
-10.0420030035
-9.3424243968
-9.7569501472
-9.8077691048
-9.748891089
-9.7081187536
-9.7342666395
-9.95991885
-9.601345924
-10.558965812
-10.7233046805
-10.4074754792
-10.4801454888
-11.0891665687
-10.7159679
-10.525757718
-10.575896652
-10.669893129
-10.9075824744
-10.9101673233
-11.1281149248
-11.1993252984
-11.1725125966
-11.1956409999
-11.2666186512
-11.3137994106
-12.0470219696
-12.0714254505
-11.2700305878
-11.286210464
-12.295763064
-12.5572071875
-11.9182392024
-11.9095383375
-11.9808001836
-11.9722405474
-12.095926574
-11.7308908946
-11.9120877792
-12.118904096
-11.8565825808
-12.1741916019
-12.1877414496
-12.2593451808
-12.299860626
-12.824221187
-12.6678668524
-13.9512504008
-12.866356251
-13.3168208536
-13.39234418
-13.0205853956
-12.9413459229
-13.6110139264
-13.4122893912
-13.4521902276
-13.434237096
-13.9919585946
-14.097083805
-13.2754947072
-13.4406687808
-13.385017728
-13.8912316522
-13.5834371658
-14.7266352088
-14.2948203136
-14.4942666426
-14.0836904936
-13.8662468427
-14.4855510534
-14.5555340229
-14.496065136
-14.8003632544
-14.4404495514
-14.9089823062
-14.5484891802
-14.482737432
-14.7892077628
-14.8577987504
-14.416980132
-15.442904012
-15.4468831528
-14.621450494
-15.4847799702
-14.9675172198
-14.9300664738
-15.4535002726
-15.8788977768
-16.0920643614
-16.8434680894
-15.808765842
-15.877544508
-16.2401735824
-16.7804986299
-15.9444474914
-16.419313662
dMdH Data
-5.35947712418297E-06
4.66427417518675E-06
3.04076407468139E-06
5.8383941951258E-06
-3.35520935149909E-06
6.6479540545652E-06
1.87521144458962E-07
-1.42818566413636E-06
-1.86269822296614E-07
6.35545669512246E-06
-2.05348804863995E-06
1.71008357651764E-06
1.18637353524949E-06
2.90476142347457E-06
-2.81156866787832E-08
3.05037695971735E-06
-1.9544201653817E-06
3.5176133150198E-06
8.32749777617937E-08
3.34793954015067E-06
-2.10485918403496E-06
3.30935825147935E-06
1.4934679334917E-06
3.64340315695421E-06
-1.34856226830977E-06
3.64715430658414E-06
-1.19105258061391E-06
1.20928829915562E-06
3.75561097256855E-06
3.39289182365511E-06
-4.48967193195629E-06
2.60247486465585E-06
9.17253341495762E-07
-1.70961596310035E-06
2.26422447388931E-06
1.20769155302656E-06
8.07124681933861E-07
-2.82373922520557E-07
1.17585251695484E-06
3.08120936951812E-06
2.47427829387672E-06
-1.69447640966628E-06
3.2561460777313E-06
9.71474167165353E-07
3.88074484944534E-06
-5.29976489028211E-07
5.4563492063469E-08
7.45600954369237E-07
1.79568463033028E-06
-1.20242045676359E-06
5.51155115511548E-06
-2.19236209335218E-06
2.77945924132364E-06
-2.41035084318664E-06
4.08930906165141E-06
-2.31456043956044E-06
1.96198712791633E-06
2.1788601656852E-06
-9.72762645917054E-09
3.82720993092405E-06
3.81663974151868E-07
-6.68099658036152E-06
8.5505961178442E-06
1.83048792807354E-06
3.10924369747894E-06
-4.88661372117504E-06
5.20993914807299E-06
9.14071218423475E-07
-1.82565475052565E-07
4.24496813998179E-06
-3.23827693543524E-06
2.70143109194274E-06
-1.10772856721986E-06
2.73596419853538E-06
-2.44802079168331E-06
3.9351145038168E-06
8.32229805439548E-07
4.11351030110936E-06
-1.43971985992996E-06
1.69488129820695E-06
5.53390491036599E-07
1.37557649889715E-06
-4.46307707849278E-06
3.22406478981877E-06
2.22311235730005E-07
-2.86676721970844E-06
6.37403827184847E-06
2.03734318778563E-06
7.01860231272019E-07
-2.22787385554425E-06
4.51530861782257E-06
-4.18476115278321E-07
-6.01874691662405E-08
5.86780978965211E-06
-2.41915802318486E-06
-2.61067961165049E-06
8.18750620717051E-06
-3.40742996345922E-06
-3.2974137931035E-06
5.18085210100417E-06
6.18764486546404E-07
-1.91457286432158E-06
3.86339687709551E-06
-3.4644786464173E-06
1.60192269962725E-06
1.41812271434379E-06
2.5148649965883E-06
-2.42858535634198E-06
1.90960912052112E-06
1.9748962445592E-06
6.33326763894369E-06
-4.50339476236662E-06
1.55870445344082E-07
9.1256281407043E-07
3.13009708737859E-06
-9.10891089108642E-08
-2.54462474645035E-06
1.23099415204683E-06
7.69230769230707E-07
5.69797979797981E-06
1.99401794615833E-08
1.9106463878329E-07
-2.51411290322581E-06
-4.43995963673053E-07
4.84922178988315E-06
4.08580183861138E-07
-4.00767018216721E-07
2.1801432958038E-07
8.27827827827773E-07
2.78158667972628E-07
-4.59200000000005E-06
5.51345962113664E-06
1.40354330708663E-06
4.66235059760953E-06
-2.06063618290255E-06
-6.34170854271351E-07
-7.60306807286644E-07
1.22966014418118E-06
5.05447470817124E-06
-5.38592964824119E-06
2.35932872655485E-06
-2.91431353456671E-06
3.66901408450705E-06
-4.08997955016666E-09
3.59558117195008E-06
-2.61546085232909E-06
-1.27244897959181E-06
-7.38188976378685E-08
2.41951219512197E-06
-3.28643216080367E-07
8.7069813176007E-06
-9.75736040609146E-06
3.1836935166994E-06
5.66007905138344E-06
6.63959390862954E-07
-1.35316698656436E-06
-2.58464566929125E-06
9.24180327868786E-07
6.11888111888118E-06
-6.59229208925E-07
-4.01045627376419E-06
2.16984924623121E-06
-1.99792960662505E-07
-4.14433962264156E-06
6.75327291037255E-06
6.25884732052574E-06
-7.39306930693074E-06
4.19688109161795E-06
-6.01901901901904E-06
5.95298726738488E-06
2.72199592668026E-06
5.18811881188122E-07
-5.70877531340408E-06
3.15752032520321E-06
-2.50101832993884E-06
1.86156824782192E-06
-1.82768924302793E-06
4.61144578313256E-06
-1.64406779661018E-06
2.7829076620825E-06
1.77439024390241E-06
-6.67361111111096E-06
7.12918660287093E-07
4.05616850551655E-06
-2.04625984251972E-06
5.21084953940639E-06
7.98807157057657E-06
-5.61175337186893E-06
-5.0450450450446E-07
-4.94994892747705E-06
5.48979591836738E-06
-1.14471057884236E-06
4.99300699300707E-06
1.99403578528825E-06
-4.46161228406904E-06
-1.71559633027531E-06
1.33130699088145E-06
1.74928503336514E-06
-3.27235772357731E-06
4.08417849898587E-06
-1.89999999999997E-06
-6.13682092555363E-07
1.85602350636632E-06
-9.56122448979583E-07
-3.51658767772473E-07
5.39478957915825E-06
-7.52505010020002E-07
-1.01624365482239E-06
1.05094905094905E-06
2.60077519379848E-06
-5.23928215353941E-06
3.29417773237993E-06
-1.62128475551299E-06
1.25474525474526E-06
5.19898477157356E-06
-1.38308457711488E-07
4.81463878326999E-06
-1.07279260780284E-05
2.19326065411291E-06
1.72736124634864E-06
-4.07606490872223E-06
8.9825072886297E-06
1.87995930824005E-06
-5.33568548387114E-06
3.60408560311271E-06
-5.89812067260129E-06
2.53567839195987E-06
-2.11336032388662E-06
6.19274809160268E-07
-9.87841945288786E-07
5.1421319796955E-06
-5.11861137897761E-06
4.53406813627255E-06
-6.37222757955653E-06
1.14862944162438E-05
3.23289070480086E-06
-1.69581749049437E-06
-5.96380558428116E-06
1.53578528827032E-06
-2.39693192712739E-08
-2.39693192712739E-08
dMdT Data
0
0
0
0
0
0
0
0
0
0
0
0
0
0
0
0
0
0
0
0
0
0
0
0
0
0
0
0
0
0
0
0
0
0
0
0
0
0
0
0
0
0
0
0
0
0
0
0
0
0
0
0
0
0
0
0
0
0
0
0
0
0
0
0
0
0
0
0
0
0
0
0
0
0
0
0
0
0
0
0
0
0
0
0
0
0
0
0
0
0
0
0
0
0
0
0
0
0
0
0
0
0
0
0
0
0
0
0
0
0
0
0
0
0
0
0
0
0
0
0
0
0
0
0
0
0
0
0
0
0
0
0
0
0
0
0
0
0
0
0
0
0
0
0
0
0
0
0
0
0
0
0
0
0
0
0
0
0
0
0
0
0
0
0
0
0
0
0
0
0
0
0
0
0
0
0
0
0
0
0
0
0
0
0
0
0
0
0
0
0
0
0
0
0
0
0
0
0
0
0
0
0
0
0
0
0
0
0
0
0
0
0
0
0
0
0
0
0
0
0
0
0
0
0
0
0
0
0
0
0
0
0
0
0
0
0
0
0
0
0
0
 
*********************************************** Results ***************************************
 
TotalArea 0
AreaFirstQuad 0
AreaSecondQuad 0
AreaThirdQuad 0
AreaFourthQuad 0
Coercivity 0
PositiveCoercivity 0
NegativeCoercivity 0
Retentivity 3.86378647670464E-04
PositiveRetentivity 2.35483352941177E-03
NegativeRetentivity 3.1275908247527E-03
Magnetization 0.00483068
PositiveMagnetization 0.00483068
NegativeMagnetization 0.00292237
Flatness -7.09462645932797
Squareness 7.99843184956288E-02
SStar 0
SFD1 0
SFD2 0
Slope 0
Intercept 0
SlopeAtHc -2.39693192712739E-08
dH1 -36.0463006668179
dH2 23.32455
InitialSlope -5.35947712418297E-06
FieldAtHalfMs 2300.7
FieldAtMs 2260.02
MomentMean 4.0960934439834E-03
MomentRMS 5.22527943582293E-04
SFD3 0
dH3 -72.0926013336358
UserField1 0
UserField2 0
CenterField 0
ExchangeField 0
ExchangeMoment 0
ExRegionOneIntercept 0
ExRegionOneSlope 0
ExRegionTwoIntercept 0
ExRegionTwoSlope 0
NegativeIntercept 0
NegativeSlope 0
AutoCenterOffset 0
PinningField 0
PinningMoment 0
PinRegionOneIntercept 0
PinRegionOneSlope 0
PinRegionTwoIntercept 0
PinRegionTwoSlope 0
PositiveIntercept 0
PositiveSlope 0
TotalOffset 0
BHMax 0
BCoercivity 0
BRetentivity 0
BNegativeCoercivity 0
BPositiveCoercivity 0
BNegativeRetentivity 0
BPositiveRetentivity 0
MomentYMean -7.05850933609958E-03
MomentYRMS 2.15429070644433E-04
YOffCorrection 0
Mrt 0
Ms1 0
Ms2 0
Ms3 0
Hc2 0
Hex2 0
HsatValue 0
HsatIntercept 0
HsatSlope 0
CenterH 0
Span .00190831
SpanAsPercentOfRange -36.0058490566038
RMSAsPercentOfRange -9.85901780343948
SpanAsPercentOfMean 46.5885367630723
RMSAsPercentOfMean 12.7567388471036
