Version 1.25
******************************************** Units *******************************************
System CGS
TemperatureUnit K
MomentUnit emu
AppliedFieldUnit G
 
******************************************** Setup ********************************************
 
Experiment CustomField
Minor False
Acquisition Continuous
EditedPoint No
MaxField 15000
FieldIncrement 100
Points 163
MinField 0
RampRate 10
AverageTime 0.3
TimeInterval 0
TimeConstant 0.1
TimeConstantIndex 0
Sensitivity -0.0053
SensitivityIndex 5
SensitivityY -400
SensitivityIndexY 0
SaturationField 8000
ExperimentTime 100
Use735Domains True
AutoRangeEnabled False
NumberOfVertices 2
VertexPts
0
162
VertexField
281.203
1918.797
StartAngle 0
EndAngle 0
AngleIncrement 0
StartTemp 0
FinishTemp 0
TempIncrement 0
TempPoints 0
LengthofSetPointsArray 163
SetPointArray
281.20301
291.31161
301.42022
311.52882
321.63743
331.74603
341.85464
351.96324
362.07185
372.18045
382.28906
392.39766
402.50627
412.61487
422.72348
432.83208
442.94069
453.04929
463.15789
473.2665
483.3751
493.48371
503.59231
513.70092
523.80952
533.91813
544.02673
554.13534
564.24394
574.35255
584.46115
594.56976
604.67836
614.78697
624.89557
635.00418
645.11278
655.22139
665.32999
675.4386
685.5472
695.65581
705.76441
715.87302
725.98162
736.09023
746.19883
756.30744
766.41604
776.52464
786.63325
796.74185
806.85046
816.95906
827.06767
837.17627
847.28488
857.39348
867.50209
877.61069
887.7193
897.8279
907.93651
918.04511
928.15372
938.26232
948.37093
958.47953
968.58814
978.69674
988.80535
998.91395
1009.02256
1019.13116
1029.23977
1039.34837
1049.45698
1059.56558
1069.67419
1079.78279
1089.8914
1100
1110.1086
1120.21721
1130.32581
1140.43442
1150.54302
1160.65163
1170.76023
1180.86884
1190.97744
1201.08605
1211.19465
1221.30326
1231.41186
1241.52047
1251.62907
1261.73768
1271.84628
1281.95489
1292.06349
1302.1721
1312.2807
1322.38931
1332.49791
1342.60652
1352.71512
1362.82373
1372.93233
1383.04094
1393.14954
1403.25815
1413.36675
1423.47536
1433.58396
1443.69256
1453.80117
1463.90977
1474.01838
1484.12698
1494.23559
1504.34419
1514.4528
1524.5614
1534.67001
1544.77861
1554.88722
1564.99582
1575.10443
1585.21303
1595.32164
1605.43024
1615.53885
1625.64745
1635.75606
1645.86466
1655.97327
1666.08187
1676.19048
1686.29908
1696.40769
1706.51629
1716.6249
1726.7335
1736.84211
1746.95071
1757.05931
1767.16792
1777.27652
1787.38513
1797.49373
1807.60234
1817.71094
1827.81955
1837.92815
1848.03676
1858.14536
1868.25397
1878.36257
1888.47118
1898.57978
1908.68839
1918.79699
FieldDomainFile C:\IDEASVSM\Default UserID\Experiments\FORCexp0082B\fdomain.ini
TempDomainFile C:\IDEASVSM\Default UserID\Experiments\FORCexp0082B\tdomain.ini
NumSelectedResults 0
ResultsSelected 
UserName1 
UserValue1 
UserName2 
UserValue2 
LinearBackgroundCorrection Off
MaxLinearFieldCorrection 
MinLinearFieldCorrection 
AutoLinearCorrection Off
FitOneRegion Off
BackgroundMode Off
BackgroundFilename 
AutoCenter Off
OffsetCorrection 
SmoothDeriv Off
DerivOrder 0
DerivPoints 0
MinExFieldOne 
MaxExFieldOne 
MinExFieldTwo 
MaxExFieldTwo 
MinPinFieldOne 
MaxPinFieldOne 
MinPinFieldTwo 
MaxPinFieldTwo 
HCenterStart 
Mass 
Volume 
Density 
MolarWeight 
NumberOfMoles 
Demagnetization 
SampleArea 
Thickness 
MomentScaling 0
XAxis 0
YAxis 0
SimpleSpinValve False
HsatMax 0
HsatMin 0
FieldAutoRange False
 
*************************************************** Experiment Data ********************************************
 
DataPoints 163
MomentX Data
0.00354156
0.00353304
0.00353867
0.0035946
0.00355726
0.0036112
0.00356609
0.00361633
0.00359535
0.00361646
0.00361421
0.00364794
0.00362998
0.00367687
0.00370849
0.00369959
0.00366245
0.00371451
0.00371889
0.00370939
0.00371013
0.00374985
0.00375858
0.00375825
0.00378339
0.00377736
0.0037817
0.00377612
0.00380894
0.00378984
0.00386173
0.00382921
0.00385351
0.00385873
0.00386981
0.00386999
0.00388311
0.00390095
0.00388158
0.00394778
0.00390514
0.0039279
0.00393048
0.00392803
0.00395628
0.00397585
0.00394346
0.00398017
0.00395998
0.00393903
0.00398104
0.00400611
0.00403042
0.0040358
0.00405948
0.00402969
0.00407699
0.00403172
0.00410832
0.00406939
0.00408087
0.00407197
0.00407215
0.00410012
0.00408285
0.00405528
0.00409332
0.00412974
0.0041407
0.00411827
0.00416779
0.00415841
0.00418251
0.00418088
0.00419307
0.00417149
0.00421121
0.00424486
0.00423253
0.00423435
0.00420555
0.00420872
0.00421847
0.00425776
0.00421571
0.00428531
0.0042767
0.00426249
0.004253
0.00424224
0.00425275
0.00431287
0.0042963
0.00429148
0.00429933
0.00435788
0.00435737
0.00432379
0.00430688
0.00435092
0.00435211
0.00431301
0.00433421
0.00437979
0.0043836
0.00435605
0.00434865
0.00435529
0.00443749
0.00441209
0.00443414
0.00440866
0.00438239
0.00437833
0.00442635
0.00439424
0.00442485
0.00446451
0.00444955
0.00446698
0.00443653
0.00445399
0.00444459
0.0044744
0.00447255
0.00450034
0.00447811
0.00451813
0.00452526
0.00449811
0.00448452
0.00449233
0.00452453
0.00450352
0.00454425
0.00454684
0.00453541
0.0045416
0.00458601
0.0045445
0.00459571
0.00450859
0.00453144
0.00453617
0.00457245
0.00459658
0.00461874
0.00457646
0.00458807
0.00457933
0.00462299
0.00457388
0.00456633
0.00462532
0.00458046
0.00460299
0.00469251
0.00471655
0.00466522
0.00464132
0.00468768
0.00465262
0.00464794
MomentY Data
-0.00710487
-0.0070413
-0.00721614
-0.0073115
-0.00686646
-0.00715256
-0.00699361
-0.00699361
-0.00689824
-0.00724792
-0.00710487
-0.00710487
-0.00705719
-0.00696182
-0.00721614
-0.00710487
-0.00720024
-0.00680288
-0.00751813
-0.00715256
-0.0073115
-0.00721614
-0.0070254
-0.00689824
-0.00699361
-0.00694593
-0.00713666
-0.00705719
-0.00724792
-0.00683467
-0.00729561
-0.0073274
-0.00678698
-0.00688235
-0.00715256
-0.00726382
-0.00735919
-0.0070254
-0.00745455
-0.00720024
-0.00718435
-0.00710487
-0.00724792
-0.0073115
-0.00713666
-0.00713666
-0.00680288
-0.00735919
-0.0070413
-0.00720024
-0.00715256
-0.00720024
-0.00677109
-0.00683467
-0.00715256
-0.0070254
-0.00739098
-0.00716845
-0.00720024
-0.00720024
-0.00735919
-0.00735919
-0.00720024
-0.0073115
-0.00735919
-0.00745455
-0.00735919
-0.00724792
-0.00713666
-0.00700951
-0.00740687
-0.00745455
-0.00708898
-0.00699361
-0.00705719
-0.00720024
-0.00686646
-0.00715256
-0.00718435
-0.00729561
-0.00747045
-0.00747045
-0.00727971
-0.0073115
-0.00750224
-0.00721614
-0.00670751
-0.00720024
-0.00720024
-0.00715256
-0.00735919
-0.00708898
-0.00751813
-0.00758171
-0.00720024
-0.00720024
-0.00729561
-0.0073115
-0.00713666
-0.0076135
-0.00686646
-0.00724792
-0.0073115
-0.00762939
-0.00724792
-0.00740687
-0.00758171
-0.00756582
-0.00726382
-0.00747045
-0.0076135
-0.00735919
-0.00715256
-0.00735919
-0.00751813
-0.0076135
-0.00756582
-0.00720024
-0.00751813
-0.0073115
-0.00740687
-0.0073115
-0.00745455
-0.00699361
-0.00691414
-0.00693003
-0.00710487
-0.00705719
-0.00699361
-0.00689824
-0.00724792
-0.00735919
-0.00720024
-0.00740687
-0.00762939
-0.00720024
-0.00735919
-0.00770887
-0.00715256
-0.00777245
-0.00729561
-0.00740687
-0.00720024
-0.00705719
-0.00729561
-0.00715256
-0.00720024
-0.0073115
-0.00739098
-0.00689824
-0.00720024
-0.0070413
-0.00700951
-0.00710487
-0.00726382
-0.0070254
-0.00685056
-0.00720024
-0.00747045
-0.00713666
-0.00716845
-0.00718435
-0.00726382
Field Data
282.459
289.789
299.412
309.72
319.631
330.084
339.877
349.751
360.314
370.217
380.007
390.42
400.362
410.482
420.325
430.594
440.775
450.653
460.755
470.569
481.116
490.854
500.663
511.027
520.888
531.179
541.123
551.284
561.31
571.188
581.531
591.452
601.221
611.547
621.785
631.562
641.758
651.562
661.818
671.893
681.986
691.763
702.175
712.168
722.221
732.065
742.063
752.481
762.334
772.114
782.433
792.612
802.418
812.389
822.919
832.651
842.859
852.788
862.752
873.063
882.953
892.761
903.294
913.078
923.037
933.255
943.268
953.172
963.193
973.635
983.46
993.195
1003.73
1013.6
1023.95
1033.72
1043.64
1054.06
1063.87
1073.7
1083.99
1094.05
1103.85
1114.02
1124.3
1134.11
1144.24
1154.33
1164.33
1174.62
1184.51
1194.35
1204.62
1214.71
1224.58
1234.45
1244.88
1254.77
1264.62
1274.93
1284.97
1295.05
1304.97
1314.94
1325.18
1335.32
1345.1
1355.17
1365.51
1375.27
1385.34
1395.61
1405.45
1415.42
1425.68
1435.66
1445.57
1455.71
1466
1475.98
1485.75
1496.09
1506.04
1516.3
1526.13
1535.93
1546.48
1556.17
1566.15
1576.36
1586.48
1596.62
1606.35
1616.79
1626.48
1636.44
1646.76
1656.75
1666.55
1676.7
1686.98
1696.91
1706.8
1716.76
1727.06
1736.96
1747.25
1757.2
1767.1
1777.15
1787.4
1797.44
1807.31
1817.7
1827.3
1837.87
1847.77
1857.66
1867.62
1877.56
1888.07
1897.81
1907.63
Time Data
0
0.3
0.6
0.9
1.2
1.5
1.8
2.1
2.4
2.7
3
3.3
3.6
3.9
4.2
4.5
4.8
5.1
5.4
5.7
6
6.3
6.6
6.9
7.2
7.5
7.8
8.1
8.4
8.7
9
9.3
9.6
9.9
10.2
10.5
10.8
11.1
11.4
11.7
12
12.3
12.6
12.9
13.2
13.5
13.8
14.1
14.4
14.7
15
15.3
15.6
15.9
16.2
16.5
16.8
17.1
17.4
17.7
18
18.3
18.6
18.9
19.2
19.5
19.8
20.1
20.4
20.7
21
21.3
21.6
21.9
22.2
22.5
22.8
23.1
23.4
23.7
24
24.3
24.6
24.9
25.2
25.5
25.8
26.1
26.4
26.7
27
27.3
27.6
27.9
28.2
28.5
28.8
29.1
29.4
29.7
30.0000000000001
30.3000000000001
30.6000000000001
30.9000000000001
31.2000000000001
31.5000000000001
31.8000000000001
32.1000000000001
32.4
32.7
33
33.3
33.6
33.9
34.2
34.5
34.8
35.1
35.4
35.7
36
36.3
36.6
36.9
37.2
37.5
37.8
38.1
38.4
38.7
39
39.3
39.6
39.9
40.2
40.5
40.8
41.1
41.4
41.7
42
42.3
42.6
42.8999999999999
43.1999999999999
43.4999999999999
43.7999999999999
44.0999999999999
44.3999999999999
44.6999999999999
44.9999999999999
45.2999999999999
45.5999999999999
45.8999999999999
46.1999999999999
46.4999999999999
46.7999999999999
47.0999999999999
47.3999999999999
47.6999999999999
47.9999999999999
48.2999999999999
48.5999999999999
Temperature Data
0
0
0
0
0
0
0
0
0
0
0
0
0
0
0
0
0
0
0
0
0
0
0
0
0
0
0
0
0
0
0
0
0
0
0
0
0
0
0
0
0
0
0
0
0
0
0
0
0
0
0
0
0
0
0
0
0
0
0
0
0
0
0
0
0
0
0
0
0
0
0
0
0
0
0
0
0
0
0
0
0
0
0
0
0
0
0
0
0
0
0
0
0
0
0
0
0
0
0
0
0
0
0
0
0
0
0
0
0
0
0
0
0
0
0
0
0
0
0
0
0
0
0
0
0
0
0
0
0
0
0
0
0
0
0
0
0
0
0
0
0
0
0
0
0
0
0
0
0
0
0
0
0
0
0
0
0
0
0
0
0
0
0
Angle Data
0
0
0
0
0
0
0
0
0
0
0
0
0
0
0
0
0
0
0
0
0
0
0
0
0
0
0
0
0
0
0
0
0
0
0
0
0
0
0
0
0
0
0
0
0
0
0
0
0
0
0
0
0
0
0
0
0
0
0
0
0
0
0
0
0
0
0
0
0
0
0
0
0
0
0
0
0
0
0
0
0
0
0
0
0
0
0
0
0
0
0
0
0
0
0
0
0
0
0
0
0
0
0
0
0
0
0
0
0
0
0
0
0
0
0
0
0
0
0
0
0
0
0
0
0
0
0
0
0
0
0
0
0
0
0
0
0
0
0
0
0
0
0
0
0
0
0
0
0
0
0
0
0
0
0
0
0
0
0
0
0
0
0
Bx Data
0
0
0
0
0
0
0
0
0
0
0
0
0
0
0
0
0
0
0
0
0
0
0
0
0
0
0
0
0
0
0
0
0
0
0
0
0
0
0
0
0
0
0
0
0
0
0
0
0
0
0
0
0
0
0
0
0
0
0
0
0
0
0
0
0
0
0
0
0
0
0
0
0
0
0
0
0
0
0
0
0
0
0
0
0
0
0
0
0
0
0
0
0
0
0
0
0
0
0
0
0
0
0
0
0
0
0
0
0
0
0
0
0
0
0
0
0
0
0
0
0
0
0
0
0
0
0
0
0
0
0
0
0
0
0
0
0
0
0
0
0
0
0
0
0
0
0
0
0
0
0
0
0
0
0
0
0
0
0
0
0
0
0
Hint Data
0
0
0
0
0
0
0
0
0
0
0
0
0
0
0
0
0
0
0
0
0
0
0
0
0
0
0
0
0
0
0
0
0
0
0
0
0
0
0
0
0
0
0
0
0
0
0
0
0
0
0
0
0
0
0
0
0
0
0
0
0
0
0
0
0
0
0
0
0
0
0
0
0
0
0
0
0
0
0
0
0
0
0
0
0
0
0
0
0
0
0
0
0
0
0
0
0
0
0
0
0
0
0
0
0
0
0
0
0
0
0
0
0
0
0
0
0
0
0
0
0
0
0
0
0
0
0
0
0
0
0
0
0
0
0
0
0
0
0
0
0
0
0
0
0
0
0
0
0
0
0
0
0
0
0
0
0
0
0
0
0
0
0
Torque Data
-2.00683447533
-2.0404912857
-2.16059890968
-2.26451778
-2.19473347626
-2.36094561504
-2.37696718597
-2.44602209111
-2.48553244736
-2.68330319864
-2.69990033409
-2.7738833454
-2.82543070278
-2.85770179724
-3.0331240455
-3.05931439278
-3.173685786
-3.06573828064
-3.46401598815
-3.36577300664
-3.517679634
-3.54207118356
-3.5173578402
-3.52518689248
-3.64288752568
-3.68953215147
-3.86181086918
-3.89051593196
-4.0683299752
-3.90388148796
-4.24262337891
-4.3338053848
-4.08047490258
-4.20888049545
-4.4473545196
-4.58755268684
-4.72281905602
-4.5774836748
-4.9335553719
-4.83779085432
-4.8996261191
-4.91488618581
-5.089308226
-5.207016332
-5.15424572186
-5.2244990029
-5.04816554144
-5.53765065039
-5.3678223942
-5.55940610736
-5.59639897848
-5.70699662688
-5.43324449562
-5.55241072663
-5.88597752264
-5.8497063354
-6.22955401182
-6.1131681386
-6.21202146048
-6.28626313512
-6.49781888807
-6.56999782359
-6.50393359056
-6.675969797
-6.79280466003
-6.95699606025
-6.94168843292
-6.90851440224
-6.87398095538
-6.82470426885
-7.2843603702
-7.40382178725
-7.1154218954
-7.088723096
-7.2262097005
-7.4430320928
-7.1661123144
-7.5392273936
-7.6432144345
-7.833296457
-8.0978930955
-8.1730458225
-8.0357078835
-8.14515723
-8.434768432
-8.1838965354
-7.6750012424
-8.3114530392
-8.3834554392
-8.4015400272
-8.7170341469
-8.466723263
-9.0564897606
-9.2095789541
-8.8172698992
-8.888336268
-9.0821589768
-9.174250855
-9.0251629692
-9.706679555
-8.8231951062
-9.386418796
-9.541288155
-10.0321900866
-9.6047986256
-9.8905416484
-10.198158121
-10.2529722894
-9.9188188482
-10.2738857715
-10.54728609
-10.2705591559
-10.052565452
-10.4163447098
-10.7184475784
-10.93039741
-10.9369224174
-10.4814613704
-11.02157858
-10.79162777
-11.0047571025
-10.938662035
-11.226850482
-10.604410843
-10.5518764782
-10.6440409779
-10.9875393576
-10.9821873623
-10.9530423015
-10.8741096064
-11.4986801216
-11.7498299378
-11.566105524
-11.9753533473
-12.4090502472
-11.7827607456
-12.1188197244
-12.7716703725
-11.920098868
-13.032066915
-12.3075481578
-12.5687917717
-12.289369632
-12.1155015044
-12.5999562066
-12.4237106176
-12.58061934
-12.8477678
-13.060600758
-12.259207216
-12.869708976
-12.656314272
-12.6683575181
-12.914522199
-13.273178286
-12.911771898
-12.6582592512
-13.3755978384
-13.951961829
-13.3995073496
-13.5345353915
-13.6345312735
-13.8566809466
dMdH Data
-1.162346521146E-06
5.85056635144961E-07
5.42588280946835E-06
-3.76753102613259E-06
5.16024107911604E-06
-4.60635147554376E-06
5.08811018837352E-06
-1.98617816908073E-06
2.13167726951429E-06
-2.29826353421867E-07
3.23922020551234E-06
-1.80647756990545E-06
4.63339920948616E-06
3.21243523316063E-06
-8.66686142759767E-07
-3.6479717120126E-06
5.27029763109939E-06
4.3357750940408E-07
-9.68004890972075E-07
7.01621314117706E-08
4.0788662969809E-06
8.89998980528104E-07
-3.18409880355277E-08
2.54943717675694E-06
-5.85948887377341E-07
4.36444086886543E-07
-5.49158547387054E-07
3.27348892878515E-06
-1.93358979550513E-06
6.9505946050469E-06
-3.27789537345023E-06
2.48746033370868E-06
5.05520046484581E-07
1.08224262551281E-06
1.84105553850667E-08
1.28677912907023E-06
1.81966544267645E-06
-1.88865054602184E-06
6.57071960297761E-06
-4.22471019518476E-06
2.32791244758102E-06
2.47791010372677E-07
-2.45171620134112E-07
2.81010643588983E-06
1.98801300284436E-06
-3.23964792958596E-06
3.52370896525242E-06
-2.04912209479345E-06
-2.14212678936608E-06
4.07113092353915E-06
2.46291384222422E-06
2.47909443198037E-06
5.39564737739458E-07
2.24881291547958E-06
-3.06103575832307E-06
4.63362068965515E-06
-4.55937153791924E-06
7.68767563227628E-06
-3.77557947822716E-06
1.16076845298285E-06
-9.07422512234916E-07
1.70891483907527E-08
2.8587489779231E-06
-1.73410985038655E-06
-2.69817968291254E-06
3.7990612204135E-06
3.67730210016152E-06
1.09370322323122E-06
-2.1480559279831E-06
5.04020356234094E-06
-9.63533641499722E-07
2.28761271950641E-06
-1.65146909827835E-07
1.17777777777782E-06
-2.20880245649951E-06
4.00403225806449E-06
3.22936660268715E-06
-1.25688073394492E-06
1.85147507629661E-07
-2.79883381924198E-06
3.15109343936409E-07
9.948979591837E-07
3.86332350049161E-06
-4.09046692607006E-06
7.09480122324158E-06
-8.49950641658435E-07
-1.40832507433101E-06
-9.49000000000002E-07
-1.0456754130223E-06
1.06268958543974E-06
6.10975609756106E-06
-1.61343719571564E-06
-4.77700693756187E-07
7.95339412360632E-07
5.93211752786215E-06
-4.88974113134775E-08
-3.39534883720935E-06
-1.71675126903557E-06
4.27158098933071E-06
1.1852589641433E-07
-3.87896825396831E-06
2.13709677419352E-06
4.57171514543629E-06
3.72070312499992E-07
-2.71696252465481E-06
-7.56646216768948E-07
6.59384309831217E-07
7.94970986460348E-06
-2.60245901639345E-06
2.18967229394242E-06
-2.48101265822781E-06
-2.66971544715444E-06
-4.07221664995001E-07
4.68031189083823E-06
-3.21743486973949E-06
3.08879919273469E-06
3.91124260355021E-06
-1.45383867832844E-06
1.74649298597191E-06
-3.11668372569085E-06
1.68858800773691E-06
-9.44723618090416E-07
2.90545808966861E-06
-1.88199389623628E-07
2.83571428571436E-06
-2.10710900473933E-06
4.1300309597523E-06
7.14428857715358E-07
-2.6591576885407E-06
-1.34288537549405E-06
7.70216962524709E-07
3.30935251798556E-06
-2.0124521072797E-06
4.203302373581E-06
2.60040160642593E-07
-1.10755813953487E-06
6.19619619619586E-07
4.53163265306124E-06
-4.08965517241374E-06
4.98151750972767E-06
-8.77341389728095E-06
2.31041456016186E-06
4.74899598393539E-07
3.52233009708736E-06
2.43737373737378E-06
2.15354713313892E-06
-4.24924623115572E-06
1.17272727272725E-06
-8.69651741293444E-07
4.25951219512196E-06
-4.89143426294829E-06
-7.64944275582521E-07
5.67757459095271E-06
-4.6729166666667E-06
2.13150425733215E-06
9.04242424242416E-06
2.43073811931236E-06
-5.15361445783138E-06
-2.40442655935615E-06
4.41103710751662E-06
-3.59958932238192E-06
-4.76578411405284E-07
-4.76578411405284E-07
dMdT Data
0
0
0
0
0
0
0
0
0
0
0
0
0
0
0
0
0
0
0
0
0
0
0
0
0
0
0
0
0
0
0
0
0
0
0
0
0
0
0
0
0
0
0
0
0
0
0
0
0
0
0
0
0
0
0
0
0
0
0
0
0
0
0
0
0
0
0
0
0
0
0
0
0
0
0
0
0
0
0
0
0
0
0
0
0
0
0
0
0
0
0
0
0
0
0
0
0
0
0
0
0
0
0
0
0
0
0
0
0
0
0
0
0
0
0
0
0
0
0
0
0
0
0
0
0
0
0
0
0
0
0
0
0
0
0
0
0
0
0
0
0
0
0
0
0
0
0
0
0
0
0
0
0
0
0
0
0
0
0
0
0
0
0
 
*********************************************** Results ***************************************
 
TotalArea 0
AreaFirstQuad 0
AreaSecondQuad 0
AreaThirdQuad 0
AreaFourthQuad 0
Coercivity 0
PositiveCoercivity 0
NegativeCoercivity 0
Retentivity 3.86987523601638E-03
PositiveRetentivity 3.86987523601638E-03
NegativeRetentivity 0
Magnetization 0.00471655
PositiveMagnetization 0.00471655
NegativeMagnetization 0.00353304
Flatness -0.201056808432035
Squareness 0.820488542688274
SStar 0
SFD1 0
SFD2 0
Slope 0
Intercept 0
SlopeAtHc -4.76578411405284E-07
dH1 -1664.68224647884
dH2 18.442
InitialSlope -1.162346521146E-06
FieldAtHalfMs 1907.63
FieldAtMs 1857.66
MomentMean 4.18014582822086E-03
MomentRMS 3.26528393340912E-04
SFD3 0
dH3 -3329.36449295769
UserField1 0
UserField2 0
CenterField 0
ExchangeField 0
ExchangeMoment 0
ExRegionOneIntercept 0
ExRegionOneSlope 0
ExRegionTwoIntercept 0
ExRegionTwoSlope 0
NegativeIntercept 0
NegativeSlope 0
AutoCenterOffset 0
PinningField 0
PinningMoment 0
PinRegionOneIntercept 0
PinRegionOneSlope 0
PinRegionTwoIntercept 0
PinRegionTwoSlope 0
PositiveIntercept 0
PositiveSlope 0
TotalOffset 0
BHMax 0
BCoercivity 0
BRetentivity 0
BNegativeCoercivity 0
BPositiveCoercivity 0
BNegativeRetentivity 0
BPositiveRetentivity 0
MomentYMean -7.21125987730061E-03
MomentYRMS 2.07685713358715E-04
YOffCorrection 0
Mrt 0
Ms1 0
Ms2 0
Ms3 0
Hc2 0
Hex2 0
HsatValue 0
HsatIntercept 0
HsatSlope 0
CenterH 0
Span .00118351
SpanAsPercentOfRange -22.3303773584906
RMSAsPercentOfRange -6.160913081904
SpanAsPercentOfMean 28.3126486164652
RMSAsPercentOfMean 7.81141153345571
