Version 1.25
******************************************** Units *******************************************
System CGS
TemperatureUnit K
MomentUnit emu
AppliedFieldUnit G
 
******************************************** Setup ********************************************
 
Experiment CustomField
Minor False
Acquisition Continuous
EditedPoint No
MaxField 15000
FieldIncrement 100
Points 231
MinField 0
RampRate 10
AverageTime 0.3
TimeInterval 0
TimeConstant 0.1
TimeConstantIndex 0
Sensitivity -0.0053
SensitivityIndex 5
SensitivityY -400
SensitivityIndexY 0
SaturationField 8000
ExperimentTime 100
Use735Domains True
AutoRangeEnabled False
NumberOfVertices 2
VertexPts
0
230
VertexField
-62.4896
2262.4896
StartAngle 0
EndAngle 0
AngleIncrement 0
StartTemp 0
FinishTemp 0
TempIncrement 0
TempPoints 0
LengthofSetPointsArray 231
SetPointArray
-62.48956
-52.38095
-42.27235
-32.16374
-22.05514
-11.94653
-1.83793
8.27068
18.37928
28.48789
38.59649
48.7051
58.8137
68.92231
79.03091
89.13952
99.24812
109.35673
119.46533
129.57393
139.68254
149.79114
159.89975
170.00835
180.11696
190.22556
200.33417
210.44277
220.55138
230.65998
240.76859
250.87719
260.9858
271.0944
281.20301
291.31161
301.42022
311.52882
321.63743
331.74603
341.85464
351.96324
362.07185
372.18045
382.28906
392.39766
402.50627
412.61487
422.72348
432.83208
442.94069
453.04929
463.15789
473.2665
483.3751
493.48371
503.59231
513.70092
523.80952
533.91813
544.02673
554.13534
564.24394
574.35255
584.46115
594.56976
604.67836
614.78697
624.89557
635.00418
645.11278
655.22139
665.32999
675.4386
685.5472
695.65581
705.76441
715.87302
725.98162
736.09023
746.19883
756.30744
766.41604
776.52464
786.63325
796.74185
806.85046
816.95906
827.06767
837.17627
847.28488
857.39348
867.50209
877.61069
887.7193
897.8279
907.93651
918.04511
928.15372
938.26232
948.37093
958.47953
968.58814
978.69674
988.80535
998.91395
1009.02256
1019.13116
1029.23977
1039.34837
1049.45698
1059.56558
1069.67419
1079.78279
1089.8914
1100
1110.1086
1120.21721
1130.32581
1140.43442
1150.54302
1160.65163
1170.76023
1180.86884
1190.97744
1201.08605
1211.19465
1221.30326
1231.41186
1241.52047
1251.62907
1261.73768
1271.84628
1281.95489
1292.06349
1302.1721
1312.2807
1322.38931
1332.49791
1342.60652
1352.71512
1362.82373
1372.93233
1383.04094
1393.14954
1403.25815
1413.36675
1423.47536
1433.58396
1443.69256
1453.80117
1463.90977
1474.01838
1484.12698
1494.23559
1504.34419
1514.4528
1524.5614
1534.67001
1544.77861
1554.88722
1564.99582
1575.10443
1585.21303
1595.32164
1605.43024
1615.53885
1625.64745
1635.75606
1645.86466
1655.97327
1666.08187
1676.19048
1686.29908
1696.40769
1706.51629
1716.6249
1726.7335
1736.84211
1746.95071
1757.05931
1767.16792
1777.27652
1787.38513
1797.49373
1807.60234
1817.71094
1827.81955
1837.92815
1848.03676
1858.14536
1868.25397
1878.36257
1888.47118
1898.57978
1908.68839
1918.79699
1928.9056
1939.0142
1949.12281
1959.23141
1969.34002
1979.44862
1989.55723
1999.66583
2009.77444
2019.88304
2029.99165
2040.10025
2050.20886
2060.31746
2070.42607
2080.53467
2090.64327
2100.75188
2110.86048
2120.96909
2131.07769
2141.1863
2151.2949
2161.40351
2171.51211
2181.62072
2191.72932
2201.83793
2211.94653
2222.05514
2232.16374
2242.27235
2252.38095
2262.48956
FieldDomainFile C:\IDEASVSM\Default UserID\Experiments\FORCexp0116B\fdomain.ini
TempDomainFile C:\IDEASVSM\Default UserID\Experiments\FORCexp0116B\tdomain.ini
NumSelectedResults 0
ResultsSelected 
UserName1 
UserValue1 
UserName2 
UserValue2 
LinearBackgroundCorrection Off
MaxLinearFieldCorrection 
MinLinearFieldCorrection 
AutoLinearCorrection Off
FitOneRegion Off
BackgroundMode Off
BackgroundFilename 
AutoCenter Off
OffsetCorrection 
SmoothDeriv Off
DerivOrder 0
DerivPoints 0
MinExFieldOne 
MaxExFieldOne 
MinExFieldTwo 
MaxExFieldTwo 
MinPinFieldOne 
MaxPinFieldOne 
MinPinFieldTwo 
MaxPinFieldTwo 
HCenterStart 
Mass 
Volume 
Density 
MolarWeight 
NumberOfMoles 
Demagnetization 
SampleArea 
Thickness 
MomentScaling 0
XAxis 0
YAxis 0
SimpleSpinValve False
HsatMax 0
HsatMin 0
FieldAutoRange False
 
*************************************************** Experiment Data ********************************************
 
DataPoints 231
MomentX Data
0.00306192
0.00312578
0.00309145
0.00307814
0.00309902
0.00312181
0.0031432
0.0031597
0.00316253
0.00316486
0.00320451
0.00319269
0.00320488
0.00323805
0.00326049
0.00326793
0.00327039
0.00325248
0.00330091
0.00330039
0.00331859
0.00329089
0.00332303
0.00332696
0.00338122
0.00336344
0.00332603
0.00335104
0.00340321
0.0034558
0.00341472
0.00345139
0.00346125
0.00345632
0.00347145
0.0035041
0.00351871
0.00351137
0.00351228
0.00353346
0.00353104
0.00356726
0.00356443
0.00358662
0.00357586
0.00361991
0.00362139
0.00364166
0.00362557
0.00365961
0.003634
0.00370554
0.00373087
0.00368188
0.00367779
0.0036776
0.003696
0.00375423
0.00377128
0.00374918
0.00372697
0.0037833
0.00375894
0.00376322
0.00381233
0.00383023
0.00382672
0.00379265
0.00377938
0.00379644
0.00386859
0.00386337
0.003885
0.00389093
0.00387695
0.00388816
0.00389855
0.0039332
0.00394097
0.0039795
0.00397633
0.00394158
0.0039707
0.00393563
0.00400615
0.00398944
0.00402437
0.00398891
0.00405674
0.00404843
0.00405308
0.00401558
0.00404437
0.00403492
0.00405769
0.00407268
0.00407794
0.00406853
0.00409924
0.00413616
0.00411674
0.0041523
0.00416607
0.00414098
0.00412924
0.00412377
0.00415168
0.00420107
0.00418751
0.00415194
0.00412194
0.00417554
0.00416848
0.00422869
0.00419535
0.00423406
0.00421357
0.00424197
0.00421686
0.00421736
0.00420565
0.00423578
0.00428022
0.00426177
0.00420534
0.00431045
0.00430433
0.00428862
0.00427832
0.00432905
0.00431708
0.00429661
0.00434343
0.00434529
0.00434305
0.00433939
0.00433933
0.00431981
0.00437112
0.00436604
0.00442925
0.00437973
0.00442035
0.00436949
0.00436717
0.00440213
0.00439433
0.00439759
0.00435634
0.00444161
0.00442992
0.00443761
0.00444825
0.00442737
0.00442951
0.00442881
0.00439498
0.00441515
0.00445453
0.00445864
0.00446818
0.00448009
0.00448404
0.00446539
0.00445787
0.00453528
0.0044856
0.00456448
0.00450198
0.00458581
0.00458049
0.00455502
0.00453809
0.0045943
0.00451388
0.00457802
0.00459165
0.00459555
0.00458216
0.00454741
0.00459458
0.00458355
0.00459264
0.00461793
0.00463329
0.00462929
0.00460178
0.00459873
0.00463636
0.00461897
0.00461797
0.00465758
0.00463896
0.00468216
0.00464382
0.00465722
0.00461022
0.00466728
0.00470021
0.00473089
0.00468365
0.00465453
0.00466597
0.00464544
0.00469047
0.00468788
0.00472468
0.00470471
0.00465994
0.00468692
0.00465918
0.00465775
0.00464283
0.00473496
0.00473876
0.00472634
0.00472105
0.00470953
0.00469168
0.00469109
0.00469465
0.00472161
0.00474099
0.00465468
0.00464851
0.00467913
0.0048259
0.00476998
0.00472505
0.00475131
0.00474504
MomentY Data
-0.00715256
-0.00696182
-0.00694593
-0.00699361
-0.0067393
-0.00677109
-0.00699361
-0.00708898
-0.00691414
-0.00680288
-0.0073115
-0.00686646
-0.00693003
-0.00693003
-0.00705719
-0.00699361
-0.00680288
-0.00720024
-0.00735919
-0.00724792
-0.0064532
-0.00699361
-0.00694593
-0.00747045
-0.00710487
-0.00700951
-0.00693003
-0.0070413
-0.0070254
-0.00720024
-0.00708898
-0.0070254
-0.00713666
-0.0067393
-0.00680288
-0.00686646
-0.0070413
-0.00693003
-0.00678698
-0.00670751
-0.0067393
-0.00694593
-0.00670751
-0.00720024
-0.0067393
-0.0067234
-0.00651677
-0.00683467
-0.00708898
-0.0070413
-0.00697772
-0.0073115
-0.00724792
-0.00720024
-0.00710487
-0.00705719
-0.00683467
-0.00705719
-0.00699361
-0.00681877
-0.00696182
-0.00694593
-0.00681877
-0.00720024
-0.00705719
-0.00716845
-0.00700951
-0.00689824
-0.00685056
-0.00712077
-0.00724792
-0.00700951
-0.00683467
-0.00683467
-0.00696182
-0.00708898
-0.00693003
-0.0070413
-0.00710487
-0.0073274
-0.00708898
-0.00689824
-0.00712077
-0.00689824
-0.00699361
-0.00699361
-0.00750224
-0.00710487
-0.00683467
-0.0067393
-0.00696182
-0.00697772
-0.00715256
-0.00740687
-0.00705719
-0.00693003
-0.00688235
-0.00686646
-0.00700951
-0.00715256
-0.00683467
-0.00708898
-0.00710487
-0.00724792
-0.00715256
-0.00724792
-0.00693003
-0.00726382
-0.00708898
-0.0073115
-0.00721614
-0.0070413
-0.00735919
-0.0073115
-0.00693003
-0.00699361
-0.0076135
-0.00742277
-0.00700951
-0.00708898
-0.0070413
-0.00678698
-0.00694593
-0.00708898
-0.00720024
-0.00718435
-0.00715256
-0.00688235
-0.0076135
-0.00694593
-0.00715256
-0.0070413
-0.00696182
-0.00693003
-0.00689824
-0.0067393
-0.00699361
-0.00705719
-0.00710487
-0.00694593
-0.00705719
-0.00680288
-0.00700951
-0.00667572
-0.00677109
-0.00715256
-0.00726382
-0.00699361
-0.00689824
-0.00715256
-0.00680288
-0.00686646
-0.00681877
-0.00678698
-0.00694593
-0.00708898
-0.00700951
-0.00683467
-0.00693003
-0.0073115
-0.00696182
-0.00708898
-0.00694593
-0.00713666
-0.00651677
-0.0076135
-0.0073115
-0.0076135
-0.00724792
-0.00710487
-0.00720024
-0.00720024
-0.00693003
-0.00747045
-0.00715256
-0.00693003
-0.00705719
-0.00680288
-0.00724792
-0.0073115
-0.00689824
-0.0070413
-0.0073115
-0.00697772
-0.00688235
-0.00700951
-0.00710487
-0.00700951
-0.00699361
-0.00697772
-0.00735919
-0.00686646
-0.0070413
-0.00683467
-0.00658035
-0.0070413
-0.00721614
-0.00700951
-0.00720024
-0.00688235
-0.00697772
-0.00683467
-0.00691414
-0.00713666
-0.00726382
-0.00720024
-0.00715256
-0.00767708
-0.00718435
-0.00699361
-0.00715256
-0.00715256
-0.00688235
-0.0073115
-0.00735919
-0.00683467
-0.0070413
-0.00720024
-0.00715256
-0.00683467
-0.00667572
-0.00734329
-0.0073115
-0.0067393
-0.00742277
-0.00693003
-0.00740687
-0.00696182
-0.00694593
-0.0070413
-0.00705719
Field Data
-61.8957
-55.4221
-45.7186
-35.7302
-25.6979
-15.2479
-5.29168
4.63838
14.9493
24.9412
34.8319
44.9274
55.5464
65.0275
75.0149
85.6217
95.5059
105.498
115.48
125.905
135.862
146.039
155.797
165.908
176.229
186.186
196.123
206.478
216.451
226.307
236.552
246.83
256.877
266.533
276.842
287.15
297.04
306.975
317.058
327.467
337.222
347.216
357.652
367.4
377.478
387.601
397.815
407.874
417.601
428.13
438.084
448.181
458.026
467.987
478.363
488.317
498.176
508.574
518.608
528.694
538.677
548.524
558.799
568.816
579.111
588.998
598.984
609.176
619.312
629.169
639.295
649.67
659.53
669.569
679.874
689.687
699.651
709.722
720.005
730.034
739.917
750.267
760.199
770.158
780.422
790.526
800.307
810.398
820.878
830.878
840.874
850.708
860.681
871.221
880.976
890.886
901.113
911.291
921.125
931.224
941.533
951.574
961.708
971.507
981.581
991.893
1001.79
1011.71
1022.12
1032.11
1041.95
1052.26
1062.32
1072.28
1082.13
1092.62
1102.52
1112.39
1122.85
1132.68
1143
1152.8
1162.72
1173.19
1183
1192.89
1203.07
1213.21
1223.28
1233.19
1243.67
1253.38
1263.42
1273.76
1283.72
1293.87
1303.63
1313.83
1324.08
1334.13
1343.95
1354.04
1364.43
1374.37
1384.1
1394.66
1404.52
1414.49
1424.73
1434.69
1445.02
1454.78
1464.74
1474.88
1485.15
1494.98
1505.04
1515.3
1525.38
1535.19
1545.45
1555.47
1565.71
1575.68
1585.53
1595.89
1605.95
1615.77
1625.77
1636.25
1646.05
1656.01
1666.35
1676.21
1686.12
1696.57
1706.34
1716.61
1726.62
1736.51
1746.85
1756.86
1766.71
1776.69
1787.2
1797.04
1806.79
1817.32
1827.26
1837.4
1847.34
1857.2
1867.53
1877.59
1887.56
1897.54
1907.87
1917.78
1927.72
1938.04
1947.95
1958.41
1968.08
1978.02
1988.36
1998.33
2008.27
2018.53
2028.52
2038.73
2048.73
2058.61
2068.89
2078.92
2088.89
2098.82
2109.23
2119.09
2129.02
2139.53
2149.4
2159.26
2169.28
2179.58
2189.59
2199.71
2209.58
2219.54
2230.04
2239.91
2249.86
Time Data
0
0.3
0.6
0.9
1.2
1.5
1.8
2.1
2.4
2.7
3
3.3
3.6
3.9
4.2
4.5
4.8
5.1
5.4
5.7
6
6.3
6.6
6.9
7.2
7.5
7.8
8.1
8.4
8.7
9
9.3
9.6
9.9
10.2
10.5
10.8
11.1
11.4
11.7
12
12.3
12.6
12.9
13.2
13.5
13.8
14.1
14.4
14.7
15
15.3
15.6
15.9
16.2
16.5
16.8
17.1
17.4
17.7
18
18.3
18.6
18.9
19.2
19.5
19.8
20.1
20.4
20.7
21
21.3
21.6
21.9
22.2
22.5
22.8
23.1
23.4
23.7
24
24.3
24.6
24.9
25.2
25.5
25.8
26.1
26.4
26.7
27
27.3
27.6
27.9
28.2
28.5
28.8
29.1
29.4
29.7
30.0000000000001
30.3000000000001
30.6000000000001
30.9000000000001
31.2000000000001
31.5000000000001
31.8000000000001
32.1000000000001
32.4
32.7
33
33.3
33.6
33.9
34.2
34.5
34.8
35.1
35.4
35.7
36
36.3
36.6
36.9
37.2
37.5
37.8
38.1
38.4
38.7
39
39.3
39.6
39.9
40.2
40.5
40.8
41.1
41.4
41.7
42
42.3
42.6
42.8999999999999
43.1999999999999
43.4999999999999
43.7999999999999
44.0999999999999
44.3999999999999
44.6999999999999
44.9999999999999
45.2999999999999
45.5999999999999
45.8999999999999
46.1999999999999
46.4999999999999
46.7999999999999
47.0999999999999
47.3999999999999
47.6999999999999
47.9999999999999
48.2999999999999
48.5999999999999
48.8999999999999
49.1999999999999
49.4999999999999
49.7999999999999
50.0999999999999
50.3999999999999
50.6999999999999
50.9999999999999
51.2999999999999
51.5999999999999
51.8999999999999
52.1999999999999
52.4999999999999
52.7999999999999
53.0999999999999
53.3999999999998
53.6999999999998
53.9999999999998
54.2999999999998
54.5999999999998
54.8999999999998
55.1999999999998
55.4999999999998
55.7999999999998
56.0999999999998
56.3999999999998
56.6999999999998
56.9999999999998
57.2999999999998
57.5999999999998
57.8999999999998
58.1999999999998
58.4999999999998
58.7999999999998
59.0999999999998
59.3999999999998
59.6999999999998
59.9999999999998
60.2999999999998
60.5999999999998
60.8999999999998
61.1999999999998
61.4999999999998
61.7999999999998
62.0999999999998
62.3999999999998
62.6999999999998
62.9999999999998
63.2999999999998
63.5999999999998
63.8999999999998
64.1999999999997
64.4999999999997
64.7999999999997
65.0999999999997
65.3999999999997
65.6999999999997
65.9999999999997
66.2999999999997
66.5999999999997
66.8999999999997
67.1999999999997
67.4999999999997
67.7999999999997
68.0999999999997
68.3999999999997
68.6999999999997
68.9999999999997
Temperature Data
0
0
0
0
0
0
0
0
0
0
0
0
0
0
0
0
0
0
0
0
0
0
0
0
0
0
0
0
0
0
0
0
0
0
0
0
0
0
0
0
0
0
0
0
0
0
0
0
0
0
0
0
0
0
0
0
0
0
0
0
0
0
0
0
0
0
0
0
0
0
0
0
0
0
0
0
0
0
0
0
0
0
0
0
0
0
0
0
0
0
0
0
0
0
0
0
0
0
0
0
0
0
0
0
0
0
0
0
0
0
0
0
0
0
0
0
0
0
0
0
0
0
0
0
0
0
0
0
0
0
0
0
0
0
0
0
0
0
0
0
0
0
0
0
0
0
0
0
0
0
0
0
0
0
0
0
0
0
0
0
0
0
0
0
0
0
0
0
0
0
0
0
0
0
0
0
0
0
0
0
0
0
0
0
0
0
0
0
0
0
0
0
0
0
0
0
0
0
0
0
0
0
0
0
0
0
0
0
0
0
0
0
0
0
0
0
0
0
0
0
0
0
0
0
0
0
0
0
0
0
0
Angle Data
0
0
0
0
0
0
0
0
0
0
0
0
0
0
0
0
0
0
0
0
0
0
0
0
0
0
0
0
0
0
0
0
0
0
0
0
0
0
0
0
0
0
0
0
0
0
0
0
0
0
0
0
0
0
0
0
0
0
0
0
0
0
0
0
0
0
0
0
0
0
0
0
0
0
0
0
0
0
0
0
0
0
0
0
0
0
0
0
0
0
0
0
0
0
0
0
0
0
0
0
0
0
0
0
0
0
0
0
0
0
0
0
0
0
0
0
0
0
0
0
0
0
0
0
0
0
0
0
0
0
0
0
0
0
0
0
0
0
0
0
0
0
0
0
0
0
0
0
0
0
0
0
0
0
0
0
0
0
0
0
0
0
0
0
0
0
0
0
0
0
0
0
0
0
0
0
0
0
0
0
0
0
0
0
0
0
0
0
0
0
0
0
0
0
0
0
0
0
0
0
0
0
0
0
0
0
0
0
0
0
0
0
0
0
0
0
0
0
0
0
0
0
0
0
0
0
0
0
0
0
0
Bx Data
0
0
0
0
0
0
0
0
0
0
0
0
0
0
0
0
0
0
0
0
0
0
0
0
0
0
0
0
0
0
0
0
0
0
0
0
0
0
0
0
0
0
0
0
0
0
0
0
0
0
0
0
0
0
0
0
0
0
0
0
0
0
0
0
0
0
0
0
0
0
0
0
0
0
0
0
0
0
0
0
0
0
0
0
0
0
0
0
0
0
0
0
0
0
0
0
0
0
0
0
0
0
0
0
0
0
0
0
0
0
0
0
0
0
0
0
0
0
0
0
0
0
0
0
0
0
0
0
0
0
0
0
0
0
0
0
0
0
0
0
0
0
0
0
0
0
0
0
0
0
0
0
0
0
0
0
0
0
0
0
0
0
0
0
0
0
0
0
0
0
0
0
0
0
0
0
0
0
0
0
0
0
0
0
0
0
0
0
0
0
0
0
0
0
0
0
0
0
0
0
0
0
0
0
0
0
0
0
0
0
0
0
0
0
0
0
0
0
0
0
0
0
0
0
0
0
0
0
0
0
0
Hint Data
0
0
0
0
0
0
0
0
0
0
0
0
0
0
0
0
0
0
0
0
0
0
0
0
0
0
0
0
0
0
0
0
0
0
0
0
0
0
0
0
0
0
0
0
0
0
0
0
0
0
0
0
0
0
0
0
0
0
0
0
0
0
0
0
0
0
0
0
0
0
0
0
0
0
0
0
0
0
0
0
0
0
0
0
0
0
0
0
0
0
0
0
0
0
0
0
0
0
0
0
0
0
0
0
0
0
0
0
0
0
0
0
0
0
0
0
0
0
0
0
0
0
0
0
0
0
0
0
0
0
0
0
0
0
0
0
0
0
0
0
0
0
0
0
0
0
0
0
0
0
0
0
0
0
0
0
0
0
0
0
0
0
0
0
0
0
0
0
0
0
0
0
0
0
0
0
0
0
0
0
0
0
0
0
0
0
0
0
0
0
0
0
0
0
0
0
0
0
0
0
0
0
0
0
0
0
0
0
0
0
0
0
0
0
0
0
0
0
0
0
0
0
0
0
0
0
0
0
0
0
0
Torque Data
0.442712707992
0.385838684222
0.317558195298
0.249883084022
0.17318585747
0.103244903211
0.0370079461648
-0.0328813830524
-0.103361553102
-0.169671990656
-0.25467343685
-0.308492195004
-0.384938218392
-0.450642525825
-0.529394402131
-0.598804777337
-0.649715176992
-0.75961091952
-0.8498392612
-0.9125493676
-0.8767446584
-1.02133981079
-1.08215505621
-1.2394074186
-1.25208413523
-1.30507262886
-1.35913827369
-1.4538735414
-1.5206548554
-1.62946471368
-1.67691239696
-1.734079482
-1.83324381082
-1.7962458469
-1.88332290496
-1.971703989
-2.091547752
-2.12734595925
-2.15186630484
-2.19648817717
-2.2726402246
-2.41173803088
-2.39895436652
-2.645368176
-2.5439374854
-2.6059965634
-2.59246885755
-2.78768419158
-2.96036513698
-3.014591769
-3.05682748848
-3.2768753815
-3.31973580592
-3.36961871688
-3.39870692781
-3.44614584923
-3.40486856192
-3.58910334706
-3.62694209488
-3.60504278638
-3.75017231214
-3.81000930732
-3.81032185723
-4.09561171584
-4.08689635809
-4.2222027131
-4.19858433784
-4.20224225024
-4.24263401472
-4.48016774013
-4.6335590164
-4.5538683617
-4.5076699051
-4.57628315723
-4.73316041068
-4.88917734926
-4.84860241953
-4.9973655186
-5.11554192435
-5.3492511316
-5.24525681466
-5.17552183008
-5.41320223323
-5.31273472192
-5.45796710342
-5.52863053886
-6.00409518768
-5.75777243826
-5.61043024026
-5.5995361054
-5.85401343068
-5.93600222576
-6.15607249336
-6.45302068827
-6.21721501744
-6.17386670658
-6.20177505555
-6.25734319986
-6.45663489875
-6.66063553344
-6.43506734911
-6.74568905452
-6.83281031796
-7.04140501544
-7.02081699736
-7.18916111256
-6.9424347537
-7.3488793322
-7.2457882376
-7.546272265
-7.518857073
-7.409278338
-7.8178147208
-7.83997522
-7.4991933639
-7.6413581582
-8.39403602
-8.2570151203
-7.8706283035
-8.0295458664
-8.0482059
-7.824030544
-8.0761717296
-8.3167204462
-8.51788392
-8.5701392715
-8.6050303592
-8.3497358435
-9.31344228
-8.5656514167
-8.8954242952
-8.825424594
-8.7957026244
-8.8271950128
-8.8554086528
-8.719778091
-9.1170798043
-9.2719479377
-9.4074162696
-9.2667735909
-9.4845105005
-9.2113716352
-9.5639857293
-9.1749092964
-9.371865669
-9.9753893296
-10.2021804664
-9.8923914089
-9.8281294752
-10.2617063064
-9.8302976576
-9.9891886788
-9.9877251698
-10.0099810624
-10.3157479395
-10.5978833204
-10.5495929304
-10.356575451
-10.5709291614
-11.224541685
-10.759144719
-11.0266957206
-10.8753120603
-11.2450924288
-10.3325343381
-12.150308515
-11.741903425
-12.301664895
-11.7834508984
-11.6253435375
-11.851955052
-11.9236694424
-11.5478554905
-12.5220429945
-12.0600744672
-11.7572809971
-12.0419655846
-11.6778918368
-12.5144036304
-12.696492865
-12.050190544
-12.370578318
-12.917300165
-12.3972453468
-12.30013592
-12.5963698504
-12.8370080673
-12.7385227132
-12.7791438086
-12.820862728
-13.5949260546
-12.752389512
-13.149838989
-12.8327080453
-12.420805446
-13.361148402
-13.7674570218
-13.4426980878
-13.8800466528
-13.338269594
-13.592249674
-13.3850860747
-13.6075806512
-14.1164562132
-14.4430891352
-14.3884555992
-14.3642716712
-15.4964162924
-14.573597662
-14.2580825153
-14.6536642488
-14.7243315416
-14.2388250915
-15.20002358
-15.3725383991
-14.3447420894
-14.851721199
-15.2579565816
-15.2279432912
-14.6229815051
-14.348792568
-15.8560723654
-15.86069072
-14.688843494
-16.2528229643
-15.2440562913
-16.3660718146
-15.4520379628
-15.4897017372
-15.771878283
-15.8776894934
dMdH Data
9.86468116658425E-06
-3.53789869634667E-06
-1.33254575307355E-06
2.08127747375976E-06
2.18086124401914E-06
2.14840572024323E-06
1.66162137993124E-06
2.74466293987356E-07
2.33188882995187E-07
4.00881636284591E-06
-1.17081868159077E-06
1.14794236745452E-06
3.49853919903812E-06
2.2468310070689E-06
7.01436814119249E-07
2.48882054187505E-07
-1.79241600864686E-06
4.85173311961534E-06
-4.9880095923298E-08
1.82785979712768E-06
-2.72182372015332E-06
3.29370772699323E-06
3.88685589951546E-07
5.25724251526013E-06
-1.78567841719391E-06
-3.76471772164641E-06
2.41525832930953E-06
5.2311240348942E-06
5.33583603896108E-06
-4.00976085895561E-06
3.56781474995134E-06
9.81387478849407E-07
-5.10563380281667E-07
1.46764962653991E-06
3.1674427629026E-06
1.4772497472194E-06
-7.38802214393536E-07
9.02509173856791E-08
2.03477759631088E-06
-2.4807790876473E-07
3.62417450470281E-06
-2.71176696052138E-07
2.27636438243743E-06
-1.06767215717402E-06
4.35147683493035E-06
1.44899158018395E-07
2.01511084600856E-06
-1.65415852780922E-06
3.23297559122427E-06
-2.57283504118948E-06
7.08527285332275E-06
2.57287963433215E-06
-4.91818090553157E-06
-3.94178874325367E-07
-1.90878038979042E-08
1.86631504209352E-06
5.60011540680897E-06
1.69922264301379E-06
-2.19115605790206E-06
-2.22478212962033E-06
5.72052401746724E-06
-2.37080291970801E-06
4.27273634820776E-07
4.77027683341432E-06
1.81045817740466E-06
-3.51492088924492E-07
-3.34281789638934E-06
-1.30919494869768E-06
1.73074972101043E-06
7.12522220027653E-06
-5.03132530120462E-07
2.19371196754563E-06
5.90696284490479E-07
-1.35662299854437E-06
1.14236217262813E-06
1.04275391409076E-06
3.44057193923147E-06
7.55616065350561E-07
3.84185861003093E-06
-3.20752807851892E-07
-3.35748792270531E-06
2.93193717277486E-06
-3.52143789537099E-06
6.87061574434919E-06
-1.65380047505936E-06
3.5712094877824E-06
-3.51402239619464E-06
6.47232824427476E-06
-8.30999999999922E-07
4.651860744297E-07
-3.81330079316652E-06
2.88679434473074E-06
-8.96584440227731E-07
2.33418759610457E-06
1.51261352169529E-06
5.1432482643981E-07
-9.2454313224607E-07
3.12283912955053E-06
3.65580750569363E-06
-1.88379086235329E-06
3.54147993227773E-06
1.35879218472466E-06
-2.56046535360754E-06
-1.16537621600155E-06
-5.30449961210286E-07
2.82004647873094E-06
4.97883064516133E-06
-1.30259365994238E-06
-3.56056056056064E-06
-3.0487804878048E-06
5.19883608147432E-06
-7.0178926441358E-07
6.04518072289161E-06
-3.38477157360408E-06
3.69018112488099E-06
-2.06969696969701E-06
2.87740628166161E-06
-2.40057361376678E-06
5.08646998982324E-08
-1.13468992248061E-06
3.07448979591836E-06
4.47983870967745E-06
-1.76217765042985E-06
-5.75229357798165E-06
1.06279069767441E-05
-6.01178781925362E-07
-1.5493096646943E-06
-1.0228401191658E-06
5.11907164480316E-06
-1.14217557251909E-06
-2.10813594232748E-06
4.66334661354578E-06
1.79883945841416E-07
-2.24899598393544E-07
-3.60591133004926E-07
-6.14754098365878E-09
-1.91372549019606E-06
5.00585365853656E-06
-5.0547263681593E-07
6.43686354378825E-06
-4.9078295341923E-06
3.90952839268523E-06
-5.11670020120731E-06
-2.38437821171644E-07
3.31060606060598E-06
-7.91075050709911E-07
3.26980942828457E-07
-4.02832031249996E-06
8.56124497991966E-06
-1.13165537270088E-06
7.87909836065516E-07
1.06827309236949E-06
-2.05917159763312E-06
2.08373904576466E-07
-7.12105798575976E-08
-3.36282306163027E-06
1.96588693957114E-06
3.906746031746E-06
4.18960244648308E-07
9.29824561403567E-07
1.18862275449097E-06
3.85742187499996E-07
-1.87061183550654E-06
-7.6345177664971E-07
7.47200772200763E-06
-4.93836978131214E-06
8.03258655804485E-06
-6.25000000000001E-06
7.99904580152671E-06
-5.42857142857108E-07
-2.55722891566269E-06
-1.63733075435205E-06
5.70081135902631E-06
-8.1150353178609E-06
6.13779904306224E-06
1.39508700102352E-06
3.79746835443064E-07
-1.33766233766237E-06
-3.51365015166832E-06
4.56189555125729E-06
-1.10189810189814E-06
9.22842639593963E-07
2.53406813627253E-06
1.4614652711703E-06
-4.0650406504062E-07
-2.82153846153852E-06
-2.89648622981967E-07
3.7857142857143E-06
-1.71499013806704E-06
-1.00603621730397E-07
4.01724137931027E-06
-1.80251694094866E-06
4.29423459244537E-06
-3.84553660982952E-06
1.3426853707415E-06
-4.54985479186839E-06
5.75782038345104E-06
3.31287726358143E-06
2.97286821705428E-06
-4.76690211907157E-06
-2.78393881453159E-06
1.18304033092045E-06
-2.06539235412477E-06
4.3549323017409E-06
-2.59779338014065E-07
3.70221327967805E-06
-1.94639376218326E-06
-4.48148148148152E-06
2.64250734573948E-06
-2.77400000000001E-06
-1.44736842105192E-07
-1.45136186770439E-06
9.18544366899285E-06
3.81143430290879E-07
-1.25075528700902E-06
-5.08165225744465E-07
-1.1683569979716E-06
-1.79758308157101E-06
-5.61370123691678E-08
3.60688956433608E-07
2.7342799188641E-06
1.93413173652689E-06
-8.37961165048566E-06
-6.16383616383582E-07
3.02569169960481E-06
1.48703140830802E-05
-5.61445783132529E-06
-4.27904761904765E-06
2.66058763931109E-06
-6.30150753768833E-07
-6.30150753768833E-07
dMdT Data
0
0
0
0
0
0
0
0
0
0
0
0
0
0
0
0
0
0
0
0
0
0
0
0
0
0
0
0
0
0
0
0
0
0
0
0
0
0
0
0
0
0
0
0
0
0
0
0
0
0
0
0
0
0
0
0
0
0
0
0
0
0
0
0
0
0
0
0
0
0
0
0
0
0
0
0
0
0
0
0
0
0
0
0
0
0
0
0
0
0
0
0
0
0
0
0
0
0
0
0
0
0
0
0
0
0
0
0
0
0
0
0
0
0
0
0
0
0
0
0
0
0
0
0
0
0
0
0
0
0
0
0
0
0
0
0
0
0
0
0
0
0
0
0
0
0
0
0
0
0
0
0
0
0
0
0
0
0
0
0
0
0
0
0
0
0
0
0
0
0
0
0
0
0
0
0
0
0
0
0
0
0
0
0
0
0
0
0
0
0
0
0
0
0
0
0
0
0
0
0
0
0
0
0
0
0
0
0
0
0
0
0
0
0
0
0
0
0
0
0
0
0
0
0
0
0
0
0
0
0
0
 
*********************************************** Results ***************************************
 
TotalArea 0
AreaFirstQuad 0
AreaSecondQuad 0
AreaThirdQuad 0
AreaFourthQuad 0
Coercivity 0
PositiveCoercivity 0
NegativeCoercivity 0
Retentivity 2.60254288729397E-04
PositiveRetentivity 3.67250134608255E-03
NegativeRetentivity 3.15199276862375E-03
Magnetization 0.0048259
PositiveMagnetization 0.0048259
NegativeMagnetization 0.00306192
Flatness -11.1112039460033
Squareness 5.39286534593334E-02
SStar 0
SFD1 0
SFD2 0
Slope 0
Intercept 0
SlopeAtHc -6.30150753768833E-07
dH1 13.1912164384484
dH2 726.3892
InitialSlope 9.86468116658425E-06
FieldAtHalfMs 2249.86
FieldAtMs 2209.58
MomentMean 4.11122714285714E-03
MomentRMS 4.92154376289967E-04
SFD3 0
dH3 26.3824328768968
UserField1 0
UserField2 0
CenterField 0
ExchangeField 0
ExchangeMoment 0
ExRegionOneIntercept 0
ExRegionOneSlope 0
ExRegionTwoIntercept 0
ExRegionTwoSlope 0
NegativeIntercept 0
NegativeSlope 0
AutoCenterOffset 0
PinningField 0
PinningMoment 0
PinRegionOneIntercept 0
PinRegionOneSlope 0
PinRegionTwoIntercept 0
PinRegionTwoSlope 0
PositiveIntercept 0
PositiveSlope 0
TotalOffset 0
BHMax 0
BCoercivity 0
BRetentivity 0
BNegativeCoercivity 0
BPositiveCoercivity 0
BNegativeRetentivity 0
BPositiveRetentivity 0
MomentYMean -7.03792415584415E-03
MomentYRMS 2.0561832407358E-04
YOffCorrection 0
Mrt 0
Ms1 0
Ms2 0
Ms3 0
Hc2 0
Hex2 0
HsatValue 0
HsatIntercept 0
HsatSlope 0
CenterH 0
Span .00176398
SpanAsPercentOfRange -33.282641509434
RMSAsPercentOfRange -9.28593162811258
SpanAsPercentOfMean 42.9064106337385
RMSAsPercentOfMean 11.9709847981773
