Version 1.25
******************************************** Units *******************************************
System CGS
TemperatureUnit K
MomentUnit emu
AppliedFieldUnit G
 
******************************************** Setup ********************************************
 
Experiment CustomField
Minor False
Acquisition Continuous
EditedPoint No
MaxField 15000
FieldIncrement 100
Points 87
MinField 0
RampRate 10
AverageTime 0.3
TimeInterval 0
TimeConstant 0.1
TimeConstantIndex 0
Sensitivity -0.0053
SensitivityIndex 5
SensitivityY -400
SensitivityIndexY 0
SaturationField 8000
ExperimentTime 100
Use735Domains True
AutoRangeEnabled False
NumberOfVertices 2
VertexPts
0
86
VertexField
665.33
1534.67
StartAngle 0
EndAngle 0
AngleIncrement 0
StartTemp 0
FinishTemp 0
TempIncrement 0
TempPoints 0
LengthofSetPointsArray 87
SetPointArray
665.32999
675.4386
685.5472
695.65581
705.76441
715.87302
725.98162
736.09023
746.19883
756.30744
766.41604
776.52464
786.63325
796.74185
806.85046
816.95906
827.06767
837.17627
847.28488
857.39348
867.50209
877.61069
887.7193
897.8279
907.93651
918.04511
928.15372
938.26232
948.37093
958.47953
968.58814
978.69674
988.80535
998.91395
1009.02256
1019.13116
1029.23977
1039.34837
1049.45698
1059.56558
1069.67419
1079.78279
1089.8914
1100
1110.1086
1120.21721
1130.32581
1140.43442
1150.54302
1160.65163
1170.76023
1180.86884
1190.97744
1201.08605
1211.19465
1221.30326
1231.41186
1241.52047
1251.62907
1261.73768
1271.84628
1281.95489
1292.06349
1302.1721
1312.2807
1322.38931
1332.49791
1342.60652
1352.71512
1362.82373
1372.93233
1383.04094
1393.14954
1403.25815
1413.36675
1423.47536
1433.58396
1443.69256
1453.80117
1463.90977
1474.01838
1484.12698
1494.23559
1504.34419
1514.4528
1524.5614
1534.67001
FieldDomainFile C:\IDEASVSM\Default UserID\Experiments\FORCexp0044B\fdomain.ini
TempDomainFile C:\IDEASVSM\Default UserID\Experiments\FORCexp0044B\tdomain.ini
NumSelectedResults 0
ResultsSelected 
UserName1 
UserValue1 
UserName2 
UserValue2 
LinearBackgroundCorrection Off
MaxLinearFieldCorrection 
MinLinearFieldCorrection 
AutoLinearCorrection Off
FitOneRegion Off
BackgroundMode Off
BackgroundFilename 
AutoCenter Off
OffsetCorrection 
SmoothDeriv Off
DerivOrder 0
DerivPoints 0
MinExFieldOne 
MaxExFieldOne 
MinExFieldTwo 
MaxExFieldTwo 
MinPinFieldOne 
MaxPinFieldOne 
MinPinFieldTwo 
MaxPinFieldTwo 
HCenterStart 
Mass 
Volume 
Density 
MolarWeight 
NumberOfMoles 
Demagnetization 
SampleArea 
Thickness 
MomentScaling 0
XAxis 0
YAxis 0
SimpleSpinValve False
HsatMax 0
HsatMin 0
FieldAutoRange False
 
*************************************************** Experiment Data ********************************************
 
DataPoints 87
MomentX Data
0.00390669
0.00392087
0.00395588
0.00392357
0.0039657
0.00396434
0.00398311
0.0039796
0.00400026
0.00399528
0.00401032
0.00399712
0.00405188
0.0040175
0.00401173
0.00404962
0.00404745
0.0040352
0.00407172
0.00408288
0.00408386
0.00410398
0.00409728
0.00409777
0.00410697
0.00412607
0.00408268
0.00411329
0.00411593
0.00417059
0.00413837
0.00414888
0.00416118
0.00423716
0.00418595
0.00419539
0.00418897
0.00417854
0.00421923
0.0042067
0.00420239
0.00422371
0.00423596
0.00421944
0.00427036
0.00424572
0.00425286
0.0042657
0.00425433
0.00428991
0.00428369
0.00429936
0.00426215
0.00432166
0.00431112
0.00429254
0.00430313
0.00432391
0.00430906
0.00436146
0.00435469
0.00436173
0.00435723
0.00438018
0.00436396
0.00437374
0.00436025
0.00437972
0.00442528
0.00437937
0.00442078
0.00437173
0.00441909
0.00443499
0.00448437
0.00441728
0.00437312
0.00444968
0.00445634
0.00444332
0.00447214
0.00445282
0.00448012
0.00444861
0.0044531
0.00444
0.00446335
MomentY Data
-0.00708898
-0.00680288
-0.00694593
-0.0067393
-0.00678698
-0.00720024
-0.00699361
-0.00735919
-0.0076135
-0.00691414
-0.00699361
-0.00705719
-0.00708898
-0.00713666
-0.00735919
-0.00699361
-0.00694593
-0.00664393
-0.00688235
-0.00705719
-0.00715256
-0.00699361
-0.00710487
-0.0070413
-0.00724792
-0.0070254
-0.00708898
-0.00708898
-0.0070413
-0.00747045
-0.0070413
-0.00694593
-0.00718435
-0.00697772
-0.00669161
-0.00696182
-0.00720024
-0.00726382
-0.00767708
-0.00708898
-0.00710487
-0.0070413
-0.00710487
-0.00686646
-0.00740687
-0.0070413
-0.00705719
-0.00705719
-0.00699361
-0.00693003
-0.00715256
-0.00745455
-0.00740687
-0.00718435
-0.00708898
-0.00715256
-0.00735919
-0.00751813
-0.00742277
-0.00750224
-0.00772476
-0.0073115
-0.00699361
-0.00696182
-0.00697772
-0.0073115
-0.00735919
-0.00740687
-0.00710487
-0.00710487
-0.00735919
-0.00724792
-0.00700951
-0.00716845
-0.00747045
-0.00758171
-0.00720024
-0.00708898
-0.00718435
-0.00713666
-0.00710487
-0.00735919
-0.0073115
-0.00724792
-0.00678698
-0.00693003
-0.00715256
Field Data
666.008
672.634
682.089
691.996
702.121
712.386
722.303
732.051
742.259
752.449
762.128
772.243
782.555
792.392
802.26
812.632
822.396
832.207
842.43
852.402
862.347
872.226
882.553
892.349
902.226
912.38
922.363
932.543
942.407
952.31
962.531
972.587
982.274
992.238
1002.67
1012.33
1022.27
1032.51
1042.42
1052.19
1062.44
1072.49
1082.22
1092.33
1102.47
1112.51
1122.41
1132.51
1142.3
1152.21
1162.3
1172.47
1182.35
1192.08
1202.62
1212.51
1222.06
1232.52
1242.3
1252.6
1262.32
1272.29
1282.24
1292.15
1302.57
1312.24
1322.31
1332.19
1342.35
1352.56
1362.32
1372.13
1382.33
1392.42
1402.27
1412.11
1422.49
1432.31
1442.17
1452.29
1462.28
1472.34
1482.43
1492.19
1502.4
1512.16
1522.26
Time Data
0
0.3
0.6
0.9
1.2
1.5
1.8
2.1
2.4
2.7
3
3.3
3.6
3.9
4.2
4.5
4.8
5.1
5.4
5.7
6
6.3
6.6
6.9
7.2
7.5
7.8
8.1
8.4
8.7
9
9.3
9.6
9.9
10.2
10.5
10.8
11.1
11.4
11.7
12
12.3
12.6
12.9
13.2
13.5
13.8
14.1
14.4
14.7
15
15.3
15.6
15.9
16.2
16.5
16.8
17.1
17.4
17.7
18
18.3
18.6
18.9
19.2
19.5
19.8
20.1
20.4
20.7
21
21.3
21.6
21.9
22.2
22.5
22.8
23.1
23.4
23.7
24
24.3
24.6
24.9
25.2
25.5
25.8
Temperature Data
0
0
0
0
0
0
0
0
0
0
0
0
0
0
0
0
0
0
0
0
0
0
0
0
0
0
0
0
0
0
0
0
0
0
0
0
0
0
0
0
0
0
0
0
0
0
0
0
0
0
0
0
0
0
0
0
0
0
0
0
0
0
0
0
0
0
0
0
0
0
0
0
0
0
0
0
0
0
0
0
0
0
0
0
0
0
0
Angle Data
0
0
0
0
0
0
0
0
0
0
0
0
0
0
0
0
0
0
0
0
0
0
0
0
0
0
0
0
0
0
0
0
0
0
0
0
0
0
0
0
0
0
0
0
0
0
0
0
0
0
0
0
0
0
0
0
0
0
0
0
0
0
0
0
0
0
0
0
0
0
0
0
0
0
0
0
0
0
0
0
0
0
0
0
0
0
0
Bx Data
0
0
0
0
0
0
0
0
0
0
0
0
0
0
0
0
0
0
0
0
0
0
0
0
0
0
0
0
0
0
0
0
0
0
0
0
0
0
0
0
0
0
0
0
0
0
0
0
0
0
0
0
0
0
0
0
0
0
0
0
0
0
0
0
0
0
0
0
0
0
0
0
0
0
0
0
0
0
0
0
0
0
0
0
0
0
0
Hint Data
0
0
0
0
0
0
0
0
0
0
0
0
0
0
0
0
0
0
0
0
0
0
0
0
0
0
0
0
0
0
0
0
0
0
0
0
0
0
0
0
0
0
0
0
0
0
0
0
0
0
0
0
0
0
0
0
0
0
0
0
0
0
0
0
0
0
0
0
0
0
0
0
0
0
0
0
0
0
0
0
0
0
0
0
0
0
0
Torque Data
-4.72131739184
-4.57584838592
-4.73774244777
-4.6635686428
-4.76528118458
-5.12935017264
-5.05150548383
-5.38730239869
-5.6511888965
-5.20253772886
-5.33002600208
-5.44986557717
-5.5475167439
-5.65503229072
-5.9039837694
-5.68323128152
-5.71230504828
-5.52912505351
-5.7978981105
-6.01556287038
-6.16798865832
-6.10000847586
-6.27042433311
-6.2832970137
-6.53926186992
-6.409834452
-6.53861285974
-6.61077867614
-6.6357704091
-7.1141842395
-6.7774695303
-6.75552122091
-7.0570002119
-6.92355893736
-6.7094765987
-7.0476592406
-7.3605893448
-7.4999667882
-8.0027417336
-7.4589538662
-7.5484980828
-7.551723837
-7.6890324114
-7.5004402518
-8.1658519689
-7.833516663
-7.9210606279
-7.9923382469
-7.988800703
-7.9848498663
-8.313420488
-8.7402362385
-8.7575127445
-8.564319948
-8.5253491276
-8.6725505256
-8.9933717314
-9.2662455876
-9.221307171
-9.397305824
-9.7511190432
-9.302348335
-8.9674864864
-8.995715713
-9.0889687404
-9.59444276
-9.7311305289
-9.8673581453
-9.5372222445
-9.6097629672
-10.0255717208
-9.9450884696
-9.6894559583
-9.981493149
-10.4755879215
-10.7062085081
-10.2422693976
-10.1536169438
-10.3610540395
-10.3644999514
-10.3893093036
-10.8352298046
-10.838786945
-10.8152737448
-10.196758752
-10.4793141648
-10.8880559856
dMdH Data
2.14005433142167E-06
3.70280274986781E-06
-3.26133037246392E-06
4.16098765432095E-06
-1.32489040428615E-07
1.89270948875663E-06
-3.60073861304878E-07
2.02390282131667E-06
-4.88714425907747E-07
1.5538795330096E-06
-1.30499258526945E-06
5.31031807602799E-06
-3.49496797804201E-06
-5.84718281313383E-07
3.65310451214815E-06
-2.22244981564945E-07
-1.24859851187443E-06
3.57233688741075E-06
1.11913357400717E-06
9.8541980894948E-08
2.03664338495801E-06
-6.48784739033612E-07
5.00204164964975E-08
9.3145692011745E-07
1.88103210557418E-06
-4.34638886106377E-06
3.00687622789789E-06
2.67639902676391E-07
5.51953953347473E-06
-3.15233343117115E-06
1.04514717581543E-06
1.26974295447505E-06
7.6254516258531E-06
-4.90893404907983E-06
9.77225672877871E-07
-6.45875251509062E-07
-1.01855468750005E-06
4.10595358224016E-06
-1.28249744114639E-06
-4.20487804878006E-07
2.12139303482588E-06
1.2589928057554E-06
-1.63402571711186E-06
5.02169625246546E-06
-2.4541832669323E-06
7.21212121212124E-07
1.27128712871289E-06
-1.16138917262515E-06
3.59031281533805E-06
-6.16451932606582E-07
1.54080629301873E-06
-3.76619433198387E-06
6.1161356628982E-06
-9.9999999999999E-07
-1.8786653185035E-06
1.10890052356017E-06
1.98661567877634E-06
-1.51840490797549E-06
5.08737864077674E-06
-6.96502057613224E-07
7.06118355065263E-07
-4.52261306532678E-07
2.31584258324921E-06
-1.5566218809981E-06
1.01137538779731E-06
-1.33962264150941E-06
1.9706477732793E-06
4.48425196850401E-06
-4.49657198824686E-06
4.2428278688525E-06
-4.99999999999993E-06
4.64313725490202E-06
1.57581764122893E-06
5.01319796954318E-06
-6.81808943089433E-06
-4.25433526011553E-06
7.79633401221999E-06
6.75456389452271E-07
-1.28656126482214E-06
2.88488488488494E-06
-1.92047713717701E-06
2.70564915758173E-06
-3.22848360655731E-06
4.3976493633686E-07
-1.34221311475404E-06
2.31188118811876E-06
2.31188118811876E-06
dMdT Data
0
0
0
0
0
0
0
0
0
0
0
0
0
0
0
0
0
0
0
0
0
0
0
0
0
0
0
0
0
0
0
0
0
0
0
0
0
0
0
0
0
0
0
0
0
0
0
0
0
0
0
0
0
0
0
0
0
0
0
0
0
0
0
0
0
0
0
0
0
0
0
0
0
0
0
0
0
0
0
0
0
0
0
0
0
0
0
 
*********************************************** Results ***************************************
 
TotalArea 0
AreaFirstQuad 0
AreaSecondQuad 0
AreaThirdQuad 0
AreaFourthQuad 0
Coercivity 0
PositiveCoercivity 0
NegativeCoercivity 0
Retentivity 2.48139669483852E-03
PositiveRetentivity 2.48139669483852E-03
NegativeRetentivity 0
Magnetization 0.00448437
PositiveMagnetization 0.00448437
NegativeMagnetization 0.00390669
Flatness -0.798724891221176
Squareness 0.553343433935763
SStar 0
SFD1 0
SFD2 0
Slope 0
Intercept 0
SlopeAtHc 2.31188118811876E-06
dH1 579.750863892809
dH2 49.7005
InitialSlope 2.14005433142167E-06
FieldAtHalfMs 1522.26
FieldAtMs 1402.27
MomentMean 4.22614896551724E-03
MomentRMS 1.65164721210791E-04
SFD3 0
dH3 1159.50172778562
UserField1 0
UserField2 0
CenterField 0
ExchangeField 0
ExchangeMoment 0
ExRegionOneIntercept 0
ExRegionOneSlope 0
ExRegionTwoIntercept 0
ExRegionTwoSlope 0
NegativeIntercept 0
NegativeSlope 0
AutoCenterOffset 0
PinningField 0
PinningMoment 0
PinRegionOneIntercept 0
PinRegionOneSlope 0
PinRegionTwoIntercept 0
PinRegionTwoSlope 0
PositiveIntercept 0
PositiveSlope 0
TotalOffset 0
BHMax 0
BCoercivity 0
BRetentivity 0
BNegativeCoercivity 0
BPositiveCoercivity 0
BNegativeRetentivity 0
BPositiveRetentivity 0
MomentYMean -7.1417783908046E-03
MomentYRMS 2.18883621062594E-04
YOffCorrection 0
Mrt 0
Ms1 0
Ms2 0
Ms3 0
Hc2 0
Hex2 0
HsatValue 0
HsatIntercept 0
HsatSlope 0
CenterH 0
Span .00057768
SpanAsPercentOfRange -10.8996226415094
RMSAsPercentOfRange -3.11631549454323
SpanAsPercentOfMean 13.6691821493637
RMSAsPercentOfMean 3.90816136767617
