Version 1.25
******************************************** Units *******************************************
System CGS
TemperatureUnit K
MomentUnit emu
AppliedFieldUnit G
 
******************************************** Setup ********************************************
 
Experiment CustomField
Minor False
Acquisition Continuous
EditedPoint No
MaxField 15000
FieldIncrement 100
Points 95
MinField 0
RampRate 10
AverageTime 0.3
TimeInterval 0
TimeConstant 0.1
TimeConstantIndex 0
Sensitivity -0.0053
SensitivityIndex 5
SensitivityY -400
SensitivityIndexY 0
SaturationField 8000
ExperimentTime 100
Use735Domains True
AutoRangeEnabled False
NumberOfVertices 2
VertexPts
0
94
VertexField
624.8956
1575.1044
StartAngle 0
EndAngle 0
AngleIncrement 0
StartTemp 0
FinishTemp 0
TempIncrement 0
TempPoints 0
LengthofSetPointsArray 95
SetPointArray
624.89557
635.00418
645.11278
655.22139
665.32999
675.4386
685.5472
695.65581
705.76441
715.87302
725.98162
736.09023
746.19883
756.30744
766.41604
776.52464
786.63325
796.74185
806.85046
816.95906
827.06767
837.17627
847.28488
857.39348
867.50209
877.61069
887.7193
897.8279
907.93651
918.04511
928.15372
938.26232
948.37093
958.47953
968.58814
978.69674
988.80535
998.91395
1009.02256
1019.13116
1029.23977
1039.34837
1049.45698
1059.56558
1069.67419
1079.78279
1089.8914
1100
1110.1086
1120.21721
1130.32581
1140.43442
1150.54302
1160.65163
1170.76023
1180.86884
1190.97744
1201.08605
1211.19465
1221.30326
1231.41186
1241.52047
1251.62907
1261.73768
1271.84628
1281.95489
1292.06349
1302.1721
1312.2807
1322.38931
1332.49791
1342.60652
1352.71512
1362.82373
1372.93233
1383.04094
1393.14954
1403.25815
1413.36675
1423.47536
1433.58396
1443.69256
1453.80117
1463.90977
1474.01838
1484.12698
1494.23559
1504.34419
1514.4528
1524.5614
1534.67001
1544.77861
1554.88722
1564.99582
1575.10443
FieldDomainFile C:\IDEASVSM\Default UserID\Experiments\FORCexp0048B\fdomain.ini
TempDomainFile C:\IDEASVSM\Default UserID\Experiments\FORCexp0048B\tdomain.ini
NumSelectedResults 0
ResultsSelected 
UserName1 
UserValue1 
UserName2 
UserValue2 
LinearBackgroundCorrection Off
MaxLinearFieldCorrection 
MinLinearFieldCorrection 
AutoLinearCorrection Off
FitOneRegion Off
BackgroundMode Off
BackgroundFilename 
AutoCenter Off
OffsetCorrection 
SmoothDeriv Off
DerivOrder 0
DerivPoints 0
MinExFieldOne 
MaxExFieldOne 
MinExFieldTwo 
MaxExFieldTwo 
MinPinFieldOne 
MaxPinFieldOne 
MinPinFieldTwo 
MaxPinFieldTwo 
HCenterStart 
Mass 
Volume 
Density 
MolarWeight 
NumberOfMoles 
Demagnetization 
SampleArea 
Thickness 
MomentScaling 0
XAxis 0
YAxis 0
SimpleSpinValve False
HsatMax 0
HsatMin 0
FieldAutoRange False
 
*************************************************** Experiment Data ********************************************
 
DataPoints 95
MomentX Data
0.00390085
0.0038739
0.00388936
0.00390424
0.00393269
0.00393901
0.00393266
0.00395507
0.00397328
0.00396439
0.00398484
0.00395095
0.00399337
0.00398904
0.0039962
0.00398836
0.00400275
0.0039972
0.00404549
0.00402421
0.00404703
0.00404979
0.00407168
0.00404676
0.0040698
0.0040992
0.00407219
0.00410987
0.00408948
0.00413916
0.00412125
0.00416099
0.00413852
0.00412854
0.00414887
0.00416071
0.00416659
0.00417978
0.00418173
0.00418743
0.00418114
0.00417639
0.00424045
0.00421177
0.0042384
0.00420005
0.00421821
0.00425351
0.00423352
0.00424891
0.00427004
0.00423965
0.00427704
0.00426628
0.00428271
0.00427719
0.00426348
0.00429974
0.00430663
0.00433965
0.00432939
0.00433039
0.00438938
0.0043739
0.00434037
0.00434988
0.00435233
0.00436065
0.00435652
0.00435257
0.00435356
0.00436446
0.0043584
0.00440614
0.00440473
0.00440552
0.00440662
0.00440671
0.00440396
0.0044077
0.00444877
0.00441947
0.00444711
0.00441262
0.0044424
0.00446236
0.0044921
0.00447019
0.00446311
0.00448304
0.00449076
0.0045003
0.00449287
0.004475
0.00450913
MomentY Data
-0.00699361
-0.00680288
-0.00740687
-0.00694593
-0.00712077
-0.00670751
-0.00710487
-0.00705719
-0.00713666
-0.00683467
-0.00699361
-0.00700951
-0.0070413
-0.00683467
-0.00708898
-0.00700951
-0.00710487
-0.00742277
-0.00696182
-0.00691414
-0.00694593
-0.00708898
-0.00715256
-0.00710487
-0.00716845
-0.00729561
-0.00740687
-0.00734329
-0.00721614
-0.00694593
-0.00699361
-0.00735919
-0.00724792
-0.00724792
-0.00693003
-0.00715256
-0.00667572
-0.00699361
-0.00751813
-0.0067393
-0.00720024
-0.00697772
-0.00737508
-0.00689824
-0.00678698
-0.00705719
-0.00700951
-0.00724792
-0.00699361
-0.0070413
-0.00713666
-0.00751813
-0.00710487
-0.00724792
-0.00700951
-0.00720024
-0.00708898
-0.00683467
-0.00726382
-0.00724792
-0.00724792
-0.0067393
-0.00716845
-0.00689824
-0.00689824
-0.00715256
-0.00718435
-0.00699361
-0.00705719
-0.00751813
-0.00713666
-0.0070413
-0.00712077
-0.00691414
-0.00724792
-0.00689824
-0.00724792
-0.0070413
-0.00715256
-0.0070254
-0.00720024
-0.00710487
-0.00694593
-0.00696182
-0.0070413
-0.00726382
-0.00726382
-0.0073115
-0.00715256
-0.00721614
-0.00720024
-0.00724792
-0.00756582
-0.00735919
-0.00724792
Field Data
625.542
631.814
641.464
651.289
661.557
671.571
681.746
691.442
701.744
711.874
721.619
731.538
742.015
751.78
761.663
771.955
781.831
791.811
801.84
811.979
822.073
832.102
841.92
852.053
862.075
872.034
881.907
892.197
902.034
911.711
922.217
932.106
941.888
952.08
962.095
971.996
981.963
992.262
1002.1
1012.22
1022.23
1032.05
1042.05
1052.08
1062.34
1072.16
1081.95
1092.35
1102.24
1112.32
1122.2
1132
1142.24
1152.27
1162.14
1172.32
1182.39
1192.24
1202.16
1212.52
1222.21
1232.22
1242.39
1252.44
1262.63
1272.44
1282.24
1292.21
1302.23
1312.53
1322.29
1332.25
1342.45
1352.54
1362.21
1372.46
1382.45
1392.59
1402.58
1412.39
1422.46
1432.81
1442.4
1452.23
1462.73
1472.39
1482.36
1492.64
1502.58
1512.34
1522.4
1532.68
1542.65
1552.64
1562.44
Time Data
0
0.3
0.6
0.9
1.2
1.5
1.8
2.1
2.4
2.7
3
3.3
3.6
3.9
4.2
4.5
4.8
5.1
5.4
5.7
6
6.3
6.6
6.9
7.2
7.5
7.8
8.1
8.4
8.7
9
9.3
9.6
9.9
10.2
10.5
10.8
11.1
11.4
11.7
12
12.3
12.6
12.9
13.2
13.5
13.8
14.1
14.4
14.7
15
15.3
15.6
15.9
16.2
16.5
16.8
17.1
17.4
17.7
18
18.3
18.6
18.9
19.2
19.5
19.8
20.1
20.4
20.7
21
21.3
21.6
21.9
22.2
22.5
22.8
23.1
23.4
23.7
24
24.3
24.6
24.9
25.2
25.5
25.8
26.1
26.4
26.7
27
27.3
27.6
27.9
28.2
Temperature Data
0
0
0
0
0
0
0
0
0
0
0
0
0
0
0
0
0
0
0
0
0
0
0
0
0
0
0
0
0
0
0
0
0
0
0
0
0
0
0
0
0
0
0
0
0
0
0
0
0
0
0
0
0
0
0
0
0
0
0
0
0
0
0
0
0
0
0
0
0
0
0
0
0
0
0
0
0
0
0
0
0
0
0
0
0
0
0
0
0
0
0
0
0
0
0
Angle Data
0
0
0
0
0
0
0
0
0
0
0
0
0
0
0
0
0
0
0
0
0
0
0
0
0
0
0
0
0
0
0
0
0
0
0
0
0
0
0
0
0
0
0
0
0
0
0
0
0
0
0
0
0
0
0
0
0
0
0
0
0
0
0
0
0
0
0
0
0
0
0
0
0
0
0
0
0
0
0
0
0
0
0
0
0
0
0
0
0
0
0
0
0
0
0
Bx Data
0
0
0
0
0
0
0
0
0
0
0
0
0
0
0
0
0
0
0
0
0
0
0
0
0
0
0
0
0
0
0
0
0
0
0
0
0
0
0
0
0
0
0
0
0
0
0
0
0
0
0
0
0
0
0
0
0
0
0
0
0
0
0
0
0
0
0
0
0
0
0
0
0
0
0
0
0
0
0
0
0
0
0
0
0
0
0
0
0
0
0
0
0
0
0
Hint Data
0
0
0
0
0
0
0
0
0
0
0
0
0
0
0
0
0
0
0
0
0
0
0
0
0
0
0
0
0
0
0
0
0
0
0
0
0
0
0
0
0
0
0
0
0
0
0
0
0
0
0
0
0
0
0
0
0
0
0
0
0
0
0
0
0
0
0
0
0
0
0
0
0
0
0
0
0
0
0
0
0
0
0
0
0
0
0
0
0
0
0
0
0
0
0
Torque Data
-4.37479678662
-4.29815482432
-4.75124045768
-4.52380780377
-4.71079523889
-4.50456919821
-4.84371670302
-4.87963756798
-5.00810833504
-4.86542387158
-5.04672185459
-5.12772292638
-5.2247502195
-5.1381682126
-5.39941377374
-5.41102629205
-5.55480761697
-5.87743093647
-5.5822657488
-5.61413648306
-5.71006151289
-5.89875443596
-6.0218833152
-6.05372579811
-6.17974153375
-6.36201997074
-6.53217050109
-6.55166130813
-6.50920362876
-6.33268078623
-6.44962603337
-6.85954515414
-6.82672887296
-6.9005996736
-6.66734721285
-6.95225970976
-6.55531003836
-6.93949344582
-7.533918073
-6.821654246
-7.3603013352
-7.201355926
-7.685202114
-7.2575003392
-7.2100803332
-7.5664368304
-7.5839393445
-7.917265412
-7.7086366864
-7.832178816
-8.008759852
-8.51052316
-8.1154667088
-8.3515607784
-8.1460319514
-8.4409853568
-8.3819390622
-8.1485669608
-8.7322738512
-8.7882479584
-8.8584803032
-8.304300246
-8.9060105955
-8.6396317056
-8.7099247712
-9.1012034464
-9.212060944
-9.0372127781
-9.1900845337
-9.8677711689
-9.4367341514
-9.380771925
-9.5592776865
-9.3516509156
-9.8731891032
-9.4675584704
-10.019887004
-9.805643967
-10.0320376048
-9.922604706
-10.2420533904
-10.1799287847
-10.018809432
-10.1101638586
-10.299520749
-10.6951759298
-10.7675962152
-10.91343736
-10.7472936048
-10.9132571676
-10.961645376
-11.1087420256
-11.671412223
-11.4261727616
-11.3244401248
dMdH Data
-4.29687500000004E-06
1.6020725388601E-06
1.51450381679387E-06
2.7707440592131E-06
6.31116436988192E-07
-6.24078624078586E-07
2.31126237623758E-06
1.76761793826444E-06
-8.77591312931897E-07
2.09851205746536E-06
-3.41667506805122E-06
4.04886895103566E-06
-4.43420378904282E-07
7.24476373570773E-07
-7.61756704236325E-07
1.45706763872017E-06
-5.56112224448897E-07
4.81503639445602E-06
-2.09882631423211E-06
2.26074895977808E-06
2.75201914448109E-07
2.22957832552456E-06
-2.45929142406002E-06
2.29894232688087E-06
2.95210362486192E-06
-2.73574394814139E-06
3.66180758017494E-06
-2.07278641862351E-06
5.13382246564015E-06
-1.70474014848661E-06
4.01860653251086E-06
-2.29707626252301E-06
-9.79199372056486E-07
2.02995506739889E-06
1.1958388041612E-06
5.89946824520984E-07
1.28070686474413E-06
1.98211018499662E-07
5.63241106719365E-07
-6.28371628371623E-07
-4.83706720977554E-07
6.40599999999995E-06
-2.85942173479559E-06
2.59551656920075E-06
-3.90529531568216E-06
1.85495403472929E-06
3.39423076923084E-06
-2.02123356926187E-06
1.52678571428569E-06
2.13866396761134E-06
-3.10102040816327E-06
3.6513671875E-06
-1.07278165503493E-06
1.66464032421482E-06
-5.42239685658179E-07
-1.36146971201588E-06
3.68121827411169E-06
6.94556451612883E-07
3.18725868725871E-06
-1.05882352941174E-06
9.99000999001132E-08
5.80039331366762E-06
-1.54029850746269E-06
-3.29048086359177E-06
9.69418960244732E-07
2.49999999999933E-07
8.34503510531595E-07
-4.12175648702572E-07
-3.83495145631066E-07
1.01434426229528E-07
1.0943775100401E-06
-5.94117647058779E-07
4.73141724479688E-06
-1.45811789038293E-07
7.70731707316727E-08
1.10110110110151E-07
8.87573964500335E-09
-2.7527527527529E-07
3.81243628949991E-07
4.07845084409146E-06
-2.83091787439619E-06
2.88216892596448E-06
-3.50864699898272E-06
2.83619047619048E-06
2.06625258799173E-06
2.98294884653962E-06
-2.1313229571984E-06
-7.12273641851077E-07
2.04200819672127E-06
7.67395626242544E-07
9.2801556420231E-07
-7.45235707121286E-07
-1.78878878878884E-06
3.48265306122453E-06
3.48265306122453E-06
dMdT Data
0
0
0
0
0
0
0
0
0
0
0
0
0
0
0
0
0
0
0
0
0
0
0
0
0
0
0
0
0
0
0
0
0
0
0
0
0
0
0
0
0
0
0
0
0
0
0
0
0
0
0
0
0
0
0
0
0
0
0
0
0
0
0
0
0
0
0
0
0
0
0
0
0
0
0
0
0
0
0
0
0
0
0
0
0
0
0
0
0
0
0
0
0
0
0
 
*********************************************** Results ***************************************
 
TotalArea 0
AreaFirstQuad 0
AreaSecondQuad 0
AreaThirdQuad 0
AreaFourthQuad 0
Coercivity 0
PositiveCoercivity 0
NegativeCoercivity 0
Retentivity 6.58872578125003E-03
PositiveRetentivity 6.58872578125003E-03
NegativeRetentivity 0
Magnetization 0.00450913
PositiveMagnetization 0.00450913
NegativeMagnetization 0.0038739
Flatness 0.315629432805971
Squareness 1.46119667901569
SStar 0
SFD1 0
SFD2 0
Slope 0
Intercept 0
SlopeAtHc 3.48265306122453E-06
dH1 -766.688090909087
dH2 73.272
InitialSlope -4.29687500000004E-06
FieldAtHalfMs 1562.44
FieldAtMs 1562.44
MomentMean 4.22204631578947E-03
MomentRMS 1.81140980707297E-04
SFD3 0
dH3 -1533.37618181817
UserField1 0
UserField2 0
CenterField 0
ExchangeField 0
ExchangeMoment 0
ExRegionOneIntercept 0
ExRegionOneSlope 0
ExRegionTwoIntercept 0
ExRegionTwoSlope 0
NegativeIntercept 0
NegativeSlope 0
AutoCenterOffset 0
PinningField 0
PinningMoment 0
PinRegionOneIntercept 0
PinRegionOneSlope 0
PinRegionTwoIntercept 0
PinRegionTwoSlope 0
PositiveIntercept 0
PositiveSlope 0
TotalOffset 0
BHMax 0
BCoercivity 0
BRetentivity 0
BNegativeCoercivity 0
BPositiveCoercivity 0
BNegativeRetentivity 0
BPositiveRetentivity 0
MomentYMean -7.1055427368421E-03
MomentYRMS 1.87793656008692E-04
YOffCorrection 0
Mrt 0
Ms1 0
Ms2 0
Ms3 0
Hc2 0
Hex2 0
HsatValue 0
HsatIntercept 0
HsatSlope 0
CenterH 0
Span .00063523
SpanAsPercentOfRange -11.9854716981132
RMSAsPercentOfRange -3.41775435296787
SpanAsPercentOfMean 15.0455478809976
RMSAsPercentOfMean 4.29035986720164
