Version 1.25
******************************************** Units *******************************************
System CGS
TemperatureUnit K
MomentUnit emu
AppliedFieldUnit G
 
******************************************** Setup ********************************************
 
Experiment CustomField
Minor False
Acquisition Continuous
EditedPoint No
MaxField 15000
FieldIncrement 100
Points 293
MinField 0
RampRate 10
AverageTime 0.3
TimeInterval 0
TimeConstant 0.1
TimeConstantIndex 0
Sensitivity -0.0053
SensitivityIndex 5
SensitivityY -400
SensitivityIndexY 0
SaturationField 8000
ExperimentTime 100
Use735Domains True
AutoRangeEnabled False
NumberOfVertices 2
VertexPts
0
292
VertexField
-1285.6307
1666.0819
StartAngle 0
EndAngle 0
AngleIncrement 0
StartTemp 0
FinishTemp 0
TempIncrement 0
TempPoints 0
LengthofSetPointsArray 293
SetPointArray
-1285.63074
-1275.52214
-1265.41353
-1255.30493
-1245.19632
-1235.08772
-1224.97911
-1214.87051
-1204.7619
-1194.6533
-1184.5447
-1174.43609
-1164.32749
-1154.21888
-1144.11028
-1134.00167
-1123.89307
-1113.78446
-1103.67586
-1093.56725
-1083.45865
-1073.35004
-1063.24144
-1053.13283
-1043.02423
-1032.91562
-1022.80702
-1012.69841
-1002.58981
-992.4812
-982.3726
-972.26399
-962.15539
-952.04678
-941.93818
-931.82957
-921.72097
-911.61236
-901.50376
-891.39515
-881.28655
-871.17794
-861.06934
-850.96074
-840.85213
-830.74353
-820.63492
-810.52632
-800.41771
-790.30911
-780.2005
-770.0919
-759.98329
-749.87469
-739.76608
-729.65748
-719.54887
-709.44027
-699.33166
-689.22306
-679.11445
-669.00585
-658.89724
-648.78864
-638.68003
-628.57143
-618.46282
-608.35422
-598.24561
-588.13701
-578.0284
-567.9198
-557.81119
-547.70259
-537.59398
-527.48538
-517.37678
-507.26817
-497.15957
-487.05096
-476.94236
-466.83375
-456.72515
-446.61654
-436.50794
-426.39933
-416.29073
-406.18212
-396.07352
-385.96491
-375.85631
-365.7477
-355.6391
-345.53049
-335.42189
-325.31328
-315.20468
-305.09607
-294.98747
-284.87886
-274.77026
-264.66165
-254.55305
-244.44444
-234.33584
-224.22723
-214.11863
-204.01003
-193.90142
-183.79282
-173.68421
-163.57561
-153.467
-143.3584
-133.24979
-123.14119
-113.03258
-102.92398
-92.81537
-82.70677
-72.59816
-62.48956
-52.38095
-42.27235
-32.16374
-22.05514
-11.94653
-1.83793
8.27068
18.37928
28.48789
38.59649
48.7051
58.8137
68.92231
79.03091
89.13952
99.24812
109.35673
119.46533
129.57393
139.68254
149.79114
159.89975
170.00835
180.11696
190.22556
200.33417
210.44277
220.55138
230.65998
240.76859
250.87719
260.9858
271.0944
281.20301
291.31161
301.42022
311.52882
321.63743
331.74603
341.85464
351.96324
362.07185
372.18045
382.28906
392.39766
402.50627
412.61487
422.72348
432.83208
442.94069
453.04929
463.15789
473.2665
483.3751
493.48371
503.59231
513.70092
523.80952
533.91813
544.02673
554.13534
564.24394
574.35255
584.46115
594.56976
604.67836
614.78697
624.89557
635.00418
645.11278
655.22139
665.32999
675.4386
685.5472
695.65581
705.76441
715.87302
725.98162
736.09023
746.19883
756.30744
766.41604
776.52464
786.63325
796.74185
806.85046
816.95906
827.06767
837.17627
847.28488
857.39348
867.50209
877.61069
887.7193
897.8279
907.93651
918.04511
928.15372
938.26232
948.37093
958.47953
968.58814
978.69674
988.80535
998.91395
1009.02256
1019.13116
1029.23977
1039.34837
1049.45698
1059.56558
1069.67419
1079.78279
1089.8914
1100
1110.1086
1120.21721
1130.32581
1140.43442
1150.54302
1160.65163
1170.76023
1180.86884
1190.97744
1201.08605
1211.19465
1221.30326
1231.41186
1241.52047
1251.62907
1261.73768
1271.84628
1281.95489
1292.06349
1302.1721
1312.2807
1322.38931
1332.49791
1342.60652
1352.71512
1362.82373
1372.93233
1383.04094
1393.14954
1403.25815
1413.36675
1423.47536
1433.58396
1443.69256
1453.80117
1463.90977
1474.01838
1484.12698
1494.23559
1504.34419
1514.4528
1524.5614
1534.67001
1544.77861
1554.88722
1564.99582
1575.10443
1585.21303
1595.32164
1605.43024
1615.53885
1625.64745
1635.75606
1645.86466
1655.97327
1666.08187
FieldDomainFile C:\IDEASVSM\Default UserID\Experiments\FORCexp0237B\fdomain.ini
TempDomainFile C:\IDEASVSM\Default UserID\Experiments\FORCexp0237B\tdomain.ini
NumSelectedResults 0
ResultsSelected 
UserName1 
UserValue1 
UserName2 
UserValue2 
LinearBackgroundCorrection Off
MaxLinearFieldCorrection 
MinLinearFieldCorrection 
AutoLinearCorrection Off
FitOneRegion Off
BackgroundMode Off
BackgroundFilename 
AutoCenter Off
OffsetCorrection 
SmoothDeriv Off
DerivOrder 0
DerivPoints 0
MinExFieldOne 
MaxExFieldOne 
MinExFieldTwo 
MaxExFieldTwo 
MinPinFieldOne 
MaxPinFieldOne 
MinPinFieldTwo 
MaxPinFieldTwo 
HCenterStart 
Mass 
Volume 
Density 
MolarWeight 
NumberOfMoles 
Demagnetization 
SampleArea 
Thickness 
MomentScaling 0
XAxis 0
YAxis 0
SimpleSpinValve False
HsatMax 0
HsatMin 0
FieldAutoRange False
 
*************************************************** Experiment Data ********************************************
 
DataPoints 293
MomentX Data
-0.00379759
-0.00385172
-0.00382171
-0.00373868
-0.00373463
-0.00373125
-0.00378223
-0.00375054
-0.00372297
-0.0036871
-0.00370579
-0.00370824
-0.00371842
-0.00371988
-0.00366691
-0.00370627
-0.00367781
-0.00365652
-0.00361391
-0.00362491
-0.00361598
-0.00365439
-0.0036122
-0.00359495
-0.00359021
-0.00363763
-0.00358456
-0.00361167
-0.00357859
-0.00355722
-0.00353396
-0.00353007
-0.00353977
-0.00353648
-0.00355208
-0.00350889
-0.00350963
-0.00347576
-0.00352227
-0.00347396
-0.00346063
-0.00344947
-0.00342767
-0.00341832
-0.00344239
-0.00344369
-0.00342625
-0.00339829
-0.00340452
-0.00335948
-0.00333844
-0.00339472
-0.00334268
-0.00336017
-0.00331442
-0.00336381
-0.00332895
-0.00328965
-0.00332201
-0.00331036
-0.00327944
-0.00326206
-0.00327753
-0.00325286
-0.00327071
-0.00324149
-0.00320786
-0.00320798
-0.0032135
-0.00316982
-0.00318869
-0.00318235
-0.00317794
-0.00315302
-0.00314882
-0.0030894
-0.00313753
-0.00308352
-0.00307004
-0.00308491
-0.0030959
-0.00304069
-0.00304668
-0.00304066
-0.00301065
-0.00298955
-0.00298527
-0.0030167
-0.00297384
-0.0029862
-0.00294824
-0.00295788
-0.0029324
-0.00291829
-0.0029188
-0.00288817
-0.00286689
-0.00285964
-0.00287869
-0.00283152
-0.00284801
-0.00279272
-0.00278421
-0.00277704
-0.00277343
-0.00276906
-0.00276763
-0.00276412
-0.00274878
-0.00267029
-0.00269812
-0.00267808
-0.00269829
-0.00270535
-0.0026705
-0.00265446
-0.00264612
-0.00260854
-0.00258985
-0.00258374
-0.00257384
-0.00257441
-0.0025692
-0.00259602
-0.00252658
-0.00253198
-0.00247056
-0.0025077
-0.00241499
-0.00243306
-0.00240252
-0.00244088
-0.00236309
-0.00237741
-0.00236173
-0.00232899
-0.00232126
-0.00229828
-0.00231909
-0.00230116
-0.00228422
-0.00223546
-0.00222685
-0.00220338
-0.00220028
-0.00217458
-0.00213131
-0.00213252
-0.00211754
-0.0020966
-0.00207828
-0.00207188
-0.00200984
-0.00193623
-0.00195114
-0.00195256
-0.00193245
-0.00188073
-0.00189329
-0.0018556
-0.00186713
-0.00185237
-0.00182035
-0.00174518
-0.00169257
-0.00174715
-0.00170015
-0.00168384
-0.00162816
-0.00161973
-0.00152806
-0.00156336
-0.00156883
-0.00142619
-0.00145674
-0.0014803
-0.00138867
-0.00136552
-0.00134192
-0.00127034
-0.00120346
-0.00121389
-0.00120376
-0.00105206
-0.00105413
-0.00102101
-0.000977803
-0.000907021
-0.000809003
-0.000828793
-0.000725832
-0.000721452
-0.000569967
-0.00052916
-0.000404885
-0.000307517
-0.000302055
-0.000234761
-0.000128172
0.0000123542
0.0000313589
0.000135293
0.000249447
0.000320384
0.000422676
0.000540163
0.000666337
0.000821588
0.00092612
0.000993825
0.00113607
0.00132103
0.00142482
0.00148066
0.00160828
0.00174321
0.0018292
0.00191103
0.0020888
0.00213394
0.00222386
0.00229515
0.00232705
0.00248337
0.00256329
0.00263266
0.00270313
0.00285275
0.00292108
0.00302486
0.00310804
0.00314529
0.0032038
0.00324759
0.00328857
0.0032695
0.00347037
0.00349948
0.00356186
0.00358134
0.00362954
0.00372056
0.00370744
0.00376066
0.00376825
0.00383736
0.00382497
0.00388618
0.00389279
0.004035
0.00402084
0.00400464
0.00401603
0.00401071
0.00403793
0.00411801
0.00411074
0.00414702
0.00413916
0.00419724
0.00427603
0.00429677
0.00427229
0.00430276
0.00434496
0.00434088
0.00431221
0.00438927
0.00437555
0.00440845
0.00441451
0.00444753
0.00439865
0.00434837
0.00437848
0.00450386
0.00441952
0.00450748
0.00444595
0.00446346
0.00449123
0.00444613
0.00443113
0.00441954
0.0044668
0.00448411
0.00449575
0.00451595
0.0044787
0.00451905
0.00450752
0.00449483
0.00452937
MomentY Data
-0.00603994
-0.00546773
-0.0058492
-0.00591278
-0.00583331
-0.00573794
-0.00589689
-0.00575384
-0.00592868
-0.00623067
-0.00629425
-0.0061353
-0.00600815
-0.00581741
-0.00588099
-0.00618299
-0.00607173
-0.00607173
-0.00607173
-0.00626246
-0.00616709
-0.00570615
-0.00607173
-0.00607173
-0.00589689
-0.00619888
-0.00578562
-0.0061512
-0.00594457
-0.00572205
-0.00603994
-0.00583331
-0.00576973
-0.00607173
-0.00592868
-0.0061353
-0.00603994
-0.0058651
-0.00561078
-0.00600815
-0.00597636
-0.00588099
-0.00638962
-0.00600815
-0.00607173
-0.00607173
-0.00597636
-0.00623067
-0.00588099
-0.0061353
-0.00589689
-0.00626246
-0.00616709
-0.00600815
-0.00616709
-0.00623067
-0.00616709
-0.00600815
-0.00588099
-0.00607173
-0.00603994
-0.00594457
-0.00588099
-0.00603994
-0.0058651
-0.00592868
-0.00594457
-0.0058651
-0.00602404
-0.00623067
-0.00588099
-0.00600815
-0.00597636
-0.00602404
-0.00594457
-0.00629425
-0.00603994
-0.00619888
-0.00607173
-0.00588099
-0.00588099
-0.00576973
-0.00573794
-0.00596046
-0.00619888
-0.00632604
-0.00623067
-0.0061353
-0.00611941
-0.00602404
-0.0058651
-0.00567436
-0.00592868
-0.00642141
-0.00596046
-0.00607173
-0.00629425
-0.0061353
-0.00616709
-0.00607173
-0.00626246
-0.00626246
-0.00602404
-0.00623067
-0.00632604
-0.00603994
-0.00632604
-0.00603994
-0.00623067
-0.00642141
-0.00611941
-0.00632604
-0.00610352
-0.00603994
-0.00632604
-0.00607173
-0.00616709
-0.00591278
-0.00623067
-0.00591278
-0.00648499
-0.00642141
-0.00607173
-0.00607173
-0.00619888
-0.00619888
-0.0061353
-0.00610352
-0.00597636
-0.00619888
-0.00632604
-0.00592868
-0.00592868
-0.00607173
-0.00638962
-0.00635783
-0.00578562
-0.0061353
-0.00602404
-0.0061353
-0.00635783
-0.00607173
-0.00603994
-0.00592868
-0.0061353
-0.00592868
-0.0061353
-0.00629425
-0.00623067
-0.00607173
-0.00623067
-0.0061353
-0.0061353
-0.00619888
-0.00635783
-0.00638962
-0.00632604
-0.00592868
-0.00632604
-0.00611941
-0.00623067
-0.00602404
-0.00635783
-0.00629425
-0.00607173
-0.00591278
-0.00632604
-0.00623067
-0.00638962
-0.00623067
-0.00626246
-0.00648499
-0.00605583
-0.00648499
-0.0061353
-0.00623067
-0.00629425
-0.00632604
-0.00626246
-0.00607173
-0.00623067
-0.00623067
-0.00658035
-0.00686646
-0.00635783
-0.00623067
-0.00616709
-0.00658035
-0.00654856
-0.00616709
-0.00642141
-0.00642141
-0.00629425
-0.00629425
-0.00596046
-0.0061353
-0.00642141
-0.00642141
-0.00629425
-0.00642141
-0.00635783
-0.00638962
-0.00638962
-0.00619888
-0.00664393
-0.00638962
-0.00635783
-0.00680288
-0.00638962
-0.00667572
-0.0064532
-0.00667572
-0.00626246
-0.0067393
-0.00678698
-0.00664393
-0.00662804
-0.00635783
-0.00661214
-0.0064532
-0.00693003
-0.00677109
-0.00651677
-0.00678698
-0.00642141
-0.0067234
-0.0067393
-0.00683467
-0.00689824
-0.00664393
-0.00683467
-0.00705719
-0.00632604
-0.00678698
-0.00629425
-0.0067393
-0.00670751
-0.00667572
-0.00670751
-0.00680288
-0.00694593
-0.00670751
-0.00713666
-0.00681877
-0.00654856
-0.00670751
-0.00677109
-0.00648499
-0.00677109
-0.00683467
-0.0070413
-0.00699361
-0.00696182
-0.00708898
-0.00651677
-0.0070413
-0.00715256
-0.00688235
-0.00700951
-0.0070413
-0.00680288
-0.00710487
-0.0067393
-0.00689824
-0.00658035
-0.00667572
-0.00689824
-0.00699361
-0.00689824
-0.00686646
-0.00658035
-0.00694593
-0.00699361
-0.00697772
-0.00683467
-0.00708898
-0.00683467
-0.00713666
-0.00664393
-0.00665983
-0.00694593
-0.00710487
-0.00715256
-0.00680288
-0.00696182
-0.00689824
-0.00677109
-0.00708898
-0.00705719
-0.00708898
-0.00667572
-0.00694593
-0.00685056
Field Data
-1284.31
-1277.05
-1267.57
-1257.13
-1247.15
-1237.13
-1226.63
-1216.61
-1206.44
-1196.6
-1186.59
-1176.24
-1166.23
-1156.12
-1146.16
-1136.27
-1125.89
-1115.88
-1105.85
-1095.63
-1085.58
-1075.54
-1065.25
-1055.25
-1045.4
-1035.06
-1025.16
-1015.13
-1004.87
-994.832
-984.784
-974.873
-964.347
-954.595
-944.643
-934.172
-924.144
-914.378
-904.051
-893.965
-884.041
-873.928
-863.587
-853.755
-843.776
-833.388
-823.511
-813.13
-803.35
-793.425
-782.855
-773.137
-763.219
-752.803
-742.749
-732.842
-722.864
-712.5
-702.549
-692.564
-682.163
-672.336
-662.367
-652.093
-641.995
-631.755
-621.962
-611.966
-601.703
-591.511
-581.687
-571.716
-561.067
-551.343
-541.598
-530.953
-521.129
-510.746
-500.908
-491.064
-480.728
-470.796
-460.788
-450.654
-440.42
-430.423
-420.398
-410.38
-400.366
-389.84
-379.984
-369.855
-359.934
-349.851
-339.539
-329.655
-319.72
-309.346
-299.566
-289.167
-279.394
-269.203
-258.975
-249.153
-238.766
-228.879
-218.954
-208.564
-198.705
-188.763
-178.217
-168.37
-158.381
-148.372
-137.985
-128.089
-118.162
-107.683
-97.9236
-87.5537
-77.7434
-67.9677
-57.4301
-47.4417
-37.594
-27.4477
-17.0609
-7.31376
2.37153
13.1352
23.1277
33.236
43.1736
53.2571
63.2051
73.4225
83.5676
93.4724
103.47
113.73
123.971
133.641
144.028
154.002
164.01
174.073
184.494
194.497
204.573
214.477
224.529
234.9
244.679
254.595
265.178
274.934
284.915
295.449
305.16
315.405
325.375
335.362
345.402
355.773
365.588
375.575
385.949
395.899
405.847
416.011
426.128
436.056
446.153
456.453
466.371
476.285
486.65
496.589
506.9
516.927
526.824
536.809
546.86
557.219
567.132
577.001
587.526
597.481
607.686
617.692
627.512
637.869
647.794
657.703
667.849
678.111
688.008
697.989
708.317
718.221
728.236
738.561
748.55
758.453
769.804
782.171
792.008
802.414
812.281
822.449
832.505
842.488
852.428
862.84
872.769
882.675
893.114
903.071
913.287
923.124
933.286
943.274
953.169
963.74
973.491
983.737
993.604
1003.47
1014.02
1023.87
1034.2
1043.99
1053.96
1064.34
1074.28
1084.27
1094.54
1104.54
1114.43
1124.58
1134.93
1144.98
1154.97
1164.98
1174.95
1185.33
1195.17
1205.08
1215.58
1225.46
1235.31
1245.62
1255.66
1265.59
1275.64
1285.98
1295.88
1306.16
1316.07
1326.09
1336.43
1346.39
1356.38
1366.38
1376.37
1386.87
1396.67
1406.58
1417.05
1426.94
1437.23
1447.07
1457.08
1467.28
1477.19
1487.56
1497.42
1507.34
1517.59
1527.72
1537.57
1547.74
1558.03
1568.05
1578.11
1587.91
1598.09
1608.44
1618.19
1628.25
1638.61
1648.56
1658.43
Time Data
0
0.3
0.6
0.9
1.2
1.5
1.8
2.1
2.4
2.7
3
3.3
3.6
3.9
4.2
4.5
4.8
5.1
5.4
5.7
6
6.3
6.6
6.9
7.2
7.5
7.8
8.1
8.4
8.7
9
9.3
9.6
9.9
10.2
10.5
10.8
11.1
11.4
11.7
12
12.3
12.6
12.9
13.2
13.5
13.8
14.1
14.4
14.7
15
15.3
15.6
15.9
16.2
16.5
16.8
17.1
17.4
17.7
18
18.3
18.6
18.9
19.2
19.5
19.8
20.1
20.4
20.7
21
21.3
21.6
21.9
22.2
22.5
22.8
23.1
23.4
23.7
24
24.3
24.6
24.9
25.2
25.5
25.8
26.1
26.4
26.7
27
27.3
27.6
27.9
28.2
28.5
28.8
29.1
29.4
29.7
30.0000000000001
30.3000000000001
30.6000000000001
30.9000000000001
31.2000000000001
31.5000000000001
31.8000000000001
32.1000000000001
32.4
32.7
33
33.3
33.6
33.9
34.2
34.5
34.8
35.1
35.4
35.7
36
36.3
36.6
36.9
37.2
37.5
37.8
38.1
38.4
38.7
39
39.3
39.6
39.9
40.2
40.5
40.8
41.1
41.4
41.7
42
42.3
42.6
42.8999999999999
43.1999999999999
43.4999999999999
43.7999999999999
44.0999999999999
44.3999999999999
44.6999999999999
44.9999999999999
45.2999999999999
45.5999999999999
45.8999999999999
46.1999999999999
46.4999999999999
46.7999999999999
47.0999999999999
47.3999999999999
47.6999999999999
47.9999999999999
48.2999999999999
48.5999999999999
48.8999999999999
49.1999999999999
49.4999999999999
49.7999999999999
50.0999999999999
50.3999999999999
50.6999999999999
50.9999999999999
51.2999999999999
51.5999999999999
51.8999999999999
52.1999999999999
52.4999999999999
52.7999999999999
53.0999999999999
53.3999999999998
53.6999999999998
53.9999999999998
54.2999999999998
54.5999999999998
54.8999999999998
55.1999999999998
55.4999999999998
55.7999999999998
56.0999999999998
56.3999999999998
56.6999999999998
56.9999999999998
57.2999999999998
57.5999999999998
57.8999999999998
58.1999999999998
58.4999999999998
58.7999999999998
59.0999999999998
59.3999999999998
59.6999999999998
59.9999999999998
60.2999999999998
60.5999999999998
60.8999999999998
61.1999999999998
61.4999999999998
61.7999999999998
62.0999999999998
62.3999999999998
62.6999999999998
62.9999999999998
63.2999999999998
63.5999999999998
63.8999999999998
64.1999999999997
64.4999999999997
64.7999999999997
65.0999999999997
65.3999999999997
65.6999999999997
65.9999999999997
66.2999999999997
66.5999999999997
66.8999999999997
67.1999999999997
67.4999999999997
67.7999999999997
68.0999999999997
68.3999999999997
68.6999999999997
68.9999999999997
69.2999999999997
69.5999999999997
69.8999999999997
70.1999999999997
70.4999999999997
70.7999999999997
71.0999999999997
71.3999999999997
71.6999999999997
71.9999999999997
72.2999999999997
72.5999999999997
72.8999999999997
73.1999999999997
73.4999999999997
73.7999999999997
74.0999999999997
74.3999999999997
74.6999999999996
74.9999999999996
75.2999999999996
75.5999999999996
75.8999999999996
76.1999999999996
76.4999999999996
76.7999999999996
77.0999999999996
77.3999999999996
77.6999999999996
77.9999999999996
78.2999999999996
78.5999999999996
78.8999999999996
79.1999999999996
79.4999999999996
79.7999999999996
80.0999999999996
80.3999999999996
80.6999999999996
80.9999999999996
81.2999999999996
81.5999999999996
81.8999999999996
82.1999999999996
82.4999999999996
82.7999999999996
83.0999999999996
83.3999999999996
83.6999999999996
83.9999999999996
84.2999999999996
84.5999999999996
84.8999999999996
85.1999999999995
85.4999999999995
85.7999999999995
86.0999999999995
86.3999999999995
86.6999999999995
86.9999999999995
87.2999999999995
87.5999999999995
Temperature Data
0
0
0
0
0
0
0
0
0
0
0
0
0
0
0
0
0
0
0
0
0
0
0
0
0
0
0
0
0
0
0
0
0
0
0
0
0
0
0
0
0
0
0
0
0
0
0
0
0
0
0
0
0
0
0
0
0
0
0
0
0
0
0
0
0
0
0
0
0
0
0
0
0
0
0
0
0
0
0
0
0
0
0
0
0
0
0
0
0
0
0
0
0
0
0
0
0
0
0
0
0
0
0
0
0
0
0
0
0
0
0
0
0
0
0
0
0
0
0
0
0
0
0
0
0
0
0
0
0
0
0
0
0
0
0
0
0
0
0
0
0
0
0
0
0
0
0
0
0
0
0
0
0
0
0
0
0
0
0
0
0
0
0
0
0
0
0
0
0
0
0
0
0
0
0
0
0
0
0
0
0
0
0
0
0
0
0
0
0
0
0
0
0
0
0
0
0
0
0
0
0
0
0
0
0
0
0
0
0
0
0
0
0
0
0
0
0
0
0
0
0
0
0
0
0
0
0
0
0
0
0
0
0
0
0
0
0
0
0
0
0
0
0
0
0
0
0
0
0
0
0
0
0
0
0
0
0
0
0
0
0
0
0
0
0
0
0
0
0
0
0
0
0
0
0
0
0
0
0
0
0
0
0
0
0
0
0
0
0
0
0
0
0
Angle Data
0
0
0
0
0
0
0
0
0
0
0
0
0
0
0
0
0
0
0
0
0
0
0
0
0
0
0
0
0
0
0
0
0
0
0
0
0
0
0
0
0
0
0
0
0
0
0
0
0
0
0
0
0
0
0
0
0
0
0
0
0
0
0
0
0
0
0
0
0
0
0
0
0
0
0
0
0
0
0
0
0
0
0
0
0
0
0
0
0
0
0
0
0
0
0
0
0
0
0
0
0
0
0
0
0
0
0
0
0
0
0
0
0
0
0
0
0
0
0
0
0
0
0
0
0
0
0
0
0
0
0
0
0
0
0
0
0
0
0
0
0
0
0
0
0
0
0
0
0
0
0
0
0
0
0
0
0
0
0
0
0
0
0
0
0
0
0
0
0
0
0
0
0
0
0
0
0
0
0
0
0
0
0
0
0
0
0
0
0
0
0
0
0
0
0
0
0
0
0
0
0
0
0
0
0
0
0
0
0
0
0
0
0
0
0
0
0
0
0
0
0
0
0
0
0
0
0
0
0
0
0
0
0
0
0
0
0
0
0
0
0
0
0
0
0
0
0
0
0
0
0
0
0
0
0
0
0
0
0
0
0
0
0
0
0
0
0
0
0
0
0
0
0
0
0
0
0
0
0
0
0
0
0
0
0
0
0
0
0
0
0
0
0
Bx Data
0
0
0
0
0
0
0
0
0
0
0
0
0
0
0
0
0
0
0
0
0
0
0
0
0
0
0
0
0
0
0
0
0
0
0
0
0
0
0
0
0
0
0
0
0
0
0
0
0
0
0
0
0
0
0
0
0
0
0
0
0
0
0
0
0
0
0
0
0
0
0
0
0
0
0
0
0
0
0
0
0
0
0
0
0
0
0
0
0
0
0
0
0
0
0
0
0
0
0
0
0
0
0
0
0
0
0
0
0
0
0
0
0
0
0
0
0
0
0
0
0
0
0
0
0
0
0
0
0
0
0
0
0
0
0
0
0
0
0
0
0
0
0
0
0
0
0
0
0
0
0
0
0
0
0
0
0
0
0
0
0
0
0
0
0
0
0
0
0
0
0
0
0
0
0
0
0
0
0
0
0
0
0
0
0
0
0
0
0
0
0
0
0
0
0
0
0
0
0
0
0
0
0
0
0
0
0
0
0
0
0
0
0
0
0
0
0
0
0
0
0
0
0
0
0
0
0
0
0
0
0
0
0
0
0
0
0
0
0
0
0
0
0
0
0
0
0
0
0
0
0
0
0
0
0
0
0
0
0
0
0
0
0
0
0
0
0
0
0
0
0
0
0
0
0
0
0
0
0
0
0
0
0
0
0
0
0
0
0
0
0
0
0
Hint Data
0
0
0
0
0
0
0
0
0
0
0
0
0
0
0
0
0
0
0
0
0
0
0
0
0
0
0
0
0
0
0
0
0
0
0
0
0
0
0
0
0
0
0
0
0
0
0
0
0
0
0
0
0
0
0
0
0
0
0
0
0
0
0
0
0
0
0
0
0
0
0
0
0
0
0
0
0
0
0
0
0
0
0
0
0
0
0
0
0
0
0
0
0
0
0
0
0
0
0
0
0
0
0
0
0
0
0
0
0
0
0
0
0
0
0
0
0
0
0
0
0
0
0
0
0
0
0
0
0
0
0
0
0
0
0
0
0
0
0
0
0
0
0
0
0
0
0
0
0
0
0
0
0
0
0
0
0
0
0
0
0
0
0
0
0
0
0
0
0
0
0
0
0
0
0
0
0
0
0
0
0
0
0
0
0
0
0
0
0
0
0
0
0
0
0
0
0
0
0
0
0
0
0
0
0
0
0
0
0
0
0
0
0
0
0
0
0
0
0
0
0
0
0
0
0
0
0
0
0
0
0
0
0
0
0
0
0
0
0
0
0
0
0
0
0
0
0
0
0
0
0
0
0
0
0
0
0
0
0
0
0
0
0
0
0
0
0
0
0
0
0
0
0
0
0
0
0
0
0
0
0
0
0
0
0
0
0
0
0
0
0
0
0
Torque Data
7.7571553414
6.9825645965
7.414270444
7.4331331214
7.2750125665
7.0985777122
7.2333021807
7.0001792824
7.1525966992
7.455619722
7.4686941075
7.216585272
7.0068847745
6.7256240492
6.7405554984
7.0255460473
6.8361000897
6.7753220724
6.7144226205
6.8613390498
6.6948695622
6.137192571
6.4679103825
6.4071930825
6.164608806
6.4162127328
5.9311861992
6.244267656
5.9735200559
5.6924784456
5.94803627296
5.68673641963
5.56402181631
5.79604309935
5.60048606124
5.7314254716
5.58177431136
5.3629184078
5.07243126978
5.37107581475
5.28334727076
5.13956182872
5.51799276694
5.12948810325
5.12318005248
5.06010692124
4.92159819996
5.0663446971
4.7244933165
4.8679004025
4.61640982095
4.84173953702
4.70684026271
4.52295334445
4.58059993041
4.56609666414
4.45796734576
4.280806875
4.13168364351
4.20506161572
4.12022359022
3.99674841552
3.89537370333
3.93860259442
3.7653648745
3.7454732334
3.69729664634
3.5892417866
3.62468294012
3.68550984237
3.42089543013
3.4349554854
3.35313837612
3.32131228572
3.21956722286
3.34195092025
3.14758789226
3.16605316448
3.04137813084
2.88794247336
2.82715656072
2.71636580508
2.64397389672
2.68610514084
2.7301107296
2.72287311492
2.61936120666
2.517804414
2.45000370406
2.3484117536
2.2286441584
2.0986904178
2.13393350712
2.24653670991
2.02380862794
2.00157615315
2.01239761
1.8979305138
1.84745048294
1.75574394891
1.74969374924
1.68587301938
1.560075759
1.55239012251
1.51044326664
1.38241542726
1.38511176216
1.25971404616
1.23806528235
1.21212461583
1.09058289197
1.0651153548
0.96668160112
0.89615797768
0.8728986294
0.77772182397
0.72871568858
0.63670588874
0.610129636812
0.517685766286
0.504165171566
0.436448468457
0.348700061073
0.288053193141
0.23304069472
0.170144998576
0.10467373977
0.0446396804352
-0.0141731170308
-0.081423528576
-0.146306755308
-0.19704560848
-0.255962458848
-0.323362731783
-0.403856571062
-0.466807773175
-0.483490377912
-0.57348121572
-0.6233074188
-0.697767669
-0.78818654293
-0.81143206893
-0.86992047832
-0.91302857736
-1.006250553
-1.03202311364
-1.1319260382
-1.22421274225
-1.27462685391
-1.30224643521
-1.39896610443
-1.44118197
-1.5011790687
-1.5782038536
-1.68595664374
-1.75672378508
-1.8023836866
-1.75162257732
-1.9304543664
-1.93009251105
-2.02730425125
-2.02023410248
-2.19600719766
-2.23932420525
-2.21975162724
-2.2206923485
-2.44152881196
-2.46671602233
-2.59320810814
-2.59202725737
-2.66860955488
-2.82781879944
-2.70182672199
-2.96009314047
-2.8613259963
-2.96757466095
-3.0630967625
-3.14144187756
-3.174440974
-3.13864117371
-3.28246649208
-3.34467973203
-3.598530201
-3.82612197474
-3.60572884356
-3.59510282067
-3.62332571934
-3.93163409835
-3.97946823216
-3.80936215628
-4.02951183192
-4.09601837529
-4.0773773845
-4.13974710775
-3.98068725054
-4.1604144183
-4.41798145128
-4.48207354449
-4.45832427725
-4.61199151161
-4.63000068788
-4.71912413682
-4.782950051
-4.70155913264
-5.11452388972
-4.99777546502
-5.03545222264
-5.45872615232
-5.19016692322
-5.49043923828
-5.372321266
-5.62421399136
-5.33829625288
-5.814937612
-5.92346574762
-5.86443091275
-5.91959531656
-5.74157189593
-6.03878150418
-5.9571037968
-6.46769997858
-6.38699314866
-6.21158314413
-6.5408841052
-6.25118484231
-6.6140573458
-6.6961954372
-6.8583863049
-6.9949533248
-6.8025206091
-7.068415714
-7.3676357881
-6.6673931184
-7.2236542932
-6.76178689
-7.307220811
-7.3416379954
-7.3735997688
-7.4750503693
-7.6503827904
-7.8831443349
-7.6799647998
-8.2426282002
-7.9437306746
-7.694230572
-7.9506128283
-8.0926036353
-7.8149317492
-8.2308015822
-8.3756146982
-8.698188303
-8.7113804882
-8.7416789012
-8.9717421982
-8.3130524828
-9.054970974
-9.2688594528
-8.989450276
-9.2250058257
-9.337397517
-9.0915729184
-9.5659259193
-9.141051734
-9.4256171712
-9.0569963295
-9.2583557964
-9.6345648608
-9.8370719538
-9.775150992
-9.7980264324
-9.4574764305
-10.0512469251
-10.1902492588
-10.2382690016
-10.0961061773
-10.5452830888
-10.2343715514
-10.7573730844
-10.0827617287
-10.1743554876
-10.6798535901
-10.9964914938
-11.1439030568
-10.667255984
-10.9865177602
-10.9537842784
-10.8208112181
-11.4021989912
-11.4198742861
-11.542631685
-10.9389015492
-11.4507823608
-11.3611742208
dMdH Data
-7.45592286501377E-06
3.16561181434599E-06
7.95306513409975E-06
4.05811623246472E-07
3.37325349301385E-07
-4.85523809523809E-06
3.16267465069854E-06
2.71091445427735E-06
3.64532520325197E-06
-1.86713286713287E-06
-2.3671497584539E-07
-1.01698301698304E-06
-1.44411473788327E-07
5.31827309236961E-06
-3.97977755308388E-06
2.74181117533719E-06
2.12687312687315E-06
4.248255234297E-06
-1.07632093933463E-06
8.8855721393032E-07
-3.82569721115539E-06
4.10009718172986E-06
1.72499999999999E-06
4.81218274111684E-07
-4.58607350096708E-06
5.36060606060615E-06
-2.7028913260219E-06
3.22417153996102E-06
2.12891014146246E-06
2.31488853503182E-06
3.92493189385522E-07
-9.21527645829335E-07
3.37366694011484E-07
-1.56752411575564E-06
4.12472543214591E-06
-7.37933785400818E-08
3.46815482285482E-06
-4.50372809141087E-06
4.78980765417412E-06
1.34320838371622E-06
1.10353010975972E-06
2.1081133352674E-06
9.50976403580145E-07
-2.41206533720814E-06
-1.25144397381603E-07
1.76571833552698E-06
2.69338214044891E-06
-6.37014314928413E-07
4.53803526448356E-06
1.99053926206249E-06
-5.79131508540849E-06
5.24702561000209E-06
-1.6791474654378E-06
4.55042769047144E-06
-4.9853638841223E-06
3.49368610944081E-06
3.79197221150133E-06
-3.25193447894683E-06
1.16675012518776E-06
2.97279107778102E-06
1.76859672331332E-06
-1.55181061289999E-06
2.40120693011482E-06
-1.76767676767676E-06
2.85351562499999E-06
3.43408557132648E-06
-1.20048019207838E-08
-5.37854428529685E-07
4.28571428571432E-06
-1.92080618892512E-06
6.35843947447606E-07
4.14123391867765E-07
2.56273138626082E-06
4.30990251410957E-07
5.58196336308128E-06
-4.89922638436484E-06
5.20177212751609E-06
1.37019719455176E-06
-1.51056481105243E-06
-1.06327399380803E-06
5.55879983890454E-06
-5.98521183053557E-07
5.94039865798283E-07
2.93238225522768E-06
2.11063318995699E-06
4.26932668329195E-07
-3.13735276502298E-06
4.28000798881566E-06
-1.1742352270568E-06
3.85146103896105E-06
-9.51722776187188E-07
2.56828948694689E-06
1.39938510363978E-06
-4.94569433669517E-08
3.09894779441524E-06
2.14192249622546E-06
6.98862540967791E-07
-1.9478527607362E-06
4.5360130781806E-06
-1.68730174971863E-06
5.42537533117459E-06
8.32029722330838E-07
7.29993891264498E-07
3.47549821892774E-07
4.419945382826E-07
1.4408060453398E-07
3.37824831568813E-07
1.55593873618014E-06
7.89478978072823E-06
-2.63891522852266E-06
2.03513760536206E-06
-2.02322554810292E-06
-7.05365171345804E-07
3.35515548281505E-06
1.6208569118836E-06
8.40132970685999E-07
3.58622005916597E-06
1.9150767465213E-06
5.89205296097331E-07
1.00914345127062E-06
-5.83078449625177E-08
4.94419981779519E-07
-2.68511473309037E-06
7.05139271098836E-06
-5.3221371337335E-07
5.91327454076327E-06
-3.81034847144903E-06
9.57224822385285E-06
-1.67879542943994E-06
3.05629221916436E-06
-3.79490121978967E-06
7.82784575752696E-06
-1.42014181583775E-06
1.57619622034581E-06
3.20433769843599E-06
7.61944189805922E-07
2.3200872304337E-06
-2.08149955989437E-06
1.74756335282653E-06
1.65413533834587E-06
5.04239917269909E-06
8.28920766342548E-07
2.35311810707838E-06
3.09752198241388E-07
2.55391036470237E-06
4.15219268784188E-06
-1.20963710886752E-07
1.48670107185395E-06
2.11429725363486E-06
1.82252288101871E-06
6.17105390029906E-07
6.34420697412821E-06
7.42335619201293E-06
-1.40886327128415E-06
-1.45551455514557E-07
2.01482817352971E-06
4.90981583444087E-06
-1.29337864277623E-06
3.67886774036117E-06
-1.15646940822468E-06
1.47792129768698E-06
3.18924302788846E-06
7.24809565133543E-06
5.36016301579216E-06
-5.46510463602686E-06
4.53055716213609E-06
1.63919597989951E-06
5.59710494571775E-06
8.29397874852419E-07
9.06098645843634E-06
-3.55560032232071E-06
-5.41745072793901E-07
1.38485436893205E-05
-3.08025811655576E-06
-2.37643736130723E-06
8.84032802701402E-06
2.32920816983599E-06
2.28881776743286E-06
7.13872544130843E-06
6.75760331413565E-06
-1.04456685027542E-06
1.00785991443638E-06
1.46442706824982E-05
-2.08816705336414E-07
3.35596311683047E-06
4.10517814726841E-06
7.11019588146656E-06
9.60489955903965E-06
-1.9778133120128E-06
1.04848268839104E-05
4.22902384860478E-07
1.52629722921915E-05
4.11817539610456E-06
1.22486694263748E-05
9.48820892613531E-06
5.51884409416989E-07
6.74221019937883E-06
1.0320391169636E-05
1.41888327948304E-05
1.89762356465302E-06
1.00662566585956E-05
1.14279707678447E-05
7.16318287387659E-06
9.01171702933662E-06
9.50004043017703E-06
1.28264714852089E-05
1.4919373438401E-05
1.05941015506233E-05
6.65863493312353E-06
1.41452863961813E-05
1.85274967444655E-05
1.04416498993964E-05
5.36304264310409E-06
1.28532581327425E-05
1.36210377548961E-05
8.2373790592968E-06
8.21833885708547E-06
1.74011354737666E-05
4.58879739758056E-06
8.84865184018899E-06
7.13756507809371E-06
3.22385042950987E-06
1.47876265253996E-05
8.19608245308178E-06
6.77044700370878E-06
7.14198844633622E-06
1.51652138658017E-05
6.47677725118487E-06
1.0536040609137E-05
8.0522749273959E-06
3.80490296220634E-06
5.86860581745237E-06
4.21868978805397E-06
4.12273641851108E-06
-1.90890890890894E-06
1.95589094449854E-05
2.91100000000002E-06
6.30738119312429E-06
1.91921182266013E-06
4.65700483091781E-06
9.05671641791047E-06
-1.31331331331328E-06
5.31668331668329E-06
7.61283851554665E-07
6.65799614643555E-06
-1.25914634146341E-06
6.17658930373368E-06
6.29523809523829E-07
1.43937246963561E-05
-1.43756345177667E-06
-1.57129000969934E-06
1.1344621513944E-06
-5.35750251762395E-07
2.70845771144279E-06
7.74468085106387E-06
-7.34343434343447E-07
3.52918287937749E-06
-7.93138244197808E-07
5.7964071856287E-06
7.61992263056087E-06
2.08232931726907E-06
-2.45045045045048E-06
3.04700000000003E-06
4.22422422422432E-06
-3.88571428571434E-07
-2.92551020408155E-06
7.77598385469229E-06
-1.31041069723018E-06
3.32659251769467E-06
5.88921282798794E-07
3.35569105691059E-06
-4.88311688311692E-06
-4.92941176470584E-06
3.03834510595354E-06
1.20906460945035E-05
-8.55375253549689E-06
8.86693548387117E-06
-6.00292682926835E-06
1.72852912142151E-06
2.81928934010154E-06
-4.4346116027531E-06
-1.4577259475219E-06
-1.15668662674656E-06
4.69781312127243E-06
1.76632653061225E-06
1.14341846758346E-06
1.95169082125607E-06
-3.82051282051282E-06
4.01093439363817E-06
-1.11293436293438E-06
-1.27537688442211E-06
3.49949341438695E-06
3.49949341438695E-06
dMdT Data
0
0
0
0
0
0
0
0
0
0
0
0
0
0
0
0
0
0
0
0
0
0
0
0
0
0
0
0
0
0
0
0
0
0
0
0
0
0
0
0
0
0
0
0
0
0
0
0
0
0
0
0
0
0
0
0
0
0
0
0
0
0
0
0
0
0
0
0
0
0
0
0
0
0
0
0
0
0
0
0
0
0
0
0
0
0
0
0
0
0
0
0
0
0
0
0
0
0
0
0
0
0
0
0
0
0
0
0
0
0
0
0
0
0
0
0
0
0
0
0
0
0
0
0
0
0
0
0
0
0
0
0
0
0
0
0
0
0
0
0
0
0
0
0
0
0
0
0
0
0
0
0
0
0
0
0
0
0
0
0
0
0
0
0
0
0
0
0
0
0
0
0
0
0
0
0
0
0
0
0
0
0
0
0
0
0
0
0
0
0
0
0
0
0
0
0
0
0
0
0
0
0
0
0
0
0
0
0
0
0
0
0
0
0
0
0
0
0
0
0
0
0
0
0
0
0
0
0
0
0
0
0
0
0
0
0
0
0
0
0
0
0
0
0
0
0
0
0
0
0
0
0
0
0
0
0
0
0
0
0
0
0
0
0
0
0
0
0
0
0
0
0
0
0
0
0
0
0
0
0
0
0
0
0
0
0
0
0
0
0
0
0
0
 
*********************************************** Results ***************************************
 
TotalArea 0
AreaFirstQuad 0
AreaSecondQuad 0
AreaThirdQuad 0
AreaFourthQuad 0
Coercivity 0
PositiveCoercivity 0
NegativeCoercivity 0
Retentivity 5.46780771046776E-03
PositiveRetentivity -1.33733062947658E-02
NegativeRetentivity -2.43769087383031E-03
Magnetization 0.004190545
PositiveMagnetization 0.00452937
NegativeMagnetization -0.00385172
Flatness 1.44582600612738
Squareness 1.30479632374017
SStar 0
SFD1 0
SFD2 0
Slope 0
Intercept 0
SlopeAtHc 3.49949341438695E-06
dH1 -366.675447792314
dH2 68.9564999999999
InitialSlope -7.45592286501377E-06
FieldAtHalfMs 939.005737691121
FieldAtMs 1658.43
MomentMean -7.52132201023892E-04
MomentRMS 2.95909301146161E-03
SFD3 0
dH3 -733.350895584629
UserField1 0
UserField2 0
CenterField 0
ExchangeField 0
ExchangeMoment 0
ExRegionOneIntercept 0
ExRegionOneSlope 0
ExRegionTwoIntercept 0
ExRegionTwoSlope 0
NegativeIntercept 0
NegativeSlope 0
AutoCenterOffset 0
PinningField 0
PinningMoment 0
PinRegionOneIntercept 0
PinRegionOneSlope 0
PinRegionTwoIntercept 0
PinRegionTwoSlope 0
PositiveIntercept 0
PositiveSlope 0
TotalOffset 0
BHMax 0
BCoercivity 0
BRetentivity 0
BNegativeCoercivity 0
BPositiveCoercivity 0
BNegativeRetentivity 0
BPositiveRetentivity 0
MomentYMean -6.31996406143345E-03
MomentYRMS 3.73223849311308E-04
YOffCorrection 0
Mrt 0
Ms1 0
Ms2 0
Ms3 0
Hc2 0
Hex2 0
HsatValue 0
HsatIntercept 0
HsatSlope 0
CenterH 0
Span .00838109
SpanAsPercentOfRange -158.133773584906
RMSAsPercentOfRange -55.8319436124833
SpanAsPercentOfMean -1114.3107539593
RMSAsPercentOfMean -393.427246890021
