Version 1.25
******************************************** Units *******************************************
System CGS
TemperatureUnit K
MomentUnit emu
AppliedFieldUnit G
 
******************************************** Setup ********************************************
 
Experiment CustomField
Minor False
Acquisition Continuous
EditedPoint No
MaxField 15000
FieldIncrement 100
Points 293
MinField 0
RampRate 10
AverageTime 0.3
TimeInterval 0
TimeConstant 0.1
TimeConstantIndex 0
Sensitivity -0.0053
SensitivityIndex 5
SensitivityY -400
SensitivityIndexY 0
SaturationField 8000
ExperimentTime 100
Use735Domains True
AutoRangeEnabled False
NumberOfVertices 2
VertexPts
0
292
VertexField
-1659.6491
1292.0635
StartAngle 0
EndAngle 0
AngleIncrement 0
StartTemp 0
FinishTemp 0
TempIncrement 0
TempPoints 0
LengthofSetPointsArray 293
SetPointArray
-1659.64912
-1649.54052
-1639.43191
-1629.32331
-1619.2147
-1609.1061
-1598.99749
-1588.88889
-1578.78028
-1568.67168
-1558.56307
-1548.45447
-1538.34586
-1528.23726
-1518.12865
-1508.02005
-1497.91145
-1487.80284
-1477.69424
-1467.58563
-1457.47703
-1447.36842
-1437.25982
-1427.15121
-1417.04261
-1406.934
-1396.8254
-1386.71679
-1376.60819
-1366.49958
-1356.39098
-1346.28237
-1336.17377
-1326.06516
-1315.95656
-1305.84795
-1295.73935
-1285.63074
-1275.52214
-1265.41353
-1255.30493
-1245.19632
-1235.08772
-1224.97911
-1214.87051
-1204.7619
-1194.6533
-1184.5447
-1174.43609
-1164.32749
-1154.21888
-1144.11028
-1134.00167
-1123.89307
-1113.78446
-1103.67586
-1093.56725
-1083.45865
-1073.35004
-1063.24144
-1053.13283
-1043.02423
-1032.91562
-1022.80702
-1012.69841
-1002.58981
-992.4812
-982.3726
-972.26399
-962.15539
-952.04678
-941.93818
-931.82957
-921.72097
-911.61236
-901.50376
-891.39515
-881.28655
-871.17794
-861.06934
-850.96074
-840.85213
-830.74353
-820.63492
-810.52632
-800.41771
-790.30911
-780.2005
-770.0919
-759.98329
-749.87469
-739.76608
-729.65748
-719.54887
-709.44027
-699.33166
-689.22306
-679.11445
-669.00585
-658.89724
-648.78864
-638.68003
-628.57143
-618.46282
-608.35422
-598.24561
-588.13701
-578.0284
-567.9198
-557.81119
-547.70259
-537.59398
-527.48538
-517.37678
-507.26817
-497.15957
-487.05096
-476.94236
-466.83375
-456.72515
-446.61654
-436.50794
-426.39933
-416.29073
-406.18212
-396.07352
-385.96491
-375.85631
-365.7477
-355.6391
-345.53049
-335.42189
-325.31328
-315.20468
-305.09607
-294.98747
-284.87886
-274.77026
-264.66165
-254.55305
-244.44444
-234.33584
-224.22723
-214.11863
-204.01003
-193.90142
-183.79282
-173.68421
-163.57561
-153.467
-143.3584
-133.24979
-123.14119
-113.03258
-102.92398
-92.81537
-82.70677
-72.59816
-62.48956
-52.38095
-42.27235
-32.16374
-22.05514
-11.94653
-1.83793
8.27068
18.37928
28.48789
38.59649
48.7051
58.8137
68.92231
79.03091
89.13952
99.24812
109.35673
119.46533
129.57393
139.68254
149.79114
159.89975
170.00835
180.11696
190.22556
200.33417
210.44277
220.55138
230.65998
240.76859
250.87719
260.9858
271.0944
281.20301
291.31161
301.42022
311.52882
321.63743
331.74603
341.85464
351.96324
362.07185
372.18045
382.28906
392.39766
402.50627
412.61487
422.72348
432.83208
442.94069
453.04929
463.15789
473.2665
483.3751
493.48371
503.59231
513.70092
523.80952
533.91813
544.02673
554.13534
564.24394
574.35255
584.46115
594.56976
604.67836
614.78697
624.89557
635.00418
645.11278
655.22139
665.32999
675.4386
685.5472
695.65581
705.76441
715.87302
725.98162
736.09023
746.19883
756.30744
766.41604
776.52464
786.63325
796.74185
806.85046
816.95906
827.06767
837.17627
847.28488
857.39348
867.50209
877.61069
887.7193
897.8279
907.93651
918.04511
928.15372
938.26232
948.37093
958.47953
968.58814
978.69674
988.80535
998.91395
1009.02256
1019.13116
1029.23977
1039.34837
1049.45698
1059.56558
1069.67419
1079.78279
1089.8914
1100
1110.1086
1120.21721
1130.32581
1140.43442
1150.54302
1160.65163
1170.76023
1180.86884
1190.97744
1201.08605
1211.19465
1221.30326
1231.41186
1241.52047
1251.62907
1261.73768
1271.84628
1281.95489
1292.06349
FieldDomainFile C:\IDEASVSM\Default UserID\Experiments\FORCexp0274B\fdomain.ini
TempDomainFile C:\IDEASVSM\Default UserID\Experiments\FORCexp0274B\tdomain.ini
NumSelectedResults 0
ResultsSelected 
UserName1 
UserValue1 
UserName2 
UserValue2 
LinearBackgroundCorrection Off
MaxLinearFieldCorrection 
MinLinearFieldCorrection 
AutoLinearCorrection Off
FitOneRegion Off
BackgroundMode Off
BackgroundFilename 
AutoCenter Off
OffsetCorrection 
SmoothDeriv Off
DerivOrder 0
DerivPoints 0
MinExFieldOne 
MaxExFieldOne 
MinExFieldTwo 
MaxExFieldTwo 
MinPinFieldOne 
MaxPinFieldOne 
MinPinFieldTwo 
MaxPinFieldTwo 
HCenterStart 
Mass 
Volume 
Density 
MolarWeight 
NumberOfMoles 
Demagnetization 
SampleArea 
Thickness 
MomentScaling 0
XAxis 0
YAxis 0
SimpleSpinValve False
HsatMax 0
HsatMin 0
FieldAutoRange False
 
*************************************************** Experiment Data ********************************************
 
DataPoints 293
MomentX Data
-0.00439786
-0.00442769
-0.0044083
-0.00435999
-0.0043765
-0.00438048
-0.00438213
-0.00438741
-0.00437699
-0.00436765
-0.00435058
-0.00433149
-0.0043641
-0.00435015
-0.0043529
-0.00434056
-0.00434943
-0.00432096
-0.00433732
-0.00434603
-0.00429827
-0.00427572
-0.00427082
-0.0042965
-0.00429144
-0.00429692
-0.00430078
-0.00427797
-0.00425548
-0.00426103
-0.0042553
-0.00427886
-0.00421911
-0.00423512
-0.00422188
-0.00423019
-0.00420248
-0.00421879
-0.00419586
-0.0042167
-0.0041832
-0.00419758
-0.00417004
-0.00416102
-0.00415961
-0.00420893
-0.00417414
-0.00419095
-0.00414356
-0.00411765
-0.00413416
-0.00411992
-0.00415483
-0.00411713
-0.00409682
-0.00410231
-0.00409242
-0.00409075
-0.00406849
-0.00407348
-0.00409088
-0.00403016
-0.00405906
-0.00402225
-0.00406598
-0.00398869
-0.00401554
-0.00399845
-0.00400047
-0.00398839
-0.00402147
-0.00396344
-0.0040163
-0.00396935
-0.00398099
-0.00395465
-0.00396411
-0.00395616
-0.00391434
-0.00391603
-0.00391479
-0.00391904
-0.00391475
-0.00388464
-0.00385387
-0.00383601
-0.00383153
-0.00382438
-0.00385875
-0.00389618
-0.00387146
-0.00379079
-0.00376369
-0.00374987
-0.00379757
-0.00378501
-0.00378958
-0.00373977
-0.00376769
-0.00375858
-0.00375284
-0.00372959
-0.00377266
-0.00369805
-0.00373237
-0.00369222
-0.00369363
-0.00366635
-0.00363658
-0.00364544
-0.00366315
-0.00364198
-0.00365856
-0.00359338
-0.00356258
-0.00356645
-0.00359484
-0.00355553
-0.00357736
-0.00356192
-0.00354732
-0.00350192
-0.00355649
-0.0035257
-0.00349018
-0.00346166
-0.00348607
-0.00349137
-0.00349114
-0.00345332
-0.00341396
-0.00341664
-0.00342151
-0.00340346
-0.00332426
-0.00338405
-0.00333458
-0.00327475
-0.00334495
-0.00333153
-0.00331325
-0.00333391
-0.00332968
-0.00329693
-0.00320601
-0.00326551
-0.00323632
-0.0032812
-0.00316782
-0.0032113
-0.00316792
-0.0031871
-0.00317692
-0.00318925
-0.00317571
-0.003107
-0.00313319
-0.00309738
-0.00309011
-0.00309736
-0.00306542
-0.00301494
-0.00300478
-0.00302692
-0.00300062
-0.00303178
-0.00296154
-0.00294559
-0.00292576
-0.0028861
-0.00288042
-0.00287676
-0.00287616
-0.00289376
-0.00280484
-0.00279089
-0.00276782
-0.00274609
-0.00268963
-0.00266616
-0.00273943
-0.00270232
-0.00262732
-0.00262298
-0.00263615
-0.00262471
-0.00264303
-0.00250108
-0.00250292
-0.00248681
-0.00250962
-0.0024917
-0.00246634
-0.00244812
-0.00246269
-0.00240605
-0.00234465
-0.00232244
-0.00234093
-0.00229843
-0.00224982
-0.00225835
-0.00224618
-0.00219053
-0.00218374
-0.0021543
-0.00208974
-0.00216692
-0.00212097
-0.0020384
-0.00197474
-0.00199586
-0.00200001
-0.00191899
-0.00179388
-0.00178378
-0.00181438
-0.00173678
-0.00173429
-0.00167665
-0.00154987
-0.00148441
-0.00140297
-0.00137799
-0.00140527
-0.0013007
-0.00125049
-0.00121477
-0.00118347
-0.00108537
-0.00105386
-0.000881943
-0.000763308
-0.000676311
-0.000600848
-0.000625585
-0.000501678
-0.00044818
-0.000306646
-0.000225667
-0.000096874
0.0000056525
0.000111388
0.000264829
0.000290149
0.000335215
0.000576149
0.000670248
0.000860649
0.000873633
0.0010099
0.00112151
0.00120587
0.00141287
0.00150972
0.00159648
0.0015958
0.00171579
0.00191132
0.00204229
0.00201109
0.00217353
0.00228229
0.00237447
0.00243504
0.00255043
0.0025846
0.00271527
0.00264864
0.00279703
0.00294574
0.00297079
0.00295382
0.00296818
0.00313998
0.00310996
0.00314903
0.00329658
0.00336543
0.00342218
0.00347692
0.00346539
0.00344206
0.00354714
0.0036728
0.00355356
0.00364342
0.00371278
0.00377524
0.00374181
0.00381906
0.00378556
0.003823
MomentY Data
-0.00562668
-0.00578562
-0.00591278
-0.00619888
-0.00597636
-0.00597636
-0.00589689
-0.00607173
-0.00573794
-0.00546773
-0.00572205
-0.00592868
-0.00588099
-0.00583331
-0.00581741
-0.00567436
-0.00583331
-0.0061353
-0.00562668
-0.00578562
-0.00588099
-0.00611941
-0.00597636
-0.0061353
-0.00616709
-0.00629425
-0.00610352
-0.00592868
-0.0058651
-0.00626246
-0.00597636
-0.00597636
-0.00607173
-0.00608762
-0.00597636
-0.00562668
-0.00592868
-0.0055631
-0.00619888
-0.00583331
-0.00629425
-0.00619888
-0.00597636
-0.00597636
-0.00607173
-0.00565847
-0.00607173
-0.0061353
-0.00597636
-0.00632604
-0.00602404
-0.00616709
-0.00603994
-0.00588099
-0.0061353
-0.00581741
-0.00610352
-0.00623067
-0.00607173
-0.00576973
-0.00581741
-0.00638962
-0.00629425
-0.00611941
-0.0061353
-0.00597636
-0.00594457
-0.00610352
-0.00619888
-0.00592868
-0.0061353
-0.00589689
-0.00611941
-0.00592868
-0.0058492
-0.00597636
-0.0058492
-0.00603994
-0.00602404
-0.00578562
-0.00607173
-0.00594457
-0.00597636
-0.00605583
-0.00610352
-0.00594457
-0.00592868
-0.00594457
-0.00588099
-0.00619888
-0.00619888
-0.00607173
-0.00594457
-0.00569026
-0.00610352
-0.00610352
-0.00592868
-0.00603994
-0.00572205
-0.00626246
-0.00623067
-0.00567436
-0.0058492
-0.0061353
-0.0061353
-0.0061353
-0.00592868
-0.00578562
-0.00572205
-0.00589689
-0.00596046
-0.00629425
-0.00578562
-0.00594457
-0.00570615
-0.0058492
-0.00583331
-0.00602404
-0.00619888
-0.0061353
-0.00581741
-0.00581741
-0.00616709
-0.00599225
-0.00578562
-0.0061512
-0.00638962
-0.00592868
-0.00619888
-0.00632604
-0.00594457
-0.00629425
-0.00623067
-0.0061353
-0.00572205
-0.00591278
-0.00623067
-0.00651677
-0.0061353
-0.00632604
-0.00599225
-0.00588099
-0.00607173
-0.00607173
-0.00597636
-0.00581741
-0.00599225
-0.00607173
-0.00629425
-0.00607173
-0.00619888
-0.00578562
-0.00576973
-0.00607173
-0.00572205
-0.00611941
-0.00570615
-0.00603994
-0.0061353
-0.00608762
-0.00616709
-0.00602404
-0.0061353
-0.00607173
-0.0058651
-0.00603994
-0.00610352
-0.00635783
-0.00594457
-0.00591278
-0.0061353
-0.00623067
-0.00623067
-0.00600815
-0.00592868
-0.00619888
-0.00561078
-0.00626246
-0.00611941
-0.00597636
-0.00578562
-0.00594457
-0.00591278
-0.00619888
-0.00611941
-0.00607173
-0.00623067
-0.00648499
-0.00632604
-0.00623067
-0.00651677
-0.00642141
-0.0061353
-0.00629425
-0.00603994
-0.0061353
-0.00623067
-0.00581741
-0.0061353
-0.00629425
-0.00616709
-0.00619888
-0.0061353
-0.00597636
-0.00632604
-0.0058651
-0.0058651
-0.00629425
-0.00619888
-0.00603994
-0.00616709
-0.00570615
-0.00591278
-0.00632604
-0.00664393
-0.00610352
-0.0061353
-0.00616709
-0.00616709
-0.0061512
-0.00638962
-0.00596046
-0.00616709
-0.00648499
-0.00632604
-0.00632604
-0.00654856
-0.00638962
-0.00658035
-0.00626246
-0.00658035
-0.00635783
-0.00642141
-0.00635783
-0.00635783
-0.00632604
-0.00616709
-0.00654856
-0.00664393
-0.00642141
-0.00632604
-0.0064532
-0.00623067
-0.00661214
-0.00642141
-0.00661214
-0.00623067
-0.00654856
-0.00658035
-0.00683467
-0.00686646
-0.00651677
-0.00661214
-0.00632604
-0.00658035
-0.00680288
-0.00686646
-0.00667572
-0.00670751
-0.00683467
-0.00667572
-0.00667572
-0.00683467
-0.00680288
-0.00664393
-0.0067393
-0.00667572
-0.00658035
-0.00661214
-0.00658035
-0.00689824
-0.00667572
-0.00642141
-0.00667572
-0.00683467
-0.00677109
-0.00694593
-0.00664393
-0.00689824
-0.00680288
-0.00677109
-0.00683467
-0.00670751
-0.00685056
-0.00677109
-0.00694593
-0.00677109
-0.00664393
-0.00710487
-0.00683467
-0.00680288
-0.00686646
-0.00708898
Field Data
-1659.05
-1652.52
-1643.21
-1632.71
-1622.75
-1612.65
-1602.71
-1592.29
-1582.29
-1572.13
-1562.17
-1552.19
-1541.78
-1531.92
-1521.88
-1511.51
-1501.66
-1491.68
-1481.34
-1471.35
-1461.36
-1451.31
-1440.93
-1430.79
-1420.79
-1410.97
-1400.92
-1390.45
-1380.57
-1370.77
-1360.23
-1350.32
-1340.4
-1330.21
-1319.96
-1309.75
-1300.24
-1289.71
-1278.57
-1266.28
-1256.33
-1246.26
-1235.95
-1226.08
-1216.06
-1205.75
-1195.81
-1185.84
-1175.56
-1165.48
-1155.57
-1145.46
-1135.1
-1125.03
-1115.04
-1105.16
-1095.13
-1084.85
-1074.82
-1064.92
-1054.6
-1044.59
-1034.72
-1024.43
-1014.31
-1004.23
-994.135
-984.265
-974.145
-963.777
-953.873
-943.949
-933.554
-923.643
-913.708
-903.447
-893.471
-883.413
-873.385
-862.88
-853.076
-843.106
-832.756
-822.859
-812.948
-802.835
-792.484
-780.245
-769.342
-758.84
-748.871
-738.858
-728.845
-718.729
-708.558
-698.686
-688.608
-678.255
-668.363
-658.47
-648.069
-638.06
-628.157
-618.034
-607.746
-597.668
-587.714
-577.563
-567.715
-557.153
-547.528
-537.282
-527.382
-517.225
-507.281
-497.05
-486.85
-476.832
-466.736
-456.876
-446.776
-436.356
-426.617
-416.564
-406.214
-396.251
-386.007
-376.102
-366.151
-355.746
-345.962
-336.013
-325.577
-315.615
-305.735
-295.563
-285.281
-275.343
-265.403
-254.959
-245.14
-234.726
-225.028
-214.849
-204.853
-194.582
-184.819
-174.701
-164.296
-154.424
-144.518
-134.096
-124.177
-114.098
-104.017
-93.8594
-83.6131
-73.8475
-63.8969
-53.6613
-43.436
-33.5952
-23.588
-13.4108
-3.36211
6.62772
17.3853
27.0664
36.8671
47.0399
57.1972
67.3631
77.3556
87.2691
97.6578
107.818
117.646
127.506
138.015
147.862
158.187
168.027
177.773
188.23
198.331
208.279
218.226
228.624
238.574
248.438
258.794
268.823
278.937
289.027
299.002
309.32
319.19
329.094
339.496
349.433
359.365
369.568
379.514
389.505
399.892
409.741
419.826
430.127
440.024
449.96
460.292
470.326
480.447
490.549
500.313
510.651
520.74
530.722
540.511
551.13
560.993
570.821
581.267
591.253
601.089
611.505
621.512
631.365
641.696
651.72
661.574
671.897
681.773
691.83
702.125
712.159
721.989
732.36
742.353
752.365
762.306
772.763
782.785
792.413
802.908
812.831
823.006
832.987
842.883
853.188
863.301
873.169
883.231
893.623
903.498
913.356
923.912
933.63
943.671
953.954
964.049
974.04
984.218
994.025
1004.14
1014.56
1024.4
1034.33
1044.74
1054.61
1064.58
1074.8
1084.99
1094.9
1105.04
1115.09
1125.35
1135.3
1145.24
1155.17
1165.75
1175.72
1185.4
1195.68
1205.76
1215.93
1225.95
1235.76
1246.07
1256.2
1265.93
1276.28
1286.37
Time Data
0
0.3
0.6
0.9
1.2
1.5
1.8
2.1
2.4
2.7
3
3.3
3.6
3.9
4.2
4.5
4.8
5.1
5.4
5.7
6
6.3
6.6
6.9
7.2
7.5
7.8
8.1
8.4
8.7
9
9.3
9.6
9.9
10.2
10.5
10.8
11.1
11.4
11.7
12
12.3
12.6
12.9
13.2
13.5
13.8
14.1
14.4
14.7
15
15.3
15.6
15.9
16.2
16.5
16.8
17.1
17.4
17.7
18
18.3
18.6
18.9
19.2
19.5
19.8
20.1
20.4
20.7
21
21.3
21.6
21.9
22.2
22.5
22.8
23.1
23.4
23.7
24
24.3
24.6
24.9
25.2
25.5
25.8
26.1
26.4
26.7
27
27.3
27.6
27.9
28.2
28.5
28.8
29.1
29.4
29.7
30.0000000000001
30.3000000000001
30.6000000000001
30.9000000000001
31.2000000000001
31.5000000000001
31.8000000000001
32.1000000000001
32.4
32.7
33
33.3
33.6
33.9
34.2
34.5
34.8
35.1
35.4
35.7
36
36.3
36.6
36.9
37.2
37.5
37.8
38.1
38.4
38.7
39
39.3
39.6
39.9
40.2
40.5
40.8
41.1
41.4
41.7
42
42.3
42.6
42.8999999999999
43.1999999999999
43.4999999999999
43.7999999999999
44.0999999999999
44.3999999999999
44.6999999999999
44.9999999999999
45.2999999999999
45.5999999999999
45.8999999999999
46.1999999999999
46.4999999999999
46.7999999999999
47.0999999999999
47.3999999999999
47.6999999999999
47.9999999999999
48.2999999999999
48.5999999999999
48.8999999999999
49.1999999999999
49.4999999999999
49.7999999999999
50.0999999999999
50.3999999999999
50.6999999999999
50.9999999999999
51.2999999999999
51.5999999999999
51.8999999999999
52.1999999999999
52.4999999999999
52.7999999999999
53.0999999999999
53.3999999999998
53.6999999999998
53.9999999999998
54.2999999999998
54.5999999999998
54.8999999999998
55.1999999999998
55.4999999999998
55.7999999999998
56.0999999999998
56.3999999999998
56.6999999999998
56.9999999999998
57.2999999999998
57.5999999999998
57.8999999999998
58.1999999999998
58.4999999999998
58.7999999999998
59.0999999999998
59.3999999999998
59.6999999999998
59.9999999999998
60.2999999999998
60.5999999999998
60.8999999999998
61.1999999999998
61.4999999999998
61.7999999999998
62.0999999999998
62.3999999999998
62.6999999999998
62.9999999999998
63.2999999999998
63.5999999999998
63.8999999999998
64.1999999999997
64.4999999999997
64.7999999999997
65.0999999999997
65.3999999999997
65.6999999999997
65.9999999999997
66.2999999999997
66.5999999999997
66.8999999999997
67.1999999999997
67.4999999999997
67.7999999999997
68.0999999999997
68.3999999999997
68.6999999999997
68.9999999999997
69.2999999999997
69.5999999999997
69.8999999999997
70.1999999999997
70.4999999999997
70.7999999999997
71.0999999999997
71.3999999999997
71.6999999999997
71.9999999999997
72.2999999999997
72.5999999999997
72.8999999999997
73.1999999999997
73.4999999999997
73.7999999999997
74.0999999999997
74.3999999999997
74.6999999999996
74.9999999999996
75.2999999999996
75.5999999999996
75.8999999999996
76.1999999999996
76.4999999999996
76.7999999999996
77.0999999999996
77.3999999999996
77.6999999999996
77.9999999999996
78.2999999999996
78.5999999999996
78.8999999999996
79.1999999999996
79.4999999999996
79.7999999999996
80.0999999999996
80.3999999999996
80.6999999999996
80.9999999999996
81.2999999999996
81.5999999999996
81.8999999999996
82.1999999999996
82.4999999999996
82.7999999999996
83.0999999999996
83.3999999999996
83.6999999999996
83.9999999999996
84.2999999999996
84.5999999999996
84.8999999999996
85.1999999999995
85.4999999999995
85.7999999999995
86.0999999999995
86.3999999999995
86.6999999999995
86.9999999999995
87.2999999999995
87.5999999999995
Temperature Data
0
0
0
0
0
0
0
0
0
0
0
0
0
0
0
0
0
0
0
0
0
0
0
0
0
0
0
0
0
0
0
0
0
0
0
0
0
0
0
0
0
0
0
0
0
0
0
0
0
0
0
0
0
0
0
0
0
0
0
0
0
0
0
0
0
0
0
0
0
0
0
0
0
0
0
0
0
0
0
0
0
0
0
0
0
0
0
0
0
0
0
0
0
0
0
0
0
0
0
0
0
0
0
0
0
0
0
0
0
0
0
0
0
0
0
0
0
0
0
0
0
0
0
0
0
0
0
0
0
0
0
0
0
0
0
0
0
0
0
0
0
0
0
0
0
0
0
0
0
0
0
0
0
0
0
0
0
0
0
0
0
0
0
0
0
0
0
0
0
0
0
0
0
0
0
0
0
0
0
0
0
0
0
0
0
0
0
0
0
0
0
0
0
0
0
0
0
0
0
0
0
0
0
0
0
0
0
0
0
0
0
0
0
0
0
0
0
0
0
0
0
0
0
0
0
0
0
0
0
0
0
0
0
0
0
0
0
0
0
0
0
0
0
0
0
0
0
0
0
0
0
0
0
0
0
0
0
0
0
0
0
0
0
0
0
0
0
0
0
0
0
0
0
0
0
0
0
0
0
0
0
0
0
0
0
0
0
0
0
0
0
0
0
Angle Data
0
0
0
0
0
0
0
0
0
0
0
0
0
0
0
0
0
0
0
0
0
0
0
0
0
0
0
0
0
0
0
0
0
0
0
0
0
0
0
0
0
0
0
0
0
0
0
0
0
0
0
0
0
0
0
0
0
0
0
0
0
0
0
0
0
0
0
0
0
0
0
0
0
0
0
0
0
0
0
0
0
0
0
0
0
0
0
0
0
0
0
0
0
0
0
0
0
0
0
0
0
0
0
0
0
0
0
0
0
0
0
0
0
0
0
0
0
0
0
0
0
0
0
0
0
0
0
0
0
0
0
0
0
0
0
0
0
0
0
0
0
0
0
0
0
0
0
0
0
0
0
0
0
0
0
0
0
0
0
0
0
0
0
0
0
0
0
0
0
0
0
0
0
0
0
0
0
0
0
0
0
0
0
0
0
0
0
0
0
0
0
0
0
0
0
0
0
0
0
0
0
0
0
0
0
0
0
0
0
0
0
0
0
0
0
0
0
0
0
0
0
0
0
0
0
0
0
0
0
0
0
0
0
0
0
0
0
0
0
0
0
0
0
0
0
0
0
0
0
0
0
0
0
0
0
0
0
0
0
0
0
0
0
0
0
0
0
0
0
0
0
0
0
0
0
0
0
0
0
0
0
0
0
0
0
0
0
0
0
0
0
0
0
Bx Data
0
0
0
0
0
0
0
0
0
0
0
0
0
0
0
0
0
0
0
0
0
0
0
0
0
0
0
0
0
0
0
0
0
0
0
0
0
0
0
0
0
0
0
0
0
0
0
0
0
0
0
0
0
0
0
0
0
0
0
0
0
0
0
0
0
0
0
0
0
0
0
0
0
0
0
0
0
0
0
0
0
0
0
0
0
0
0
0
0
0
0
0
0
0
0
0
0
0
0
0
0
0
0
0
0
0
0
0
0
0
0
0
0
0
0
0
0
0
0
0
0
0
0
0
0
0
0
0
0
0
0
0
0
0
0
0
0
0
0
0
0
0
0
0
0
0
0
0
0
0
0
0
0
0
0
0
0
0
0
0
0
0
0
0
0
0
0
0
0
0
0
0
0
0
0
0
0
0
0
0
0
0
0
0
0
0
0
0
0
0
0
0
0
0
0
0
0
0
0
0
0
0
0
0
0
0
0
0
0
0
0
0
0
0
0
0
0
0
0
0
0
0
0
0
0
0
0
0
0
0
0
0
0
0
0
0
0
0
0
0
0
0
0
0
0
0
0
0
0
0
0
0
0
0
0
0
0
0
0
0
0
0
0
0
0
0
0
0
0
0
0
0
0
0
0
0
0
0
0
0
0
0
0
0
0
0
0
0
0
0
0
0
0
Hint Data
0
0
0
0
0
0
0
0
0
0
0
0
0
0
0
0
0
0
0
0
0
0
0
0
0
0
0
0
0
0
0
0
0
0
0
0
0
0
0
0
0
0
0
0
0
0
0
0
0
0
0
0
0
0
0
0
0
0
0
0
0
0
0
0
0
0
0
0
0
0
0
0
0
0
0
0
0
0
0
0
0
0
0
0
0
0
0
0
0
0
0
0
0
0
0
0
0
0
0
0
0
0
0
0
0
0
0
0
0
0
0
0
0
0
0
0
0
0
0
0
0
0
0
0
0
0
0
0
0
0
0
0
0
0
0
0
0
0
0
0
0
0
0
0
0
0
0
0
0
0
0
0
0
0
0
0
0
0
0
0
0
0
0
0
0
0
0
0
0
0
0
0
0
0
0
0
0
0
0
0
0
0
0
0
0
0
0
0
0
0
0
0
0
0
0
0
0
0
0
0
0
0
0
0
0
0
0
0
0
0
0
0
0
0
0
0
0
0
0
0
0
0
0
0
0
0
0
0
0
0
0
0
0
0
0
0
0
0
0
0
0
0
0
0
0
0
0
0
0
0
0
0
0
0
0
0
0
0
0
0
0
0
0
0
0
0
0
0
0
0
0
0
0
0
0
0
0
0
0
0
0
0
0
0
0
0
0
0
0
0
0
0
0
Torque Data
9.334943454
9.5608527624
9.7159392238
10.1209733648
9.69813819
9.637776954
9.4510045719
9.6679549617
9.0790850826
8.5959823649
8.9388148485
9.2024378092
9.0671927622
8.9361642552
8.8533999308
8.5768518836
8.7596482946
9.151904304
8.3350261512
8.512671987
8.5942435464
8.8811609271
8.6115164148
8.778325887
8.7621398011
8.8809979225
8.5505432384
8.243533106
8.097181107
8.5843922942
8.1292241628
8.0699984352
8.138546892
8.0978130002
7.8885561456
7.36954413
7.7087068832
7.174785701
7.9257020016
7.3866037868
7.9076551025
7.7254161888
7.386482142
7.3274954688
7.3835879838
6.8227002025
7.2606354513
7.275484152
7.0255697616
7.3728730992
6.9611999028
7.0641549114
6.855935894
6.6162901797
6.841104912
6.4291688356
6.6841478576
6.7593423495
6.5260168386
6.1443008716
6.135040586
6.6745331558
6.51278636
6.2689071863
6.223096143
6.0016400028
5.90970509695
6.0074811128
6.0386079576
5.71392542436
5.8522970169
5.56636341861
5.71279968314
5.47598378124
5.3444608336
5.39932451292
5.2260905732
5.33576151522
5.2613061754
4.9922957856
5.17964714148
5.01190263442
4.97684964816
4.98309421797
4.96184437696
4.77250885595
4.69838404112
4.63822101965
4.52449260858
4.7039580992
4.64216146448
4.48614628434
4.33267012165
4.08975487954
4.32469792416
4.26444397472
4.08253647744
4.0966195047
3.82440650415
4.1236420362
4.03790407623
3.6205821416
3.6742159244
3.7918240002
3.7287040338
3.6668724804
3.48436823752
3.34156004406
3.24849361575
3.28546995417
3.26351874288
3.3817872285
3.05123184684
3.07468021825
2.89462147815
2.90734486
2.8399469735
2.87245504128
2.89324045568
2.8030713228
2.59907917016
2.53846175796
2.63098543453
2.496155629
2.35019984268
2.4374191512
2.46643804734
2.22978840536
2.26972611088
2.25046342584
2.05659532634
2.11494982525
2.02856284659
1.9363927095
1.74943095675
1.74759899514
1.77749176827
1.79434700211
1.6283270259
1.61288083236
1.468940165
1.38042125874
1.36630925844
1.30450511877
1.22427527508
1.13196327262
1.10748165275
1.06073730273
1.034120098
0.93762083352
0.89584973984
0.77582849952
0.71646776221
0.69277224954
0.59519047485
0.574364150954
0.477108890565
0.44603446915
0.39202665057
0.326669603106
0.26787372124
0.202378828608
0.1447194564
0.081426756684
0.019719111361
-0.0400310311368
-0.106111526256
-0.172083569912
-0.219159056647
-0.278136579922
-0.35092198116
-0.419717246277
-0.481977216252
-0.524325843165
-0.578981845704
-0.66835084384
-0.66008582388
-0.79850122476
-0.84457037115
-0.88367654232
-0.91520987094
-0.99884826339
-1.05113263894
-1.1668151824
-1.21366870471
-1.26461385267
-1.35969419142
-1.48262435376
-1.50922866696
-1.54793519346
-1.68650097538
-1.72622270043
-1.7113621761
-1.81920819475
-1.80595413988
-1.897770996
-1.9887675573
-1.91447472654
-2.0829098088
-2.19941866025
-2.21623629785
-2.29090768384
-2.3284322442
-2.3278221018
-2.52973278768
-2.4031719391
-2.4623214726
-2.70732686975
-2.72765597312
-2.7177314024
-2.83866219028
-2.6837507049
-2.84077741266
-3.10323259596
-3.32404455009
-3.11676859152
-3.194896122
-3.27301033898
-3.33337998299
-3.390110856
-3.58453209266
-3.40235573766
-3.58472590303
-3.83426979247
-3.80251305756
-3.8684050902
-4.07000862272
-4.0341824313
-4.2225842736
-4.0813704312
-4.3533884709
-4.27180690351
-4.37794395993
-4.3985375289
-4.46399138875
-4.50514632036
-4.45257114201
-4.7959034016
-4.93214136729
-4.83124413465
-4.82237824824
-4.9867941916
-4.87727501595
-5.23954569382
-5.15580146028
-5.37455236834
-5.12787879402
-5.45486534872
-5.54646514905
-5.83125842796
-5.92782178446
-5.69024154413
-5.84004702434
-5.65309484292
-5.9453330643
-6.21345126528
-6.34400479152
-6.2326524636
-6.32968266921
-6.51996078518
-6.43572119028
-6.5024183088
-6.72680523806
-6.762232792
-6.6714358702
-6.837424208
-6.838607568
-6.8062534155
-6.9079671436
-6.9397029135
-7.3437283392
-7.175063856
-6.9671656359
-7.309245828
-7.5525837368
-7.5503747481
-7.8166023255
-7.542853729
-7.9001403776
-7.8584828896
-7.8933981675
-8.0356582124
-7.951082354
-8.1910775808
-8.1643094784
-8.4457646649
-8.3010177855
-8.2103029368
-8.8531653609
-8.585712454
-8.6119698784
-8.7635255688
-9.1190512026
dMdH Data
-4.56814701378253E-06
2.08270676691723E-06
4.6009523809524E-06
-1.65763052208834E-06
-3.94059405940576E-07
-1.65995975855104E-07
-5.06717850287892E-07
1.04199999999997E-06
9.19291338582695E-07
1.71385542168675E-06
1.91282565130254E-06
-3.13256484149851E-06
1.41480730223129E-06
-2.73904382470135E-07
1.18997107039532E-06
-9.00507614213142E-07
2.85270541082156E-06
-1.58220502901352E-06
-8.71871871871816E-07
4.78078078078078E-06
2.24378109452734E-06
4.72061657032798E-07
-2.53254437869821E-06
5.06000000000031E-07
-5.58044806517357E-07
-3.84079601990014E-07
2.17860553963704E-06
2.27631578947366E-06
-5.66326530612247E-07
5.43643263757098E-07
-2.37739656912205E-06
6.02318548387105E-06
-1.57114818449463E-06
1.2917073170732E-06
-8.13907933398634E-07
2.91377497371191E-06
-1.54890788224125E-06
2.05834829443445E-06
-1.69568755085438E-06
3.36683417085431E-06
-1.42800397219469E-06
2.6711930164889E-06
9.1388044579535E-07
1.40718562874195E-07
-4.78370514064012E-06
3.49999999999996E-06
-1.68605817452356E-06
4.6099221789883E-06
2.57043650793658E-06
-1.66599394550957E-06
1.40850642927791E-06
-3.36969111969108E-06
3.74379344587886E-06
2.03303303303303E-06
-5.55668016194287E-07
9.8604187437681E-07
1.62451361867749E-07
2.21934197407774E-06
-5.04040404040396E-07
-1.68604651162787E-06
6.06593406593409E-06
-2.9280648429585E-06
3.57725947521867E-06
-4.32114624505929E-06
7.66765873015885E-06
-2.65973254086182E-06
1.73150962512664E-06
-1.99604743083018E-07
1.16512345679015E-06
-3.34006462035546E-06
5.84744054816598E-06
-5.0851370851371E-06
4.73716073050154E-06
-1.17161550075493E-06
2.56700126693311E-06
-9.48275862068985E-07
7.90415589580397E-07
4.17032309533312E-06
-1.60875773441254E-07
1.2647898816814E-07
-4.26278836509606E-07
4.1449275362324E-07
3.04233606143276E-06
3.10463121783873E-06
1.76604370612086E-06
4.32808424306816E-07
5.84198055396684E-07
-3.15234339172706E-06
-3.56408303180346E-06
2.47968702979232E-06
8.0565265155298E-06
2.70648157395388E-06
1.36615262949782E-06
-4.68980434568869E-06
1.27228525121556E-06
-4.53462988688203E-07
4.81116584564862E-06
-2.82248281439552E-06
9.20853128474687E-07
5.51870012498811E-07
2.32290938155658E-06
-4.3491871150157E-06
7.37034475945864E-06
-3.33592534992224E-06
3.98392538202026E-06
-1.41651597347787E-07
2.68741995862472E-06
3.02294882209589E-06
-8.38856277220209E-07
-1.84000000000002E-06
2.06617216474723E-06
-1.67474747474746E-06
6.41724918775231E-06
3.09734513274337E-06
-3.78262144462907E-07
-2.78333333333335E-06
3.92393691355562E-06
-2.16224247226625E-06
1.56592292089247E-06
1.44554455445545E-06
4.3570057581574E-06
-5.60324468631276E-06
3.06276733313436E-06
3.43188405797103E-06
2.86259158887882E-06
-2.38285825849277E-06
-5.35083291267054E-07
2.31132549492449E-08
3.63479096588178E-06
4.02289452166803E-06
-2.69373806412674E-07
-4.6665389037947E-07
1.81188516362176E-06
8.01619433198383E-06
-5.8779001179709E-06
4.81132075471697E-06
6.0203260213323E-06
-7.06237424547287E-06
1.28494829567216E-06
1.86169671045934E-06
-1.98386787017477E-06
4.36172406681793E-07
3.21740838982216E-06
9.09563825530214E-06
-5.79300944406582E-06
2.98985967428046E-06
-4.43565922118998E-06
1.08966842864008E-05
-4.40437601296595E-06
4.37916414294367E-06
-1.84033774707351E-06
1.02631313640486E-06
-1.22333564837778E-06
1.34312072215056E-06
6.76439316373947E-06
-2.55604462098515E-06
3.6669533874007E-06
7.30609209494881E-07
-7.08312165383551E-07
3.12362473472659E-06
5.12966425493865E-06
1.01526900631545E-06
-2.17545100813583E-06
2.61725657772306E-06
-3.11917219812551E-06
6.52934953772131E-06
1.64754005226677E-06
2.02332486455051E-06
3.89863164517143E-06
5.59203725399476E-07
3.60027149588324E-07
6.00450337753222E-08
-1.77535683663691E-06
8.55930000866327E-06
1.37300446841597E-06
2.34737484737485E-06
2.20385395537523E-06
5.37253782472167E-06
2.38346704580078E-06
-7.09636803874094E-06
3.77134146341468E-06
7.69546480607428E-06
4.15032992253975E-07
-1.30383130383129E-06
1.14997989545634E-06
-1.84176133507591E-06
1.36516637814965E-05
-1.84924623115569E-07
1.63321167883214E-06
-2.20258787176519E-06
1.78681822714132E-06
2.50741546371364E-06
1.80574826560954E-06
-1.4606516290727E-06
5.48943593719716E-06
6.22087132725427E-06
2.24252827140553E-06
-1.77754278023461E-06
4.2769447519372E-06
4.89428111155861E-06
-8.36028619033628E-07
1.22360748039414E-06
5.57001301171054E-06
6.5370174256282E-07
2.98913595288861E-06
6.40158651462565E-06
-7.49247645859627E-06
4.64282105688596E-06
8.31018518518517E-06
6.16144018583044E-06
-2.10484353199121E-06
-4.10038533741733E-07
8.02019402098596E-06
1.28133961491192E-05
9.76978138905017E-07
-3.03300624442462E-06
7.77399318773794E-06
2.54367146797422E-07
5.42800640361615E-06
1.28541011862516E-05
6.66056166056168E-06
7.79628565958261E-06
2.50150210294412E-06
-2.7734851565677E-06
1.00393625192013E-05
5.01748775856902E-06
3.62529178930272E-06
3.02971638757138E-06
9.78651237031126E-06
3.19768621879442E-06
1.6653782815073E-05
1.2012454434994E-05
8.6503927612608E-06
7.33006313744539E-06
-2.46531791907515E-06
1.260498474059E-05
5.15842252434674E-06
1.41633143200241E-05
8.08819416699955E-06
1.29557388592697E-05
9.80458066367027E-06
1.05503392536421E-05
1.59369547154133E-05
2.41257741781801E-06
4.54157008969061E-06
2.36790171990173E-05
9.42781284440438E-06
1.9240198059822E-05
1.25997088791849E-06
1.34744388410955E-05
1.13102959059587E-05
8.38401908169348E-06
1.99191685912239E-05
9.80759493670885E-06
8.80097382836279E-06
-6.44183402803962E-08
1.23471907799959E-05
1.94731600438202E-05
1.27365554799184E-05
-3.09063893016343E-06
1.62586327694925E-05
1.06857928866182E-05
9.39940858570406E-06
5.98813643104298E-06
1.1073896353167E-05
3.47256097560971E-06
1.31591137965763E-05
-6.40057636887605E-06
1.5034447821682E-05
1.49157472417252E-05
2.45107632093933E-06
-1.66535819430816E-06
1.44904137235116E-06
1.69428007889549E-05
-2.98706467661692E-06
3.80799220272905E-06
1.48291457286431E-05
6.92655935613679E-06
5.71500503524668E-06
5.17391304347831E-06
-1.15646940822468E-06
-2.41012396694216E-06
1.02217898832685E-05
1.24662698412699E-05
-1.1724680432645E-05
8.96806387225553E-06
7.07033639143736E-06
6.05819592628518E-06
-3.30009871668309E-06
7.9393627954779E-06
-3.23671497584545E-06
3.71060455896932E-06
3.71060455896932E-06
dMdT Data
0
0
0
0
0
0
0
0
0
0
0
0
0
0
0
0
0
0
0
0
0
0
0
0
0
0
0
0
0
0
0
0
0
0
0
0
0
0
0
0
0
0
0
0
0
0
0
0
0
0
0
0
0
0
0
0
0
0
0
0
0
0
0
0
0
0
0
0
0
0
0
0
0
0
0
0
0
0
0
0
0
0
0
0
0
0
0
0
0
0
0
0
0
0
0
0
0
0
0
0
0
0
0
0
0
0
0
0
0
0
0
0
0
0
0
0
0
0
0
0
0
0
0
0
0
0
0
0
0
0
0
0
0
0
0
0
0
0
0
0
0
0
0
0
0
0
0
0
0
0
0
0
0
0
0
0
0
0
0
0
0
0
0
0
0
0
0
0
0
0
0
0
0
0
0
0
0
0
0
0
0
0
0
0
0
0
0
0
0
0
0
0
0
0
0
0
0
0
0
0
0
0
0
0
0
0
0
0
0
0
0
0
0
0
0
0
0
0
0
0
0
0
0
0
0
0
0
0
0
0
0
0
0
0
0
0
0
0
0
0
0
0
0
0
0
0
0
0
0
0
0
0
0
0
0
0
0
0
0
0
0
0
0
0
0
0
0
0
0
0
0
0
0
0
0
0
0
0
0
0
0
0
0
0
0
0
0
0
0
0
0
0
0
 
*********************************************** Results ***************************************
 
TotalArea 0
AreaFirstQuad 0
AreaSecondQuad 0
AreaThirdQuad 0
AreaFourthQuad 0
Coercivity 0
PositiveCoercivity 0
NegativeCoercivity 0
Retentivity 4.48276865158843E-03
PositiveRetentivity -1.19766443032159E-02
NegativeRetentivity -3.01110700003904E-03
Magnetization 0.004125345
PositiveMagnetization 0.003823
NegativeMagnetization -0.00442769
Flatness 1.67170698157088
Squareness 1.08664091163004
SStar 0
SFD1 0
SFD2 0
Slope 0
Intercept 0
SlopeAtHc 3.71060455896932E-06
dH1 -490.655033437354
dH2 184.524
InitialSlope -4.56814701378253E-06
FieldAtHalfMs 943.685132549439
FieldAtMs 1286.37
MomentMean -2.26102231228669E-03
MomentRMS 2.38737783454278E-03
SFD3 0
dH3 -981.310066874708
UserField1 0
UserField2 0
CenterField 0
ExchangeField 0
ExchangeMoment 0
ExRegionOneIntercept 0
ExRegionOneSlope 0
ExRegionTwoIntercept 0
ExRegionTwoSlope 0
NegativeIntercept 0
NegativeSlope 0
AutoCenterOffset 0
PinningField 0
PinningMoment 0
PinRegionOneIntercept 0
PinRegionOneSlope 0
PinRegionTwoIntercept 0
PinRegionTwoSlope 0
PositiveIntercept 0
PositiveSlope 0
TotalOffset 0
BHMax 0
BCoercivity 0
BRetentivity 0
BNegativeCoercivity 0
BPositiveCoercivity 0
BNegativeRetentivity 0
BPositiveRetentivity 0
MomentYMean -6.17533935153584E-03
MomentYRMS 3.25129377065104E-04
YOffCorrection 0
Mrt 0
Ms1 0
Ms2 0
Ms3 0
Hc2 0
Hex2 0
HsatValue 0
HsatIntercept 0
HsatSlope 0
CenterH 0
Span .00825069
SpanAsPercentOfRange -155.673396226415
RMSAsPercentOfRange -45.044864802694
SpanAsPercentOfMean -364.909711645245
RMSAsPercentOfMean -105.588424385264
