Version 1.25
******************************************** Units *******************************************
System CGS
TemperatureUnit K
MomentUnit emu
AppliedFieldUnit G
 
******************************************** Setup ********************************************
 
Experiment CustomField
Minor False
Acquisition Continuous
EditedPoint No
MaxField 15000
FieldIncrement 100
Points 293
MinField 0
RampRate 10
AverageTime 0.3
TimeInterval 0
TimeConstant 0.1
TimeConstantIndex 0
Sensitivity -0.0053
SensitivityIndex 5
SensitivityY -400
SensitivityIndexY 0
SaturationField 8000
ExperimentTime 100
Use735Domains True
AutoRangeEnabled False
NumberOfVertices 2
VertexPts
0
292
VertexField
-2710.944
240.7686
StartAngle 0
EndAngle 0
AngleIncrement 0
StartTemp 0
FinishTemp 0
TempIncrement 0
TempPoints 0
LengthofSetPointsArray 293
SetPointArray
-2710.94403
-2700.83542
-2690.72682
-2680.61821
-2670.50961
-2660.401
-2650.2924
-2640.18379
-2630.07519
-2619.96658
-2609.85798
-2599.74937
-2589.64077
-2579.53216
-2569.42356
-2559.31495
-2549.20635
-2539.09774
-2528.98914
-2518.88053
-2508.77193
-2498.66332
-2488.55472
-2478.44612
-2468.33751
-2458.22891
-2448.1203
-2438.0117
-2427.90309
-2417.79449
-2407.68588
-2397.57728
-2387.46867
-2377.36007
-2367.25146
-2357.14286
-2347.03425
-2336.92565
-2326.81704
-2316.70844
-2306.59983
-2296.49123
-2286.38262
-2276.27402
-2266.16541
-2256.05681
-2245.9482
-2235.8396
-2225.73099
-2215.62239
-2205.51378
-2195.40518
-2185.29657
-2175.18797
-2165.07937
-2154.97076
-2144.86216
-2134.75355
-2124.64495
-2114.53634
-2104.42774
-2094.31913
-2084.21053
-2074.10192
-2063.99332
-2053.88471
-2043.77611
-2033.6675
-2023.5589
-2013.45029
-2003.34169
-1993.23308
-1983.12448
-1973.01587
-1962.90727
-1952.79866
-1942.69006
-1932.58145
-1922.47285
-1912.36424
-1902.25564
-1892.14703
-1882.03843
-1871.92982
-1861.82122
-1851.71261
-1841.60401
-1831.49541
-1821.3868
-1811.2782
-1801.16959
-1791.06099
-1780.95238
-1770.84378
-1760.73517
-1750.62657
-1740.51796
-1730.40936
-1720.30075
-1710.19215
-1700.08354
-1689.97494
-1679.86633
-1669.75773
-1659.64912
-1649.54052
-1639.43191
-1629.32331
-1619.2147
-1609.1061
-1598.99749
-1588.88889
-1578.78028
-1568.67168
-1558.56307
-1548.45447
-1538.34586
-1528.23726
-1518.12865
-1508.02005
-1497.91145
-1487.80284
-1477.69424
-1467.58563
-1457.47703
-1447.36842
-1437.25982
-1427.15121
-1417.04261
-1406.934
-1396.8254
-1386.71679
-1376.60819
-1366.49958
-1356.39098
-1346.28237
-1336.17377
-1326.06516
-1315.95656
-1305.84795
-1295.73935
-1285.63074
-1275.52214
-1265.41353
-1255.30493
-1245.19632
-1235.08772
-1224.97911
-1214.87051
-1204.7619
-1194.6533
-1184.5447
-1174.43609
-1164.32749
-1154.21888
-1144.11028
-1134.00167
-1123.89307
-1113.78446
-1103.67586
-1093.56725
-1083.45865
-1073.35004
-1063.24144
-1053.13283
-1043.02423
-1032.91562
-1022.80702
-1012.69841
-1002.58981
-992.4812
-982.3726
-972.26399
-962.15539
-952.04678
-941.93818
-931.82957
-921.72097
-911.61236
-901.50376
-891.39515
-881.28655
-871.17794
-861.06934
-850.96074
-840.85213
-830.74353
-820.63492
-810.52632
-800.41771
-790.30911
-780.2005
-770.0919
-759.98329
-749.87469
-739.76608
-729.65748
-719.54887
-709.44027
-699.33166
-689.22306
-679.11445
-669.00585
-658.89724
-648.78864
-638.68003
-628.57143
-618.46282
-608.35422
-598.24561
-588.13701
-578.0284
-567.9198
-557.81119
-547.70259
-537.59398
-527.48538
-517.37678
-507.26817
-497.15957
-487.05096
-476.94236
-466.83375
-456.72515
-446.61654
-436.50794
-426.39933
-416.29073
-406.18212
-396.07352
-385.96491
-375.85631
-365.7477
-355.6391
-345.53049
-335.42189
-325.31328
-315.20468
-305.09607
-294.98747
-284.87886
-274.77026
-264.66165
-254.55305
-244.44444
-234.33584
-224.22723
-214.11863
-204.01003
-193.90142
-183.79282
-173.68421
-163.57561
-153.467
-143.3584
-133.24979
-123.14119
-113.03258
-102.92398
-92.81537
-82.70677
-72.59816
-62.48956
-52.38095
-42.27235
-32.16374
-22.05514
-11.94653
-1.83793
8.27068
18.37928
28.48789
38.59649
48.7051
58.8137
68.92231
79.03091
89.13952
99.24812
109.35673
119.46533
129.57393
139.68254
149.79114
159.89975
170.00835
180.11696
190.22556
200.33417
210.44277
220.55138
230.65998
240.76859
FieldDomainFile C:\IDEASVSM\Default UserID\Experiments\FORCexp0378B\fdomain.ini
TempDomainFile C:\IDEASVSM\Default UserID\Experiments\FORCexp0378B\tdomain.ini
NumSelectedResults 0
ResultsSelected 
UserName1 
UserValue1 
UserName2 
UserValue2 
LinearBackgroundCorrection Off
MaxLinearFieldCorrection 
MinLinearFieldCorrection 
AutoLinearCorrection Off
FitOneRegion Off
BackgroundMode Off
BackgroundFilename 
AutoCenter Off
OffsetCorrection 
SmoothDeriv Off
DerivOrder 0
DerivPoints 0
MinExFieldOne 
MaxExFieldOne 
MinExFieldTwo 
MaxExFieldTwo 
MinPinFieldOne 
MaxPinFieldOne 
MinPinFieldTwo 
MaxPinFieldTwo 
HCenterStart 
Mass 
Volume 
Density 
MolarWeight 
NumberOfMoles 
Demagnetization 
SampleArea 
Thickness 
MomentScaling 0
XAxis 0
YAxis 0
SimpleSpinValve False
HsatMax 0
HsatMin 0
FieldAutoRange False
 
*************************************************** Experiment Data ********************************************
 
DataPoints 293
MomentX Data
-0.00496795
-0.00492186
-0.00487173
-0.00494533
-0.00489513
-0.00485278
-0.00489088
-0.00488755
-0.00487651
-0.00489225
-0.00489892
-0.00487429
-0.00485769
-0.00484785
-0.00485407
-0.00485792
-0.00485852
-0.0048275
-0.00484927
-0.00482159
-0.00482094
-0.00481165
-0.00479357
-0.00482556
-0.00480254
-0.00484338
-0.00481149
-0.00479722
-0.00479625
-0.00484545
-0.00480275
-0.00482143
-0.00481635
-0.00479581
-0.00477734
-0.004792
-0.00481256
-0.00479053
-0.00481529
-0.00482376
-0.00478958
-0.00477639
-0.00476307
-0.00473875
-0.0048064
-0.00477624
-0.00477472
-0.00474495
-0.00477201
-0.00475216
-0.00477048
-0.00472145
-0.00474684
-0.00475363
-0.0047626
-0.00472939
-0.00476342
-0.00475879
-0.00475878
-0.00473496
-0.00473499
-0.00474847
-0.00465819
-0.0047072
-0.00467037
-0.00473284
-0.00471906
-0.00470197
-0.0046855
-0.00471115
-0.00468133
-0.00471533
-0.00468832
-0.00466033
-0.00466793
-0.0046656
-0.00464957
-0.00468
-0.00464269
-0.00464436
-0.0046316
-0.00464138
-0.00463052
-0.00465208
-0.00463546
-0.00458534
-0.00463219
-0.00459632
-0.00463884
-0.00463489
-0.00458566
-0.00458216
-0.00462218
-0.00457769
-0.00460103
-0.00456264
-0.00458552
-0.00455411
-0.00456817
-0.00453782
-0.00457783
-0.00459496
-0.00458537
-0.00455105
-0.00456735
-0.00455034
-0.0045515
-0.00451391
-0.00452773
-0.00453457
-0.00451462
-0.00450566
-0.00451895
-0.00453398
-0.00448538
-0.00450733
-0.00449986
-0.00448556
-0.00447813
-0.00450273
-0.00444326
-0.00448856
-0.00446807
-0.00444764
-0.00439671
-0.0044519
-0.00443729
-0.00442734
-0.00440281
-0.0044452
-0.00442633
-0.00439992
-0.00439176
-0.00436425
-0.0044083
-0.00442644
-0.00441437
-0.00437173
-0.00436096
-0.00433343
-0.00446208
-0.0043709
-0.00442385
-0.00437173
-0.00428522
-0.00432321
-0.0043374
-0.00430223
-0.00434863
-0.00431778
-0.00429016
-0.00430606
-0.00435582
-0.00433647
-0.00434695
-0.00429455
-0.00430584
-0.00433999
-0.00427808
-0.00431166
-0.00425303
-0.00426131
-0.00422418
-0.00427527
-0.00420811
-0.00426343
-0.00421813
-0.00416751
-0.00417016
-0.00416835
-0.00415688
-0.00418198
-0.00417934
-0.00418142
-0.00411594
-0.00414045
-0.00411895
-0.00411784
-0.00414918
-0.00415128
-0.00413831
-0.00410471
-0.00413819
-0.00410947
-0.0040929
-0.00407223
-0.0041089
-0.00403556
-0.00405481
-0.00409751
-0.00406599
-0.00407233
-0.00406663
-0.00405143
-0.00401682
-0.00401754
-0.00404277
-0.00401409
-0.00394105
-0.00398015
-0.00396533
-0.00395665
-0.00395268
-0.00394098
-0.00392659
-0.00389189
-0.00384204
-0.00396604
-0.00385419
-0.00394299
-0.0039066
-0.00391044
-0.00385275
-0.0038951
-0.00380124
-0.00377895
-0.00377573
-0.00383993
-0.00386352
-0.00381268
-0.00375886
-0.00372169
-0.00370409
-0.00373002
-0.00375838
-0.0037381
-0.00375496
-0.0036863
-0.00368093
-0.00364321
-0.00368573
-0.00360035
-0.0035871
-0.00365142
-0.00366972
-0.00367847
-0.00363582
-0.00361023
-0.00361427
-0.00355349
-0.00349848
-0.00354918
-0.00356725
-0.00353086
-0.00350917
-0.00344715
-0.00346064
-0.00341503
-0.00342291
-0.00341768
-0.00342473
-0.00333228
-0.00346445
-0.00343602
-0.00328199
-0.00336622
-0.00346247
-0.00332133
-0.00337005
-0.00327218
-0.00327707
-0.00337986
-0.00334082
-0.00319908
-0.00324922
-0.00323812
-0.00320047
-0.00331021
-0.00324703
-0.00324512
-0.00323165
-0.00306981
-0.0030177
-0.00308151
-0.00305873
-0.00302725
-0.00303448
-0.00308723
-0.00303255
-0.00296025
-0.00294859
-0.002936
-0.00293799
-0.00289492
-0.00284005
-0.00292909
-0.00299206
-0.00289903
-0.00288852
-0.00279288
-0.00280498
-0.00280417
-0.00274606
MomentY Data
-0.00565847
-0.00610352
-0.00573794
-0.00581741
-0.00607173
-0.00588099
-0.00591278
-0.00572205
-0.00570615
-0.00578562
-0.00521342
-0.0055631
-0.00594457
-0.00576973
-0.00545184
-0.00567436
-0.00591278
-0.00573794
-0.00572205
-0.00572205
-0.00600815
-0.0055631
-0.00591278
-0.00581741
-0.00540415
-0.0058651
-0.00578562
-0.00576973
-0.00578562
-0.00567436
-0.00594457
-0.00592868
-0.00567436
-0.00578562
-0.00594457
-0.00581741
-0.00573794
-0.00581741
-0.00578562
-0.0058492
-0.00562668
-0.00572205
-0.00549952
-0.00607173
-0.0055631
-0.00588099
-0.00588099
-0.00597636
-0.00565847
-0.00589689
-0.00578562
-0.00565847
-0.00567436
-0.00572205
-0.00592868
-0.00576973
-0.00616709
-0.00588099
-0.0058651
-0.00597636
-0.00597636
-0.0061353
-0.00594457
-0.00596046
-0.00597636
-0.00597636
-0.00597636
-0.00583331
-0.0055631
-0.00572205
-0.00616709
-0.0061353
-0.0058492
-0.00594457
-0.00581741
-0.00607173
-0.0061353
-0.00602404
-0.00607173
-0.00578562
-0.00583331
-0.00565847
-0.00567436
-0.0058492
-0.00581741
-0.00600815
-0.00607173
-0.00600815
-0.00592868
-0.00597636
-0.00578562
-0.00551542
-0.00588099
-0.00572205
-0.00578562
-0.00575384
-0.00599225
-0.00619888
-0.00607173
-0.00600815
-0.00602404
-0.00597636
-0.00610352
-0.00591278
-0.00591278
-0.00603994
-0.0061353
-0.00588099
-0.00578562
-0.00602404
-0.00592868
-0.00610352
-0.00589689
-0.00583331
-0.00594457
-0.00588099
-0.00576973
-0.0061353
-0.00623067
-0.00592868
-0.00603994
-0.00592868
-0.00583331
-0.00581741
-0.00610352
-0.00616709
-0.00623067
-0.00603994
-0.00578562
-0.00592868
-0.00540415
-0.00603994
-0.00581741
-0.00578562
-0.0061353
-0.00581741
-0.00603994
-0.00603994
-0.00597636
-0.0061353
-0.00597636
-0.00597636
-0.00597636
-0.00608762
-0.00597636
-0.00608762
-0.00607173
-0.00603994
-0.00589689
-0.00603994
-0.00592868
-0.00588099
-0.00597636
-0.00638962
-0.00607173
-0.00591278
-0.00581741
-0.00602404
-0.00599225
-0.00603994
-0.00619888
-0.00583331
-0.00592868
-0.00602404
-0.00597636
-0.00597636
-0.00588099
-0.00572205
-0.00573794
-0.00600815
-0.00583331
-0.00603994
-0.00567436
-0.00607173
-0.00592868
-0.00592868
-0.00600815
-0.00619888
-0.00607173
-0.0055631
-0.00623067
-0.00597636
-0.00607173
-0.00597636
-0.00588099
-0.0058492
-0.00588099
-0.00594457
-0.00599225
-0.00594457
-0.00623067
-0.00616709
-0.00610352
-0.00565847
-0.00603994
-0.00597636
-0.00605583
-0.00597636
-0.00597636
-0.00638962
-0.00596046
-0.00607173
-0.00611941
-0.00589689
-0.00605583
-0.00632604
-0.00607173
-0.00600815
-0.00583331
-0.00605583
-0.00600815
-0.0061353
-0.00629425
-0.00602404
-0.00592868
-0.00619888
-0.00597636
-0.00642141
-0.00610352
-0.00619888
-0.0061353
-0.00607173
-0.00607173
-0.00600815
-0.00629425
-0.00596046
-0.00610352
-0.00623067
-0.00583331
-0.00594457
-0.00626246
-0.00623067
-0.00600815
-0.00626246
-0.00603994
-0.00632604
-0.00570615
-0.00578562
-0.00594457
-0.00592868
-0.00588099
-0.00610352
-0.00588099
-0.00591278
-0.00576973
-0.00623067
-0.00603994
-0.00581741
-0.00592868
-0.00638962
-0.0061353
-0.00597636
-0.00561078
-0.00594457
-0.0061353
-0.00602404
-0.00597636
-0.00603994
-0.00591278
-0.00607173
-0.00626246
-0.00629425
-0.00607173
-0.00603994
-0.00597636
-0.00616709
-0.00597636
-0.00603994
-0.00597636
-0.00594457
-0.00603994
-0.00629425
-0.0058651
-0.00592868
-0.00583331
-0.00610352
-0.00648499
-0.00626246
-0.00616709
-0.00591278
-0.00602404
-0.00597636
-0.00638962
-0.00583331
-0.00623067
-0.00638962
-0.00607173
-0.00616709
-0.00602404
-0.0061353
-0.00597636
-0.00602404
-0.00616709
Field Data
-2709.69
-2702.43
-2693.01
-2682.37
-2672.57
-2662.46
-2652.2
-2642.1
-2631.81
-2621.87
-2612
-2601.69
-2591.56
-2581.6
-2571.69
-2561.33
-2551.36
-2541.49
-2531.18
-2520.97
-2510.8
-2500.83
-2490.75
-2480.67
-2470.56
-2460.54
-2450.66
-2440.16
-2430.31
-2420.56
-2409.87
-2400.12
-2390.1
-2379.96
-2369.83
-2359.73
-2349.95
-2339.5
-2329.29
-2319.37
-2309.55
-2299.34
-2289.13
-2279.14
-2269.14
-2258.75
-2248.95
-2238.85
-2228.71
-2218.66
-2208.66
-2198.56
-2188.38
-2178.31
-2168.08
-2158.22
-2148.25
-2137.88
-2127.91
-2118
-2107.76
-2097.74
-2087.78
-2077.6
-2067.29
-2057.44
-2047.47
-2037.04
-2027.19
-2017.08
-2007.03
-1997.05
-1986.79
-1976.67
-1966.84
-1956.77
-1946.32
-1936.51
-1926.63
-1916.25
-1906.08
-1896.37
-1886.03
-1875.99
-1865.68
-1855.94
-1845.76
-1835.87
-1825.55
-1815.53
-1805.63
-1795.27
-1785.21
-1775.51
-1764.97
-1755.06
-1745.03
-1735.15
-1724.65
-1714.52
-1704.49
-1694.71
-1684.71
-1674.33
-1664.35
-1654.49
-1644.2
-1634.1
-1624.18
-1614.06
-1603.82
-1593.77
-1583.61
-1573.58
-1563.57
-1553.33
-1543.48
-1533.53
-1523.12
-1513.13
-1503.25
-1493
-1482.9
-1472.91
-1463.04
-1452.53
-1442.64
-1432.71
-1422.3
-1412.53
-1402.06
-1392.39
-1382.33
-1372.09
-1362.06
-1352.18
-1341.9
-1331.7
-1321.92
-1311.84
-1301.47
-1291.57
-1281.54
-1271.4
-1261.29
-1250.94
-1241.19
-1231.16
-1220.91
-1210.88
-1200.91
-1191.08
-1180.51
-1170.59
-1160.77
-1150.4
-1140.35
-1130.61
-1120.34
-1109.97
-1100.09
-1089.95
-1079.92
-1069.91
-1059.58
-1049.65
-1039.8
-1029.34
-1019.44
-1009.47
-999.403
-989.203
-979.135
-969.402
-958.922
-948.873
-939.028
-928.835
-918.653
-908.547
-898.694
-888.564
-878.461
-868.337
-858.388
-848.337
-838.017
-828.072
-818.188
-807.773
-797.859
-787.896
-777.656
-767.573
-757.285
-747.662
-737.333
-727.111
-717.098
-707.281
-697.351
-686.702
-677.043
-666.982
-656.54
-646.85
-636.789
-626.436
-616.485
-606.163
-596.367
-586.484
-576.344
-565.878
-556.119
-546.168
-535.764
-525.785
-515.855
-505.509
-495.577
-485.697
-475.635
-465.14
-455.064
-445.077
-435.22
-425.055
-414.77
-404.889
-395.057
-384.531
-374.746
-364.692
-354.63
-344.383
-334.407
-324.448
-314.18
-304.094
-293.857
-284.042
-274.025
-263.651
-253.732
-243.772
-233.596
-223.514
-213.27
-203.366
-193.456
-183.216
-173.1
-163.211
-153.023
-142.869
-132.935
-122.601
-112.763
-102.825
-92.4829
-82.5593
-72.2617
-62.3282
-52.5114
-42.1386
-32.2531
-22.285
-11.7178
-1.60244
8.3319
18.3731
28.2217
38.506
48.5037
58.5718
68.379
78.8452
88.8186
98.859
108.939
118.983
129.147
139.038
149.408
159.517
169.242
179.457
189.5
199.813
209.717
219.554
229.975
Time Data
0
0.3
0.6
0.9
1.2
1.5
1.8
2.1
2.4
2.7
3
3.3
3.6
3.9
4.2
4.5
4.8
5.1
5.4
5.7
6
6.3
6.6
6.9
7.2
7.5
7.8
8.1
8.4
8.7
9
9.3
9.6
9.9
10.2
10.5
10.8
11.1
11.4
11.7
12
12.3
12.6
12.9
13.2
13.5
13.8
14.1
14.4
14.7
15
15.3
15.6
15.9
16.2
16.5
16.8
17.1
17.4
17.7
18
18.3
18.6
18.9
19.2
19.5
19.8
20.1
20.4
20.7
21
21.3
21.6
21.9
22.2
22.5
22.8
23.1
23.4
23.7
24
24.3
24.6
24.9
25.2
25.5
25.8
26.1
26.4
26.7
27
27.3
27.6
27.9
28.2
28.5
28.8
29.1
29.4
29.7
30.0000000000001
30.3000000000001
30.6000000000001
30.9000000000001
31.2000000000001
31.5000000000001
31.8000000000001
32.1000000000001
32.4
32.7
33
33.3
33.6
33.9
34.2
34.5
34.8
35.1
35.4
35.7
36
36.3
36.6
36.9
37.2
37.5
37.8
38.1
38.4
38.7
39
39.3
39.6
39.9
40.2
40.5
40.8
41.1
41.4
41.7
42
42.3
42.6
42.8999999999999
43.1999999999999
43.4999999999999
43.7999999999999
44.0999999999999
44.3999999999999
44.6999999999999
44.9999999999999
45.2999999999999
45.5999999999999
45.8999999999999
46.1999999999999
46.4999999999999
46.7999999999999
47.0999999999999
47.3999999999999
47.6999999999999
47.9999999999999
48.2999999999999
48.5999999999999
48.8999999999999
49.1999999999999
49.4999999999999
49.7999999999999
50.0999999999999
50.3999999999999
50.6999999999999
50.9999999999999
51.2999999999999
51.5999999999999
51.8999999999999
52.1999999999999
52.4999999999999
52.7999999999999
53.0999999999999
53.3999999999998
53.6999999999998
53.9999999999998
54.2999999999998
54.5999999999998
54.8999999999998
55.1999999999998
55.4999999999998
55.7999999999998
56.0999999999998
56.3999999999998
56.6999999999998
56.9999999999998
57.2999999999998
57.5999999999998
57.8999999999998
58.1999999999998
58.4999999999998
58.7999999999998
59.0999999999998
59.3999999999998
59.6999999999998
59.9999999999998
60.2999999999998
60.5999999999998
60.8999999999998
61.1999999999998
61.4999999999998
61.7999999999998
62.0999999999998
62.3999999999998
62.6999999999998
62.9999999999998
63.2999999999998
63.5999999999998
63.8999999999998
64.1999999999997
64.4999999999997
64.7999999999997
65.0999999999997
65.3999999999997
65.6999999999997
65.9999999999997
66.2999999999997
66.5999999999997
66.8999999999997
67.1999999999997
67.4999999999997
67.7999999999997
68.0999999999997
68.3999999999997
68.6999999999997
68.9999999999997
69.2999999999997
69.5999999999997
69.8999999999997
70.1999999999997
70.4999999999997
70.7999999999997
71.0999999999997
71.3999999999997
71.6999999999997
71.9999999999997
72.2999999999997
72.5999999999997
72.8999999999997
73.1999999999997
73.4999999999997
73.7999999999997
74.0999999999997
74.3999999999997
74.6999999999996
74.9999999999996
75.2999999999996
75.5999999999996
75.8999999999996
76.1999999999996
76.4999999999996
76.7999999999996
77.0999999999996
77.3999999999996
77.6999999999996
77.9999999999996
78.2999999999996
78.5999999999996
78.8999999999996
79.1999999999996
79.4999999999996
79.7999999999996
80.0999999999996
80.3999999999996
80.6999999999996
80.9999999999996
81.2999999999996
81.5999999999996
81.8999999999996
82.1999999999996
82.4999999999996
82.7999999999996
83.0999999999996
83.3999999999996
83.6999999999996
83.9999999999996
84.2999999999996
84.5999999999996
84.8999999999996
85.1999999999995
85.4999999999995
85.7999999999995
86.0999999999995
86.3999999999995
86.6999999999995
86.9999999999995
87.2999999999995
87.5999999999995
Temperature Data
0
0
0
0
0
0
0
0
0
0
0
0
0
0
0
0
0
0
0
0
0
0
0
0
0
0
0
0
0
0
0
0
0
0
0
0
0
0
0
0
0
0
0
0
0
0
0
0
0
0
0
0
0
0
0
0
0
0
0
0
0
0
0
0
0
0
0
0
0
0
0
0
0
0
0
0
0
0
0
0
0
0
0
0
0
0
0
0
0
0
0
0
0
0
0
0
0
0
0
0
0
0
0
0
0
0
0
0
0
0
0
0
0
0
0
0
0
0
0
0
0
0
0
0
0
0
0
0
0
0
0
0
0
0
0
0
0
0
0
0
0
0
0
0
0
0
0
0
0
0
0
0
0
0
0
0
0
0
0
0
0
0
0
0
0
0
0
0
0
0
0
0
0
0
0
0
0
0
0
0
0
0
0
0
0
0
0
0
0
0
0
0
0
0
0
0
0
0
0
0
0
0
0
0
0
0
0
0
0
0
0
0
0
0
0
0
0
0
0
0
0
0
0
0
0
0
0
0
0
0
0
0
0
0
0
0
0
0
0
0
0
0
0
0
0
0
0
0
0
0
0
0
0
0
0
0
0
0
0
0
0
0
0
0
0
0
0
0
0
0
0
0
0
0
0
0
0
0
0
0
0
0
0
0
0
0
0
0
0
0
0
0
0
Angle Data
0
0
0
0
0
0
0
0
0
0
0
0
0
0
0
0
0
0
0
0
0
0
0
0
0
0
0
0
0
0
0
0
0
0
0
0
0
0
0
0
0
0
0
0
0
0
0
0
0
0
0
0
0
0
0
0
0
0
0
0
0
0
0
0
0
0
0
0
0
0
0
0
0
0
0
0
0
0
0
0
0
0
0
0
0
0
0
0
0
0
0
0
0
0
0
0
0
0
0
0
0
0
0
0
0
0
0
0
0
0
0
0
0
0
0
0
0
0
0
0
0
0
0
0
0
0
0
0
0
0
0
0
0
0
0
0
0
0
0
0
0
0
0
0
0
0
0
0
0
0
0
0
0
0
0
0
0
0
0
0
0
0
0
0
0
0
0
0
0
0
0
0
0
0
0
0
0
0
0
0
0
0
0
0
0
0
0
0
0
0
0
0
0
0
0
0
0
0
0
0
0
0
0
0
0
0
0
0
0
0
0
0
0
0
0
0
0
0
0
0
0
0
0
0
0
0
0
0
0
0
0
0
0
0
0
0
0
0
0
0
0
0
0
0
0
0
0
0
0
0
0
0
0
0
0
0
0
0
0
0
0
0
0
0
0
0
0
0
0
0
0
0
0
0
0
0
0
0
0
0
0
0
0
0
0
0
0
0
0
0
0
0
0
Bx Data
0
0
0
0
0
0
0
0
0
0
0
0
0
0
0
0
0
0
0
0
0
0
0
0
0
0
0
0
0
0
0
0
0
0
0
0
0
0
0
0
0
0
0
0
0
0
0
0
0
0
0
0
0
0
0
0
0
0
0
0
0
0
0
0
0
0
0
0
0
0
0
0
0
0
0
0
0
0
0
0
0
0
0
0
0
0
0
0
0
0
0
0
0
0
0
0
0
0
0
0
0
0
0
0
0
0
0
0
0
0
0
0
0
0
0
0
0
0
0
0
0
0
0
0
0
0
0
0
0
0
0
0
0
0
0
0
0
0
0
0
0
0
0
0
0
0
0
0
0
0
0
0
0
0
0
0
0
0
0
0
0
0
0
0
0
0
0
0
0
0
0
0
0
0
0
0
0
0
0
0
0
0
0
0
0
0
0
0
0
0
0
0
0
0
0
0
0
0
0
0
0
0
0
0
0
0
0
0
0
0
0
0
0
0
0
0
0
0
0
0
0
0
0
0
0
0
0
0
0
0
0
0
0
0
0
0
0
0
0
0
0
0
0
0
0
0
0
0
0
0
0
0
0
0
0
0
0
0
0
0
0
0
0
0
0
0
0
0
0
0
0
0
0
0
0
0
0
0
0
0
0
0
0
0
0
0
0
0
0
0
0
0
0
Hint Data
0
0
0
0
0
0
0
0
0
0
0
0
0
0
0
0
0
0
0
0
0
0
0
0
0
0
0
0
0
0
0
0
0
0
0
0
0
0
0
0
0
0
0
0
0
0
0
0
0
0
0
0
0
0
0
0
0
0
0
0
0
0
0
0
0
0
0
0
0
0
0
0
0
0
0
0
0
0
0
0
0
0
0
0
0
0
0
0
0
0
0
0
0
0
0
0
0
0
0
0
0
0
0
0
0
0
0
0
0
0
0
0
0
0
0
0
0
0
0
0
0
0
0
0
0
0
0
0
0
0
0
0
0
0
0
0
0
0
0
0
0
0
0
0
0
0
0
0
0
0
0
0
0
0
0
0
0
0
0
0
0
0
0
0
0
0
0
0
0
0
0
0
0
0
0
0
0
0
0
0
0
0
0
0
0
0
0
0
0
0
0
0
0
0
0
0
0
0
0
0
0
0
0
0
0
0
0
0
0
0
0
0
0
0
0
0
0
0
0
0
0
0
0
0
0
0
0
0
0
0
0
0
0
0
0
0
0
0
0
0
0
0
0
0
0
0
0
0
0
0
0
0
0
0
0
0
0
0
0
0
0
0
0
0
0
0
0
0
0
0
0
0
0
0
0
0
0
0
0
0
0
0
0
0
0
0
0
0
0
0
0
0
0
Torque Data
15.3326995743
16.4943355536
15.4523297994
15.6044460617
16.2271234461
15.6579006354
15.681875116
15.118228305
15.0175026315
15.1691435094
13.61745304
14.473461639
15.4057098292
14.895134968
14.0204424096
14.5339084988
15.0856303808
14.5829171306
14.483538519
14.4251163885
15.08526302
13.912367373
14.727256785
14.4310744647
13.351276824
14.431313154
14.1785875092
14.0790643568
14.0608501422
13.7351288416
14.3256409059
14.2295434416
13.562287836
13.7695441752
14.0876203231
13.7275168993
13.483872103
13.609830695
13.4763868098
13.566459004
12.995098794
13.156938447
12.5891162176
13.8383227122
12.623452734
13.2836861625
13.2260524605
13.380173586
12.6110886737
13.0831939674
12.7784674692
12.4404858032
12.4176559368
12.4643987355
12.8538525344
12.4523466806
13.2484510925
12.5728509012
12.480404941
12.65793048
12.5967325536
12.870264222
12.4109543546
12.383451696
12.3548692644
12.2960021184
12.2364178092
11.8826858024
11.277460689
11.541832614
12.3775346427
12.252500865
11.621132068
11.7504531819
11.4419146844
11.8809791121
11.941257096
11.6656137004
11.6979771699
11.086694325
11.1187555248
10.7305527539
10.7020131908
10.973040708
10.8534254888
11.150765911
11.2069563648
11.0301823405
10.823101774
10.8502608708
10.4466890406
9.9016680634
10.4988021579
10.1595569955
10.2114457314
10.0983344304
10.4566560175
10.755986632
10.4716091445
10.301093338
10.2679159396
10.1281970556
10.2826611792
9.8999449374
9.840935393
9.9930203306
10.08766026
9.610125759
9.3968882916
9.7231620024
9.5085355576
9.7276070704
9.3383739729
9.1791799498
9.2947513149
9.1351181967
8.9054628604
9.408666609
9.4900580904
8.9708635684
9.079539805
8.85151924
8.650215399
8.5685213631
8.9296939008
8.9578832377
8.9886137688
8.6534824374
8.228887326
8.3744383604
7.576942549
8.4099520566
8.0415803653
7.9383913458
8.356646718
7.8661854538
8.104995486
8.043388098
7.9002698112
8.048531952
7.7780532492
7.7188872852
7.6589443944
7.739800068
7.5379231044
7.6152473628
7.5361705587
7.4361325304
7.1995719699
7.3136425472
7.1198110988
7.0047295692
7.0551527436
7.4796252758
7.0478820321
6.802062112
6.6338834935
6.8108398644
6.713357365
6.7041522018
6.8193258992
6.3580162345
6.4025001056
6.4451806364
6.3324315288
6.273086274
6.115053402
5.889934947
5.8494855536
6.0650471805
5.82982751393
5.97472676782
5.5559644786
5.88594720546
5.68514168296
5.62556437764
5.6418210782
5.7577367048
5.57781297969
5.0543378157
5.59946574498
5.31037834704
5.33377800753
5.18949451332
5.04817124412
4.9620927804
4.92836959683
4.92253196904
4.902787043
4.80186314261
4.97119613553
4.85902554264
4.74643894912
4.34328879331
4.5739559629
4.46829727032
4.46516330139
4.34547709596
4.28563580328
4.51925682322
4.15653274146
4.16946913446
4.14310370463
3.93311948598
3.9758946282
4.091998974
3.86641087497
3.7637214534
3.59614811535
3.67082008029
3.58306239105
3.5982552852
3.627653222
3.40887170712
3.29705159292
3.38562989184
3.20191853904
3.37628105685
3.1485313096
3.13358962992
3.0405135681
2.94902104581
2.88792729855
2.794630891
2.864286582
2.65286365542
2.6563739744
2.64837743685
2.4194819887
2.40689100273
2.47402866022
2.39588576577
2.2515301799
2.28386906232
2.1419439222
2.17858063332
1.90817650305
1.87713283776
1.8676650026
1.80287601592
1.72817007843
1.73365602784
1.61153828475
1.55891035978
1.46396513236
1.51886288724
1.41090582424
1.30027257874
1.2644095836
1.29943146092
1.1869105968
1.09496477376
0.971226018
0.97021921427
0.9388420119
0.86064857076
0.7944674166
0.74050268394
0.66674281114
0.62432563725
0.579170461934
0.519648874025
0.438753531741
0.376458588308
0.313827030504
0.259872538674
0.192756136716
0.1346000629
0.070029791208
0.0095258167508
-0.050324176086
-0.115644884675
-0.16552309267
-0.22828975208
-0.282937118247
-0.357494152736
-0.44343713121
-0.493764911192
-0.547752299874
-0.58453151802
-0.65625289356
-0.71108524188
-0.82520025414
-0.81105175578
-0.93091194336
-1.01925301354
-1.02759172866
-1.10672747013
-1.14155558
-1.2259126989
-1.25334429012
-1.32260207816
-1.41827652275
dMdH Data
6.34848484848459E-06
5.32165605095561E-06
-6.9172932330825E-06
5.122448979592E-06
4.18892185954496E-06
-3.71345029239759E-06
3.2970297029705E-07
1.07288629737613E-06
-1.58350100603623E-06
-6.75785207700138E-07
2.38894277400586E-06
1.63869693978283E-06
9.87951807228879E-07
-6.27648839556049E-07
-3.71621621621587E-07
-6.01805416248664E-08
3.142857142857E-06
-2.11154219204656E-06
2.71106758080317E-06
6.3913470993081E-08
9.31795386158486E-07
1.79365079365082E-06
-3.17361111111113E-06
2.27695351137479E-06
-4.07584830339325E-06
3.22773279352229E-06
1.35904761904764E-06
9.84771573603505E-08
-5.04615384615386E-06
3.99438727782978E-06
-1.91589743589744E-06
5.06986027944132E-07
2.025641025641E-06
1.82329713721622E-06
-1.45148514851492E-06
-2.10224948875244E-06
2.10813397129183E-06
-2.42507345739466E-06
-8.53830645161285E-07
3.480651731161E-06
1.29187071498528E-06
1.30460333006854E-06
2.43443443443442E-06
-6.76499999999998E-06
2.90279114533204E-06
1.55102040816376E-07
2.9475247524752E-06
-2.66863905325445E-06
1.97512437810942E-06
-1.83199999999996E-06
4.85445544554454E-06
-2.49410609037325E-06
-6.74280039721979E-07
-8.76832844574743E-07
3.36815415821493E-06
-3.41323971915754E-06
4.46480231436867E-07
1.00300902707526E-09
2.40363269424826E-06
-2.92968749998266E-09
-1.34530938123753E-06
9.06425702811282E-06
-4.81434184675816E-06
3.57225994180408E-06
-6.34213197969551E-06
1.38214643931801E-06
1.63854266538829E-06
1.67208121827406E-06
-2.53709198813048E-06
2.96716417910448E-06
-3.40681362725452E-06
2.63255360623782E-06
2.7658102766799E-06
-7.73143438453698E-07
2.3138033763655E-07
1.53397129186604E-06
-3.10193679918458E-06
3.77631578947378E-06
-1.60886319845903E-07
1.25467059980339E-06
-1.00720906282183E-06
1.0502901353965E-06
-2.14741035856578E-06
1.61202715809896E-06
5.14579055441476E-06
-4.60216110019637E-06
3.62689585439829E-06
-4.1201550387597E-06
3.94211576846304E-07
4.97272727272733E-06
3.37837837837837E-07
-3.97813121272368E-06
4.58659793814434E-06
-2.21442125237194E-06
3.87386478304741E-06
-2.28115653040881E-06
3.17914979757088E-06
-1.3390476190476E-06
2.99605133267521E-06
-3.98903290129613E-06
-1.75153374233136E-06
9.59000000000029E-07
3.30635838150286E-06
-1.63326653306616E-06
1.72515212981751E-06
-1.12730806608363E-07
3.72178217821774E-06
-1.39314516129029E-06
-6.75889328063248E-07
1.94824218750003E-06
8.91542288557188E-07
-1.30807086614172E-06
-1.49850448654039E-06
4.85514485514488E-06
-2.14355468750006E-06
7.58375634517849E-07
1.43718592964816E-06
7.13736791546595E-07
-2.46246246246248E-06
6.01923076923069E-06
-4.41951219512194E-06
2.02871287128712E-06
2.04504504504505E-06
5.16008105369804E-06
-5.25118934348241E-06
1.47724974721943E-06
1.00201409869082E-06
2.35638808837655E-06
-4.33879222108494E-06
1.80229226361029E-06
2.73112719751816E-06
8.11133200795226E-07
2.68652343749997E-06
-4.39182452642078E-06
-1.83603238866397E-06
1.17412451361871E-06
4.18039215686273E-06
1.10122699386506E-06
2.73115079365071E-06
-1.24059787849567E-05
9.21010101010099E-06
-5.27916251246267E-06
5.14003944773183E-06
8.55687438180006E-06
-3.67053140096621E-06
-1.4553846153846E-06
3.50648055832505E-06
-4.52682926829271E-06
3.07577268195413E-06
2.77031093279838E-06
-1.6174974567649E-06
-4.70766319772948E-06
1.95060483870962E-06
-1.06720977596735E-06
5.05303760848601E-06
-1.12338308457707E-06
-3.50616016427106E-06
6.02823758519963E-06
-3.23818707810997E-06
5.93421052631577E-06
-8.16568047337315E-07
3.70189431704884E-06
-5.10389610389612E-06
6.50145208131647E-06
-5.57099697885207E-06
4.59898477157361E-06
4.83938814531542E-06
-2.67676767676759E-07
1.8154463390167E-07
1.13936624615083E-06
-2.46078431372549E-06
2.62216924910602E-07
-2.13705948833844E-07
6.2480916030534E-06
-2.43904866155839E-06
2.18384966988325E-06
1.08898263514126E-07
-3.07798075034369E-06
-2.07797348110087E-07
1.31635035014717E-06
3.31688055281342E-06
-3.31386716816787E-06
2.83682338996446E-06
1.66549401949942E-06
2.05651178987169E-06
-3.55329457364351E-06
7.37456008044247E-06
-1.94759206798868E-06
-4.09985597695638E-06
3.17934234415979E-06
-6.36354511693224E-07
5.56640624999997E-07
1.50748785083804E-06
3.36411353032659E-06
-7.48207419723647E-08
-2.44263723496951E-06
2.80571316767762E-06
7.29451712773391E-06
-3.98288682897018E-06
1.49244712990933E-06
8.15100009390599E-07
4.11015633088295E-07
1.16290627174236E-06
1.37808848879529E-06
3.5810113519092E-06
4.95477586720997E-06
-1.19772046749734E-05
1.12400763742337E-05
-8.60298391784542E-06
3.71478154348719E-06
-3.88545988060371E-07
5.68934911242609E-06
-4.04643607873113E-06
9.61778870785938E-06
2.23997588182091E-06
3.09496347558627E-07
-6.43351037178071E-06
-2.3756294058409E-06
4.91397641600618E-06
5.41884816753926E-06
3.76214574898786E-06
1.74915523752733E-06
-2.47070033349213E-06
-2.81460897181421E-06
2.03063983178132E-06
-1.71045957187786E-06
6.75454992621739E-06
5.22119591638327E-07
3.8174273858921E-06
-4.32465419039869E-06
8.11134334030019E-06
1.35411343893713E-06
-6.39745374975133E-06
-1.81872391174718E-06
-8.53908461012986E-07
4.2752606255012E-06
2.56953509388495E-06
-3.93455395403224E-07
6.02617489589532E-06
5.37364462244799E-06
-5.16556291390724E-06
-1.8039333133673E-06
3.50780798149223E-06
2.18671237019861E-06
6.22690763052207E-06
-1.32566823899372E-06
4.52390398730413E-06
-7.69230769230773E-07
5.28069466882041E-07
-7.11402623612487E-07
9.02832031250002E-06
-1.30654408857256E-05
2.87491151784811E-06
1.51187671770711E-05
-8.29525310222575E-06
-9.68894705053352E-06
1.36578285271918E-05
-4.95222606220776E-06
9.84805795934794E-06
-4.72824668104158E-07
-1.03581361602644E-05
3.7911746426352E-06
1.42688881059043E-05
-5.10757069513489E-06
1.07010643220731E-06
3.80860856810482E-06
-1.10091190898968E-05
5.97887803770156E-06
1.88821752265854E-07
1.35590285816675E-06
1.61175955065132E-05
5.2911073655139E-06
-6.20460313293078E-06
2.27852406053392E-06
3.12670712448227E-06
-7.37213475813687E-07
-5.04003363207275E-06
5.482583672569E-06
7.20090833034541E-06
1.15674603174605E-06
1.25348466746319E-06
-1.95789059425455E-07
4.35446365382671E-06
5.29122468659595E-06
-8.80799287763377E-06
-6.47506426735218E-06
9.1071953010279E-06
1.04650004978592E-06
9.27373218268203E-06
-1.22172859450724E-06
8.23421774931342E-08
5.57624028404185E-06
5.57624028404185E-06
dMdT Data
0
0
0
0
0
0
0
0
0
0
0
0
0
0
0
0
0
0
0
0
0
0
0
0
0
0
0
0
0
0
0
0
0
0
0
0
0
0
0
0
0
0
0
0
0
0
0
0
0
0
0
0
0
0
0
0
0
0
0
0
0
0
0
0
0
0
0
0
0
0
0
0
0
0
0
0
0
0
0
0
0
0
0
0
0
0
0
0
0
0
0
0
0
0
0
0
0
0
0
0
0
0
0
0
0
0
0
0
0
0
0
0
0
0
0
0
0
0
0
0
0
0
0
0
0
0
0
0
0
0
0
0
0
0
0
0
0
0
0
0
0
0
0
0
0
0
0
0
0
0
0
0
0
0
0
0
0
0
0
0
0
0
0
0
0
0
0
0
0
0
0
0
0
0
0
0
0
0
0
0
0
0
0
0
0
0
0
0
0
0
0
0
0
0
0
0
0
0
0
0
0
0
0
0
0
0
0
0
0
0
0
0
0
0
0
0
0
0
0
0
0
0
0
0
0
0
0
0
0
0
0
0
0
0
0
0
0
0
0
0
0
0
0
0
0
0
0
0
0
0
0
0
0
0
0
0
0
0
0
0
0
0
0
0
0
0
0
0
0
0
0
0
0
0
0
0
0
0
0
0
0
0
0
0
0
0
0
0
0
0
0
0
0
 
*********************************************** Results ***************************************
 
TotalArea 0
AreaFirstQuad 0
AreaSecondQuad 0
AreaThirdQuad 0
AreaFourthQuad 0
Coercivity 0
PositiveCoercivity 0
NegativeCoercivity 0
Retentivity 7.73871157805708E-03
PositiveRetentivity 1.22344759090902E-02
NegativeRetentivity -3.24294724702396E-03
Magnetization 0.00496795
PositiveMagnetization -0.00274606
NegativeMagnetization -0.00496795
Flatness 1.41905518952525
Squareness 1.55772734791153
SStar 0
SFD1 0
SFD2 0
Slope 0
Intercept 0
SlopeAtHc 5.57624028404185E-06
dH1 609.49279731717
dH2 412.89
InitialSlope 6.34848484848459E-06
FieldAtHalfMs 229.975
FieldAtMs 229.975
MomentMean -4.1832038225256E-03
MomentRMS 5.82933759473551E-04
SFD3 0
dH3 1218.98559463434
UserField1 0
UserField2 0
CenterField 0
ExchangeField 0
ExchangeMoment 0
ExRegionOneIntercept 0
ExRegionOneSlope 0
ExRegionTwoIntercept 0
ExRegionTwoSlope 0
NegativeIntercept 0
NegativeSlope 0
AutoCenterOffset 0
PinningField 0
PinningMoment 0
PinRegionOneIntercept 0
PinRegionOneSlope 0
PinRegionTwoIntercept 0
PinRegionTwoSlope 0
PositiveIntercept 0
PositiveSlope 0
TotalOffset 0
BHMax 0
BCoercivity 0
BRetentivity 0
BNegativeCoercivity 0
BPositiveCoercivity 0
BNegativeRetentivity 0
BPositiveRetentivity 0
MomentYMean -5.95585354948806E-03
MomentYRMS 1.90085931806958E-04
YOffCorrection 0
Mrt 0
Ms1 0
Ms2 0
Ms3 0
Hc2 0
Hex2 0
HsatValue 0
HsatIntercept 0
HsatSlope 0
CenterH 0
Span .00222189
SpanAsPercentOfRange -41.9224528301887
RMSAsPercentOfRange -10.9987501787463
SpanAsPercentOfMean -53.1145527271616
RMSAsPercentOfMean -13.935102954692
