Version 1.25
******************************************** Units *******************************************
System CGS
TemperatureUnit K
MomentUnit emu
AppliedFieldUnit G
 
******************************************** Setup ********************************************
 
Experiment CustomField
Minor False
Acquisition Continuous
EditedPoint No
MaxField 15000
FieldIncrement 100
Points 293
MinField 0
RampRate 10
AverageTime 0.3
TimeInterval 0
TimeConstant 0.1
TimeConstantIndex 0
Sensitivity -0.0053
SensitivityIndex 5
SensitivityY -400
SensitivityIndexY 0
SaturationField 8000
ExperimentTime 100
Use735Domains True
AutoRangeEnabled False
NumberOfVertices 2
VertexPts
0
292
VertexField
-1700.0835
1251.6291
StartAngle 0
EndAngle 0
AngleIncrement 0
StartTemp 0
FinishTemp 0
TempIncrement 0
TempPoints 0
LengthofSetPointsArray 293
SetPointArray
-1700.08354
-1689.97494
-1679.86633
-1669.75773
-1659.64912
-1649.54052
-1639.43191
-1629.32331
-1619.2147
-1609.1061
-1598.99749
-1588.88889
-1578.78028
-1568.67168
-1558.56307
-1548.45447
-1538.34586
-1528.23726
-1518.12865
-1508.02005
-1497.91145
-1487.80284
-1477.69424
-1467.58563
-1457.47703
-1447.36842
-1437.25982
-1427.15121
-1417.04261
-1406.934
-1396.8254
-1386.71679
-1376.60819
-1366.49958
-1356.39098
-1346.28237
-1336.17377
-1326.06516
-1315.95656
-1305.84795
-1295.73935
-1285.63074
-1275.52214
-1265.41353
-1255.30493
-1245.19632
-1235.08772
-1224.97911
-1214.87051
-1204.7619
-1194.6533
-1184.5447
-1174.43609
-1164.32749
-1154.21888
-1144.11028
-1134.00167
-1123.89307
-1113.78446
-1103.67586
-1093.56725
-1083.45865
-1073.35004
-1063.24144
-1053.13283
-1043.02423
-1032.91562
-1022.80702
-1012.69841
-1002.58981
-992.4812
-982.3726
-972.26399
-962.15539
-952.04678
-941.93818
-931.82957
-921.72097
-911.61236
-901.50376
-891.39515
-881.28655
-871.17794
-861.06934
-850.96074
-840.85213
-830.74353
-820.63492
-810.52632
-800.41771
-790.30911
-780.2005
-770.0919
-759.98329
-749.87469
-739.76608
-729.65748
-719.54887
-709.44027
-699.33166
-689.22306
-679.11445
-669.00585
-658.89724
-648.78864
-638.68003
-628.57143
-618.46282
-608.35422
-598.24561
-588.13701
-578.0284
-567.9198
-557.81119
-547.70259
-537.59398
-527.48538
-517.37678
-507.26817
-497.15957
-487.05096
-476.94236
-466.83375
-456.72515
-446.61654
-436.50794
-426.39933
-416.29073
-406.18212
-396.07352
-385.96491
-375.85631
-365.7477
-355.6391
-345.53049
-335.42189
-325.31328
-315.20468
-305.09607
-294.98747
-284.87886
-274.77026
-264.66165
-254.55305
-244.44444
-234.33584
-224.22723
-214.11863
-204.01003
-193.90142
-183.79282
-173.68421
-163.57561
-153.467
-143.3584
-133.24979
-123.14119
-113.03258
-102.92398
-92.81537
-82.70677
-72.59816
-62.48956
-52.38095
-42.27235
-32.16374
-22.05514
-11.94653
-1.83793
8.27068
18.37928
28.48789
38.59649
48.7051
58.8137
68.92231
79.03091
89.13952
99.24812
109.35673
119.46533
129.57393
139.68254
149.79114
159.89975
170.00835
180.11696
190.22556
200.33417
210.44277
220.55138
230.65998
240.76859
250.87719
260.9858
271.0944
281.20301
291.31161
301.42022
311.52882
321.63743
331.74603
341.85464
351.96324
362.07185
372.18045
382.28906
392.39766
402.50627
412.61487
422.72348
432.83208
442.94069
453.04929
463.15789
473.2665
483.3751
493.48371
503.59231
513.70092
523.80952
533.91813
544.02673
554.13534
564.24394
574.35255
584.46115
594.56976
604.67836
614.78697
624.89557
635.00418
645.11278
655.22139
665.32999
675.4386
685.5472
695.65581
705.76441
715.87302
725.98162
736.09023
746.19883
756.30744
766.41604
776.52464
786.63325
796.74185
806.85046
816.95906
827.06767
837.17627
847.28488
857.39348
867.50209
877.61069
887.7193
897.8279
907.93651
918.04511
928.15372
938.26232
948.37093
958.47953
968.58814
978.69674
988.80535
998.91395
1009.02256
1019.13116
1029.23977
1039.34837
1049.45698
1059.56558
1069.67419
1079.78279
1089.8914
1100
1110.1086
1120.21721
1130.32581
1140.43442
1150.54302
1160.65163
1170.76023
1180.86884
1190.97744
1201.08605
1211.19465
1221.30326
1231.41186
1241.52047
1251.62907
FieldDomainFile C:\IDEASVSM\Default UserID\Experiments\FORCexp0278B\fdomain.ini
TempDomainFile C:\IDEASVSM\Default UserID\Experiments\FORCexp0278B\tdomain.ini
NumSelectedResults 0
ResultsSelected 
UserName1 
UserValue1 
UserName2 
UserValue2 
LinearBackgroundCorrection Off
MaxLinearFieldCorrection 
MinLinearFieldCorrection 
AutoLinearCorrection Off
FitOneRegion Off
BackgroundMode Off
BackgroundFilename 
AutoCenter Off
OffsetCorrection 
SmoothDeriv Off
DerivOrder 0
DerivPoints 0
MinExFieldOne 
MaxExFieldOne 
MinExFieldTwo 
MaxExFieldTwo 
MinPinFieldOne 
MaxPinFieldOne 
MinPinFieldTwo 
MaxPinFieldTwo 
HCenterStart 
Mass 
Volume 
Density 
MolarWeight 
NumberOfMoles 
Demagnetization 
SampleArea 
Thickness 
MomentScaling 0
XAxis 0
YAxis 0
SimpleSpinValve False
HsatMax 0
HsatMin 0
FieldAutoRange False
 
*************************************************** Experiment Data ********************************************
 
DataPoints 293
MomentX Data
-0.00445365
-0.00446179
-0.00441504
-0.00444778
-0.004438
-0.00439246
-0.00441172
-0.00437525
-0.0044025
-0.00439993
-0.00440036
-0.0044474
-0.00440052
-0.00435976
-0.00437696
-0.00439006
-0.00436183
-0.00433848
-0.00436079
-0.00434962
-0.00439111
-0.00433153
-0.00436636
-0.00433069
-0.00434378
-0.00433004
-0.00430422
-0.00431673
-0.00433642
-0.00432276
-0.00432029
-0.004277
-0.0043171
-0.00428322
-0.00428573
-0.00428768
-0.00425031
-0.00424311
-0.00423448
-0.00422305
-0.00423246
-0.00424732
-0.00421412
-0.00423528
-0.00425485
-0.00422616
-0.00421001
-0.00419112
-0.00415157
-0.00416815
-0.00416374
-0.00417447
-0.00413
-0.00410565
-0.0041141
-0.0041127
-0.00408856
-0.00411929
-0.00416196
-0.00413378
-0.00409706
-0.00409148
-0.00409046
-0.00410611
-0.00407025
-0.00408051
-0.00410374
-0.00408832
-0.00409082
-0.00407612
-0.00405763
-0.0039832
-0.00400432
-0.00401927
-0.00404009
-0.00399709
-0.00399854
-0.00399993
-0.00399286
-0.00399928
-0.00398914
-0.0039946
-0.00396492
-0.00390269
-0.00391869
-0.00393073
-0.00392748
-0.00389587
-0.0039204
-0.00391371
-0.00385785
-0.00388365
-0.00389188
-0.00387924
-0.00383353
-0.00382035
-0.00379331
-0.00385109
-0.003864
-0.00382829
-0.00376461
-0.00378166
-0.00375133
-0.00377512
-0.00376389
-0.00375478
-0.00371097
-0.00371685
-0.00372199
-0.00372641
-0.00369616
-0.0036525
-0.0036693
-0.00369314
-0.00366225
-0.00365196
-0.00365999
-0.00365712
-0.00366484
-0.00364268
-0.00363464
-0.00360139
-0.00359983
-0.00355904
-0.00359269
-0.00353738
-0.00358435
-0.00358233
-0.00354341
-0.0035131
-0.00350857
-0.0034652
-0.00349085
-0.0034668
-0.00349491
-0.00346611
-0.00346261
-0.00342007
-0.0034262
-0.00338101
-0.00339709
-0.00338825
-0.00333986
-0.00335836
-0.00336368
-0.00332895
-0.00335302
-0.0033424
-0.00330417
-0.00327727
-0.0032663
-0.00326692
-0.00320764
-0.0032021
-0.0032647
-0.00324454
-0.00319348
-0.00319997
-0.00318851
-0.00316743
-0.00311528
-0.00317522
-0.00312406
-0.00311391
-0.00305456
-0.00305561
-0.00304208
-0.00301649
-0.00293927
-0.00293894
-0.00298827
-0.00299179
-0.0030194
-0.00301578
-0.0030441
-0.00289316
-0.00285249
-0.0028716
-0.00285506
-0.00287534
-0.00287008
-0.00280026
-0.00277245
-0.00280599
-0.00279924
-0.00273961
-0.00271931
-0.00269562
-0.00268503
-0.00270743
-0.00267428
-0.00262692
-0.00259635
-0.00262604
-0.0025879
-0.00260248
-0.00258638
-0.00251506
-0.00250896
-0.00240333
-0.00246886
-0.00240402
-0.0023482
-0.00237458
-0.00234128
-0.00228065
-0.00224234
-0.00225787
-0.00221476
-0.00214031
-0.00217318
-0.00214566
-0.00212584
-0.00202737
-0.00205701
-0.00203297
-0.00185103
-0.0019096
-0.0019088
-0.0018354
-0.00188612
-0.00175364
-0.00180593
-0.0017825
-0.00162748
-0.00159742
-0.00166865
-0.00157719
-0.00143675
-0.00138901
-0.00134319
-0.00130505
-0.00121526
-0.00111594
-0.00107295
-0.000991806
-0.000821009
-0.000856874
-0.000743798
-0.000735986
-0.000647525
-0.000515082
-0.000365308
-0.000240854
-0.000106007
-0.0000535359
0.00000895413
0.000085859
0.000227596
0.000345591
0.000428115
0.000553521
0.000603902
0.000740376
0.000829951
0.00101541
0.0010968
0.00127203
0.00133115
0.00142742
0.00154587
0.00167726
0.00178417
0.0018334
0.00192693
0.00201403
0.00213467
0.00225263
0.00233533
0.00244277
0.00253708
0.00257141
0.00258517
0.00268324
0.00276159
0.00292446
0.00299801
0.00293274
0.00305271
0.0031069
0.00321484
0.00317256
0.00321238
0.00325978
0.00334277
0.00331922
0.00347409
0.00351677
0.00354075
0.00369932
0.00365833
0.00368766
0.0036379
MomentY Data
-0.00591278
-0.00524521
-0.00594457
-0.00594457
-0.00562668
-0.0061353
-0.00572205
-0.00572205
-0.00569026
-0.00607173
-0.00629425
-0.00597636
-0.00567436
-0.0061353
-0.00562668
-0.00569026
-0.00596046
-0.00607173
-0.00623067
-0.00562668
-0.00572205
-0.0055631
-0.00600815
-0.00607173
-0.00588099
-0.00583331
-0.00581741
-0.00588099
-0.00610352
-0.0061353
-0.00626246
-0.00603994
-0.00610352
-0.00603994
-0.00619888
-0.00611941
-0.00632604
-0.00635783
-0.00576973
-0.00588099
-0.00572205
-0.00594457
-0.00619888
-0.0058651
-0.0061353
-0.00588099
-0.00610352
-0.00629425
-0.00596046
-0.00623067
-0.00616709
-0.00567436
-0.00576973
-0.00591278
-0.00578562
-0.00583331
-0.00573794
-0.00597636
-0.00602404
-0.00594457
-0.0058651
-0.00602404
-0.00591278
-0.00591278
-0.00588099
-0.00596046
-0.0055631
-0.00623067
-0.00573794
-0.00619888
-0.00603994
-0.0061353
-0.00616709
-0.00602404
-0.00607173
-0.00557899
-0.00592868
-0.00619888
-0.00581741
-0.00616709
-0.00591278
-0.00602404
-0.0061353
-0.00576973
-0.0058651
-0.00591278
-0.00581741
-0.00632604
-0.00610352
-0.00607173
-0.00642141
-0.00629425
-0.00600815
-0.00642141
-0.00607173
-0.00619888
-0.0058651
-0.00588099
-0.00623067
-0.00588099
-0.00607173
-0.00623067
-0.00629425
-0.0061353
-0.00597636
-0.00596046
-0.00629425
-0.00607173
-0.00623067
-0.00594457
-0.0058651
-0.0061353
-0.00578562
-0.0061353
-0.00591278
-0.00602404
-0.00581741
-0.00610352
-0.00616709
-0.00581741
-0.00603994
-0.00618299
-0.00591278
-0.00581741
-0.00592868
-0.00594457
-0.00575384
-0.00597636
-0.00588099
-0.00599225
-0.00600815
-0.00588099
-0.00594457
-0.00597636
-0.00576973
-0.00591278
-0.00610352
-0.00632604
-0.00592868
-0.00591278
-0.00603994
-0.00597636
-0.00597636
-0.00592868
-0.00607173
-0.00600815
-0.00600815
-0.00576973
-0.00632604
-0.00616709
-0.00602404
-0.00616709
-0.00619888
-0.00605583
-0.00589689
-0.0061353
-0.0061353
-0.00591278
-0.00635783
-0.00603994
-0.00629425
-0.0058492
-0.00623067
-0.00651677
-0.00603994
-0.00602404
-0.00618299
-0.00561078
-0.00616709
-0.00610352
-0.0058651
-0.00602404
-0.00599225
-0.00600815
-0.00570615
-0.00648499
-0.00626246
-0.00607173
-0.00610352
-0.00603994
-0.00610352
-0.0064532
-0.0061353
-0.00591278
-0.00623067
-0.00619888
-0.00607173
-0.00642141
-0.00592868
-0.00600815
-0.00588099
-0.00651677
-0.00608762
-0.00607173
-0.0061353
-0.00626246
-0.00599225
-0.00629425
-0.00576973
-0.00597636
-0.00638962
-0.00603994
-0.00610352
-0.00597636
-0.00623067
-0.0061353
-0.00607173
-0.00623067
-0.0061353
-0.00603994
-0.00616709
-0.00619888
-0.0061353
-0.00632604
-0.00635783
-0.00597636
-0.00626246
-0.00629425
-0.00654856
-0.00642141
-0.00600815
-0.00610352
-0.00635783
-0.00591278
-0.00626246
-0.00632604
-0.00623067
-0.00600815
-0.00603994
-0.00619888
-0.0064532
-0.00635783
-0.00616709
-0.00597636
-0.00631015
-0.00632604
-0.00629425
-0.00686646
-0.00626246
-0.0064532
-0.00658035
-0.00638962
-0.00651677
-0.00664393
-0.00638962
-0.00661214
-0.00623067
-0.00661214
-0.00629425
-0.00642141
-0.00635783
-0.00642141
-0.00591278
-0.00680288
-0.00624657
-0.00642141
-0.00642141
-0.00658035
-0.00658035
-0.00648499
-0.00623067
-0.00616709
-0.0064532
-0.00670751
-0.00619888
-0.00607173
-0.00629425
-0.00661214
-0.00658035
-0.00632604
-0.00664393
-0.00632604
-0.00654856
-0.00642141
-0.00670751
-0.00661214
-0.00685056
-0.0067393
-0.00677109
-0.00658035
-0.00670751
-0.00694593
-0.00670751
-0.00667572
-0.00683467
-0.00683467
-0.00689824
-0.00688235
-0.00680288
-0.00686646
-0.00694593
-0.00694593
-0.00683467
Field Data
-1699.36
-1693.08
-1683.28
-1673.6
-1663.23
-1652.85
-1643.22
-1632.66
-1622.58
-1612.67
-1602.66
-1592.7
-1582.22
-1572.3
-1562.37
-1552.01
-1542.07
-1532.08
-1521.77
-1511.7
-1501.49
-1491.92
-1481.33
-1471.43
-1461.31
-1451.38
-1441.36
-1430.94
-1420.95
-1411.16
-1400.82
-1390.6
-1380.78
-1370.78
-1360.37
-1350.48
-1340.21
-1330.28
-1320.25
-1309.9
-1300.14
-1290.21
-1279.83
-1269.77
-1259.87
-1249.79
-1239.38
-1229.55
-1219.51
-1209.25
-1199.26
-1189.05
-1179.19
-1168.93
-1158.78
-1148.82
-1138.9
-1128.65
-1118.57
-1108.64
-1098.55
-1088.09
-1078.32
-1068.31
-1057.99
-1048.05
-1037.73
-1027.89
-1017.98
-1007.7
-997.675
-987.741
-977.421
-967.352
-957.459
-947.373
-936.957
-927.125
-917.266
-907.07
-896.747
-886.713
-876.682
-866.73
-856.558
-846.475
-836.437
-826.41
-816.149
-806.179
-796.217
-785.953
-775.901
-766.045
-755.688
-745.636
-735.637
-725.803
-715.354
-705.513
-695.119
-685.326
-675.309
-664.956
-655.022
-645.143
-634.856
-624.627
-614.796
-604.876
-594.31
-584.314
-574.305
-564.35
-554.478
-544.084
-534.04
-524.254
-513.908
-503.854
-493.94
-483.844
-473.49
-463.602
-453.742
-443.23
-433.357
-423.123
-413.071
-403.194
-392.932
-382.966
-372.996
-362.766
-352.618
-342.711
-332.673
-322.247
-312.453
-302.525
-292.137
-282.168
-271.83
-261.909
-252.224
-241.67
-231.785
-221.927
-211.783
-201.365
-191.393
-181.534
-171.341
-161.356
-151
-141.128
-131.194
-120.617
-110.937
-100.92
-90.8181
-80.5443
-70.6725
-60.7733
-50.2529
-40.3537
-30.4545
-20.2346
-10.2818
0.12318
10.1872
20.2508
30.4216
40.2615
50.3759
60.2741
70.7626
80.5045
90.514
100.671
110.789
120.74
130.813
141.229
151.11
160.943
171.387
181.211
191.655
201.488
211.335
221.847
231.673
241.68
251.899
261.974
271.917
281.867
292.448
302.41
312.03
322.615
332.408
342.707
352.596
362.586
372.688
382.969
392.775
402.961
413.002
423.041
433.069
443.386
453.307
463.26
473.59
483.646
493.884
503.555
513.785
524.066
534.094
543.941
554.013
564.401
574.202
584.288
594.631
604.406
614.457
624.703
634.729
644.869
654.708
665.056
675.245
685.147
695.07
705.099
715.614
725.372
735.248
745.566
755.656
765.644
775.603
785.985
795.846
806.11
815.947
826.048
836.338
846.273
856.167
866.655
876.451
886.453
896.686
906.734
916.755
926.738
937.149
947.215
956.835
967.379
977.261
987.566
997.426
1007.33
1017.79
1027.67
1037.55
1047.73
1057.96
1067.94
1077.83
1088.26
1098.13
1108.22
1118.35
1128.44
1138.75
1148.52
1158.42
1168.74
1178.82
1188.8
1198.68
1209.15
1219.09
1228.93
1239.31
Time Data
0
0.3
0.6
0.9
1.2
1.5
1.8
2.1
2.4
2.7
3
3.3
3.6
3.9
4.2
4.5
4.8
5.1
5.4
5.7
6
6.3
6.6
6.9
7.2
7.5
7.8
8.1
8.4
8.7
9
9.3
9.6
9.9
10.2
10.5
10.8
11.1
11.4
11.7
12
12.3
12.6
12.9
13.2
13.5
13.8
14.1
14.4
14.7
15
15.3
15.6
15.9
16.2
16.5
16.8
17.1
17.4
17.7
18
18.3
18.6
18.9
19.2
19.5
19.8
20.1
20.4
20.7
21
21.3
21.6
21.9
22.2
22.5
22.8
23.1
23.4
23.7
24
24.3
24.6
24.9
25.2
25.5
25.8
26.1
26.4
26.7
27
27.3
27.6
27.9
28.2
28.5
28.8
29.1
29.4
29.7
30.0000000000001
30.3000000000001
30.6000000000001
30.9000000000001
31.2000000000001
31.5000000000001
31.8000000000001
32.1000000000001
32.4
32.7
33
33.3
33.6
33.9
34.2
34.5
34.8
35.1
35.4
35.7
36
36.3
36.6
36.9
37.2
37.5
37.8
38.1
38.4
38.7
39
39.3
39.6
39.9
40.2
40.5
40.8
41.1
41.4
41.7
42
42.3
42.6
42.8999999999999
43.1999999999999
43.4999999999999
43.7999999999999
44.0999999999999
44.3999999999999
44.6999999999999
44.9999999999999
45.2999999999999
45.5999999999999
45.8999999999999
46.1999999999999
46.4999999999999
46.7999999999999
47.0999999999999
47.3999999999999
47.6999999999999
47.9999999999999
48.2999999999999
48.5999999999999
48.8999999999999
49.1999999999999
49.4999999999999
49.7999999999999
50.0999999999999
50.3999999999999
50.6999999999999
50.9999999999999
51.2999999999999
51.5999999999999
51.8999999999999
52.1999999999999
52.4999999999999
52.7999999999999
53.0999999999999
53.3999999999998
53.6999999999998
53.9999999999998
54.2999999999998
54.5999999999998
54.8999999999998
55.1999999999998
55.4999999999998
55.7999999999998
56.0999999999998
56.3999999999998
56.6999999999998
56.9999999999998
57.2999999999998
57.5999999999998
57.8999999999998
58.1999999999998
58.4999999999998
58.7999999999998
59.0999999999998
59.3999999999998
59.6999999999998
59.9999999999998
60.2999999999998
60.5999999999998
60.8999999999998
61.1999999999998
61.4999999999998
61.7999999999998
62.0999999999998
62.3999999999998
62.6999999999998
62.9999999999998
63.2999999999998
63.5999999999998
63.8999999999998
64.1999999999997
64.4999999999997
64.7999999999997
65.0999999999997
65.3999999999997
65.6999999999997
65.9999999999997
66.2999999999997
66.5999999999997
66.8999999999997
67.1999999999997
67.4999999999997
67.7999999999997
68.0999999999997
68.3999999999997
68.6999999999997
68.9999999999997
69.2999999999997
69.5999999999997
69.8999999999997
70.1999999999997
70.4999999999997
70.7999999999997
71.0999999999997
71.3999999999997
71.6999999999997
71.9999999999997
72.2999999999997
72.5999999999997
72.8999999999997
73.1999999999997
73.4999999999997
73.7999999999997
74.0999999999997
74.3999999999997
74.6999999999996
74.9999999999996
75.2999999999996
75.5999999999996
75.8999999999996
76.1999999999996
76.4999999999996
76.7999999999996
77.0999999999996
77.3999999999996
77.6999999999996
77.9999999999996
78.2999999999996
78.5999999999996
78.8999999999996
79.1999999999996
79.4999999999996
79.7999999999996
80.0999999999996
80.3999999999996
80.6999999999996
80.9999999999996
81.2999999999996
81.5999999999996
81.8999999999996
82.1999999999996
82.4999999999996
82.7999999999996
83.0999999999996
83.3999999999996
83.6999999999996
83.9999999999996
84.2999999999996
84.5999999999996
84.8999999999996
85.1999999999995
85.4999999999995
85.7999999999995
86.0999999999995
86.3999999999995
86.6999999999995
86.9999999999995
87.2999999999995
87.5999999999995
Temperature Data
0
0
0
0
0
0
0
0
0
0
0
0
0
0
0
0
0
0
0
0
0
0
0
0
0
0
0
0
0
0
0
0
0
0
0
0
0
0
0
0
0
0
0
0
0
0
0
0
0
0
0
0
0
0
0
0
0
0
0
0
0
0
0
0
0
0
0
0
0
0
0
0
0
0
0
0
0
0
0
0
0
0
0
0
0
0
0
0
0
0
0
0
0
0
0
0
0
0
0
0
0
0
0
0
0
0
0
0
0
0
0
0
0
0
0
0
0
0
0
0
0
0
0
0
0
0
0
0
0
0
0
0
0
0
0
0
0
0
0
0
0
0
0
0
0
0
0
0
0
0
0
0
0
0
0
0
0
0
0
0
0
0
0
0
0
0
0
0
0
0
0
0
0
0
0
0
0
0
0
0
0
0
0
0
0
0
0
0
0
0
0
0
0
0
0
0
0
0
0
0
0
0
0
0
0
0
0
0
0
0
0
0
0
0
0
0
0
0
0
0
0
0
0
0
0
0
0
0
0
0
0
0
0
0
0
0
0
0
0
0
0
0
0
0
0
0
0
0
0
0
0
0
0
0
0
0
0
0
0
0
0
0
0
0
0
0
0
0
0
0
0
0
0
0
0
0
0
0
0
0
0
0
0
0
0
0
0
0
0
0
0
0
0
Angle Data
0
0
0
0
0
0
0
0
0
0
0
0
0
0
0
0
0
0
0
0
0
0
0
0
0
0
0
0
0
0
0
0
0
0
0
0
0
0
0
0
0
0
0
0
0
0
0
0
0
0
0
0
0
0
0
0
0
0
0
0
0
0
0
0
0
0
0
0
0
0
0
0
0
0
0
0
0
0
0
0
0
0
0
0
0
0
0
0
0
0
0
0
0
0
0
0
0
0
0
0
0
0
0
0
0
0
0
0
0
0
0
0
0
0
0
0
0
0
0
0
0
0
0
0
0
0
0
0
0
0
0
0
0
0
0
0
0
0
0
0
0
0
0
0
0
0
0
0
0
0
0
0
0
0
0
0
0
0
0
0
0
0
0
0
0
0
0
0
0
0
0
0
0
0
0
0
0
0
0
0
0
0
0
0
0
0
0
0
0
0
0
0
0
0
0
0
0
0
0
0
0
0
0
0
0
0
0
0
0
0
0
0
0
0
0
0
0
0
0
0
0
0
0
0
0
0
0
0
0
0
0
0
0
0
0
0
0
0
0
0
0
0
0
0
0
0
0
0
0
0
0
0
0
0
0
0
0
0
0
0
0
0
0
0
0
0
0
0
0
0
0
0
0
0
0
0
0
0
0
0
0
0
0
0
0
0
0
0
0
0
0
0
0
Bx Data
0
0
0
0
0
0
0
0
0
0
0
0
0
0
0
0
0
0
0
0
0
0
0
0
0
0
0
0
0
0
0
0
0
0
0
0
0
0
0
0
0
0
0
0
0
0
0
0
0
0
0
0
0
0
0
0
0
0
0
0
0
0
0
0
0
0
0
0
0
0
0
0
0
0
0
0
0
0
0
0
0
0
0
0
0
0
0
0
0
0
0
0
0
0
0
0
0
0
0
0
0
0
0
0
0
0
0
0
0
0
0
0
0
0
0
0
0
0
0
0
0
0
0
0
0
0
0
0
0
0
0
0
0
0
0
0
0
0
0
0
0
0
0
0
0
0
0
0
0
0
0
0
0
0
0
0
0
0
0
0
0
0
0
0
0
0
0
0
0
0
0
0
0
0
0
0
0
0
0
0
0
0
0
0
0
0
0
0
0
0
0
0
0
0
0
0
0
0
0
0
0
0
0
0
0
0
0
0
0
0
0
0
0
0
0
0
0
0
0
0
0
0
0
0
0
0
0
0
0
0
0
0
0
0
0
0
0
0
0
0
0
0
0
0
0
0
0
0
0
0
0
0
0
0
0
0
0
0
0
0
0
0
0
0
0
0
0
0
0
0
0
0
0
0
0
0
0
0
0
0
0
0
0
0
0
0
0
0
0
0
0
0
0
Hint Data
0
0
0
0
0
0
0
0
0
0
0
0
0
0
0
0
0
0
0
0
0
0
0
0
0
0
0
0
0
0
0
0
0
0
0
0
0
0
0
0
0
0
0
0
0
0
0
0
0
0
0
0
0
0
0
0
0
0
0
0
0
0
0
0
0
0
0
0
0
0
0
0
0
0
0
0
0
0
0
0
0
0
0
0
0
0
0
0
0
0
0
0
0
0
0
0
0
0
0
0
0
0
0
0
0
0
0
0
0
0
0
0
0
0
0
0
0
0
0
0
0
0
0
0
0
0
0
0
0
0
0
0
0
0
0
0
0
0
0
0
0
0
0
0
0
0
0
0
0
0
0
0
0
0
0
0
0
0
0
0
0
0
0
0
0
0
0
0
0
0
0
0
0
0
0
0
0
0
0
0
0
0
0
0
0
0
0
0
0
0
0
0
0
0
0
0
0
0
0
0
0
0
0
0
0
0
0
0
0
0
0
0
0
0
0
0
0
0
0
0
0
0
0
0
0
0
0
0
0
0
0
0
0
0
0
0
0
0
0
0
0
0
0
0
0
0
0
0
0
0
0
0
0
0
0
0
0
0
0
0
0
0
0
0
0
0
0
0
0
0
0
0
0
0
0
0
0
0
0
0
0
0
0
0
0
0
0
0
0
0
0
0
0
Torque Data
10.0479418208
8.8805601468
10.0063757896
9.948832352
9.3584629764
10.140730605
9.402587001
9.342162153
9.2329020708
9.7916968191
10.087542705
9.518548572
8.9780858792
9.64653219
8.7909560316
8.8313404226
9.1914465522
9.3023760984
9.4816466859
8.505852156
8.5916008545
8.299700152
8.9000528395
8.9341256739
8.5939494969
8.4663494678
8.3849820776
8.4153438306
8.672796744
8.657889948
8.7725792172
8.399140564
8.4276183456
8.2794289532
8.4327703856
8.2641408168
8.4782220684
8.4576940924
7.6174860325
7.703508801
7.439466087
7.6697436597
7.9335125904
7.447328027
7.729680411
7.3500024921
7.5645806176
7.7390950875
7.2688405746
7.5344376975
7.3959443534
6.747097758
6.8036079187
6.9116259254
6.7042607436
6.7014231942
6.534939866
6.745218714
6.7383104228
6.5903880848
6.443105605
6.5546976836
6.3758689296
6.3166820018
6.2220286101
6.246860103
5.772995763
6.4044433863
5.8411081612
6.246611376
6.0258971395
6.0600873573
6.02784327489
5.82736714208
5.81343253407
5.28538449327
5.55491822676
5.74713662
5.33611240106
5.5939823263
5.30226772666
5.34159458052
5.3787070746
5.0007980829
5.0237983258
5.0050204505
4.86589696817
5.2279027164
4.98138174448
4.89490121967
5.11283580597
4.94698467025
4.66172959315
4.91908902345
4.58833350024
4.62210808768
4.3145845687
4.26844018497
4.45713470718
4.14911489787
4.22057488587
4.27004014842
4.25056367325
4.0797045468
3.91464727992
3.84534904578
3.995942378
3.79256649471
3.83059099332
3.59572772332
3.485687581
3.5849416842
3.3227104941
3.462456555
3.27850642884
3.27758377936
3.1067296364
3.19979477408
3.16931688772
2.93112529814
2.9833679636
2.99160261356
2.7996422022
2.69696291082
2.69009112056
2.6348117611
2.49346684088
2.52873537228
2.42926642029
2.4160392465
2.3607943958
2.25221921634
2.21730083172
2.16802021176
2.03451065314
2.02637474658
2.03047630896
2.03854741188
1.85243385204
1.7887637695
1.76448995178
1.68633754848
1.6245539388
1.55277465012
1.53143602752
1.4519896105
1.39259904775
1.28045886971
1.33974772932
1.24183607785
1.15295908772
1.11953651606
1.06212229808
0.97714450548
0.89043039
0.8658626184
0.8049145482
0.71318178526
0.70531858671
0.6095507448
0.571631825925
0.47111971956
0.440337025575
0.396045618241
0.303524500826
0.243092302948
0.188299868955
0.113531888988
0.063408785962
-0.0007518315936
-0.05974894672
-0.121991629232
-0.1822938326
-0.241897131225
-0.287452441785
-0.390876935759
-0.443147951996
-0.488801587785
-0.55245400928
-0.60804679974
-0.67620287728
-0.779159368
-0.8025769989
-0.83505600662
-0.9415165437
-0.99766634384
-1.04061558951
-1.16363012751
-1.1362611654
-1.2105701272
-1.24285902165
-1.44572587419
-1.41033718826
-1.4674157064
-1.5454759347
-1.64060169604
-1.62939464325
-1.77414136475
-1.68734599904
-1.8073110276
-1.9937531286
-1.9485752431
-2.02885887616
-2.04814040652
-2.19690931932
-2.2245738858
-2.26286091024
-2.38615345923
-2.4097924575
-2.43386026234
-2.54702050418
-2.62238039408
-2.6570082357
-2.80487757144
-2.88204884381
-2.7686085336
-2.9658384314
-3.0441888355
-3.23422900704
-3.23353311255
-3.08689734775
-3.19864731232
-3.39567885602
-3.21620346598
-3.46948425198
-3.57042330204
-3.57766317534
-3.5104899472
-3.59153556214
-3.74664026528
-3.9652139124
-3.97175547449
-3.91443086861
-3.85396929684
-4.1313056862
-4.20717085824
-4.25016084125
-4.70453446962
-4.3528480722
-4.5501448668
-4.7089905849
-4.63485143864
-4.79144210896
-4.95348831438
-4.82835469072
-5.06254531816
-4.83252634401
-5.1970428579
-5.0092536855
-5.1763628151
-5.18765231501
-5.30439288768
-4.94508259964
-5.75709366624
-5.34810709719
-5.56514708355
-5.62805121591
-5.83317099855
-5.9005077201
-5.88016092266
-5.71199787585
-5.71527665242
-6.0476099268
-6.35345408465
-5.9313053448
-5.87366409567
-6.15112504925
-6.52992465124
-6.5634121791
-6.3724098732
-6.7621255147
-6.5010815268
-6.794458428
-6.7279038993
-7.0962772796
-7.0613687916
-7.3837390848
-7.334110618
-7.4355370617
-7.292475477
-7.5013438085
-7.8380652492
-7.6381770125
-7.6671979344
-7.9174184214
-7.9879522158
-8.1317832768
-8.18173768
-8.1544761984
-8.302580109
-8.4677138037
-8.5360617549
-8.4702748777
dMdH Data
-1.29617834394909E-06
4.77040816326532E-06
-3.38223140495864E-06
9.43105110896831E-07
4.38728323699419E-06
-2.00000000000004E-06
3.45359848484853E-06
-2.70337301587301E-06
2.5933400605453E-07
-4.29570429570478E-08
-4.72289156626504E-06
4.47328244274808E-06
4.1088709677419E-06
-1.73212487411884E-06
-1.2644787644788E-06
2.84004024144874E-06
2.33733733733735E-06
-2.16391852570323E-06
1.10923535253224E-06
-4.06366307541624E-06
6.22570532915365E-06
-3.28895184135969E-06
3.60303030303033E-06
-1.29347826086958E-06
1.38368580060425E-06
2.57684630738519E-06
-1.20057581573901E-06
-1.9709709709709E-06
1.39530132788556E-06
2.38878143133466E-07
4.23581213307236E-06
-4.08350305498979E-06
0.000003388
-2.41114313160405E-07
-1.97168857431809E-07
3.6387536514119E-06
7.25075528700963E-07
8.60418743768689E-07
1.10434782608694E-06
-9.64139344262347E-07
-1.49647532729096E-06
3.19845857418106E-06
-2.10337972167E-06
-1.97676767676766E-06
2.84623015873023E-06
1.5513928914505E-06
1.92166836215669E-06
3.93924302788839E-06
-1.61598440545805E-06
4.41441441441424E-07
-1.05093046033296E-06
4.51014198782962E-06
2.37329434697858E-06
-8.32512315270941E-07
1.40562248995932E-07
2.43346774193558E-06
-2.99804878048785E-06
-4.23313492063484E-06
2.83786505538777E-06
3.6392467789891E-06
5.33460803059254E-07
1.04401228249746E-07
-1.56343656343655E-06
3.47480620155036E-06
-1.03219315895369E-06
-2.25096899224807E-06
1.56707317073167E-06
-2.52270433905134E-07
1.4299610894942E-06
1.84438902743144E-06
7.49245017112942E-06
-2.04651162790694E-06
-1.4847551891946E-06
-2.10451834630541E-06
4.26333531628E-06
-1.39208909370205E-07
-1.41375101708661E-07
7.1711126889133E-07
-6.29658689682237E-07
9.82272595175776E-07
-5.441498903727E-07
2.95882763433356E-06
6.25301446945341E-06
-1.57294534014942E-06
-1.19408906079545E-06
3.23769675234175E-07
3.15248828163952E-06
-2.39060520417114E-06
6.71013039117367E-07
5.6073077695242E-06
-2.51363990646924E-06
-8.18742538798217E-07
1.28246753246753E-06
4.41344018538188E-06
1.31118185435732E-06
2.70427042704273E-06
-5.87553386211111E-06
-1.23552493061534E-06
3.62869627070419E-06
6.12661150663844E-06
-1.7410395180231E-06
3.02785265049413E-06
-2.2978846711098E-06
1.130461042883E-06
9.22158113169358E-07
4.25877320890443E-06
-5.74836249877774E-07
-5.22835927169191E-07
-4.45564516129006E-07
2.8629566534166E-06
4.36774709883955E-06
-1.67848935957638E-06
-2.39477649422405E-06
3.12905186385735E-06
9.8999422743891E-07
-7.99482277976905E-07
2.93276108726785E-07
-7.46182099362084E-07
2.20409787149391E-06
8.10974379665117E-07
3.29338351822507E-06
1.50666409117234E-07
4.12520226537217E-06
-3.41277890466534E-06
5.26160578386604E-06
-4.75741922414666E-06
1.97381278092646E-07
3.87186629526464E-06
3.06874557051736E-06
4.41434418242057E-07
4.351796106763E-06
-2.57271815446342E-06
2.35092864125126E-06
-2.77000394166338E-06
2.90703542949429E-06
3.48675034867506E-07
4.08018415499715E-06
-6.25893404124974E-07
4.55177276390009E-06
-1.54793993068929E-06
8.86748921657135E-07
4.68078932095183E-06
-1.86473137788528E-06
-5.49303045947348E-07
3.29069547091152E-06
-2.43500252908449E-06
1.07729762629335E-06
3.76873028391169E-06
2.58206949510462E-06
1.10008022462895E-06
-6.28867025053035E-08
5.81575591091928E-06
5.54832248372564E-07
-6.04480494399386E-06
2.04213938411669E-06
5.13992349506748E-06
-6.13595537487006E-07
1.18388429752066E-06
2.10442248178094E-06
5.16239519298354E-06
-5.83425801553467E-06
5.18243886626549E-06
1.02533538063682E-06
5.64142047830882E-06
-1.06069177307241E-07
1.36677711330207E-06
2.50393839470052E-06
7.7586206896552E-06
3.17155823461242E-08
-4.90161982984928E-06
-3.49775428276155E-07
-2.71463405041888E-06
3.67889917580482E-07
-2.79996836193942E-06
1.52492372350528E-05
3.87758020689326E-06
-1.96162966156501E-06
1.65243019131827E-06
-1.99665255488826E-06
5.19865586084205E-07
7.01638026329012E-06
2.76084582547405E-06
-3.22004608294929E-06
6.83129237931364E-07
6.06427336519884E-06
1.94369973190349E-06
2.41144136807815E-06
1.01397931826886E-06
-2.27804332350246E-06
3.36650756575607E-06
4.50532724505325E-06
3.11113372684716E-06
-2.96692315379236E-06
3.73226343086407E-06
-1.44714640198509E-06
1.61922960876997E-06
7.16783919597988E-06
5.76505056232851E-07
1.06032925115438E-05
-6.81185031185033E-06
6.12564950401506E-06
5.69998978862455E-06
-2.56141372948829E-06
3.36737789463039E-06
6.06906906906905E-06
3.79231835280145E-06
-1.51055344810817E-06
4.39628798694676E-06
7.3090516395052E-06
-3.2735783288517E-06
2.74130889530826E-06
1.97646589549264E-06
9.54444121353104E-06
-2.98760205624434E-06
2.41535215512915E-06
1.76127783155857E-05
-5.82438345266505E-06
7.81402617698788E-08
7.58970116844173E-06
-4.95796676441839E-06
1.28859060402684E-05
-5.21439968089349E-06
2.37940489489186E-06
1.53911834789516E-05
2.89372352714672E-06
-7.26762575247421E-06
9.0680150703946E-06
1.35782654935706E-05
4.88388746803071E-06
4.55875037309719E-06
3.72242826468865E-06
8.95571514063431E-06
9.79487179487181E-06
4.36934647830066E-06
7.84151526865089E-06
1.67628815389146E-05
-3.62199555645322E-06
1.13953441499546E-05
7.78941070894412E-07
8.41283880171185E-06
1.35727608116418E-05
1.51654515998379E-05
1.20618336886994E-05
1.33644202180378E-05
5.25341409691627E-06
6.27472939050109E-06
7.40751974571369E-06
1.4373491532299E-05
1.14960054559626E-05
8.38914303141203E-06
1.24152064152064E-05
4.89611273080663E-06
1.3736688475088E-05
9.05346674752375E-06
1.76829710144929E-05
8.3084932625561E-06
1.75194961007799E-05
5.77738688556627E-06
9.58101114649682E-06
1.18201776269834E-05
1.31613743363718E-05
1.02689463067909E-05
4.89072123981718E-06
9.72245322245323E-06
8.26062215477997E-06
1.22080550495852E-05
1.14468704512372E-05
8.38742393509129E-06
1.08481421647819E-05
9.01625239005745E-06
3.47469635627526E-06
1.39271255060729E-06
9.63359528487224E-06
7.65884652981426E-06
1.63196392785571E-05
7.43680485338739E-06
-6.25790987535951E-06
1.21550151975682E-05
5.37066402378597E-06
1.06554787759132E-05
-4.19028741328042E-06
3.86226964112513E-06
4.85158648925282E-06
8.38282828282823E-06
-2.28197674418608E-06
1.53640873015874E-05
4.2765531062124E-06
2.42712550607287E-06
1.51451766953199E-05
-4.12374245472843E-06
2.98069105691054E-06
-4.79383429672455E-06
-4.79383429672455E-06
dMdT Data
0
0
0
0
0
0
0
0
0
0
0
0
0
0
0
0
0
0
0
0
0
0
0
0
0
0
0
0
0
0
0
0
0
0
0
0
0
0
0
0
0
0
0
0
0
0
0
0
0
0
0
0
0
0
0
0
0
0
0
0
0
0
0
0
0
0
0
0
0
0
0
0
0
0
0
0
0
0
0
0
0
0
0
0
0
0
0
0
0
0
0
0
0
0
0
0
0
0
0
0
0
0
0
0
0
0
0
0
0
0
0
0
0
0
0
0
0
0
0
0
0
0
0
0
0
0
0
0
0
0
0
0
0
0
0
0
0
0
0
0
0
0
0
0
0
0
0
0
0
0
0
0
0
0
0
0
0
0
0
0
0
0
0
0
0
0
0
0
0
0
0
0
0
0
0
0
0
0
0
0
0
0
0
0
0
0
0
0
0
0
0
0
0
0
0
0
0
0
0
0
0
0
0
0
0
0
0
0
0
0
0
0
0
0
0
0
0
0
0
0
0
0
0
0
0
0
0
0
0
0
0
0
0
0
0
0
0
0
0
0
0
0
0
0
0
0
0
0
0
0
0
0
0
0
0
0
0
0
0
0
0
0
0
0
0
0
0
0
0
0
0
0
0
0
0
0
0
0
0
0
0
0
0
0
0
0
0
0
0
0
0
0
0
 
*********************************************** Results ***************************************
 
TotalArea 0
AreaFirstQuad 0
AreaSecondQuad 0
AreaThirdQuad 0
AreaFourthQuad 0
Coercivity 0
PositiveCoercivity 0
NegativeCoercivity 0
Retentivity 1.85868986192394E-03
PositiveRetentivity -6.65632363057332E-03
NegativeRetentivity -2.93894390672543E-03
Magnetization 0.004080555
PositiveMagnetization 0.00369932
NegativeMagnetization -0.00446179
Flatness 2.58119112119292
Squareness 0.455499279368601
SStar 0
SFD1 0
SFD2 0
Slope 0
Intercept 0
SlopeAtHc -4.79383429672455E-06
dH1 -716.988472535748
dH2 128.84275
InitialSlope -1.29617834394909E-06
FieldAtHalfMs 948.88741740618
FieldAtMs 1209.15
MomentMean -2.41898392412969E-03
MomentRMS 2.26679523220208E-03
SFD3 0
dH3 -1433.9769450715
UserField1 0
UserField2 0
CenterField 0
ExchangeField 0
ExchangeMoment 0
ExRegionOneIntercept 0
ExRegionOneSlope 0
ExRegionTwoIntercept 0
ExRegionTwoSlope 0
NegativeIntercept 0
NegativeSlope 0
AutoCenterOffset 0
PinningField 0
PinningMoment 0
PinRegionOneIntercept 0
PinRegionOneSlope 0
PinRegionTwoIntercept 0
PinRegionTwoSlope 0
PositiveIntercept 0
PositiveSlope 0
TotalOffset 0
BHMax 0
BCoercivity 0
BRetentivity 0
BNegativeCoercivity 0
BPositiveCoercivity 0
BNegativeRetentivity 0
BPositiveRetentivity 0
MomentYMean -6.14062102389078E-03
MomentYRMS 2.95306687127064E-04
YOffCorrection 0
Mrt 0
Ms1 0
Ms2 0
Ms3 0
Hc2 0
Hex2 0
HsatValue 0
HsatIntercept 0
HsatSlope 0
CenterH 0
Span .00816111
SpanAsPercentOfRange -153.98320754717
RMSAsPercentOfRange -42.7697213623033
SpanAsPercentOfMean -337.377603819183
RMSAsPercentOfMean -93.7085695192302
