Version 1.25
******************************************** Units *******************************************
System CGS
TemperatureUnit K
MomentUnit emu
AppliedFieldUnit G
 
******************************************** Setup ********************************************
 
Experiment CustomField
Minor False
Acquisition Continuous
EditedPoint No
MaxField 15000
FieldIncrement 100
Points 145
MinField 0
RampRate 10
AverageTime 0.3
TimeInterval 0
TimeConstant 0.1
TimeConstantIndex 0
Sensitivity -0.0053
SensitivityIndex 5
SensitivityY -400
SensitivityIndexY 0
SaturationField 8000
ExperimentTime 100
Use735Domains True
AutoRangeEnabled False
NumberOfVertices 2
VertexPts
0
144
VertexField
372.1805
1827.8195
StartAngle 0
EndAngle 0
AngleIncrement 0
StartTemp 0
FinishTemp 0
TempIncrement 0
TempPoints 0
LengthofSetPointsArray 145
SetPointArray
372.18045
382.28906
392.39766
402.50627
412.61487
422.72348
432.83208
442.94069
453.04929
463.15789
473.2665
483.3751
493.48371
503.59231
513.70092
523.80952
533.91813
544.02673
554.13534
564.24394
574.35255
584.46115
594.56976
604.67836
614.78697
624.89557
635.00418
645.11278
655.22139
665.32999
675.4386
685.5472
695.65581
705.76441
715.87302
725.98162
736.09023
746.19883
756.30744
766.41604
776.52464
786.63325
796.74185
806.85046
816.95906
827.06767
837.17627
847.28488
857.39348
867.50209
877.61069
887.7193
897.8279
907.93651
918.04511
928.15372
938.26232
948.37093
958.47953
968.58814
978.69674
988.80535
998.91395
1009.02256
1019.13116
1029.23977
1039.34837
1049.45698
1059.56558
1069.67419
1079.78279
1089.8914
1100
1110.1086
1120.21721
1130.32581
1140.43442
1150.54302
1160.65163
1170.76023
1180.86884
1190.97744
1201.08605
1211.19465
1221.30326
1231.41186
1241.52047
1251.62907
1261.73768
1271.84628
1281.95489
1292.06349
1302.1721
1312.2807
1322.38931
1332.49791
1342.60652
1352.71512
1362.82373
1372.93233
1383.04094
1393.14954
1403.25815
1413.36675
1423.47536
1433.58396
1443.69256
1453.80117
1463.90977
1474.01838
1484.12698
1494.23559
1504.34419
1514.4528
1524.5614
1534.67001
1544.77861
1554.88722
1564.99582
1575.10443
1585.21303
1595.32164
1605.43024
1615.53885
1625.64745
1635.75606
1645.86466
1655.97327
1666.08187
1676.19048
1686.29908
1696.40769
1706.51629
1716.6249
1726.7335
1736.84211
1746.95071
1757.05931
1767.16792
1777.27652
1787.38513
1797.49373
1807.60234
1817.71094
1827.81955
FieldDomainFile C:\IDEASVSM\Default UserID\Experiments\FORCexp0073B\fdomain.ini
TempDomainFile C:\IDEASVSM\Default UserID\Experiments\FORCexp0073B\tdomain.ini
NumSelectedResults 0
ResultsSelected 
UserName1 
UserValue1 
UserName2 
UserValue2 
LinearBackgroundCorrection Off
MaxLinearFieldCorrection 
MinLinearFieldCorrection 
AutoLinearCorrection Off
FitOneRegion Off
BackgroundMode Off
BackgroundFilename 
AutoCenter Off
OffsetCorrection 
SmoothDeriv Off
DerivOrder 0
DerivPoints 0
MinExFieldOne 
MaxExFieldOne 
MinExFieldTwo 
MaxExFieldTwo 
MinPinFieldOne 
MaxPinFieldOne 
MinPinFieldTwo 
MaxPinFieldTwo 
HCenterStart 
Mass 
Volume 
Density 
MolarWeight 
NumberOfMoles 
Demagnetization 
SampleArea 
Thickness 
MomentScaling 0
XAxis 0
YAxis 0
SimpleSpinValve False
HsatMax 0
HsatMin 0
FieldAutoRange False
 
*************************************************** Experiment Data ********************************************
 
DataPoints 145
MomentX Data
0.00365377
0.00364278
0.0036628
0.00364884
0.00365739
0.00366552
0.00369051
0.00368916
0.00371426
0.00371461
0.0037381
0.0037446
0.00375062
0.0037355
0.00377951
0.00381243
0.00382641
0.00377796
0.0038228
0.00381903
0.00384436
0.00381424
0.00386917
0.00387945
0.00388481
0.00385616
0.00387626
0.00388546
0.00389778
0.00390972
0.00392096
0.00397539
0.00393611
0.00393566
0.00394946
0.00397395
0.00395631
0.00400883
0.00397706
0.00396479
0.00400181
0.00400988
0.00403068
0.00404658
0.00402388
0.00404877
0.00403365
0.00407962
0.00407319
0.00408759
0.00408207
0.00406661
0.00408064
0.00412329
0.00410995
0.00407485
0.00410902
0.00411327
0.00410475
0.0041325
0.00416581
0.00419701
0.00419694
0.00419996
0.00417314
0.00415531
0.00417454
0.0042212
0.00421231
0.00421448
0.00421836
0.00425396
0.00421676
0.00425022
0.00423575
0.00424302
0.00426196
0.004269
0.0042856
0.00427399
0.00427324
0.00424241
0.0043302
0.00429078
0.00427076
0.0042984
0.00432847
0.00429712
0.00433282
0.00435026
0.0043557
0.0043689
0.00436601
0.00441434
0.0043387
0.00434938
0.00437009
0.00438794
0.00439775
0.00441067
0.00435995
0.0044172
0.00440072
0.00441557
0.00438969
0.00441058
0.00440531
0.00436142
0.00439012
0.00446416
0.00446808
0.004465
0.00440838
0.00444562
0.00440242
0.00446932
0.00448457
0.00443285
0.00450569
0.00450138
0.00451235
0.00451594
0.00452226
0.00452014
0.00452612
0.00449377
0.00450936
0.00457132
0.00455543
0.00454714
0.00452997
0.0045635
0.00458956
0.00458746
0.00456624
0.00454771
0.00457887
0.00461523
0.00455595
0.00460708
0.0046146
0.00459187
0.00460339
0.00460522
0.00457701
MomentY Data
-0.00724792
-0.00747045
-0.00715256
-0.0070413
-0.00721614
-0.00735919
-0.0070413
-0.00720024
-0.00708898
-0.00715256
-0.00697772
-0.00705719
-0.00710487
-0.00762939
-0.00715256
-0.00735919
-0.00740687
-0.00713666
-0.00751813
-0.00724792
-0.00715256
-0.0073115
-0.00740687
-0.00708898
-0.00705719
-0.0070413
-0.00710487
-0.00751813
-0.00720024
-0.00735919
-0.00724792
-0.00720024
-0.00700951
-0.00715256
-0.00710487
-0.0073115
-0.00689824
-0.00726382
-0.00716845
-0.00705719
-0.0070254
-0.00715256
-0.00694593
-0.00710487
-0.00726382
-0.00713666
-0.00742277
-0.00716845
-0.00715256
-0.00689824
-0.00724792
-0.00751813
-0.00724792
-0.0076135
-0.00708898
-0.0073115
-0.00751813
-0.00726382
-0.00735919
-0.00715256
-0.00747045
-0.00724792
-0.00726382
-0.00699361
-0.0073115
-0.00683467
-0.00747045
-0.00710487
-0.00700951
-0.00715256
-0.00740687
-0.0073115
-0.00700951
-0.00718435
-0.00751813
-0.00708898
-0.00720024
-0.00751813
-0.00740687
-0.00708898
-0.00756582
-0.00708898
-0.00705719
-0.00715256
-0.00724792
-0.0073115
-0.00724792
-0.00680288
-0.00726382
-0.00705719
-0.00751813
-0.00745455
-0.00751813
-0.00751813
-0.00740687
-0.00693003
-0.00740687
-0.0076135
-0.0070413
-0.00726382
-0.00742277
-0.00735919
-0.00713666
-0.00715256
-0.00747045
-0.00710487
-0.00740687
-0.0073115
-0.00745455
-0.00705719
-0.00715256
-0.00747045
-0.00742277
-0.00720024
-0.00718435
-0.00697772
-0.00713666
-0.00720024
-0.00721614
-0.00724792
-0.00721614
-0.0076135
-0.00710487
-0.00689824
-0.00689824
-0.00756582
-0.00750224
-0.00729561
-0.00721614
-0.00751813
-0.00710487
-0.00694593
-0.00729561
-0.00693003
-0.00720024
-0.00720024
-0.00708898
-0.00751813
-0.00689824
-0.00751813
-0.00729561
-0.00721614
-0.00720024
-0.00735919
-0.00693003
Field Data
372.952
379.29
388.483
401.091
412.295
422.171
432.786
442.465
452.315
462.555
472.904
482.9
492.911
502.857
512.788
522.96
532.97
543.049
553.265
563.183
573.198
583.154
593.577
603.432
613.265
623.686
633.521
643.699
653.425
663.849
673.655
683.626
693.929
703.943
713.631
724.025
734.013
743.919
753.9
764.344
774.349
784.323
794.164
804.208
814.707
824.388
834.207
844.743
854.551
864.318
874.496
884.851
894.764
904.524
915.091
924.795
935.218
944.877
954.946
965.201
975.139
984.927
995.243
1005.32
1015.23
1025.03
1035.64
1045.32
1055.43
1065.78
1075.55
1085.37
1095.64
1105.75
1115.59
1125.53
1136.02
1145.78
1155.56
1166.05
1175.92
1185.87
1196.24
1205.92
1216.19
1226.14
1236.03
1246.35
1256.28
1266.49
1276.39
1286.38
1296.37
1306.53
1316.54
1326.71
1336.67
1346.8
1356.76
1366.68
1376.69
1387.12
1396.85
1406.79
1417.1
1426.93
1436.99
1447.18
1457.2
1467.48
1477.11
1487.15
1497.22
1507.43
1517.37
1527.24
1537.69
1547.58
1557.3
1567.69
1577.73
1587.61
1597.6
1607.99
1617.88
1627.71
1638.21
1647.86
1657.78
1668.07
1678.11
1687.93
1697.95
1708.19
1717.98
1728.34
1738.23
1748.34
1758.56
1768.1
1778.54
1788.52
1798.62
1808.34
1818.42
Time Data
0
0.3
0.6
0.9
1.2
1.5
1.8
2.1
2.4
2.7
3
3.3
3.6
3.9
4.2
4.5
4.8
5.1
5.4
5.7
6
6.3
6.6
6.9
7.2
7.5
7.8
8.1
8.4
8.7
9
9.3
9.6
9.9
10.2
10.5
10.8
11.1
11.4
11.7
12
12.3
12.6
12.9
13.2
13.5
13.8
14.1
14.4
14.7
15
15.3
15.6
15.9
16.2
16.5
16.8
17.1
17.4
17.7
18
18.3
18.6
18.9
19.2
19.5
19.8
20.1
20.4
20.7
21
21.3
21.6
21.9
22.2
22.5
22.8
23.1
23.4
23.7
24
24.3
24.6
24.9
25.2
25.5
25.8
26.1
26.4
26.7
27
27.3
27.6
27.9
28.2
28.5
28.8
29.1
29.4
29.7
30.0000000000001
30.3000000000001
30.6000000000001
30.9000000000001
31.2000000000001
31.5000000000001
31.8000000000001
32.1000000000001
32.4
32.7
33
33.3
33.6
33.9
34.2
34.5
34.8
35.1
35.4
35.7
36
36.3
36.6
36.9
37.2
37.5
37.8
38.1
38.4
38.7
39
39.3
39.6
39.9
40.2
40.5
40.8
41.1
41.4
41.7
42
42.3
42.6
42.8999999999999
43.1999999999999
Temperature Data
0
0
0
0
0
0
0
0
0
0
0
0
0
0
0
0
0
0
0
0
0
0
0
0
0
0
0
0
0
0
0
0
0
0
0
0
0
0
0
0
0
0
0
0
0
0
0
0
0
0
0
0
0
0
0
0
0
0
0
0
0
0
0
0
0
0
0
0
0
0
0
0
0
0
0
0
0
0
0
0
0
0
0
0
0
0
0
0
0
0
0
0
0
0
0
0
0
0
0
0
0
0
0
0
0
0
0
0
0
0
0
0
0
0
0
0
0
0
0
0
0
0
0
0
0
0
0
0
0
0
0
0
0
0
0
0
0
0
0
0
0
0
0
0
0
Angle Data
0
0
0
0
0
0
0
0
0
0
0
0
0
0
0
0
0
0
0
0
0
0
0
0
0
0
0
0
0
0
0
0
0
0
0
0
0
0
0
0
0
0
0
0
0
0
0
0
0
0
0
0
0
0
0
0
0
0
0
0
0
0
0
0
0
0
0
0
0
0
0
0
0
0
0
0
0
0
0
0
0
0
0
0
0
0
0
0
0
0
0
0
0
0
0
0
0
0
0
0
0
0
0
0
0
0
0
0
0
0
0
0
0
0
0
0
0
0
0
0
0
0
0
0
0
0
0
0
0
0
0
0
0
0
0
0
0
0
0
0
0
0
0
0
0
Bx Data
0
0
0
0
0
0
0
0
0
0
0
0
0
0
0
0
0
0
0
0
0
0
0
0
0
0
0
0
0
0
0
0
0
0
0
0
0
0
0
0
0
0
0
0
0
0
0
0
0
0
0
0
0
0
0
0
0
0
0
0
0
0
0
0
0
0
0
0
0
0
0
0
0
0
0
0
0
0
0
0
0
0
0
0
0
0
0
0
0
0
0
0
0
0
0
0
0
0
0
0
0
0
0
0
0
0
0
0
0
0
0
0
0
0
0
0
0
0
0
0
0
0
0
0
0
0
0
0
0
0
0
0
0
0
0
0
0
0
0
0
0
0
0
0
0
Hint Data
0
0
0
0
0
0
0
0
0
0
0
0
0
0
0
0
0
0
0
0
0
0
0
0
0
0
0
0
0
0
0
0
0
0
0
0
0
0
0
0
0
0
0
0
0
0
0
0
0
0
0
0
0
0
0
0
0
0
0
0
0
0
0
0
0
0
0
0
0
0
0
0
0
0
0
0
0
0
0
0
0
0
0
0
0
0
0
0
0
0
0
0
0
0
0
0
0
0
0
0
0
0
0
0
0
0
0
0
0
0
0
0
0
0
0
0
0
0
0
0
0
0
0
0
0
0
0
0
0
0
0
0
0
0
0
0
0
0
0
0
0
0
0
0
0
Torque Data
-2.70312625984
-2.8334669805
-2.77864796648
-2.8242020583
-2.9751784413
-3.10683660149
-3.0473760618
-3.1858541916
-3.2064519887
-3.3084523908
-3.29979169888
-3.407917051
-3.50206857657
-3.83649216723
-3.66774693728
-3.8485620024
-3.9476395039
-3.87555607634
-4.15951819445
-4.08190532936
-4.09983308688
-4.263730471
-4.39654767399
-4.27771737936
-4.32792762535
-4.3915602318
-4.50108434727
-4.83941276287
-4.704816822
-4.88539092231
-4.8825975476
-4.92227127024
-4.86410226479
-5.03499454408
-5.07025548297
-5.2937087875
-5.06339783712
-5.40369371058
-5.404294455
-5.39412083336
-5.4401114646
-5.60991731688
-5.51620755252
-5.71379329296
-5.91788500074
-5.88337686408
-6.19212669339
-6.05549795835
-6.11222730056
-5.96227300032
-6.33827704832
-6.65242484863
-6.48517789088
-6.886593474
-6.48706179718
-6.7616386425
-7.03109050234
-6.86341645014
-7.02762905374
-6.90365806456
-7.28472714255
-7.13867210184
-7.22926600826
-7.0308160052
-7.422854145
-7.0057417901
-7.736696838
-7.4268627084
-7.3980471393
-7.6230553968
-7.9664590285
-7.935682755
-7.6798995364
-7.9440950125
-8.3871506467
-7.9788596594
-8.1796166448
-8.6141229914
-8.5590826972
-8.266105129
-8.8967990544
-8.4066087126
-8.4420929656
-8.6254151552
-8.8148478248
-8.96492261
-8.9586465576
-8.478769488
-9.1253917896
-8.9378605631
-9.5960659507
-9.589384029
-9.7462781881
-9.8226623889
-9.7514406298
-9.1941401013
-9.9005409229
-10.2538618
-9.553354188
-9.9273175176
-10.2188532313
-10.2080796328
-9.968843521
-10.0621498824
-10.586374695
-10.1381521491
-10.6435981213
-10.58105657
-10.86277026
-10.3562851812
-10.5651179016
-11.1096797175
-11.1135196994
-10.8538577832
-10.9013171595
-10.6566530928
-10.9739707154
-11.1429474192
-11.237694822
-11.3624917048
-11.3851205622
-12.087268735
-11.350740312
-11.0923009376
-11.1605245312
-12.3149608722
-12.2902445904
-12.0221438946
-11.9627725692
-12.5407671091
-11.9227533957
-11.7242436249
-12.3875809995
-11.8378079457
-12.3698683152
-12.4444628016
-12.3222777054
-13.1442474042
-12.1309689344
-13.292805653
-12.9755342094
-12.9062107128
-12.9504956688
-13.3079176446
-12.6017051526
dMdH Data
-1.73398548437996E-06
2.17774393560317E-06
-1.10723350253806E-06
7.63120314173506E-07
8.23207776427691E-07
2.3542157324541E-06
-1.39477218720966E-07
2.54822335025381E-06
3.41796875000087E-08
2.26978452024348E-06
6.50260104041617E-07
6.01338527619641E-07
-1.5202091292982E-06
4.4315778874232E-06
3.23633503735745E-06
1.39660339660342E-06
-4.80702450639949E-06
4.389193422083E-06
-3.801169590643E-07
2.5292061907139E-06
-3.0253113700281E-06
5.27007579391729E-06
1.04312531709793E-06
5.4510322383808E-07
-2.74925630937527E-06
2.04372140315201E-06
9.03910394969543E-07
1.26670779354309E-06
1.14543361473524E-06
1.14623699775649E-06
5.45883060876536E-06
-3.81248180141707E-06
-4.49370880766856E-08
1.42444260941376E-06
2.35616701943431E-06
-1.76611934321186E-06
5.30183727034118E-06
-3.18304779080248E-06
-1.17483722711604E-06
3.70014992503744E-06
8.09103669540876E-07
2.11360634081898E-06
1.58303464755079E-06
-2.1621106772074E-06
2.57101539097205E-06
-1.53987167736027E-06
4.36313591495823E-06
-6.5558727569331E-07
1.47435241118055E-06
-5.42346236981743E-07
-1.49299855142444E-06
1.415313225058E-06
4.36987704918033E-06
-1.26242074382509E-06
-3.61706512778244E-06
3.27832677731939E-06
4.40004141215438E-07
-8.46161485748301E-07
2.70599707459776E-06
3.35178104246327E-06
3.18757662443812E-06
-6.78557580461918E-09
2.99692368760572E-07
-2.70635721493445E-06
-1.81938775510204E-06
1.81244109330821E-06
4.82024793388434E-06
-8.79327398615147E-07
2.09661835748722E-07
3.97134083930438E-07
3.62525458248477E-06
-3.62220058422585E-06
3.3095944609298E-06
-1.47052845528456E-06
7.31388329979895E-07
1.80552907530984E-06
7.21311475409819E-07
1.69734151329238E-06
-1.10676835081025E-06
-7.5987841945276E-08
-3.09849246231161E-06
8.46576663452256E-06
-4.07231404958676E-06
-1.94936708860759E-06
2.77788944723615E-06
3.0404448938322E-06
-3.03779069767447E-06
3.59516616314202E-06
1.70812928501465E-06
5.49494949494923E-07
1.32132132132137E-06
-2.89289289289314E-07
4.7568897637795E-06
-7.55644355644357E-06
1.05014749262535E-06
2.07931726907632E-06
1.76209279368213E-06
9.84939759036126E-07
1.30241935483875E-06
-5.06693306693313E-06
5.48897411313527E-06
-1.69373072970187E-06
1.49396378269611E-06
-2.5101842870999E-06
2.12512716174971E-06
-5.23856858846914E-07
-4.30716388616284E-06
2.86427145708579E-06
7.20233463035022E-06
4.0706126687437E-07
-3.0677290836652E-07
-5.62264150943403E-06
3.64740450538686E-06
-4.34607645875261E-06
6.77811550151967E-06
1.45933014354071E-06
-5.22952477249753E-06
7.49382716049374E-06
-4.14821944177047E-07
1.09262948207171E-06
3.63360323886681E-07
6.32632632632608E-07
-2.04042348411973E-07
6.04651162790696E-07
-3.29094608341809E-06
1.48476190476184E-06
6.4207253886012E-06
-1.60181451612904E-06
-8.05636540330441E-07
-1.71015936254976E-06
3.41446028513227E-06
2.60079840319367E-06
-2.05078125000052E-07
-2.16751787538303E-06
-1.78861003861007E-06
3.15065722952471E-06
3.59643916913951E-06
-5.80039138943248E-06
5.35953878406719E-06
7.20306513409917E-07
-2.27755511022047E-06
1.14059405940596E-06
1.88271604938313E-07
-2.79861111111105E-06
-2.79861111111105E-06
dMdT Data
0
0
0
0
0
0
0
0
0
0
0
0
0
0
0
0
0
0
0
0
0
0
0
0
0
0
0
0
0
0
0
0
0
0
0
0
0
0
0
0
0
0
0
0
0
0
0
0
0
0
0
0
0
0
0
0
0
0
0
0
0
0
0
0
0
0
0
0
0
0
0
0
0
0
0
0
0
0
0
0
0
0
0
0
0
0
0
0
0
0
0
0
0
0
0
0
0
0
0
0
0
0
0
0
0
0
0
0
0
0
0
0
0
0
0
0
0
0
0
0
0
0
0
0
0
0
0
0
0
0
0
0
0
0
0
0
0
0
0
0
0
0
0
0
0
 
*********************************************** Results ***************************************
 
TotalArea 0
AreaFirstQuad 0
AreaSecondQuad 0
AreaThirdQuad 0
AreaFourthQuad 0
Coercivity 0
PositiveCoercivity 0
NegativeCoercivity 0
Retentivity 4.30046335437047E-03
PositiveRetentivity 4.30046335437047E-03
NegativeRetentivity 0
Magnetization 0.00461523
PositiveMagnetization 0.00461523
NegativeMagnetization 0.00364278
Flatness -6.43062439651943E-02
Squareness 0.931798275355827
SStar 0
SFD1 0
SFD2 0
Slope 0
Intercept 0
SlopeAtHc -2.79861111111105E-06
dH1 -1240.05171701545
dH2 27.795
InitialSlope -1.73398548437996E-06
FieldAtHalfMs 1818.42
FieldAtMs 1748.34
MomentMean 4.19375110344828E-03
MomentRMS 2.81340184514024E-04
SFD3 0
dH3 -2480.1034340309
UserField1 0
UserField2 0
CenterField 0
ExchangeField 0
ExchangeMoment 0
ExRegionOneIntercept 0
ExRegionOneSlope 0
ExRegionTwoIntercept 0
ExRegionTwoSlope 0
NegativeIntercept 0
NegativeSlope 0
AutoCenterOffset 0
PinningField 0
PinningMoment 0
PinRegionOneIntercept 0
PinRegionOneSlope 0
PinRegionTwoIntercept 0
PinRegionTwoSlope 0
PositiveIntercept 0
PositiveSlope 0
TotalOffset 0
BHMax 0
BCoercivity 0
BRetentivity 0
BNegativeCoercivity 0
BPositiveCoercivity 0
BNegativeRetentivity 0
BPositiveRetentivity 0
MomentYMean -7.23093386206896E-03
MomentYRMS 1.89864884743314E-04
YOffCorrection 0
Mrt 0
Ms1 0
Ms2 0
Ms3 0
Hc2 0
Hex2 0
HsatValue 0
HsatIntercept 0
HsatSlope 0
CenterH 0
Span .00097245
SpanAsPercentOfRange -18.3481132075472
RMSAsPercentOfRange -5.30830536818913
SpanAsPercentOfMean 23.1880713950909
RMSAsPercentOfMean 6.70855703102396
