Version 1.25
******************************************** Units *******************************************
System CGS
TemperatureUnit K
MomentUnit emu
AppliedFieldUnit G
 
******************************************** Setup ********************************************
 
Experiment CustomField
Minor False
Acquisition Continuous
EditedPoint No
MaxField 15000
FieldIncrement 100
Points 293
MinField 0
RampRate 10
AverageTime 0.3
TimeInterval 0
TimeConstant 0.1
TimeConstantIndex 0
Sensitivity -0.0053
SensitivityIndex 5
SensitivityY -400
SensitivityIndexY 0
SaturationField 8000
ExperimentTime 100
Use735Domains True
AutoRangeEnabled False
NumberOfVertices 2
VertexPts
0
292
VertexField
-487.051
2464.6617
StartAngle 0
EndAngle 0
AngleIncrement 0
StartTemp 0
FinishTemp 0
TempIncrement 0
TempPoints 0
LengthofSetPointsArray 293
SetPointArray
-487.05096
-476.94236
-466.83375
-456.72515
-446.61654
-436.50794
-426.39933
-416.29073
-406.18212
-396.07352
-385.96491
-375.85631
-365.7477
-355.6391
-345.53049
-335.42189
-325.31328
-315.20468
-305.09607
-294.98747
-284.87886
-274.77026
-264.66165
-254.55305
-244.44444
-234.33584
-224.22723
-214.11863
-204.01003
-193.90142
-183.79282
-173.68421
-163.57561
-153.467
-143.3584
-133.24979
-123.14119
-113.03258
-102.92398
-92.81537
-82.70677
-72.59816
-62.48956
-52.38095
-42.27235
-32.16374
-22.05514
-11.94653
-1.83793
8.27068
18.37928
28.48789
38.59649
48.7051
58.8137
68.92231
79.03091
89.13952
99.24812
109.35673
119.46533
129.57393
139.68254
149.79114
159.89975
170.00835
180.11696
190.22556
200.33417
210.44277
220.55138
230.65998
240.76859
250.87719
260.9858
271.0944
281.20301
291.31161
301.42022
311.52882
321.63743
331.74603
341.85464
351.96324
362.07185
372.18045
382.28906
392.39766
402.50627
412.61487
422.72348
432.83208
442.94069
453.04929
463.15789
473.2665
483.3751
493.48371
503.59231
513.70092
523.80952
533.91813
544.02673
554.13534
564.24394
574.35255
584.46115
594.56976
604.67836
614.78697
624.89557
635.00418
645.11278
655.22139
665.32999
675.4386
685.5472
695.65581
705.76441
715.87302
725.98162
736.09023
746.19883
756.30744
766.41604
776.52464
786.63325
796.74185
806.85046
816.95906
827.06767
837.17627
847.28488
857.39348
867.50209
877.61069
887.7193
897.8279
907.93651
918.04511
928.15372
938.26232
948.37093
958.47953
968.58814
978.69674
988.80535
998.91395
1009.02256
1019.13116
1029.23977
1039.34837
1049.45698
1059.56558
1069.67419
1079.78279
1089.8914
1100
1110.1086
1120.21721
1130.32581
1140.43442
1150.54302
1160.65163
1170.76023
1180.86884
1190.97744
1201.08605
1211.19465
1221.30326
1231.41186
1241.52047
1251.62907
1261.73768
1271.84628
1281.95489
1292.06349
1302.1721
1312.2807
1322.38931
1332.49791
1342.60652
1352.71512
1362.82373
1372.93233
1383.04094
1393.14954
1403.25815
1413.36675
1423.47536
1433.58396
1443.69256
1453.80117
1463.90977
1474.01838
1484.12698
1494.23559
1504.34419
1514.4528
1524.5614
1534.67001
1544.77861
1554.88722
1564.99582
1575.10443
1585.21303
1595.32164
1605.43024
1615.53885
1625.64745
1635.75606
1645.86466
1655.97327
1666.08187
1676.19048
1686.29908
1696.40769
1706.51629
1716.6249
1726.7335
1736.84211
1746.95071
1757.05931
1767.16792
1777.27652
1787.38513
1797.49373
1807.60234
1817.71094
1827.81955
1837.92815
1848.03676
1858.14536
1868.25397
1878.36257
1888.47118
1898.57978
1908.68839
1918.79699
1928.9056
1939.0142
1949.12281
1959.23141
1969.34002
1979.44862
1989.55723
1999.66583
2009.77444
2019.88304
2029.99165
2040.10025
2050.20886
2060.31746
2070.42607
2080.53467
2090.64327
2100.75188
2110.86048
2120.96909
2131.07769
2141.1863
2151.2949
2161.40351
2171.51211
2181.62072
2191.72932
2201.83793
2211.94653
2222.05514
2232.16374
2242.27235
2252.38095
2262.48956
2272.59816
2282.70677
2292.81537
2302.92398
2313.03258
2323.14119
2333.24979
2343.3584
2353.467
2363.57561
2373.68421
2383.79282
2393.90142
2404.01003
2414.11863
2424.22723
2434.33584
2444.44444
2454.55305
2464.66165
FieldDomainFile C:\IDEASVSM\Default UserID\Experiments\FORCexp0158B\fdomain.ini
TempDomainFile C:\IDEASVSM\Default UserID\Experiments\FORCexp0158B\tdomain.ini
NumSelectedResults 0
ResultsSelected 
UserName1 
UserValue1 
UserName2 
UserValue2 
LinearBackgroundCorrection Off
MaxLinearFieldCorrection 
MinLinearFieldCorrection 
AutoLinearCorrection Off
FitOneRegion Off
BackgroundMode Off
BackgroundFilename 
AutoCenter Off
OffsetCorrection 
SmoothDeriv Off
DerivOrder 0
DerivPoints 0
MinExFieldOne 
MaxExFieldOne 
MinExFieldTwo 
MaxExFieldTwo 
MinPinFieldOne 
MaxPinFieldOne 
MinPinFieldTwo 
MaxPinFieldTwo 
HCenterStart 
Mass 
Volume 
Density 
MolarWeight 
NumberOfMoles 
Demagnetization 
SampleArea 
Thickness 
MomentScaling 0
XAxis 0
YAxis 0
SimpleSpinValve False
HsatMax 0
HsatMin 0
FieldAutoRange False
 
*************************************************** Experiment Data ********************************************
 
DataPoints 293
MomentX Data
0.00201959
0.002034
0.00203964
0.00207294
0.00207899
0.00211588
0.00212952
0.00217064
0.00216398
0.0022038
0.00220549
0.00225549
0.00222118
0.00224227
0.00226689
0.00231419
0.00231235
0.00233188
0.00233099
0.00234755
0.00236081
0.00241998
0.0024464
0.00243268
0.0024401
0.00245761
0.00251182
0.00250423
0.00254173
0.00254519
0.00257143
0.0025696
0.00255139
0.00256827
0.0026306
0.00264238
0.0026194
0.00265374
0.00269868
0.00274481
0.00272093
0.00272417
0.00274341
0.00274289
0.00276973
0.00277218
0.00280678
0.00281531
0.00283453
0.00284333
0.00288277
0.00290246
0.00289386
0.00292227
0.002925
0.00297321
0.00294371
0.00296556
0.0030152
0.00300104
0.00299821
0.00303736
0.00304742
0.00306706
0.00310704
0.00310227
0.00310822
0.00313324
0.00313522
0.00317358
0.0031505
0.00318049
0.00320459
0.00317441
0.00323343
0.00324993
0.00323072
0.00322656
0.00331653
0.00332087
0.0033044
0.00331002
0.00331543
0.00332579
0.00334625
0.00336629
0.00335349
0.0034323
0.00342607
0.00346043
0.00343137
0.00346617
0.00345808
0.00345122
0.00346276
0.00352103
0.00350733
0.00354286
0.00350767
0.00352191
0.00358605
0.00358459
0.00359462
0.00364103
0.00365628
0.00367985
0.00362125
0.00365319
0.00362228
0.00372615
0.00373094
0.00371409
0.00374033
0.00378143
0.00372686
0.00379465
0.00380397
0.00381107
0.00380603
0.00378752
0.00384427
0.00385417
0.00386056
0.00388057
0.00391392
0.00395972
0.00392869
0.00386573
0.00394775
0.00392537
0.00392731
0.00396731
0.00398789
0.00396662
0.00402176
0.0040257
0.00395391
0.00399885
0.00396004
0.00399184
0.00404216
0.00409004
0.00408917
0.00406647
0.00406325
0.00415864
0.00412181
0.00409959
0.00412133
0.00417801
0.00415214
0.00414587
0.00412143
0.0041947
0.00414989
0.00414722
0.00419062
0.00423926
0.00420774
0.0042507
0.00425832
0.00417276
0.00420929
0.00424934
0.00424304
0.00420892
0.00422781
0.00423495
0.00427817
0.00427306
0.0043064
0.00429903
0.0042369
0.00421988
0.00431358
0.00428642
0.00429122
0.00435245
0.00432718
0.00438663
0.00434622
0.00433963
0.00432189
0.00442032
0.00440952
0.0043913
0.0043781
0.00436383
0.00437679
0.00438625
0.00442745
0.00444155
0.00443943
0.00439008
0.00437481
0.00445856
0.00445269
0.00446406
0.00443769
0.00444134
0.0044874
0.00447292
0.00447306
0.00447088
0.00447777
0.0044743
0.00447538
0.00453182
0.0045707
0.00447856
0.00453428
0.00453655
0.00449076
0.00450092
0.00450389
0.00450949
0.00455686
0.00454599
0.00455049
0.00459064
0.00457124
0.00462524
0.0046006
0.00460275
0.00456803
0.00449665
0.00456142
0.00465116
0.00466757
0.00460086
0.00455764
0.0045897
0.00460653
0.00462408
0.00461978
0.00457843
0.00456298
0.00457916
0.0046869
0.00460692
0.00463652
0.0046016
0.00463346
0.00463542
0.00466163
0.0046732
0.00465263
0.0046921
0.00467168
0.00461386
0.00468244
0.0046567
0.00468404
0.0046734
0.00465392
0.00470034
0.00469308
0.00472492
0.00473436
0.00470524
0.00470318
0.00466857
0.00474523
0.00476335
0.00470278
0.00481831
0.00478065
0.00471565
0.00470826
0.00476421
0.00472682
0.00467305
0.00469393
0.00475208
0.00476648
0.00483176
0.00478726
0.00481325
0.00479963
0.00470604
0.00476361
0.00472606
0.00482009
0.00484781
0.00475876
0.00480401
0.00482861
0.00478483
0.00477827
0.00483244
0.00477419
0.00479308
0.00483889
MomentY Data
-0.0067393
-0.0067393
-0.00677109
-0.00658035
-0.00661214
-0.00677109
-0.00712077
-0.00694593
-0.00700951
-0.0067393
-0.00705719
-0.00651677
-0.00729561
-0.0067393
-0.00648499
-0.00677109
-0.00675519
-0.0070413
-0.00654856
-0.00651677
-0.00658035
-0.00648499
-0.00667572
-0.0067393
-0.00667572
-0.00705719
-0.00683467
-0.00642141
-0.0070254
-0.00677109
-0.00654856
-0.00678698
-0.00661214
-0.00686646
-0.00683467
-0.0070413
-0.00686646
-0.00694593
-0.0067393
-0.0067393
-0.0064532
-0.0067393
-0.00689824
-0.00654856
-0.00648499
-0.00680288
-0.00677109
-0.00710487
-0.00705719
-0.00670751
-0.00724792
-0.00700951
-0.00713666
-0.00710487
-0.00689824
-0.00686646
-0.00696182
-0.00677109
-0.00705719
-0.00670751
-0.0070413
-0.00735919
-0.00677109
-0.00697772
-0.00685056
-0.0070413
-0.00721614
-0.0067393
-0.00724792
-0.00700951
-0.00724792
-0.00683467
-0.00715256
-0.00724792
-0.00685056
-0.00710487
-0.00705719
-0.00694593
-0.00697772
-0.00688235
-0.00686646
-0.00699361
-0.00715256
-0.00654856
-0.00683467
-0.0073115
-0.00658035
-0.00699361
-0.00664393
-0.00724792
-0.00708898
-0.0070254
-0.00699361
-0.00699361
-0.00691414
-0.00696182
-0.00750224
-0.00705719
-0.0070413
-0.00715256
-0.00680288
-0.00699361
-0.00670751
-0.00705719
-0.00693003
-0.00734329
-0.00699361
-0.00721614
-0.00708898
-0.00735919
-0.00724792
-0.00699361
-0.00724792
-0.00699361
-0.00664393
-0.00689824
-0.00710487
-0.00664393
-0.00724792
-0.0067393
-0.00683467
-0.00693003
-0.00677109
-0.00694593
-0.00693003
-0.0070413
-0.00686646
-0.00745455
-0.00683467
-0.00697772
-0.00705719
-0.00715256
-0.00718435
-0.00694593
-0.00683467
-0.00677109
-0.00683467
-0.00685056
-0.0073115
-0.00670751
-0.00680288
-0.00678698
-0.00696182
-0.0067393
-0.00678698
-0.00683467
-0.00670751
-0.0067393
-0.00680288
-0.00694593
-0.00694593
-0.00683467
-0.00693003
-0.00670751
-0.00686646
-0.00683467
-0.0070254
-0.00694593
-0.00699361
-0.00724792
-0.00689824
-0.0067393
-0.00715256
-0.0073115
-0.00661214
-0.00718435
-0.00713666
-0.00667572
-0.0073115
-0.00715256
-0.00708898
-0.00708898
-0.00720024
-0.00715256
-0.00708898
-0.00718435
-0.00683467
-0.00720024
-0.00693003
-0.00689824
-0.00710487
-0.00713666
-0.0070413
-0.00716845
-0.00713666
-0.00726382
-0.00729561
-0.00726382
-0.00720024
-0.00678698
-0.00720024
-0.0073115
-0.00718435
-0.00715256
-0.00705719
-0.00720024
-0.00734329
-0.00735919
-0.00735919
-0.00686646
-0.0073115
-0.00697772
-0.00708898
-0.00735919
-0.0073115
-0.00689824
-0.00724792
-0.00715256
-0.00715256
-0.00715256
-0.00694593
-0.00726382
-0.00726382
-0.00705719
-0.00735919
-0.00735919
-0.00699361
-0.00720024
-0.00724792
-0.00699361
-0.00724792
-0.00696182
-0.00715256
-0.00715256
-0.00710487
-0.00726382
-0.00715256
-0.00735919
-0.00762939
-0.00699361
-0.0070254
-0.00740687
-0.00710487
-0.00721614
-0.00705719
-0.00689824
-0.00718435
-0.00699361
-0.00688235
-0.0070254
-0.00708898
-0.00750224
-0.00696182
-0.00697772
-0.00720024
-0.00715256
-0.00688235
-0.00729561
-0.00713666
-0.00699361
-0.00708898
-0.00715256
-0.00696182
-0.00726382
-0.00715256
-0.00729561
-0.00724792
-0.00715256
-0.00705719
-0.00699361
-0.00729561
-0.00716845
-0.0070413
-0.00720024
-0.00689824
-0.00689824
-0.0070413
-0.00737508
-0.00694593
-0.00705719
-0.00700951
-0.00742277
-0.00715256
-0.00654856
-0.00686646
-0.00710487
-0.00735919
-0.00720024
-0.00720024
-0.00680288
-0.0070413
-0.00729561
-0.00664393
-0.00697772
-0.0070254
-0.00686646
-0.00747045
-0.00715256
-0.00696182
-0.0070413
-0.00686646
-0.00713666
-0.00686646
Field Data
-485.779
-478.665
-469.018
-458.633
-448.591
-438.477
-428.394
-418.171
-407.964
-398.008
-388.162
-377.746
-367.661
-357.888
-347.647
-337.362
-327.451
-317.544
-307.067
-297.173
-286.981
-276.908
-266.99
-256.56
-246.689
-236.733
-226.533
-216.322
-206.466
-196.546
-186.007
-176.147
-166.347
-155.86
-145.789
-132.616
-122.186
-112.378
-102.036
-92.2358
-82.2675
-71.8258
-61.9541
-51.8421
-41.8125
-31.3744
-21.6437
-11.6938
-1.20806
8.68922
18.6566
28.9664
39.0276
49.0013
59.1741
69.5081
79.3668
89.3163
99.3755
109.315
119.604
129.728
139.484
149.938
159.799
169.809
179.997
190.303
200.262
210.043
220.488
230.388
240.37
250.65
260.721
270.647
280.715
291.111
300.943
310.816
321.157
331.27
341.357
351.314
361.34
371.435
381.525
391.826
401.721
412.046
421.893
431.741
442.137
452.183
461.99
472.379
482.528
492.373
502.385
512.689
523.826
536.222
546.013
556.173
566.543
576.408
586.306
596.638
606.773
616.927
626.929
636.787
647.13
657.121
667.116
677.12
687.404
697.319
707.291
717.564
727.509
737.535
747.874
758.024
767.904
777.866
788.184
798.112
808.033
818.379
828.412
838.281
848.58
858.58
868.578
878.583
888.972
898.875
908.803
919.161
929.062
939.382
949.348
959.134
969.543
979.533
989.679
999.58
1009.67
1019.78
1029.88
1040.33
1050.13
1059.88
1070.07
1080.42
1090.32
1100.26
1110.69
1120.5
1130.5
1140.71
1150.89
1160.72
1170.8
1181.21
1191.02
1201.04
1211.39
1221.2
1231.62
1241.51
1251.39
1261.89
1271.68
1281.55
1291.93
1301.96
1311.87
1321.94
1332.21
1342.28
1352.52
1362.35
1372.43
1382.32
1392.6
1402.83
1412.83
1422.88
1432.76
1442.91
1453.19
1463.09
1473.1
1483.37
1493.36
1503.24
1513.55
1523.61
1533.9
1543.87
1553.65
1564.09
1573.9
1584.02
1594.19
1604.07
1614.15
1624.16
1634.68
1644.4
1654.37
1664.64
1674.77
1684.95
1694.67
1704.79
1715.01
1724.98
1735.14
1745
1755.57
1765.33
1775.23
1785.72
1795.65
1805.43
1815.64
1825.98
1836
1845.87
1855.74
1866.09
1876.35
1886.12
1896.13
1906.47
1916.3
1926.66
1936.81
1946.57
1956.87
1966.8
1977.11
1986.87
1996.94
2007.23
2017.26
2027.12
2037.41
2047.49
2057.37
2067.49
2077.64
2087.68
2097.69
2107.89
2117.9
2128.2
2138.05
2148.01
2158.24
2168.23
2178.41
2188.34
2198.37
2208.53
2218.67
2228.99
2238.93
2248.86
2259.11
2269.1
2278.93
2289.08
2299.46
2309.22
2319.23
2329.67
2339.47
2349.39
2359.63
2370.02
2379.76
2389.77
2400.11
2410.01
2420.39
2430.24
2440.09
2450.43
2460.13
Time Data
0
0.3
0.6
0.9
1.2
1.5
1.8
2.1
2.4
2.7
3
3.3
3.6
3.9
4.2
4.5
4.8
5.1
5.4
5.7
6
6.3
6.6
6.9
7.2
7.5
7.8
8.1
8.4
8.7
9
9.3
9.6
9.9
10.2
10.5
10.8
11.1
11.4
11.7
12
12.3
12.6
12.9
13.2
13.5
13.8
14.1
14.4
14.7
15
15.3
15.6
15.9
16.2
16.5
16.8
17.1
17.4
17.7
18
18.3
18.6
18.9
19.2
19.5
19.8
20.1
20.4
20.7
21
21.3
21.6
21.9
22.2
22.5
22.8
23.1
23.4
23.7
24
24.3
24.6
24.9
25.2
25.5
25.8
26.1
26.4
26.7
27
27.3
27.6
27.9
28.2
28.5
28.8
29.1
29.4
29.7
30.0000000000001
30.3000000000001
30.6000000000001
30.9000000000001
31.2000000000001
31.5000000000001
31.8000000000001
32.1000000000001
32.4
32.7
33
33.3
33.6
33.9
34.2
34.5
34.8
35.1
35.4
35.7
36
36.3
36.6
36.9
37.2
37.5
37.8
38.1
38.4
38.7
39
39.3
39.6
39.9
40.2
40.5
40.8
41.1
41.4
41.7
42
42.3
42.6
42.8999999999999
43.1999999999999
43.4999999999999
43.7999999999999
44.0999999999999
44.3999999999999
44.6999999999999
44.9999999999999
45.2999999999999
45.5999999999999
45.8999999999999
46.1999999999999
46.4999999999999
46.7999999999999
47.0999999999999
47.3999999999999
47.6999999999999
47.9999999999999
48.2999999999999
48.5999999999999
48.8999999999999
49.1999999999999
49.4999999999999
49.7999999999999
50.0999999999999
50.3999999999999
50.6999999999999
50.9999999999999
51.2999999999999
51.5999999999999
51.8999999999999
52.1999999999999
52.4999999999999
52.7999999999999
53.0999999999999
53.3999999999998
53.6999999999998
53.9999999999998
54.2999999999998
54.5999999999998
54.8999999999998
55.1999999999998
55.4999999999998
55.7999999999998
56.0999999999998
56.3999999999998
56.6999999999998
56.9999999999998
57.2999999999998
57.5999999999998
57.8999999999998
58.1999999999998
58.4999999999998
58.7999999999998
59.0999999999998
59.3999999999998
59.6999999999998
59.9999999999998
60.2999999999998
60.5999999999998
60.8999999999998
61.1999999999998
61.4999999999998
61.7999999999998
62.0999999999998
62.3999999999998
62.6999999999998
62.9999999999998
63.2999999999998
63.5999999999998
63.8999999999998
64.1999999999997
64.4999999999997
64.7999999999997
65.0999999999997
65.3999999999997
65.6999999999997
65.9999999999997
66.2999999999997
66.5999999999997
66.8999999999997
67.1999999999997
67.4999999999997
67.7999999999997
68.0999999999997
68.3999999999997
68.6999999999997
68.9999999999997
69.2999999999997
69.5999999999997
69.8999999999997
70.1999999999997
70.4999999999997
70.7999999999997
71.0999999999997
71.3999999999997
71.6999999999997
71.9999999999997
72.2999999999997
72.5999999999997
72.8999999999997
73.1999999999997
73.4999999999997
73.7999999999997
74.0999999999997
74.3999999999997
74.6999999999996
74.9999999999996
75.2999999999996
75.5999999999996
75.8999999999996
76.1999999999996
76.4999999999996
76.7999999999996
77.0999999999996
77.3999999999996
77.6999999999996
77.9999999999996
78.2999999999996
78.5999999999996
78.8999999999996
79.1999999999996
79.4999999999996
79.7999999999996
80.0999999999996
80.3999999999996
80.6999999999996
80.9999999999996
81.2999999999996
81.5999999999996
81.8999999999996
82.1999999999996
82.4999999999996
82.7999999999996
83.0999999999996
83.3999999999996
83.6999999999996
83.9999999999996
84.2999999999996
84.5999999999996
84.8999999999996
85.1999999999995
85.4999999999995
85.7999999999995
86.0999999999995
86.3999999999995
86.6999999999995
86.9999999999995
87.2999999999995
87.5999999999995
Temperature Data
0
0
0
0
0
0
0
0
0
0
0
0
0
0
0
0
0
0
0
0
0
0
0
0
0
0
0
0
0
0
0
0
0
0
0
0
0
0
0
0
0
0
0
0
0
0
0
0
0
0
0
0
0
0
0
0
0
0
0
0
0
0
0
0
0
0
0
0
0
0
0
0
0
0
0
0
0
0
0
0
0
0
0
0
0
0
0
0
0
0
0
0
0
0
0
0
0
0
0
0
0
0
0
0
0
0
0
0
0
0
0
0
0
0
0
0
0
0
0
0
0
0
0
0
0
0
0
0
0
0
0
0
0
0
0
0
0
0
0
0
0
0
0
0
0
0
0
0
0
0
0
0
0
0
0
0
0
0
0
0
0
0
0
0
0
0
0
0
0
0
0
0
0
0
0
0
0
0
0
0
0
0
0
0
0
0
0
0
0
0
0
0
0
0
0
0
0
0
0
0
0
0
0
0
0
0
0
0
0
0
0
0
0
0
0
0
0
0
0
0
0
0
0
0
0
0
0
0
0
0
0
0
0
0
0
0
0
0
0
0
0
0
0
0
0
0
0
0
0
0
0
0
0
0
0
0
0
0
0
0
0
0
0
0
0
0
0
0
0
0
0
0
0
0
0
0
0
0
0
0
0
0
0
0
0
0
0
0
0
0
0
0
0
Angle Data
0
0
0
0
0
0
0
0
0
0
0
0
0
0
0
0
0
0
0
0
0
0
0
0
0
0
0
0
0
0
0
0
0
0
0
0
0
0
0
0
0
0
0
0
0
0
0
0
0
0
0
0
0
0
0
0
0
0
0
0
0
0
0
0
0
0
0
0
0
0
0
0
0
0
0
0
0
0
0
0
0
0
0
0
0
0
0
0
0
0
0
0
0
0
0
0
0
0
0
0
0
0
0
0
0
0
0
0
0
0
0
0
0
0
0
0
0
0
0
0
0
0
0
0
0
0
0
0
0
0
0
0
0
0
0
0
0
0
0
0
0
0
0
0
0
0
0
0
0
0
0
0
0
0
0
0
0
0
0
0
0
0
0
0
0
0
0
0
0
0
0
0
0
0
0
0
0
0
0
0
0
0
0
0
0
0
0
0
0
0
0
0
0
0
0
0
0
0
0
0
0
0
0
0
0
0
0
0
0
0
0
0
0
0
0
0
0
0
0
0
0
0
0
0
0
0
0
0
0
0
0
0
0
0
0
0
0
0
0
0
0
0
0
0
0
0
0
0
0
0
0
0
0
0
0
0
0
0
0
0
0
0
0
0
0
0
0
0
0
0
0
0
0
0
0
0
0
0
0
0
0
0
0
0
0
0
0
0
0
0
0
0
0
Bx Data
0
0
0
0
0
0
0
0
0
0
0
0
0
0
0
0
0
0
0
0
0
0
0
0
0
0
0
0
0
0
0
0
0
0
0
0
0
0
0
0
0
0
0
0
0
0
0
0
0
0
0
0
0
0
0
0
0
0
0
0
0
0
0
0
0
0
0
0
0
0
0
0
0
0
0
0
0
0
0
0
0
0
0
0
0
0
0
0
0
0
0
0
0
0
0
0
0
0
0
0
0
0
0
0
0
0
0
0
0
0
0
0
0
0
0
0
0
0
0
0
0
0
0
0
0
0
0
0
0
0
0
0
0
0
0
0
0
0
0
0
0
0
0
0
0
0
0
0
0
0
0
0
0
0
0
0
0
0
0
0
0
0
0
0
0
0
0
0
0
0
0
0
0
0
0
0
0
0
0
0
0
0
0
0
0
0
0
0
0
0
0
0
0
0
0
0
0
0
0
0
0
0
0
0
0
0
0
0
0
0
0
0
0
0
0
0
0
0
0
0
0
0
0
0
0
0
0
0
0
0
0
0
0
0
0
0
0
0
0
0
0
0
0
0
0
0
0
0
0
0
0
0
0
0
0
0
0
0
0
0
0
0
0
0
0
0
0
0
0
0
0
0
0
0
0
0
0
0
0
0
0
0
0
0
0
0
0
0
0
0
0
0
0
Hint Data
0
0
0
0
0
0
0
0
0
0
0
0
0
0
0
0
0
0
0
0
0
0
0
0
0
0
0
0
0
0
0
0
0
0
0
0
0
0
0
0
0
0
0
0
0
0
0
0
0
0
0
0
0
0
0
0
0
0
0
0
0
0
0
0
0
0
0
0
0
0
0
0
0
0
0
0
0
0
0
0
0
0
0
0
0
0
0
0
0
0
0
0
0
0
0
0
0
0
0
0
0
0
0
0
0
0
0
0
0
0
0
0
0
0
0
0
0
0
0
0
0
0
0
0
0
0
0
0
0
0
0
0
0
0
0
0
0
0
0
0
0
0
0
0
0
0
0
0
0
0
0
0
0
0
0
0
0
0
0
0
0
0
0
0
0
0
0
0
0
0
0
0
0
0
0
0
0
0
0
0
0
0
0
0
0
0
0
0
0
0
0
0
0
0
0
0
0
0
0
0
0
0
0
0
0
0
0
0
0
0
0
0
0
0
0
0
0
0
0
0
0
0
0
0
0
0
0
0
0
0
0
0
0
0
0
0
0
0
0
0
0
0
0
0
0
0
0
0
0
0
0
0
0
0
0
0
0
0
0
0
0
0
0
0
0
0
0
0
0
0
0
0
0
0
0
0
0
0
0
0
0
0
0
0
0
0
0
0
0
0
0
0
0
Torque Data
3.2738104147
3.2258670345
3.17576308962
3.01796566155
2.96614649474
2.96896722993
3.05049514338
2.90458649403
2.85962773764
2.6822953144
2.73933298478
2.46168380042
2.68231126821
2.4119145984
2.25448731853
2.28430846458
2.21199372069
2.2359225672
2.01084667352
1.93660809121
1.88843542335
1.79574561092
1.7823504828
1.729034808
1.64682669108
1.67066976027
1.54827829911
1.38909225402
1.4505062364
1.33083065514
1.21807799992
1.19550616606
1.09990965258
1.0702064556
0.99641970463
0.9337890408
0.83898528156
0.78056972154
0.6876512148
0.62160472694
0.530888631
0.48405561394
0.427374250784
0.339491102376
0.271153644375
0.213436278272
0.146551440633
0.083082928806
0.0085255089514
-0.0582830300422
-0.135221544272
-0.203040270464
-0.278526711816
-0.348147866331
-0.408197143584
-0.477274588326
-0.552537375576
-0.604768705767
-0.701311784845
-0.73323145565
-0.8421676452
-0.95469300032
-0.94445871756
-1.04622538136
-1.09471263744
-1.1956761117
-1.29888355158
-1.2825090079
-1.45148295504
-1.47229850893
-1.59807938496
-1.57462595196
-1.7192608472
-1.816691148
-1.78608485376
-1.92291175089
-1.98105909085
-2.02203662823
-2.09989598996
-2.1391444976
-2.20521169422
-2.3167731847
-2.44157642392
-2.30060080784
-2.4696396578
-2.7157470025
-2.51056803375
-2.74027823186
-2.66900620353
-2.98647644432
-2.99079103914
-3.0331532214
-3.09213374457
-3.16239155063
-3.1942635386
-3.28861756978
-3.62004086272
-3.47476981187
-3.5374435005
-3.66703883384
-3.56352541888
-3.75012754142
-3.66238765763
-3.92501853387
-3.92615998629
-4.23273110232
-4.10039550466
-4.30542333732
-4.30140166154
-4.54008300913
-4.54393123768
-4.45343993107
-4.6903464696
-4.59564799681
-4.43227200588
-4.6709362688
-4.88391605748
-4.63293862367
-5.12638858472
-4.8358790652
-4.97228393703
-5.11113967605
-5.06392216266
-5.26518164232
-5.32159775712
-5.4771878658
-5.41203390864
-5.9495658096
-5.52263890411
-5.71041951588
-5.84626088228
-5.99585514936
-6.096495723
-5.9636365794
-5.93644399926
-5.94896456547
-6.07583025924
-6.15779712
-6.6447131345
-6.16528159911
-6.32029729856
-6.37556684636
-6.60918989336
-6.4638917662
-6.58026895014
-6.69478480911
-6.63828178929
-6.736469494
-6.8686638496
-7.0833204954
-7.1534743884
-7.1103122411
-7.2774324039
-7.1091556988
-7.3475928522
-7.3843141614
-7.659934128
-7.6423289418
-7.7677326909
-8.12129436
-7.79846032
-7.687586903
-8.2318097784
-8.48660428
-7.741493512
-8.4862260635
-8.4999047932
-8.0178067488
-8.857077985
-8.734706272
-8.7309295476
-8.8010395598
-9.0103083336
-9.0257439384
-9.0149140864
-9.2071037425
-8.8299152131
-9.3744244704
-9.0912984561
-9.1190593856
-9.4651788627
-9.5793959848
-9.523499076
-9.7659378575
-9.7945662838
-10.0409236624
-10.159866486
-10.1899046106
-10.1727150792
-9.6570581024
-10.3162158624
-10.549836465
-10.4402255765
-10.4648390104
-10.395946589
-10.6806200088
-10.9661755544
-11.0626287756
-11.1385020245
-10.4618071206
-11.21510985
-10.7726925764
-11.013793777
-11.5104354871
-11.50756985
-10.9269501248
-11.5545615848
-11.4732069192
-11.545304724
-11.6169018496
-11.3543728524
-11.944625608
-12.0170458934
-11.7476807616
-12.3249506363
-12.3998671905
-11.8518610587
-12.2748971496
-12.4302552792
-12.0638373778
-12.5761559088
-12.1483759
-12.5568197592
-12.6266287448
-12.6127783701
-12.9711486504
-12.843494364
-13.2865024017
-13.8522256596
-12.7701919878
-12.8986344
-13.6721191269
-13.1847914538
-13.4659666926
-13.2417584565
-13.0109084288
-13.6224615655
-13.3331076567
-13.188647305
-13.535557164
-13.7300073538
-14.6036353168
-13.6233767034
-13.723779696
-14.2356665064
-14.2112068872
-13.743640009
-14.6439672603
-14.3964987516
-14.1768867032
-14.4431587418
-14.6447950744
-14.3230396134
-15.0178752118
-14.8604447584
-15.2308990848
-15.2038893048
-15.0768096984
-14.946422701
-14.883800802
-15.5983789605
-15.3979022845
-15.196815312
-15.6117763752
-15.0271949984
-15.0956945216
-15.479382681
-16.2880854324
-15.4107265131
-15.7304059381
-15.6938022243
-16.6927705422
-16.1584198216
-14.859337496
-15.6481816878
-16.2636158196
-16.9221630374
-16.6269382128
-16.6990126152
-15.8484654496
-16.472910111
-17.1402331779
-15.6772165459
-16.5373359544
-16.718765904
-16.4092601142
-17.9299017495
-17.2377411256
-16.8503195098
-17.112048912
-16.7547803814
-17.4878857638
-16.8923842398
dMdH Data
2.0255833567613E-06
5.84637711205588E-07
3.20654790563313E-06
6.02469627564238E-07
3.64741941862763E-06
1.35277199246257E-06
4.02230265088525E-06
-6.52493386891383E-07
3.9995982322218E-06
1.71643306926664E-07
4.80030721966207E-06
-3.40208230044622E-06
2.15798628875474E-06
2.40406210331022E-06
4.59893048128341E-06
-1.85652305519112E-07
1.97133340062584E-06
-8.49479812923885E-08
1.67374166161311E-06
1.30102040816328E-06
5.87411893179788E-06
2.66384351683808E-06
-1.31543624161074E-06
7.51696889879461E-07
1.75873844917634E-06
5.31470588235296E-06
-7.4331603173049E-07
3.80478896103894E-06
3.48790322580672E-07
2.48979979125153E-06
-1.85598377281944E-07
-1.85816326530611E-06
1.60961190044817E-06
6.18905769039813E-06
8.94253397100153E-07
-2.20325982742091E-06
3.50122349102772E-06
4.34538773931544E-06
4.70704679496333E-06
-2.39559403308488E-06
3.10294300736496E-07
1.94900574369154E-06
-5.14240506329062E-08
2.67607880673209E-06
2.34717046205704E-07
3.55575652316895E-06
8.57295048191447E-07
1.83296553223711E-06
8.89133175983682E-07
3.95690743204336E-06
1.90983336243183E-06
-8.54768814853109E-07
2.84849153273108E-06
2.68362692670677E-07
4.66518289142635E-06
-2.99228092953432E-06
2.19609025579174E-06
4.93478606648641E-06
-1.42461894461492E-06
-2.75051025366907E-07
3.86704859739233E-06
1.03116031160313E-06
1.87870671513297E-06
4.05435554203429E-06
-4.76523476523506E-07
5.84020416175914E-07
2.42771201241993E-06
1.98815142082577E-07
3.92188937736426E-06
-2.2096696984203E-06
3.0292929292929E-06
2.41434582248051E-06
-2.93579766536968E-06
5.86039122232151E-06
1.66230102760428E-06
-1.90802542709575E-06
-4.00153905348212E-07
9.15073230268511E-06
4.39582700293756E-07
-1.59268929503918E-06
5.55720359932762E-07
5.36333895112515E-07
1.04047403836498E-06
2.04069419509276E-06
1.98514115898962E-06
-1.26858275520316E-06
7.65071352295889E-06
-6.29610914603366E-07
3.32784503631964E-06
-2.95115263532041E-06
3.53371242891959E-06
-7.7818391689112E-07
-6.82858849293254E-07
1.17671051289895E-06
5.6088170179998E-06
-1.3498866883437E-06
3.60893854748606E-06
-3.51478226128646E-06
1.38198757763976E-06
5.75918110801828E-06
-1.17779929009358E-07
1.02441017260752E-06
4.56791338582676E-06
1.47058823529412E-06
2.38925494171314E-06
-5.92038795716307E-06
3.09136662795202E-06
-3.04982733103111E-06
1.02294662202088E-05
4.78904219156145E-07
-1.70927165753698E-06
2.53698153340423E-06
4.1137023320989E-06
-5.45972986493249E-06
6.77628948420633E-06
9.06262154803553E-07
7.16086737266804E-07
-5.05415162454868E-07
-1.8018105714008E-06
5.70638511814979E-06
9.87432675044906E-07
6.18048167134128E-07
1.97142857142858E-06
3.37550607287455E-06
4.59747038747235E-06
-3.00736576855976E-06
-6.34165995165193E-06
8.26731176292708E-06
-2.16315484245117E-06
1.93361905711128E-07
4.05309555172768E-06
1.99825225750072E-06
-2.12700000000003E-06
5.5151030206042E-06
3.93803098450777E-07
-6.91019347386662E-06
4.53801878218723E-06
-3.9091458501209E-06
3.07009075111029E-06
5.08231491768509E-06
4.63953488372089E-06
-8.72968091511175E-08
-2.31964030247287E-06
-3.09347679892397E-07
9.54854854854853E-06
-3.63000197122019E-06
-2.24421775578222E-06
2.15460852329042E-06
5.60633036597427E-06
-2.56138613861382E-06
-6.00000000000016E-07
-2.49387755102042E-06
7.51487179487182E-06
-4.39744847890097E-06
-2.57971014492727E-07
4.38383838383843E-06
4.89336016096576E-06
-3.02205177372962E-06
4.37920489296637E-06
7.62000000000072E-07
-8.38001958863857E-06
3.58840864440075E-06
4.07426246185149E-06
-6.24999999999993E-07
-3.27761767531221E-06
1.92558613659538E-06
7.12574850299412E-07
4.17584541062797E-06
-5.20897043832828E-07
3.19961612284072E-06
-7.45197168857471E-07
-6.28846153846143E-06
-1.62095238095242E-06
9.57099080694594E-06
-2.75177304964542E-06
4.62427745664746E-07
6.10468594217348E-06
-2.54994954591325E-06
5.90367428003962E-06
-3.93476144109059E-06
-6.54419066534254E-07
-1.73242187499996E-06
1.00132248219736E-05
-1.07142857142856E-06
-1.84226491405465E-06
-1.28404669260698E-06
-1.39491691104597E-06
1.29600000000002E-06
9.41293532338311E-07
4.17004048583E-06
1.3891625615763E-06
-2.06225680933809E-07
-4.98484848484856E-06
-1.52547452547457E-06
8.15481986368069E-06
-5.87587587587657E-07
1.15080971659919E-06
-2.55771096023275E-06
3.62823061630221E-07
4.47619047619036E-06
-1.45235707121366E-06
1.43149284253613E-08
-2.08812260536408E-07
7.02344546381216E-07
-3.42885375494096E-07
1.06194690265538E-07
5.71255060728748E-06
3.85714285714278E-06
-9.20479520479514E-06
5.29657794676803E-06
2.33539094650246E-07
-4.59277833500515E-06
9.89289191820854E-07
2.93188548864733E-07
5.50098231827079E-07
4.8734567901235E-06
-1.07411067193682E-06
4.40313111546003E-07
4.02708124373119E-06
-1.90944881889764E-06
5.47667342799197E-06
-2.33112582781461E-06
2.20286885245927E-07
-3.5070707070707E-06
-6.80457578646331E-06
6.52265861027191E-06
9.17586912065438E-06
1.60724779627821E-06
-6.45164410058034E-06
-4.31337325349303E-06
3.24822695035469E-06
1.70516717325224E-06
1.69565217391304E-06
-4.19103313840119E-07
-4.23234390992844E-06
-1.54345654345644E-06
1.56479690522238E-06
1.09603255340795E-05
-7.72007722007716E-06
2.91625615763554E-06
-3.57786885245901E-06
3.09320388349515E-06
1.97381671701963E-07
2.54219204655672E-06
1.18545081967211E-06
-2.04270109235351E-06
3.83576287657928E-06
-2.03589232303093E-06
-5.86409736308323E-06
6.66472303206988E-06
-2.55357142857151E-06
2.7672064777329E-06
-1.05138339920951E-06
-1.91921182266013E-06
4.62350597609565E-06
-7.25274725274735E-07
3.12156862745104E-06
9.43056943056954E-07
-2.82718446601946E-06
-2.09137055837547E-07
-3.47489959839356E-06
7.49364613880767E-06
1.81381381381385E-06
-5.94990176817301E-06
1.16344410876129E-05
-3.75473579262224E-06
-6.39763779527539E-06
-7.28796844181503E-07
5.42151162790712E-06
-3.76156941649897E-06
-5.41490433031201E-06
2.03707317073171E-06
5.82082082082094E-06
1.46490335707024E-06
6.431527093596E-06
-4.28709055876684E-06
2.66290983606564E-06
-1.36063936063931E-06
-8.96455938697315E-06
5.87448979591851E-06
-3.78528225806448E-06
9.1826171874998E-06
2.66794995187685E-06
-9.14271047227906E-06
4.52047952047964E-06
2.37911025145061E-06
-4.42222222222212E-06
-6.31984585741839E-07
5.49949238578686E-06
-5.91370558375614E-06
1.8268858800774E-06
4.72268041237103E-06
4.72268041237103E-06
dMdT Data
0
0
0
0
0
0
0
0
0
0
0
0
0
0
0
0
0
0
0
0
0
0
0
0
0
0
0
0
0
0
0
0
0
0
0
0
0
0
0
0
0
0
0
0
0
0
0
0
0
0
0
0
0
0
0
0
0
0
0
0
0
0
0
0
0
0
0
0
0
0
0
0
0
0
0
0
0
0
0
0
0
0
0
0
0
0
0
0
0
0
0
0
0
0
0
0
0
0
0
0
0
0
0
0
0
0
0
0
0
0
0
0
0
0
0
0
0
0
0
0
0
0
0
0
0
0
0
0
0
0
0
0
0
0
0
0
0
0
0
0
0
0
0
0
0
0
0
0
0
0
0
0
0
0
0
0
0
0
0
0
0
0
0
0
0
0
0
0
0
0
0
0
0
0
0
0
0
0
0
0
0
0
0
0
0
0
0
0
0
0
0
0
0
0
0
0
0
0
0
0
0
0
0
0
0
0
0
0
0
0
0
0
0
0
0
0
0
0
0
0
0
0
0
0
0
0
0
0
0
0
0
0
0
0
0
0
0
0
0
0
0
0
0
0
0
0
0
0
0
0
0
0
0
0
0
0
0
0
0
0
0
0
0
0
0
0
0
0
0
0
0
0
0
0
0
0
0
0
0
0
0
0
0
0
0
0
0
0
0
0
0
0
0
 
*********************************************** Results ***************************************
 
TotalArea 0
AreaFirstQuad 0
AreaSecondQuad 0
AreaThirdQuad 0
AreaFourthQuad 0
Coercivity 0
PositiveCoercivity 0
NegativeCoercivity 0
Retentivity 8.3985865619785E-05
PositiveRetentivity 3.00357585746415E-03
NegativeRetentivity 2.83560412622458E-03
Magnetization 0.00484781
PositiveMagnetization 0.00484781
NegativeMagnetization 0.00201959
Flatness -32.7628731370315
Squareness 1.73244961373868E-02
SStar 0
SFD1 0
SFD2 0
Slope 0
Intercept 0
SlopeAtHc 4.72268041237103E-06
dH1 20.7312785572226
dH2 73.7935
InitialSlope 2.0255833567613E-06
FieldAtHalfMs -275.434565102195
FieldAtMs 2370.02
MomentMean 3.8417338225256E-03
MomentRMS 8.19212122558609E-04
SFD3 0
dH3 41.4625571144452
UserField1 0
UserField2 0
CenterField 0
ExchangeField 0
ExchangeMoment 0
ExRegionOneIntercept 0
ExRegionOneSlope 0
ExRegionTwoIntercept 0
ExRegionTwoSlope 0
NegativeIntercept 0
NegativeSlope 0
AutoCenterOffset 0
PinningField 0
PinningMoment 0
PinRegionOneIntercept 0
PinRegionOneSlope 0
PinRegionTwoIntercept 0
PinRegionTwoSlope 0
PositiveIntercept 0
PositiveSlope 0
TotalOffset 0
BHMax 0
BCoercivity 0
BRetentivity 0
BNegativeCoercivity 0
BPositiveCoercivity 0
BNegativeRetentivity 0
BPositiveRetentivity 0
MomentYMean -7.00218317406143E-03
MomentYRMS 2.26864876423427E-04
YOffCorrection 0
Mrt 0
Ms1 0
Ms2 0
Ms3 0
Hc2 0
Hex2 0
HsatValue 0
HsatIntercept 0
HsatSlope 0
CenterH 0
Span .00282822
SpanAsPercentOfRange -53.362641509434
RMSAsPercentOfRange -15.4568325011058
SpanAsPercentOfMean 73.6183226286275
RMSAsPercentOfMean 21.3240208823226
