Version 1.25
******************************************** Units *******************************************
System CGS
TemperatureUnit K
MomentUnit emu
AppliedFieldUnit G
 
******************************************** Setup ********************************************
 
Experiment CustomField
Minor False
Acquisition Continuous
EditedPoint No
MaxField 15000
FieldIncrement 100
Points 293
MinField 0
RampRate 10
AverageTime 0.3
TimeInterval 0
TimeConstant 0.1
TimeConstantIndex 0
Sensitivity -0.0053
SensitivityIndex 5
SensitivityY -400
SensitivityIndexY 0
SaturationField 8000
ExperimentTime 100
Use735Domains True
AutoRangeEnabled False
NumberOfVertices 2
VertexPts
0
292
VertexField
-830.7435
2120.9691
StartAngle 0
EndAngle 0
AngleIncrement 0
StartTemp 0
FinishTemp 0
TempIncrement 0
TempPoints 0
LengthofSetPointsArray 293
SetPointArray
-830.74353
-820.63492
-810.52632
-800.41771
-790.30911
-780.2005
-770.0919
-759.98329
-749.87469
-739.76608
-729.65748
-719.54887
-709.44027
-699.33166
-689.22306
-679.11445
-669.00585
-658.89724
-648.78864
-638.68003
-628.57143
-618.46282
-608.35422
-598.24561
-588.13701
-578.0284
-567.9198
-557.81119
-547.70259
-537.59398
-527.48538
-517.37678
-507.26817
-497.15957
-487.05096
-476.94236
-466.83375
-456.72515
-446.61654
-436.50794
-426.39933
-416.29073
-406.18212
-396.07352
-385.96491
-375.85631
-365.7477
-355.6391
-345.53049
-335.42189
-325.31328
-315.20468
-305.09607
-294.98747
-284.87886
-274.77026
-264.66165
-254.55305
-244.44444
-234.33584
-224.22723
-214.11863
-204.01003
-193.90142
-183.79282
-173.68421
-163.57561
-153.467
-143.3584
-133.24979
-123.14119
-113.03258
-102.92398
-92.81537
-82.70677
-72.59816
-62.48956
-52.38095
-42.27235
-32.16374
-22.05514
-11.94653
-1.83793
8.27068
18.37928
28.48789
38.59649
48.7051
58.8137
68.92231
79.03091
89.13952
99.24812
109.35673
119.46533
129.57393
139.68254
149.79114
159.89975
170.00835
180.11696
190.22556
200.33417
210.44277
220.55138
230.65998
240.76859
250.87719
260.9858
271.0944
281.20301
291.31161
301.42022
311.52882
321.63743
331.74603
341.85464
351.96324
362.07185
372.18045
382.28906
392.39766
402.50627
412.61487
422.72348
432.83208
442.94069
453.04929
463.15789
473.2665
483.3751
493.48371
503.59231
513.70092
523.80952
533.91813
544.02673
554.13534
564.24394
574.35255
584.46115
594.56976
604.67836
614.78697
624.89557
635.00418
645.11278
655.22139
665.32999
675.4386
685.5472
695.65581
705.76441
715.87302
725.98162
736.09023
746.19883
756.30744
766.41604
776.52464
786.63325
796.74185
806.85046
816.95906
827.06767
837.17627
847.28488
857.39348
867.50209
877.61069
887.7193
897.8279
907.93651
918.04511
928.15372
938.26232
948.37093
958.47953
968.58814
978.69674
988.80535
998.91395
1009.02256
1019.13116
1029.23977
1039.34837
1049.45698
1059.56558
1069.67419
1079.78279
1089.8914
1100
1110.1086
1120.21721
1130.32581
1140.43442
1150.54302
1160.65163
1170.76023
1180.86884
1190.97744
1201.08605
1211.19465
1221.30326
1231.41186
1241.52047
1251.62907
1261.73768
1271.84628
1281.95489
1292.06349
1302.1721
1312.2807
1322.38931
1332.49791
1342.60652
1352.71512
1362.82373
1372.93233
1383.04094
1393.14954
1403.25815
1413.36675
1423.47536
1433.58396
1443.69256
1453.80117
1463.90977
1474.01838
1484.12698
1494.23559
1504.34419
1514.4528
1524.5614
1534.67001
1544.77861
1554.88722
1564.99582
1575.10443
1585.21303
1595.32164
1605.43024
1615.53885
1625.64745
1635.75606
1645.86466
1655.97327
1666.08187
1676.19048
1686.29908
1696.40769
1706.51629
1716.6249
1726.7335
1736.84211
1746.95071
1757.05931
1767.16792
1777.27652
1787.38513
1797.49373
1807.60234
1817.71094
1827.81955
1837.92815
1848.03676
1858.14536
1868.25397
1878.36257
1888.47118
1898.57978
1908.68839
1918.79699
1928.9056
1939.0142
1949.12281
1959.23141
1969.34002
1979.44862
1989.55723
1999.66583
2009.77444
2019.88304
2029.99165
2040.10025
2050.20886
2060.31746
2070.42607
2080.53467
2090.64327
2100.75188
2110.86048
2120.96909
FieldDomainFile C:\IDEASVSM\Default UserID\Experiments\FORCexp0192B\fdomain.ini
TempDomainFile C:\IDEASVSM\Default UserID\Experiments\FORCexp0192B\tdomain.ini
NumSelectedResults 0
ResultsSelected 
UserName1 
UserValue1 
UserName2 
UserValue2 
LinearBackgroundCorrection Off
MaxLinearFieldCorrection 
MinLinearFieldCorrection 
AutoLinearCorrection Off
FitOneRegion Off
BackgroundMode Off
BackgroundFilename 
AutoCenter Off
OffsetCorrection 
SmoothDeriv Off
DerivOrder 0
DerivPoints 0
MinExFieldOne 
MaxExFieldOne 
MinExFieldTwo 
MaxExFieldTwo 
MinPinFieldOne 
MaxPinFieldOne 
MinPinFieldTwo 
MaxPinFieldTwo 
HCenterStart 
Mass 
Volume 
Density 
MolarWeight 
NumberOfMoles 
Demagnetization 
SampleArea 
Thickness 
MomentScaling 0
XAxis 0
YAxis 0
SimpleSpinValve False
HsatMax 0
HsatMin 0
FieldAutoRange False
 
*************************************************** Experiment Data ********************************************
 
DataPoints 293
MomentX Data
-0.00073923
-0.000740737
-0.000674862
-0.000711299
-0.00074215
-0.000638237
-0.000654837
-0.000619617
-0.000631965
-0.000619731
-0.000585743
-0.000541796
-0.000569992
-0.000524691
-0.000539046
-0.000481772
-0.000478132
-0.000487767
-0.000441642
-0.000430494
-0.000415127
-0.00042258
-0.000367761
-0.000387508
-0.000361261
-0.000350824
-0.000339188
-0.000306875
-0.000298895
-0.000296695
-0.00025798
-0.000277429
-0.000247454
-0.000233437
-0.00020378
-0.000205098
-0.000175431
-0.00017012
-0.000119
-0.00012678
-0.000120216
-0.000055145
-0.000102992
-0.0000743386
-0.000078781
-0.0000141238
-0.000000609943
0.0000546846
-0.00000453576
0.0000387005
0.0000653511
0.0000835321
0.000117066
0.00012603
0.000100256
0.000112415
0.0000971071
0.000159444
0.000168532
0.000205532
0.000201562
0.000210777
0.000244787
0.000274841
0.000271829
0.000360876
0.000331862
0.00030651
0.000335021
0.000371221
0.000366086
0.000361436
0.000409181
0.000392839
0.000444178
0.000450675
0.000459243
0.000479024
0.000495116
0.000496413
0.000512614
0.000557359
0.000574721
0.000577759
0.000579792
0.000646182
0.000641581
0.000636247
0.000675577
0.000682253
0.000693084
0.000696069
0.000729958
0.000759696
0.000768584
0.000775399
0.000762028
0.000819371
0.000837437
0.000861243
0.000887232
0.000897666
0.000952839
0.00094396
0.00098356
0.000947857
0.00101972
0.00100158
0.00101395
0.00109518
0.00110204
0.00107686
0.0011065
0.00113736
0.00115189
0.00120108
0.00125002
0.0012571
0.0012842
0.00129666
0.0012511
0.00136644
0.00138152
0.00140161
0.00132399
0.00138114
0.00142246
0.00144678
0.00150613
0.00153732
0.00154724
0.00160259
0.00159924
0.00161941
0.00167654
0.00164974
0.00174786
0.00182158
0.00183954
0.00188269
0.00192051
0.00191891
0.00202071
0.00207874
0.00200512
0.00209827
0.00216158
0.00223575
0.00229433
0.00231648
0.00238141
0.00244989
0.00257025
0.00256844
0.00262817
0.00263255
0.00264913
0.00271165
0.00279678
0.00284438
0.00293248
0.00297863
0.00304585
0.00307101
0.00315762
0.00327471
0.00325535
0.00337535
0.00336361
0.00336139
0.00336272
0.00348378
0.00349225
0.00355485
0.00358799
0.00362772
0.0037417
0.00373016
0.00373018
0.00379198
0.0038318
0.0038167
0.0038765
0.00383261
0.00392712
0.00390529
0.00393329
0.00396018
0.00402565
0.00400797
0.00395504
0.00401416
0.00411763
0.00408883
0.00400035
0.00406225
0.00415045
0.0041053
0.00419087
0.00419243
0.00414551
0.00409351
0.00413472
0.00410644
0.00416441
0.0042314
0.00421059
0.00426332
0.00425837
0.0043146
0.00426758
0.00426607
0.00429589
0.0042765
0.00436899
0.00432684
0.0042936
0.00439177
0.00433889
0.00426081
0.00436493
0.0044016
0.00440257
0.004381
0.00433074
0.00434961
0.00443513
0.00434356
0.00445363
0.00440491
0.00441334
0.00443367
0.00450286
0.00443837
0.00440557
0.00441398
0.0044541
0.00450427
0.00448321
0.00444964
0.00449793
0.00452015
0.00449978
0.00456035
0.00451839
0.00455494
0.00454484
0.00454293
0.00452464
0.00460716
0.00457362
0.00453648
0.00455212
0.00455225
0.00458953
0.00462486
0.00460947
0.00457389
0.00454623
0.00460882
0.00457001
0.00459755
0.00462077
0.00460187
0.00454035
0.00456771
0.0046197
0.00460373
0.00457536
0.00460233
0.0046102
0.00462928
0.00464808
0.0045905
0.00467173
0.00463758
0.0046071
0.0045943
0.0046495
0.00468877
0.00464795
0.00459894
0.00460462
0.00469906
0.00461526
0.00468026
0.00465346
0.00467818
0.00470007
0.00475576
0.00473292
0.00475547
0.00469264
MomentY Data
-0.00677109
-0.00632604
-0.00648499
-0.00667572
-0.00623067
-0.00626246
-0.00629425
-0.00632604
-0.00642141
-0.00619888
-0.00651677
-0.00661214
-0.00661214
-0.00635783
-0.00642141
-0.0067393
-0.00648499
-0.00670751
-0.00689824
-0.00635783
-0.00664393
-0.0067393
-0.00661214
-0.00686646
-0.00664393
-0.00629425
-0.00626246
-0.00661214
-0.00667572
-0.00654856
-0.00667572
-0.00680288
-0.00626246
-0.00635783
-0.0064532
-0.00632604
-0.00661214
-0.00685056
-0.00661214
-0.00654856
-0.00632604
-0.0064532
-0.00664393
-0.00683467
-0.0064532
-0.0067393
-0.00667572
-0.00677109
-0.00661214
-0.0064532
-0.0064532
-0.00683467
-0.00619888
-0.00651677
-0.0067234
-0.0067393
-0.00680288
-0.00661214
-0.0070413
-0.00656446
-0.00661214
-0.00667572
-0.00683467
-0.00667572
-0.00664393
-0.00686646
-0.00680288
-0.00667572
-0.00658035
-0.00635783
-0.00680288
-0.00648499
-0.0067393
-0.00632604
-0.0064532
-0.00607173
-0.00658035
-0.00658035
-0.00664393
-0.00696182
-0.00689824
-0.00651677
-0.00680288
-0.00670751
-0.00635783
-0.00667572
-0.00683467
-0.00658035
-0.00658035
-0.0067393
-0.00658035
-0.00651677
-0.00651677
-0.00648499
-0.00667572
-0.00635783
-0.00677109
-0.00661214
-0.00651677
-0.00667572
-0.00715256
-0.00658035
-0.00635783
-0.00642141
-0.00632604
-0.00648499
-0.00664393
-0.00670751
-0.00664393
-0.00670751
-0.00667572
-0.00648499
-0.00662804
-0.00700951
-0.00677109
-0.00651677
-0.0067393
-0.00670751
-0.00683467
-0.00670751
-0.00648499
-0.00699361
-0.00664393
-0.00635783
-0.00680288
-0.00664393
-0.00699361
-0.0070413
-0.00664393
-0.00648499
-0.00664393
-0.00635783
-0.00664393
-0.00635783
-0.00651677
-0.00665983
-0.0064532
-0.00693003
-0.00658035
-0.0067393
-0.0064532
-0.00661214
-0.00696182
-0.0070413
-0.00667572
-0.00693003
-0.00654856
-0.00683467
-0.0064532
-0.00680288
-0.00661214
-0.00651677
-0.00693003
-0.00726382
-0.00683467
-0.00686646
-0.00648499
-0.00694593
-0.0070254
-0.00700951
-0.00680288
-0.00683467
-0.00677109
-0.00688235
-0.00699361
-0.00680288
-0.00689824
-0.00694593
-0.00670751
-0.0067393
-0.0067393
-0.00683467
-0.00720024
-0.00683467
-0.00683467
-0.00700951
-0.00686646
-0.00694593
-0.00724792
-0.0067393
-0.00688235
-0.00638962
-0.00697772
-0.00689824
-0.00651677
-0.00715256
-0.00686646
-0.00720024
-0.00700951
-0.00724792
-0.00694593
-0.00729561
-0.00697772
-0.00683467
-0.00667572
-0.00715256
-0.00670751
-0.00694593
-0.00670751
-0.00680288
-0.00686646
-0.0070413
-0.00705719
-0.00737508
-0.0073115
-0.00715256
-0.00697772
-0.00693003
-0.00710487
-0.00688235
-0.00699361
-0.00685056
-0.00715256
-0.00689824
-0.00729561
-0.00685056
-0.0070413
-0.00721614
-0.00693003
-0.00699361
-0.00735919
-0.00708898
-0.00699361
-0.00708898
-0.00726382
-0.00715256
-0.00737508
-0.00699361
-0.00699361
-0.00693003
-0.00699361
-0.00715256
-0.00680288
-0.0067393
-0.0067393
-0.00654856
-0.00683467
-0.00683467
-0.00694593
-0.00726382
-0.00710487
-0.00678698
-0.00734329
-0.00715256
-0.00683467
-0.00724792
-0.00688235
-0.0073115
-0.00708898
-0.00693003
-0.00683467
-0.00683467
-0.00716845
-0.00670751
-0.00713666
-0.0067393
-0.00664393
-0.0070413
-0.00685056
-0.00693003
-0.00708898
-0.00715256
-0.00715256
-0.00715256
-0.00694593
-0.00693003
-0.00708898
-0.00683467
-0.00705719
-0.00712077
-0.00700951
-0.00720024
-0.00720024
-0.00724792
-0.00708898
-0.00661214
-0.00696182
-0.0067393
-0.00686646
-0.00699361
-0.00694593
-0.00708898
-0.00720024
-0.00694593
-0.00715256
-0.0070254
-0.00683467
-0.00689824
-0.00710487
-0.00693003
-0.0067393
-0.00720024
-0.00661214
Field Data
-830.438
-825.198
-815.713
-805.716
-795.702
-785.176
-775.29
-765.296
-755.035
-744.939
-735.043
-724.917
-714.41
-704.661
-694.243
-684.371
-674.554
-663.926
-654.246
-644.134
-633.723
-623.902
-613.968
-603.742
-593.578
-583.603
-573.697
-563.172
-553.311
-543.171
-533.02
-523.104
-512.833
-502.906
-492.973
-482.759
-472.649
-462.641
-452.641
-442.276
-432.375
-422.467
-412.089
-402.106
-392.126
-381.94
-371.928
-361.626
-351.849
-341.427
-331.389
-321.396
-311.468
-301.313
-290.997
-281.138
-271.349
-260.944
-250.805
-240.907
-230.851
-220.382
-210.592
-200.298
-190.367
-180.569
-169.895
-160.051
-150.443
-139.867
-129.902
-119.999
-109.89
-99.5575
-89.7677
-79.7995
-69.3338
-59.3454
-49.3948
-39.0906
-29.3321
-18.8567
-8.94856
0.902171
11.1355
21.0204
31.0995
41.5777
51.759
61.3415
71.4988
81.819
91.8525
101.735
112.124
122.001
132.344
142.156
152.111
162.327
172.529
182.427
192.424
202.867
212.742
222.509
233.072
242.831
252.875
262.952
273.339
283.36
293.35
303.291
313.25
323.573
333.663
343.744
353.737
363.719
374.196
384.067
394.164
404.162
414.071
424.605
434.346
444.127
454.723
464.726
474.537
485.039
494.616
505.066
514.97
525.042
535.236
545.277
555.461
565.353
575.349
585.65
595.708
605.574
615.655
626.104
635.931
645.766
656.181
666.161
676.267
686.437
696.29
706.571
716.605
726.406
736.766
746.851
756.774
766.781
777.223
787.004
796.973
807.48
817.228
827.654
837.516
847.376
857.829
867.664
877.549
887.681
898.074
907.983
917.887
928.321
938.178
948.151
958.425
968.453
978.808
988.338
998.765
1008.84
1018.96
1028.76
1038.77
1049.32
1059.15
1069.01
1079.38
1089.36
1099.29
1109.49
1119.65
1129.79
1139.42
1149.94
1159.81
1170.05
1180.01
1189.9
1200.33
1210.23
1220.2
1230.47
1240.57
1250.5
1260.53
1270.85
1280.73
1290.94
1300.91
1310.89
1321.33
1331.21
1340.97
1351.35
1361.44
1371.3
1381.5
1391.69
1401.52
1411.68
1422.03
1431.9
1442.21
1451.99
1462.04
1472.23
1482.26
1492.24
1502.46
1512.66
1522.41
1532.51
1542.9
1552.81
1562.72
1573.19
1583.01
1592.89
1603.25
1613.32
1623.62
1633.32
1643.34
1653.64
1663.62
1673.56
1683.58
1693.68
1703.77
1713.8
1724.11
1734.18
1744.03
1754.08
1764.4
1774.54
1784.49
1794.43
1804.44
1814.95
1824.77
1834.56
1845.15
1855.08
1865.07
1875.17
1885.04
1895.36
1905.27
1915.6
1925.54
1935.32
1945.75
1955.83
1965.61
1975.73
1986.11
1996.07
2005.95
2016.2
2026.21
2036.3
2046.55
2056.57
2066.75
2076.61
2086.47
2096.82
2106.92
Time Data
0
0.3
0.6
0.9
1.2
1.5
1.8
2.1
2.4
2.7
3
3.3
3.6
3.9
4.2
4.5
4.8
5.1
5.4
5.7
6
6.3
6.6
6.9
7.2
7.5
7.8
8.1
8.4
8.7
9
9.3
9.6
9.9
10.2
10.5
10.8
11.1
11.4
11.7
12
12.3
12.6
12.9
13.2
13.5
13.8
14.1
14.4
14.7
15
15.3
15.6
15.9
16.2
16.5
16.8
17.1
17.4
17.7
18
18.3
18.6
18.9
19.2
19.5
19.8
20.1
20.4
20.7
21
21.3
21.6
21.9
22.2
22.5
22.8
23.1
23.4
23.7
24
24.3
24.6
24.9
25.2
25.5
25.8
26.1
26.4
26.7
27
27.3
27.6
27.9
28.2
28.5
28.8
29.1
29.4
29.7
30.0000000000001
30.3000000000001
30.6000000000001
30.9000000000001
31.2000000000001
31.5000000000001
31.8000000000001
32.1000000000001
32.4
32.7
33
33.3
33.6
33.9
34.2
34.5
34.8
35.1
35.4
35.7
36
36.3
36.6
36.9
37.2
37.5
37.8
38.1
38.4
38.7
39
39.3
39.6
39.9
40.2
40.5
40.8
41.1
41.4
41.7
42
42.3
42.6
42.8999999999999
43.1999999999999
43.4999999999999
43.7999999999999
44.0999999999999
44.3999999999999
44.6999999999999
44.9999999999999
45.2999999999999
45.5999999999999
45.8999999999999
46.1999999999999
46.4999999999999
46.7999999999999
47.0999999999999
47.3999999999999
47.6999999999999
47.9999999999999
48.2999999999999
48.5999999999999
48.8999999999999
49.1999999999999
49.4999999999999
49.7999999999999
50.0999999999999
50.3999999999999
50.6999999999999
50.9999999999999
51.2999999999999
51.5999999999999
51.8999999999999
52.1999999999999
52.4999999999999
52.7999999999999
53.0999999999999
53.3999999999998
53.6999999999998
53.9999999999998
54.2999999999998
54.5999999999998
54.8999999999998
55.1999999999998
55.4999999999998
55.7999999999998
56.0999999999998
56.3999999999998
56.6999999999998
56.9999999999998
57.2999999999998
57.5999999999998
57.8999999999998
58.1999999999998
58.4999999999998
58.7999999999998
59.0999999999998
59.3999999999998
59.6999999999998
59.9999999999998
60.2999999999998
60.5999999999998
60.8999999999998
61.1999999999998
61.4999999999998
61.7999999999998
62.0999999999998
62.3999999999998
62.6999999999998
62.9999999999998
63.2999999999998
63.5999999999998
63.8999999999998
64.1999999999997
64.4999999999997
64.7999999999997
65.0999999999997
65.3999999999997
65.6999999999997
65.9999999999997
66.2999999999997
66.5999999999997
66.8999999999997
67.1999999999997
67.4999999999997
67.7999999999997
68.0999999999997
68.3999999999997
68.6999999999997
68.9999999999997
69.2999999999997
69.5999999999997
69.8999999999997
70.1999999999997
70.4999999999997
70.7999999999997
71.0999999999997
71.3999999999997
71.6999999999997
71.9999999999997
72.2999999999997
72.5999999999997
72.8999999999997
73.1999999999997
73.4999999999997
73.7999999999997
74.0999999999997
74.3999999999997
74.6999999999996
74.9999999999996
75.2999999999996
75.5999999999996
75.8999999999996
76.1999999999996
76.4999999999996
76.7999999999996
77.0999999999996
77.3999999999996
77.6999999999996
77.9999999999996
78.2999999999996
78.5999999999996
78.8999999999996
79.1999999999996
79.4999999999996
79.7999999999996
80.0999999999996
80.3999999999996
80.6999999999996
80.9999999999996
81.2999999999996
81.5999999999996
81.8999999999996
82.1999999999996
82.4999999999996
82.7999999999996
83.0999999999996
83.3999999999996
83.6999999999996
83.9999999999996
84.2999999999996
84.5999999999996
84.8999999999996
85.1999999999995
85.4999999999995
85.7999999999995
86.0999999999995
86.3999999999995
86.6999999999995
86.9999999999995
87.2999999999995
87.5999999999995
Temperature Data
0
0
0
0
0
0
0
0
0
0
0
0
0
0
0
0
0
0
0
0
0
0
0
0
0
0
0
0
0
0
0
0
0
0
0
0
0
0
0
0
0
0
0
0
0
0
0
0
0
0
0
0
0
0
0
0
0
0
0
0
0
0
0
0
0
0
0
0
0
0
0
0
0
0
0
0
0
0
0
0
0
0
0
0
0
0
0
0
0
0
0
0
0
0
0
0
0
0
0
0
0
0
0
0
0
0
0
0
0
0
0
0
0
0
0
0
0
0
0
0
0
0
0
0
0
0
0
0
0
0
0
0
0
0
0
0
0
0
0
0
0
0
0
0
0
0
0
0
0
0
0
0
0
0
0
0
0
0
0
0
0
0
0
0
0
0
0
0
0
0
0
0
0
0
0
0
0
0
0
0
0
0
0
0
0
0
0
0
0
0
0
0
0
0
0
0
0
0
0
0
0
0
0
0
0
0
0
0
0
0
0
0
0
0
0
0
0
0
0
0
0
0
0
0
0
0
0
0
0
0
0
0
0
0
0
0
0
0
0
0
0
0
0
0
0
0
0
0
0
0
0
0
0
0
0
0
0
0
0
0
0
0
0
0
0
0
0
0
0
0
0
0
0
0
0
0
0
0
0
0
0
0
0
0
0
0
0
0
0
0
0
0
0
Angle Data
0
0
0
0
0
0
0
0
0
0
0
0
0
0
0
0
0
0
0
0
0
0
0
0
0
0
0
0
0
0
0
0
0
0
0
0
0
0
0
0
0
0
0
0
0
0
0
0
0
0
0
0
0
0
0
0
0
0
0
0
0
0
0
0
0
0
0
0
0
0
0
0
0
0
0
0
0
0
0
0
0
0
0
0
0
0
0
0
0
0
0
0
0
0
0
0
0
0
0
0
0
0
0
0
0
0
0
0
0
0
0
0
0
0
0
0
0
0
0
0
0
0
0
0
0
0
0
0
0
0
0
0
0
0
0
0
0
0
0
0
0
0
0
0
0
0
0
0
0
0
0
0
0
0
0
0
0
0
0
0
0
0
0
0
0
0
0
0
0
0
0
0
0
0
0
0
0
0
0
0
0
0
0
0
0
0
0
0
0
0
0
0
0
0
0
0
0
0
0
0
0
0
0
0
0
0
0
0
0
0
0
0
0
0
0
0
0
0
0
0
0
0
0
0
0
0
0
0
0
0
0
0
0
0
0
0
0
0
0
0
0
0
0
0
0
0
0
0
0
0
0
0
0
0
0
0
0
0
0
0
0
0
0
0
0
0
0
0
0
0
0
0
0
0
0
0
0
0
0
0
0
0
0
0
0
0
0
0
0
0
0
0
0
Bx Data
0
0
0
0
0
0
0
0
0
0
0
0
0
0
0
0
0
0
0
0
0
0
0
0
0
0
0
0
0
0
0
0
0
0
0
0
0
0
0
0
0
0
0
0
0
0
0
0
0
0
0
0
0
0
0
0
0
0
0
0
0
0
0
0
0
0
0
0
0
0
0
0
0
0
0
0
0
0
0
0
0
0
0
0
0
0
0
0
0
0
0
0
0
0
0
0
0
0
0
0
0
0
0
0
0
0
0
0
0
0
0
0
0
0
0
0
0
0
0
0
0
0
0
0
0
0
0
0
0
0
0
0
0
0
0
0
0
0
0
0
0
0
0
0
0
0
0
0
0
0
0
0
0
0
0
0
0
0
0
0
0
0
0
0
0
0
0
0
0
0
0
0
0
0
0
0
0
0
0
0
0
0
0
0
0
0
0
0
0
0
0
0
0
0
0
0
0
0
0
0
0
0
0
0
0
0
0
0
0
0
0
0
0
0
0
0
0
0
0
0
0
0
0
0
0
0
0
0
0
0
0
0
0
0
0
0
0
0
0
0
0
0
0
0
0
0
0
0
0
0
0
0
0
0
0
0
0
0
0
0
0
0
0
0
0
0
0
0
0
0
0
0
0
0
0
0
0
0
0
0
0
0
0
0
0
0
0
0
0
0
0
0
0
Hint Data
0
0
0
0
0
0
0
0
0
0
0
0
0
0
0
0
0
0
0
0
0
0
0
0
0
0
0
0
0
0
0
0
0
0
0
0
0
0
0
0
0
0
0
0
0
0
0
0
0
0
0
0
0
0
0
0
0
0
0
0
0
0
0
0
0
0
0
0
0
0
0
0
0
0
0
0
0
0
0
0
0
0
0
0
0
0
0
0
0
0
0
0
0
0
0
0
0
0
0
0
0
0
0
0
0
0
0
0
0
0
0
0
0
0
0
0
0
0
0
0
0
0
0
0
0
0
0
0
0
0
0
0
0
0
0
0
0
0
0
0
0
0
0
0
0
0
0
0
0
0
0
0
0
0
0
0
0
0
0
0
0
0
0
0
0
0
0
0
0
0
0
0
0
0
0
0
0
0
0
0
0
0
0
0
0
0
0
0
0
0
0
0
0
0
0
0
0
0
0
0
0
0
0
0
0
0
0
0
0
0
0
0
0
0
0
0
0
0
0
0
0
0
0
0
0
0
0
0
0
0
0
0
0
0
0
0
0
0
0
0
0
0
0
0
0
0
0
0
0
0
0
0
0
0
0
0
0
0
0
0
0
0
0
0
0
0
0
0
0
0
0
0
0
0
0
0
0
0
0
0
0
0
0
0
0
0
0
0
0
0
0
0
0
Torque Data
5.62297043742
5.22023555592
5.28989064787
5.37873441552
4.95775658034
4.91713329296
4.8798690825
4.84129310784
4.84838929935
4.61778746832
4.79010617111
4.79325269238
4.7237789374
4.48011484563
4.45801894263
4.6121814803
4.37447594446
4.45329028426
4.51314592704
4.09529446922
4.21041125139
4.2046627486
4.05964237152
4.14557029332
3.94369068154
3.67334318275
3.59275451462
3.72377210808
3.69374930892
3.55698788376
3.5582922744
3.55861373952
3.21159614918
3.19739085398
3.1812533636
3.05395274436
3.12522135886
3.16934992896
2.99292566174
2.89627092256
2.735221545
2.7262640444
2.73789046977
2.74826181502
2.5304675032
2.574008242
2.48288718816
2.44860219234
2.32647484686
2.2032967164
2.1385194948
2.19663559932
1.93075275584
1.96358751901
1.9564892298
1.8946733234
1.84595468512
1.72539826016
1.7659932465
1.58142436522
1.52641913114
1.47120852504
1.43932682464
1.33713336456
1.26478502231
1.23986981574
1.1557752976
1.06845566172
0.98996759505
0.88925060861
0.88370771776
0.77819231501
0.740581677
0.6298047273
0.57928892164
0.484521018135
0.45624067083
0.39051350289
0.328175593564
0.272141720892
0.202339865504
0.122884776859
0.0608759798528
-0.00605132100421
-0.070797615965
-0.140326304688
-0.212554819665
-0.273595818195
-0.34059233565
-0.41339877095
-0.47048712858
-0.53319560463
-0.598581616425
-0.65975045765
-0.74850842928
-0.77566161783
-0.89611313496
-0.93995537384
-0.99127240147
-1.08364960044
-1.23402402424
-1.20043350945
-1.22339907992
-1.30269218247
-1.34581440168
-1.44296863991
-1.54851405296
-1.62879136081
-1.68008379875
-1.76375316952
-1.82473462908
-1.8375867664
-1.944335534
-2.12592129741
-2.1210439425
-2.10865081921
-2.2486550559
-2.30566631744
-2.41767566179
-2.43964882969
-2.42665731804
-2.68601481187
-2.61879802452
-2.56959328846
-2.81687532448
-2.82104589765
-3.03764652906
-3.1272314451
-3.02114778139
-3.01374346274
-3.15279061041
-3.08379550537
-3.28619408088
-3.21112376678
-3.3559410469
-3.49669046286
-3.4539849552
-3.77878596831
-3.65512779135
-3.8100834729
-3.7128421668
-3.872399791
-4.14721186856
-4.2640282062
-4.1099403966
-4.33891950312
-4.16443230936
-4.41359750722
-4.2344672292
-4.53181334368
-4.47157208138
-4.47335204849
-4.8253105887
-5.13240456122
-4.89775869535
-4.98783774276
-4.77792014234
-5.18757476643
-5.3166400596
-5.37475908731
-5.28735480224
-5.37891262868
-5.39637591057
-5.557359978
-5.71537391308
-5.63043084352
-5.77738637184
-5.88581437968
-5.75389659579
-5.8474479952
-5.9140659757
-6.06700670027
-6.46634833776
-6.20576417061
-6.27345474229
-6.50707533271
-6.44196170988
-6.58579047543
-6.946587726
-6.5266953029
-6.7364992388
-6.31510425156
-6.9691025158
-6.9592204416
-6.6403279592
-7.3582676256
-7.1326726542
-7.5553558368
-7.4241225165
-7.7480989592
-7.4972979234
-7.9475457096
-7.6705378188
-7.5829980183
-7.474469898
-8.0808907624
-7.6426710442
-7.9874027442
-7.7794371731
-7.959709744
-8.1024914646
-8.37844287
-8.4709568727
-8.9255430684
-8.9214923
-8.8010105032
-8.6563501004
-8.666002515
-8.9559017811
-8.7464344975
-8.9569261353
-8.8436619264
-9.3048368296
-9.0428338336
-9.6399083613
-9.1195339776
-9.442172061
-9.751530789
-9.4348200432
-9.590337393
-10.166720985
-9.8656625762
-9.8016842872
-10.0073712864
-10.3293699546
-10.241750664
-10.6364141268
-10.1546517839
-10.2249375644
-10.2025980669
-10.3663483586
-10.6733361344
-10.2210550848
-10.194269538
-10.259977713
-10.0357336856
-10.545212343
-10.6129439227
-10.8545437296
-11.4273689858
-11.2470802587
-10.8109125722
-11.7731296925
-11.5393680992
-11.0969069054
-11.8381726944
-11.310041049
-12.09058886
-11.7933689076
-11.5978210068
-11.5067137186
-11.5757438856
-12.2133900565
-11.495330638
-12.3043868726
-11.687159274
-11.5872132379
-12.351003504
-12.087128064
-12.2976154362
-12.6502139202
-12.8347682408
-12.9063653664
-12.981538772
-12.6747246861
-12.7135558368
-13.080231447
-12.6788596236
-13.1621533533
-13.3526542809
-13.2132067304
-13.6470468864
-13.7184012648
-13.884115552
-13.6501145492
-12.7966067848
-13.545961265
-13.180925119
-13.4967824406
-13.8174850853
-13.7953810323
-14.1501003086
-14.443321428
-14.004384066
-14.4925885976
-14.30582202
-13.9874938885
-14.1867134368
-14.6839900725
-14.3909695983
-14.061347271
-15.0976072368
-13.9312500088
dMdH Data
-2.87595419847325E-07
6.94517659462308E-06
-3.64479343803142E-06
-3.08078689834232E-06
9.87203116093487E-06
-1.67914222132307E-06
3.52411446868124E-06
-1.20339148231165E-06
1.21176703645008E-06
3.43451899757479E-06
4.34001580090856E-06
-2.68354430379745E-06
4.64673299825622E-06
-1.37790362833558E-06
5.80166126418148E-06
3.70785372313335E-07
-9.06567557395567E-07
4.76497933884294E-06
1.10245253164557E-06
1.47603496301988E-06
-7.58884024030145E-07
5.51832091805915E-06
-1.93105808722864E-06
2.58234946871311E-06
1.04631578947368E-06
1.17464163133455E-06
3.07011876484561E-06
8.092485549133E-07
2.16962524654833E-07
3.81390995960986E-06
-1.96137555465915E-06
2.91841106026675E-06
1.41200765588799E-06
2.98570421826236E-06
-1.2903857450558E-07
2.93442136498516E-06
5.30675459632296E-07
0.000005112
-7.50602990834538E-07
6.62963337036662E-07
6.56752119499393E-06
-4.61042590094431E-06
2.87021937293399E-06
-4.45130260521042E-07
6.34765364225409E-06
1.34976598082301E-06
5.36736002717918E-06
-6.05710954280455E-06
4.14855689886779E-06
2.65497110978282E-06
1.81937356149305E-06
3.37770950846092E-06
8.8271787296898E-07
-2.49844901124468E-06
1.23328938026169E-06
-1.56378588211258E-06
5.99105237866412E-06
8.9634086201795E-07
3.73812891493231E-06
-3.94789180588703E-07
8.80217785843921E-07
3.47395301327886E-06
2.91956479502623E-06
-3.03292719766387E-07
9.08828332312716E-06
-2.71819374180252E-06
-2.57537586347013E-06
2.9674229808493E-06
3.42284417549167E-06
-5.15303562468637E-07
-4.69554680399882E-07
4.72301909189831E-06
-1.58161142027583E-06
5.24413164722466E-06
6.51772636985614E-07
8.18674336164808E-07
1.98039726082255E-06
1.61718891323136E-06
1.25871004056602E-07
1.66019367730696E-06
4.2714359356206E-06
1.75229659653578E-06
3.08403508328459E-07
1.98664579239075E-07
6.71630466671388E-06
-4.56489170660081E-07
-5.09056899085717E-07
3.86296445444098E-06
6.96686668405943E-07
1.0663266813031E-06
2.89238580647667E-07
3.37758508994867E-06
3.00915760182141E-06
8.55520261815379E-07
6.89986838108734E-07
-1.29275838731509E-06
5.84417040358744E-06
1.81476644902059E-06
2.33026624902114E-06
2.54744167810233E-06
1.05415235401091E-06
5.51895568670601E-06
-8.50234606913728E-07
4.01012658227849E-06
-3.65547250947068E-06
6.8032755845877E-06
-1.85879700789016E-06
1.231581043409E-06
8.06093083258907E-06
6.60440935785118E-07
-2.51272328110967E-06
2.96696696696697E-06
3.10431546122121E-06
1.45898182548449E-06
4.76508766831348E-06
4.8503468780971E-06
7.02311278642993E-07
2.7118983288302E-06
1.24824684431977E-06
-4.34857306480862E-06
1.16847330564279E-05
1.49351292463108E-06
2.00940188037607E-06
-7.83328287415477E-06
5.42528953863682E-06
4.241864284981E-06
2.48645332788058E-06
5.60117025292564E-06
3.11806458062581E-06
1.01110997859546E-06
5.27042468101314E-06
-3.49796387177619E-07
1.93014354066985E-06
5.76837641357025E-06
-2.66084193804607E-06
9.62526976652936E-06
7.34189821730899E-06
1.76355066771407E-06
4.36211079660335E-06
3.78351340536211E-06
-1.55324725754786E-07
1.01212964804136E-05
5.8818163389418E-06
-7.3028469397877E-06
8.9147286821705E-06
6.44245446219599E-06
7.54143365531269E-06
5.6245799327892E-06
2.21943887775556E-06
6.42489610132587E-06
6.7335299901672E-06
1.22155688622755E-05
-1.76052913140753E-07
5.9527606139127E-06
4.46893174165906E-07
1.6003861003861E-06
6.19930589985124E-06
8.57905875239344E-06
4.75667033076849E-06
8.43708101896186E-06
4.718331458951E-06
6.74290299929789E-06
2.39459408013702E-06
8.8848994665573E-06
1.12305774026472E-05
-1.96309065098358E-06
1.21703853955375E-05
-1.12312254855067E-06
-2.25724453482442E-07
1.34547293879606E-07
1.19482826687721E-05
8.14971615510447E-07
6.31748915127661E-06
3.34612277867529E-06
3.80774391412686E-06
1.15633559906666E-05
-1.15712423543568E-06
1.94666147555784E-09
6.16274431591541E-06
3.84548527281505E-06
-1.58447009443858E-06
5.73511077011604E-06
-4.3563275434243E-06
9.3389328063241E-06
-2.22755102040818E-06
2.79720279720278E-06
2.54881516587678E-06
6.66022380467951E-06
-1.79310344827596E-06
-5.10414657666336E-06
5.92384769539092E-06
1.04199395770392E-05
-2.82352941176468E-06
-8.70866141732278E-06
6.10453648915196E-06
9.1588785046728E-06
-4.29182509505703E-06
8.66970618034458E-06
1.52343749999942E-07
-4.71084337349394E-06
-5.25783619817992E-06
3.95110258868653E-06
-2.85656565656557E-06
5.81444332998996E-06
6.52288218110998E-06
-2.06039603960394E-06
5.31017119838868E-06
-4.93519441674986E-07
5.44864341085275E-06
-4.75910931174084E-06
-1.47894221351587E-07
2.99097291875625E-06
-1.9428857715431E-06
8.85919540229897E-06
-4.26619433198371E-06
-3.40573770491807E-06
9.45761078998083E-06
-5.24083250743302E-06
-7.91886409736311E-06
1.02078431372549E-05
3.59862610402353E-06
9.86775178025891E-08
-2.12303149606292E-06
-4.85603864734311E-06
1.91185410334351E-06
8.29485935984481E-06
-9.3629856850716E-06
1.09522388059702E-05
-4.7811579980373E-06
8.40478564307105E-07
2.03707414829657E-06
6.77005870841488E-06
-6.32254901960785E-06
-3.36410256410251E-06
8.3267326732669E-07
3.86140519730509E-06
5.06256306760859E-06
-2.12512613521701E-06
-3.20630372492829E-06
4.91751527494906E-06
2.24898785425098E-06
-1.9662162162162E-06
6.01489572989083E-06
-4.07378640776707E-06
3.76804123711345E-06
-1.0079840319362E-06
-1.85436893203874E-07
-1.83266533066134E-06
8.3018108651911E-06
-3.34730538922159E-06
-3.6772277227722E-06
1.55004955401388E-06
1.29611166500594E-08
3.61590688651794E-06
3.50844091360472E-06
-1.56243654822333E-06
-3.54029850746274E-06
-2.68023255813946E-06
6.17258382643001E-06
-3.90050251256273E-06
2.77062374245466E-06
2.31968031968032E-06
-1.79828734538532E-06
-6.26476578411407E-06
2.79468845760979E-06
4.90934844192628E-06
-1.60825780463242E-06
-2.8398398398399E-06
2.67029702970296E-06
7.97365754812582E-07
1.84883720930237E-06
1.89707366296662E-06
-5.57405614714426E-06
8.17203219315889E-06
-3.49182004089982E-06
-2.92233940556081E-06
-1.26984126984131E-06
5.64417177914112E-06
3.88043478260866E-06
-3.93256262042398E-06
-4.92068273092363E-06
5.74898785425104E-07
9.21365853658531E-06
-8.37162837162831E-06
6.44202180376615E-06
-2.61463414634151E-06
2.4670658682634E-06
2.15029469548138E-06
5.64807302231236E-06
-2.31643002028411E-06
2.17874396135263E-06
-6.22079207920805E-06
-6.22079207920805E-06
dMdT Data
0
0
0
0
0
0
0
0
0
0
0
0
0
0
0
0
0
0
0
0
0
0
0
0
0
0
0
0
0
0
0
0
0
0
0
0
0
0
0
0
0
0
0
0
0
0
0
0
0
0
0
0
0
0
0
0
0
0
0
0
0
0
0
0
0
0
0
0
0
0
0
0
0
0
0
0
0
0
0
0
0
0
0
0
0
0
0
0
0
0
0
0
0
0
0
0
0
0
0
0
0
0
0
0
0
0
0
0
0
0
0
0
0
0
0
0
0
0
0
0
0
0
0
0
0
0
0
0
0
0
0
0
0
0
0
0
0
0
0
0
0
0
0
0
0
0
0
0
0
0
0
0
0
0
0
0
0
0
0
0
0
0
0
0
0
0
0
0
0
0
0
0
0
0
0
0
0
0
0
0
0
0
0
0
0
0
0
0
0
0
0
0
0
0
0
0
0
0
0
0
0
0
0
0
0
0
0
0
0
0
0
0
0
0
0
0
0
0
0
0
0
0
0
0
0
0
0
0
0
0
0
0
0
0
0
0
0
0
0
0
0
0
0
0
0
0
0
0
0
0
0
0
0
0
0
0
0
0
0
0
0
0
0
0
0
0
0
0
0
0
0
0
0
0
0
0
0
0
0
0
0
0
0
0
0
0
0
0
0
0
0
0
0
 
*********************************************** Results ***************************************
 
TotalArea 0
AreaFirstQuad 0
AreaSecondQuad 0
AreaThirdQuad 0
AreaFourthQuad 0
Coercivity 0
PositiveCoercivity 0
NegativeCoercivity 0
Retentivity 7.7777046628283E-04
PositiveRetentivity -9.78060165267173E-04
NegativeRetentivity 5.77480767298488E-04
Magnetization 0.002748955
PositiveMagnetization 0.00475576
NegativeMagnetization -0.00074215
Flatness 0.257517748059501
Squareness 0.282933138695552
SStar 0
SFD1 0
SFD2 0
Slope 0
Intercept 0
SlopeAtHc -6.22079207920805E-06
dH1 -1352.19550209757
dH2 24.722
InitialSlope -2.87595419847325E-07
FieldAtHalfMs 675.717574772832
FieldAtMs 2076.61
MomentMean 2.28626703173038E-03
MomentRMS 1.94557736492789E-03
SFD3 0
dH3 -2704.39100419514
UserField1 0
UserField2 0
CenterField 0
ExchangeField 0
ExchangeMoment 0
ExRegionOneIntercept 0
ExRegionOneSlope 0
ExRegionTwoIntercept 0
ExRegionTwoSlope 0
NegativeIntercept 0
NegativeSlope 0
AutoCenterOffset 0
PinningField 0
PinningMoment 0
PinRegionOneIntercept 0
PinRegionOneSlope 0
PinRegionTwoIntercept 0
PinRegionTwoSlope 0
PositiveIntercept 0
PositiveSlope 0
TotalOffset 0
BHMax 0
BCoercivity 0
BRetentivity 0
BNegativeCoercivity 0
BPositiveCoercivity 0
BNegativeRetentivity 0
BPositiveRetentivity 0
MomentYMean -6.78405334470989E-03
MomentYRMS 2.67559635653886E-04
YOffCorrection 0
Mrt 0
Ms1 0
Ms2 0
Ms3 0
Hc2 0
Hex2 0
HsatValue 0
HsatIntercept 0
HsatSlope 0
CenterH 0
Span .00549791
SpanAsPercentOfRange -103.734150943396
RMSAsPercentOfRange -36.7090068854319
SpanAsPercentOfMean 240.475409201823
RMSAsPercentOfMean 85.0984306699891
