Start Time:  5/5/2017 6:08:09 AM          Time Completed:  5/5/2017 6:09:45 AM      Elapsed Time:  00:01:36
Sample ID:     FORC_desvirgao3

Experiment:    C:\IDEASVSM\Default UserID\Experiments\FORCexp0193B\FORCexp0193B.exp
Data File:     C:\IDEASVSM\Default UserID\CarlosHernandez\FORC_floopy\FORC_desvirgao3 (ProfileData)\FORC_desvirgao3#385.txt
Plot File:     C:\IDEASVSM\Default UserID\CarlosHernandez\FORC_floopy\FORC_desvirgao3 (ProfileData)\FORC_desvirgao3#385.oc2
VSM Exp File:  C:\IDEASVSM\Default UserID\Experiments\FORCexp0193B\FORCexp0193B.stp
VSM Data File: C:\IDEASVSM\Default UserID\CarlosHernandez\FORC_floopy\FORC_desvirgao3 (ProfileData)\FORC_desvirgao3#385.dat

***DATA***

Field(G)	 Moment(emu)	
-839.545 	-0.000849105 	
-832.364 	-0.00079198 	
-822.807 	-0.000795096 	
-812.316 	-0.000824286 	
-802.371 	-0.00079806 	
-792.416 	-0.000790999 	
-782.055 	-0.000763207 	
-771.917 	-0.000732206 	
-761.969 	-0.000725794 	
-751.965 	-0.000711366 	
-741.492 	-0.000722394 	
-731.427 	-0.000671743 	
-721.823 	-0.00066165 	
-711.302 	-0.000657314 	
-701.378 	-0.000598603 	
-690.902 	-0.000612849 	
-681.287 	-0.000602929 	
-671.271 	-0.000592159 	
-660.987 	-0.000575287 	
-650.922 	-0.00055707 	
-640.807 	-0.000506461 	
-630.852 	-0.000513806 	
-620.537 	-0.000514004 	
-610.658 	-0.000491107 	
-600.611 	-0.000494744 	
-590.241 	-0.000412705 	
-580.252 	-0.000444831 	
-570.387 	-0.000461978 	
-559.979 	-0.000431734 	
-550.069 	-0.000369628 	
-539.668 	-0.000370531 	
-529.875 	-0.000341452 	
-519.972 	-0.000336375 	
-509.667 	-0.000270226 	
-499.624 	-0.000317846 	
-489.729 	-0.000325452 	
-479.695 	-0.000294803 	
-469.152 	-0.000245496 	
-459.388 	-0.000255788 	
-449.247 	-0.00023663 	
-439.246 	-0.000203158 	
-429.16 	-0.000191468 	
-418.871 	-0.000197492 	
-409.018 	-0.000158592 	
-398.698 	-0.000107602 	
-386.697 	-0.000120041 	
-375.409 	-0.0000984374 	
-365.131 	-0.000141649 	
-355.128 	-0.000105805 	
-345.262 	-0.0000928883 	
-334.956 	-0.0000463044 	
-324.884 	-0.0000579264 	
-314.787 	-0.0000236582 	
-304.77 	-0.0000241786 	
-294.784 	 0.00000403368 	
-284.475 	 0.0000208118 	
-274.485 	 0.000066001 	
-264.623 	 0.0000251882 	
-254.251 	 0.0000219179 	
-244.205 	 0.0000853909 	
-234.328 	 0.000122062 	
-224.187 	 0.000135514 	
-213.939 	 0.000125778 	
-203.981 	 0.000144164 	
-194.036 	 0.000118174 	
-183.673 	 0.00020341 	
-173.818 	 0.000189103 	
-163.778 	 0.000232612 	
-153.514 	 0.000232356 	
-143.549 	 0.000229287 	
-133.33 	 0.00023833 	
-123.36 	 0.000260522 	
-113.219 	 0.000290222 	
-103.045 	 0.000318399 	
-93.0218 	 0.000315052 	
-83.1737 	 0.00028736 	
-73.1439 	 0.000352713 	
-62.5822 	 0.000392975 	
-52.8203 	 0.000399154 	
-42.9143 	 0.000440508 	
-32.4042 	 0.000401859 	
-22.621 	 0.000469811 	
-12.6294 	 0.000442127 	
-2.57322 	 0.000441464 	
 7.75124 	 0.000476228 	
 17.6001 	 0.000491053 	
 27.8199 	 0.000513327 	
 37.8607 	 0.000522706 	
 48.109 	 0.000589376 	
 58.371 	 0.000559159 	
 68.4476 	 0.000589351 	
 77.7743 	 0.000634732 	
 88.6813 	 0.000630941 	
 98.418 	 0.000619906 	
 108.292 	 0.000630175 	
 118.421 	 0.000690466 	
 128.743 	 0.000691857 	
 140.857 	 0.000716632 	
 151.974 	 0.000761309 	
 162.404 	 0.000718552 	
 172.264 	 0.000753668 	
 182.29 	 0.000807108 	
 192.531 	 0.000830114 	
 202.455 	 0.000822754 	
 212.813 	 0.000892975 	
 222.665 	 0.00087486 	
 232.513 	 0.000898059 	
 243.053 	 0.000929159 	
 252.971 	 0.000950892 	
 262.851 	 0.00101836 	
 273.123 	 0.00100159 	
 283.267 	 0.00100758 	
 293.127 	 0.000967538 	
 303.141 	 0.00107527 	
 313.624 	 0.00103179 	
 323.419 	 0.00109606 	
 333.321 	 0.00112058 	
 343.788 	 0.00115461 	
 353.751 	 0.00111975 	
 363.939 	 0.00119121 	
 373.846 	 0.00121091 	
 383.692 	 0.00120862 	
 394.048 	 0.00120555 	
 404.177 	 0.00127503 	
 414.136 	 0.00126217 	
 424.13 	 0.00133866 	
 434.445 	 0.00136776 	
 444.393 	 0.00139564 	
 454.243 	 0.00139604 	
 464.786 	 0.00144877 	
 474.619 	 0.00154724 	
 484.446 	 0.00147654 	
 494.817 	 0.00149489 	
 504.891 	 0.00158081 	
 515.181 	 0.00158278 	
 524.977 	 0.00159287 	
 534.848 	 0.00165826 	
 545.255 	 0.00172563 	
 555.305 	 0.00179152 	
 565.209 	 0.00179186 	
 575.228 	 0.00180367 	
 585.703 	 0.00190028 	
 595.505 	 0.00194221 	
 605.415 	 0.00193291 	
 615.806 	 0.00197686 	
 625.766 	 0.00203923 	
 635.816 	 0.00206405 	
 645.706 	 0.00213721 	
 656.099 	 0.00223001 	
 666.32 	 0.00222955 	
 676.151 	 0.00230331 	
 686.031 	 0.00235368 	
 696.422 	 0.00236717 	
 706.314 	 0.00247765 	
 716.398 	 0.00247195 	
 726.398 	 0.00258997 	
 736.663 	 0.00264983 	
 746.629 	 0.00265146 	
 756.685 	 0.00267262 	
 766.952 	 0.00284906 	
 776.877 	 0.00286681 	
 786.875 	 0.00298608 	
 796.885 	 0.00300379 	
 807.251 	 0.00297452 	
 817.367 	 0.00311614 	
 827.062 	 0.00314501 	
 837.496 	 0.00321508 	
 847.456 	 0.00329877 	
 857.702 	 0.0032748 	
 867.609 	 0.00344326 	
 877.396 	 0.00345155 	
 887.931 	 0.00346282 	
 897.781 	 0.00348899 	
 907.724 	 0.00354643 	
 918.105 	 0.0035724 	
 928.06 	 0.00364422 	
 937.94 	 0.00367431 	
 948.108 	 0.00366451 	
 958.451 	 0.0037581 	
 968.305 	 0.00371515 	
 978.369 	 0.00377082 	
 988.514 	 0.00385334 	
 998.544 	 0.00388347 	
 1008.83 	 0.00381008 	
 1018.7 	 0.00394238 	
 1028.7 	 0.00397799 	
 1039 	 0.00401855 	
 1048.73 	 0.00400802 	
 1059.2 	 0.00396091 	
 1069.09 	 0.00396362 	
 1079.04 	 0.00404907 	
 1089.26 	 0.00399927 	
 1099.42 	 0.00394956 	
 1109.39 	 0.00402651 	
 1119.45 	 0.00410267 	
 1132.83 	 0.00412621 	
 1143.01 	 0.00415934 	
 1153.26 	 0.00414274 	
 1162.94 	 0.00415872 	
 1173.06 	 0.00419117 	
 1183.45 	 0.00415773 	
 1193.37 	 0.00421659 	
 1203.2 	 0.00415546 	
 1213.58 	 0.00422814 	
 1223.69 	 0.00420303 	
 1233.56 	 0.00429291 	
 1243.64 	 0.00419225 	
 1253.85 	 0.00423364 	
 1264 	 0.00424143 	
 1273.9 	 0.00428358 	
 1283.97 	 0.00425889 	
 1294.09 	 0.00431526 	
 1304.29 	 0.00428051 	
 1314.19 	 0.00434388 	
 1324.15 	 0.00438353 	
 1334.57 	 0.00439437 	
 1344.47 	 0.00438565 	
 1354.47 	 0.00437115 	
 1364.82 	 0.00433747 	
 1374.64 	 0.00431887 	
 1384.66 	 0.00437613 	
 1394.92 	 0.00432584 	
 1405.01 	 0.00442283 	
 1415.29 	 0.0043742 	
 1425.09 	 0.00436718 	
 1435.07 	 0.00441543 	
 1445.15 	 0.00443438 	
 1455.51 	 0.0043819 	
 1465.39 	 0.00446583 	
 1475.32 	 0.00445145 	
 1485.79 	 0.00443298 	
 1495.58 	 0.00444458 	
 1505.57 	 0.00440001 	
 1515.9 	 0.00441451 	
 1525.82 	 0.00442838 	
 1535.83 	 0.00443621 	
 1545.76 	 0.00450473 	
 1556.12 	 0.00447862 	
 1566.12 	 0.0044878 	
 1576.48 	 0.00445556 	
 1586.11 	 0.00448336 	
 1596.37 	 0.00447315 	
 1606.59 	 0.00443733 	
 1616.43 	 0.00449795 	
 1626.65 	 0.00453185 	
 1636.65 	 0.00449645 	
 1646.46 	 0.00446863 	
 1656.89 	 0.00447078 	
 1666.9 	 0.00452779 	
 1676.77 	 0.00452993 	
 1687 	 0.00454262 	
 1696.97 	 0.00456192 	
 1707.37 	 0.0045301 	
 1716.99 	 0.00452812 	
 1727.42 	 0.00451601 	
 1737.4 	 0.00459555 	
 1747.45 	 0.0045733 	
 1757.4 	 0.00449744 	
 1767.45 	 0.00443832 	
 1777.79 	 0.00456741 	
 1787.66 	 0.00454086 	
 1797.6 	 0.00460587 	
 1807.91 	 0.00462018 	
 1817.91 	 0.00458793 	
 1828 	 0.00459961 	
 1838.02 	 0.00465016 	
 1848.31 	 0.00470709 	
 1858.27 	 0.0046826 	
 1868.4 	 0.00466409 	
 1878.41 	 0.00460729 	
 1888.41 	 0.00463675 	
 1898.69 	 0.00459451 	
 1908.44 	 0.00466723 	
 1918.47 	 0.00462197 	
 1928.84 	 0.00464055 	
 1938.8 	 0.00468008 	
 1948.65 	 0.00469124 	
 1959.06 	 0.00471345 	
 1969.07 	 0.0046743 	
 1979.03 	 0.0047006 	
 1989.11 	 0.00465926 	
 1999.48 	 0.00466491 	
 2009.54 	 0.0046769 	
 2019.33 	 0.0047293 	
 2029.5 	 0.00470337 	
 2039.44 	 0.00468483 	
 2049.96 	 0.00468741 	
 2059.68 	 0.00467586 	
 2069.61 	 0.00470469 	
 2079.81 	 0.00470948 	
 2089.95 	 0.0047526 	
 2100.01 	 0.00472121 	
 2108.67 	 0.00470211 	

	
	
