Version 1.25
******************************************** Units *******************************************
System CGS
TemperatureUnit K
MomentUnit emu
AppliedFieldUnit G
 
******************************************** Setup ********************************************
 
Experiment CustomField
Minor False
Acquisition Continuous
EditedPoint No
MaxField 15000
FieldIncrement 100
Points 207
MinField 0
RampRate 10
AverageTime 0.3
TimeInterval 0
TimeConstant 0.1
TimeConstantIndex 0
Sensitivity -0.0053
SensitivityIndex 5
SensitivityY -400
SensitivityIndexY 0
SaturationField 8000
ExperimentTime 100
Use735Domains True
AutoRangeEnabled False
NumberOfVertices 2
VertexPts
0
206
VertexField
58.8137
2141.1863
StartAngle 0
EndAngle 0
AngleIncrement 0
StartTemp 0
FinishTemp 0
TempIncrement 0
TempPoints 0
LengthofSetPointsArray 207
SetPointArray
58.8137
68.92231
79.03091
89.13952
99.24812
109.35673
119.46533
129.57393
139.68254
149.79114
159.89975
170.00835
180.11696
190.22556
200.33417
210.44277
220.55138
230.65998
240.76859
250.87719
260.9858
271.0944
281.20301
291.31161
301.42022
311.52882
321.63743
331.74603
341.85464
351.96324
362.07185
372.18045
382.28906
392.39766
402.50627
412.61487
422.72348
432.83208
442.94069
453.04929
463.15789
473.2665
483.3751
493.48371
503.59231
513.70092
523.80952
533.91813
544.02673
554.13534
564.24394
574.35255
584.46115
594.56976
604.67836
614.78697
624.89557
635.00418
645.11278
655.22139
665.32999
675.4386
685.5472
695.65581
705.76441
715.87302
725.98162
736.09023
746.19883
756.30744
766.41604
776.52464
786.63325
796.74185
806.85046
816.95906
827.06767
837.17627
847.28488
857.39348
867.50209
877.61069
887.7193
897.8279
907.93651
918.04511
928.15372
938.26232
948.37093
958.47953
968.58814
978.69674
988.80535
998.91395
1009.02256
1019.13116
1029.23977
1039.34837
1049.45698
1059.56558
1069.67419
1079.78279
1089.8914
1100
1110.1086
1120.21721
1130.32581
1140.43442
1150.54302
1160.65163
1170.76023
1180.86884
1190.97744
1201.08605
1211.19465
1221.30326
1231.41186
1241.52047
1251.62907
1261.73768
1271.84628
1281.95489
1292.06349
1302.1721
1312.2807
1322.38931
1332.49791
1342.60652
1352.71512
1362.82373
1372.93233
1383.04094
1393.14954
1403.25815
1413.36675
1423.47536
1433.58396
1443.69256
1453.80117
1463.90977
1474.01838
1484.12698
1494.23559
1504.34419
1514.4528
1524.5614
1534.67001
1544.77861
1554.88722
1564.99582
1575.10443
1585.21303
1595.32164
1605.43024
1615.53885
1625.64745
1635.75606
1645.86466
1655.97327
1666.08187
1676.19048
1686.29908
1696.40769
1706.51629
1716.6249
1726.7335
1736.84211
1746.95071
1757.05931
1767.16792
1777.27652
1787.38513
1797.49373
1807.60234
1817.71094
1827.81955
1837.92815
1848.03676
1858.14536
1868.25397
1878.36257
1888.47118
1898.57978
1908.68839
1918.79699
1928.9056
1939.0142
1949.12281
1959.23141
1969.34002
1979.44862
1989.55723
1999.66583
2009.77444
2019.88304
2029.99165
2040.10025
2050.20886
2060.31746
2070.42607
2080.53467
2090.64327
2100.75188
2110.86048
2120.96909
2131.07769
2141.1863
FieldDomainFile C:\IDEASVSM\Default UserID\Experiments\FORCexp0104B\fdomain.ini
TempDomainFile C:\IDEASVSM\Default UserID\Experiments\FORCexp0104B\tdomain.ini
NumSelectedResults 0
ResultsSelected 
UserName1 
UserValue1 
UserName2 
UserValue2 
LinearBackgroundCorrection Off
MaxLinearFieldCorrection 
MinLinearFieldCorrection 
AutoLinearCorrection Off
FitOneRegion Off
BackgroundMode Off
BackgroundFilename 
AutoCenter Off
OffsetCorrection 
SmoothDeriv Off
DerivOrder 0
DerivPoints 0
MinExFieldOne 
MaxExFieldOne 
MinExFieldTwo 
MaxExFieldTwo 
MinPinFieldOne 
MaxPinFieldOne 
MinPinFieldTwo 
MaxPinFieldTwo 
HCenterStart 
Mass 
Volume 
Density 
MolarWeight 
NumberOfMoles 
Demagnetization 
SampleArea 
Thickness 
MomentScaling 0
XAxis 0
YAxis 0
SimpleSpinValve False
HsatMax 0
HsatMin 0
FieldAutoRange False
 
*************************************************** Experiment Data ********************************************
 
DataPoints 207
MomentX Data
0.00326604
0.0032359
0.0032849
0.00330248
0.00328414
0.00330547
0.0033238
0.00330991
0.00333279
0.00334142
0.00334714
0.00335008
0.00338362
0.00338767
0.00340043
0.00343699
0.00345362
0.00346204
0.00343537
0.00345529
0.00346978
0.00350976
0.0034736
0.00350022
0.00354283
0.0035441
0.00353944
0.0035669
0.00359233
0.00360185
0.00359901
0.00358546
0.00362531
0.00363497
0.0036454
0.00364473
0.00363269
0.00364484
0.00368244
0.00368942
0.00369861
0.00367892
0.00369774
0.00373153
0.00374708
0.00376824
0.00378361
0.00377847
0.00377455
0.00377414
0.00377396
0.00382938
0.00379852
0.00379497
0.00381142
0.00381626
0.00383807
0.00384002
0.00389469
0.0039119
0.00388181
0.00388116
0.00390042
0.00391495
0.00390326
0.00391423
0.0039416
0.00391716
0.00392078
0.00394918
0.00398329
0.00394351
0.00397291
0.00401493
0.00401381
0.00399833
0.00407482
0.00401535
0.00399958
0.00405658
0.00403041
0.00406699
0.00405612
0.00405244
0.00407954
0.00409833
0.00407902
0.00411643
0.00412027
0.00411965
0.00411091
0.00415137
0.00411427
0.00413291
0.00417167
0.00415869
0.00419402
0.00414016
0.00418107
0.00418601
0.00421466
0.00419583
0.00420771
0.00420704
0.00423964
0.00422823
0.00421162
0.00428716
0.00421302
0.00429052
0.00425756
0.00428514
0.00435437
0.00425147
0.0042929
0.00428857
0.0042912
0.00435315
0.00437515
0.00434825
0.00435234
0.00434687
0.00434046
0.00435374
0.00434445
0.00435854
0.00435191
0.00433937
0.00440514
0.00437114
0.00438474
0.00442706
0.0044159
0.00435492
0.00442987
0.00439657
0.00443588
0.00440835
0.00441058
0.00445413
0.00447193
0.00447671
0.00442834
0.00442295
0.00441028
0.00447689
0.00448175
0.00444355
0.00444108
0.0044797
0.00449463
0.0044906
0.00446396
0.00453679
0.00451449
0.00458996
0.00454862
0.0045248
0.00449571
0.00449545
0.0045296
0.00452499
0.00457353
0.00453394
0.00455836
0.00450069
0.00454751
0.00456275
0.00456246
0.00458171
0.00461429
0.00455866
0.00458446
0.00458909
0.00461221
0.0045639
0.00462983
0.00461494
0.00463134
0.00469537
0.00469954
0.00465604
0.00463464
0.00459585
0.00460626
0.00465919
0.00465071
0.00467709
0.0046763
0.0046864
0.00467365
0.0046697
0.00467362
0.00467525
0.00470188
0.00467834
0.00464844
0.00470355
0.0047166
0.00473927
0.00469939
0.00472234
0.00468107
0.00466002
0.00472872
0.00472382
0.00471494
MomentY Data
-0.0070413
-0.00699361
-0.0070413
-0.00705719
-0.00715256
-0.00713666
-0.00720024
-0.00693003
-0.00664393
-0.00708898
-0.00683467
-0.00686646
-0.00689824
-0.00710487
-0.00688235
-0.00677109
-0.00699361
-0.00662804
-0.00694593
-0.00720024
-0.00740687
-0.00713666
-0.00689824
-0.00688235
-0.00680288
-0.00715256
-0.00689824
-0.00686646
-0.00658035
-0.00689824
-0.00697772
-0.0070413
-0.00700951
-0.0070413
-0.00683467
-0.00678698
-0.00705719
-0.00670751
-0.0067393
-0.00724792
-0.00669161
-0.00683467
-0.00667572
-0.00686646
-0.00693003
-0.00696182
-0.00680288
-0.00705719
-0.00680288
-0.00667572
-0.00683467
-0.00683467
-0.00699361
-0.00710487
-0.0067393
-0.0067393
-0.00697772
-0.00700951
-0.00720024
-0.00699361
-0.00670751
-0.00677109
-0.00689824
-0.00729561
-0.00675519
-0.00726382
-0.00677109
-0.00708898
-0.00708898
-0.00654856
-0.00677109
-0.00699361
-0.00665983
-0.00693003
-0.00691414
-0.00680288
-0.00700951
-0.0070413
-0.00715256
-0.00696182
-0.00720024
-0.00710487
-0.00689824
-0.00720024
-0.00735919
-0.00699361
-0.00715256
-0.00697772
-0.00683467
-0.00747045
-0.00697772
-0.00726382
-0.00700951
-0.00729561
-0.00693003
-0.0070413
-0.00700951
-0.00693003
-0.00729561
-0.00689824
-0.00691414
-0.00721614
-0.00751813
-0.00699361
-0.0070413
-0.00654856
-0.00715256
-0.00693003
-0.00705719
-0.00683467
-0.00715256
-0.0073115
-0.00710487
-0.0070413
-0.00715256
-0.00735919
-0.00699361
-0.0070413
-0.00710487
-0.00710487
-0.00689824
-0.00705719
-0.0070413
-0.00708898
-0.00720024
-0.00683467
-0.00699361
-0.00720024
-0.0070413
-0.00689824
-0.00735919
-0.00720024
-0.00685056
-0.00677109
-0.00683467
-0.00721614
-0.00699361
-0.00699361
-0.00715256
-0.00726382
-0.00699361
-0.00689824
-0.00705719
-0.00689824
-0.00724792
-0.0070413
-0.00710487
-0.00734329
-0.00724792
-0.00724792
-0.00720024
-0.00740687
-0.00715256
-0.00720024
-0.00724792
-0.00710487
-0.00705719
-0.00708898
-0.00664393
-0.0070254
-0.00726382
-0.0073115
-0.00712077
-0.00696182
-0.0070413
-0.00689824
-0.00681877
-0.00705719
-0.00708898
-0.00700951
-0.00699361
-0.00735919
-0.00694593
-0.0067393
-0.00705719
-0.00724792
-0.00729561
-0.00693003
-0.00718435
-0.00713666
-0.00705719
-0.00686646
-0.00689824
-0.0067393
-0.00710487
-0.00715256
-0.00708898
-0.00720024
-0.00705719
-0.00720024
-0.00710487
-0.00708898
-0.00689824
-0.00715256
-0.00715256
-0.0067393
-0.0070254
-0.00705719
-0.0070413
-0.00678698
-0.00683467
-0.00742277
-0.00751813
-0.00683467
-0.00705719
-0.00734329
-0.00713666
Field Data
59.7936
67.3202
76.8992
86.7749
97.2374
107.544
117.625
127.688
137.619
147.61
158.115
167.828
178.242
187.93
198.227
208.486
218.368
228.272
238.641
248.602
258.591
268.567
279.008
288.919
298.865
309.191
319.03
329
339.107
349.31
359.219
369.288
379.562
389.505
399.451
409.701
419.776
429.64
439.917
449.972
460.199
470.032
479.937
490.218
500.373
510.205
520.294
530.591
540.619
550.418
560.691
570.787
580.934
590.653
600.951
610.9
620.955
631.181
641.211
651.068
661.449
671.399
681.641
691.394
701.38
711.624
721.66
731.965
741.816
751.778
762.07
772.083
782.015
791.999
802.222
812.238
822.476
832.406
842.296
852.445
862.457
872.824
882.829
892.893
902.661
912.716
923.172
933.033
942.913
953.342
963.159
973.057
983.531
993.459
1003.35
1013.39
1023.81
1033.67
1043.57
1053.96
1063.89
1073.67
1084.12
1094.15
1103.98
1113.97
1124.49
1134.47
1144.49
1154.38
1164.38
1174.59
1184.59
1194.42
1204.71
1214.86
1224.8
1234.8
1245.4
1254.85
1265.09
1275.32
1285.27
1295.15
1305.41
1315.43
1325.33
1335.34
1345.83
1355.67
1365.49
1375.85
1385.87
1395.8
1406.01
1415.91
1426.3
1436.08
1446
1456.19
1466.38
1476.49
1486.58
1496.37
1506.4
1516.77
1526.78
1536.52
1547.02
1556.88
1566.77
1577.19
1586.9
1597.25
1607.16
1617.03
1627.37
1637.35
1647.4
1657.29
1667.61
1677.51
1687.4
1697.8
1707.54
1717.99
1727.8
1737.78
1748.06
1758.11
1768.04
1778.33
1788.32
1798.14
1808.2
1818.67
1828.63
1838.63
1848.69
1858.55
1869.05
1878.82
1888.57
1898.79
1909.1
1918.96
1929
1939.07
1949.22
1959.3
1969.25
1979.21
1989.55
1999.59
2009.72
2019.66
2029.43
2040
2049.8
2059.8
2069.85
2079.79
2090.21
2100.17
2110.28
2120.24
2130.1
Time Data
0
0.3
0.6
0.9
1.2
1.5
1.8
2.1
2.4
2.7
3
3.3
3.6
3.9
4.2
4.5
4.8
5.1
5.4
5.7
6
6.3
6.6
6.9
7.2
7.5
7.8
8.1
8.4
8.7
9
9.3
9.6
9.9
10.2
10.5
10.8
11.1
11.4
11.7
12
12.3
12.6
12.9
13.2
13.5
13.8
14.1
14.4
14.7
15
15.3
15.6
15.9
16.2
16.5
16.8
17.1
17.4
17.7
18
18.3
18.6
18.9
19.2
19.5
19.8
20.1
20.4
20.7
21
21.3
21.6
21.9
22.2
22.5
22.8
23.1
23.4
23.7
24
24.3
24.6
24.9
25.2
25.5
25.8
26.1
26.4
26.7
27
27.3
27.6
27.9
28.2
28.5
28.8
29.1
29.4
29.7
30.0000000000001
30.3000000000001
30.6000000000001
30.9000000000001
31.2000000000001
31.5000000000001
31.8000000000001
32.1000000000001
32.4
32.7
33
33.3
33.6
33.9
34.2
34.5
34.8
35.1
35.4
35.7
36
36.3
36.6
36.9
37.2
37.5
37.8
38.1
38.4
38.7
39
39.3
39.6
39.9
40.2
40.5
40.8
41.1
41.4
41.7
42
42.3
42.6
42.8999999999999
43.1999999999999
43.4999999999999
43.7999999999999
44.0999999999999
44.3999999999999
44.6999999999999
44.9999999999999
45.2999999999999
45.5999999999999
45.8999999999999
46.1999999999999
46.4999999999999
46.7999999999999
47.0999999999999
47.3999999999999
47.6999999999999
47.9999999999999
48.2999999999999
48.5999999999999
48.8999999999999
49.1999999999999
49.4999999999999
49.7999999999999
50.0999999999999
50.3999999999999
50.6999999999999
50.9999999999999
51.2999999999999
51.5999999999999
51.8999999999999
52.1999999999999
52.4999999999999
52.7999999999999
53.0999999999999
53.3999999999998
53.6999999999998
53.9999999999998
54.2999999999998
54.5999999999998
54.8999999999998
55.1999999999998
55.4999999999998
55.7999999999998
56.0999999999998
56.3999999999998
56.6999999999998
56.9999999999998
57.2999999999998
57.5999999999998
57.8999999999998
58.1999999999998
58.4999999999998
58.7999999999998
59.0999999999998
59.3999999999998
59.6999999999998
59.9999999999998
60.2999999999998
60.5999999999998
60.8999999999998
61.1999999999998
61.4999999999998
61.7999999999998
Temperature Data
0
0
0
0
0
0
0
0
0
0
0
0
0
0
0
0
0
0
0
0
0
0
0
0
0
0
0
0
0
0
0
0
0
0
0
0
0
0
0
0
0
0
0
0
0
0
0
0
0
0
0
0
0
0
0
0
0
0
0
0
0
0
0
0
0
0
0
0
0
0
0
0
0
0
0
0
0
0
0
0
0
0
0
0
0
0
0
0
0
0
0
0
0
0
0
0
0
0
0
0
0
0
0
0
0
0
0
0
0
0
0
0
0
0
0
0
0
0
0
0
0
0
0
0
0
0
0
0
0
0
0
0
0
0
0
0
0
0
0
0
0
0
0
0
0
0
0
0
0
0
0
0
0
0
0
0
0
0
0
0
0
0
0
0
0
0
0
0
0
0
0
0
0
0
0
0
0
0
0
0
0
0
0
0
0
0
0
0
0
0
0
0
0
0
0
0
0
0
0
0
0
0
0
0
0
0
0
Angle Data
0
0
0
0
0
0
0
0
0
0
0
0
0
0
0
0
0
0
0
0
0
0
0
0
0
0
0
0
0
0
0
0
0
0
0
0
0
0
0
0
0
0
0
0
0
0
0
0
0
0
0
0
0
0
0
0
0
0
0
0
0
0
0
0
0
0
0
0
0
0
0
0
0
0
0
0
0
0
0
0
0
0
0
0
0
0
0
0
0
0
0
0
0
0
0
0
0
0
0
0
0
0
0
0
0
0
0
0
0
0
0
0
0
0
0
0
0
0
0
0
0
0
0
0
0
0
0
0
0
0
0
0
0
0
0
0
0
0
0
0
0
0
0
0
0
0
0
0
0
0
0
0
0
0
0
0
0
0
0
0
0
0
0
0
0
0
0
0
0
0
0
0
0
0
0
0
0
0
0
0
0
0
0
0
0
0
0
0
0
0
0
0
0
0
0
0
0
0
0
0
0
0
0
0
0
0
0
Bx Data
0
0
0
0
0
0
0
0
0
0
0
0
0
0
0
0
0
0
0
0
0
0
0
0
0
0
0
0
0
0
0
0
0
0
0
0
0
0
0
0
0
0
0
0
0
0
0
0
0
0
0
0
0
0
0
0
0
0
0
0
0
0
0
0
0
0
0
0
0
0
0
0
0
0
0
0
0
0
0
0
0
0
0
0
0
0
0
0
0
0
0
0
0
0
0
0
0
0
0
0
0
0
0
0
0
0
0
0
0
0
0
0
0
0
0
0
0
0
0
0
0
0
0
0
0
0
0
0
0
0
0
0
0
0
0
0
0
0
0
0
0
0
0
0
0
0
0
0
0
0
0
0
0
0
0
0
0
0
0
0
0
0
0
0
0
0
0
0
0
0
0
0
0
0
0
0
0
0
0
0
0
0
0
0
0
0
0
0
0
0
0
0
0
0
0
0
0
0
0
0
0
0
0
0
0
0
0
Hint Data
0
0
0
0
0
0
0
0
0
0
0
0
0
0
0
0
0
0
0
0
0
0
0
0
0
0
0
0
0
0
0
0
0
0
0
0
0
0
0
0
0
0
0
0
0
0
0
0
0
0
0
0
0
0
0
0
0
0
0
0
0
0
0
0
0
0
0
0
0
0
0
0
0
0
0
0
0
0
0
0
0
0
0
0
0
0
0
0
0
0
0
0
0
0
0
0
0
0
0
0
0
0
0
0
0
0
0
0
0
0
0
0
0
0
0
0
0
0
0
0
0
0
0
0
0
0
0
0
0
0
0
0
0
0
0
0
0
0
0
0
0
0
0
0
0
0
0
0
0
0
0
0
0
0
0
0
0
0
0
0
0
0
0
0
0
0
0
0
0
0
0
0
0
0
0
0
0
0
0
0
0
0
0
0
0
0
0
0
0
0
0
0
0
0
0
0
0
0
0
0
0
0
0
0
0
0
0
Torque Data
-0.42102467568
-0.470811223922
-0.54147033696
-0.612386956531
-0.695496337744
-0.76750496304
-0.84692823
-0.88488167064
-0.91433100267
-1.0464043378
-1.08066384705
-1.15238424888
-1.22955609408
-1.3352182191
-1.36426759345
-1.41167746974
-1.52718062848
-1.51299594688
-1.65758368113
-1.78999406448
-1.91534992017
-1.91667136622
-1.92466414592
-1.98844167965
-2.0331427312
-2.21150717896
-2.2007455072
-2.25906534
-2.23144274745
-2.4096242144
-2.50652960068
-2.6002675944
-2.66054363462
-2.7426215565
-2.73011576617
-2.78063249298
-2.96243898944
-2.8818145964
-2.9647326381
-3.26136105824
-3.07947223039
-3.21251360944
-3.20392502964
-3.36606228828
-3.46759990119
-3.5519553731
-3.53949764672
-3.74448149929
-3.67776618272
-3.67443645096
-3.83213795697
-3.90114078529
-4.06282583174
-4.19651278011
-4.0499890743
-4.11703837
-4.3328501226
-4.42426953131
-4.61687309064
-4.55331567548
-4.43667578199
-4.54610305491
-4.70212321184
-5.04414098034
-4.7379551622
-5.16910864368
-4.8864248094
-5.1888852457
-5.25871878768
-4.92306333968
-5.1600445563
-5.39964738963
-5.20808695745
-5.48857682997
-5.54667521908
-5.52555764544
-5.76515374676
-5.8612203678
-6.02457267776
-5.9345686499
-6.20989738968
-6.20130105288
-6.08996632096
-6.42904389432
-6.64285380459
-6.38317974476
-6.60304312032
-6.51044302476
-6.44449919371
-7.1218937439
-6.72065381748
-7.06811089774
-6.89407037981
-7.24788941499
-6.9532456005
-7.135583007
-7.1764064331
-7.1633641101
-7.6134797277
-7.2704690304
-7.3558844046
-7.7477530338
-8.1505550956
-7.6520583815
-7.773454374
-7.2948993832
-8.0429821944
-7.8619111341
-8.0768833831
-7.8898063546
-8.3282978128
-8.588014785
-8.4163579533
-8.410269546
-8.6167605576
-8.9403855634
-8.565773528
-8.69459724
-8.848405098
-8.9155461195
-8.7268944416
-9.0001755508
-9.049971651
-9.181292447
-9.3992652984
-8.9905299581
-9.2688411413
-9.6147684816
-9.476392779
-9.3517370208
-10.0489003531
-9.906450204
-9.4939855872
-9.451087422
-9.6096143667
-10.2174047874
-9.974985943
-10.0433834488
-10.34260176
-10.5775020458
-10.2552898318
-10.1851823776
-10.4910775102
-10.3223193888
-10.918266688
-10.680032601
-10.8475734186
-11.2831119508
-11.2126771984
-11.2841416896
-11.2811200248
-11.6820412953
-11.350397464
-11.50058334
-11.6485671072
-11.4887879361
-11.4846592903
-11.607141403
-10.945210282
-11.643125166
-12.1132188702
-12.265114365
-12.015587298
-11.819777996
-12.023301402
-11.8511073376
-11.781470806
-12.2638436382
-12.3919623788
-12.3234896261
-12.3649822244
-13.0870683527
-12.4215455376
-12.118204902
-12.760810958
-13.1815746664
-13.3409713143
-12.7417610589
-13.2816360015
-13.263839443
-13.1902409695
-12.9008423772
-13.0278091168
-12.796515447
-13.563907317
-13.7254765376
-13.67464242
-13.9617693768
-13.7560158918
-14.107430232
-13.9912652475
-14.0305801058
-13.724393392
-14.3021874504
-14.3746428832
-13.611094638
-14.257557522
-14.3966676
-14.43325674
-13.979821404
-14.1467416995
-15.4378028183
-15.7144705073
-14.3539688939
-14.8926469132
-15.5695371896
-15.201799466
dMdH Data
-4.00446416708741E-06
5.11535650903017E-06
1.78012697834079E-06
-1.75292712066905E-06
2.06954766848427E-06
1.81827199682571E-06
-1.3803040842691E-06
2.30389688853085E-06
8.63777399659685E-07
5.44502617801075E-07
3.02687120354153E-07
3.22066449010946E-06
4.18042939719264E-07
1.23919588229578E-06
3.56370016570818E-06
1.6828577211091E-06
8.50161550888517E-07
-2.572089883306E-06
1.9997992169461E-06
1.45059565522072E-06
4.00761828388129E-06
-3.46326980174313E-06
2.68590455049947E-06
4.28413432535689E-06
1.22990509393789E-07
-4.73625368431759E-07
2.75426278836509E-06
2.51607796576628E-06
9.33058904243879E-07
-2.86608134019583E-07
-1.34571456947067E-06
3.87872299007204E-06
9.71537765261983E-07
1.04866277900664E-06
-6.53658536585292E-08
-1.19503722084368E-06
1.2317518248175E-06
3.65865524958646E-06
6.94181999005487E-07
8.98601740490861E-07
-2.00244076070377E-06
1.90005047955579E-06
3.28664526797001E-06
1.53126538650912E-06
2.15215622457284E-06
1.52344137179108E-06
-4.99174516849592E-07
-3.90905464698813E-07
-4.18410041841176E-08
-1.75216587170478E-08
5.48930269413629E-06
-3.04129299300285E-06
-3.6526391604076E-07
1.59739755292289E-06
4.86481053372232E-07
2.16907011437092E-06
1.90690397027198E-07
5.45064805583253E-06
1.74596733285992E-06
-2.89856468548314E-06
-6.53266331658332E-08
1.88049209138842E-06
1.48979801086849E-06
-1.17063889445227E-06
1.0708707536119E-06
2.72718214428057E-06
-2.37166424065983E-06
3.67475383209757E-07
2.85083316603097E-06
3.31422464049742E-06
-3.97283531409168E-06
2.96012887635921E-06
4.20873397435898E-06
-1.0955688154165E-07
-1.54552715654951E-06
7.47118577847242E-06
-5.98892245720042E-06
-1.59453993933265E-06
5.61631687851017E-06
-2.61386336396324E-06
3.52850390662685E-06
-1.08645677161424E-06
-3.65659777424464E-07
2.77436527436534E-06
1.8687220288413E-06
-1.84678653404742E-06
3.79373288713111E-06
3.88663967611311E-07
-5.94496116597746E-08
-8.90292350005106E-07
4.08769448373408E-06
-3.54210425816309E-06
1.87751813053992E-06
3.91871398240819E-06
-1.29282868525898E-06
3.39059500959695E-06
-5.46247464503029E-06
4.13232323232328E-06
4.75457170356122E-07
2.88519637462232E-06
-1.92535787321065E-06
1.13684210526315E-06
-6.67996011963586E-08
3.31637843336725E-06
-1.14214214214213E-06
-1.57889733840307E-06
7.56913827655307E-06
-7.39920159680643E-06
7.83619817997973E-06
-3.29600000000003E-06
2.70127326150839E-06
0.000006923
-1.04679552390639E-05
4.02623906705535E-06
-4.26600985221625E-07
2.64587525150903E-07
6.19499999999999E-06
2.07547169811321E-06
-2.84656084656098E-06
3.99414062499999E-07
-5.34701857282463E-07
-6.44221105527645E-07
1.34412955465586E-06
-9.0545808966865E-07
1.40618762475055E-06
-6.69696969697032E-07
-1.25274725274718E-06
6.26978074356527E-06
-3.4552845528455E-06
1.38492871690428E-06
4.08494208494214E-06
-1.11377245508979E-06
-6.14098690835851E-06
7.34084231145931E-06
-3.36363636363633E-06
3.78344562078925E-06
-2.81492842535784E-06
2.24798387096749E-07
4.27379784102057E-06
1.74681059862611E-06
4.72799208704281E-07
-4.79385530227951E-06
-5.50561797752819E-07
-1.26321036889332E-06
6.42333654773391E-06
4.85514485514462E-07
-3.92197125256668E-06
-2.35238095238103E-07
3.91683569979707E-06
1.50960566228522E-06
-3.8675623800387E-07
-2.74356333676617E-06
7.03671497584542E-06
-2.25025227043383E-06
7.64640324214794E-06
-3.99806576402324E-06
-2.38677354709418E-06
-2.89452736318401E-06
-2.62891809909195E-08
3.30910852713182E-06
-4.656565656566E-07
4.90798786653186E-06
-3.80673076923081E-06
2.5071868583162E-06
-5.51866028708133E-06
4.77268093781862E-06
1.5270541082164E-06
-2.82101167315188E-08
1.91542288557217E-06
3.28096676737157E-06
-5.40621963070945E-06
2.58258258258261E-06
4.71486761710724E-07
2.29821073558655E-06
-4.61413562559695E-06
6.61947791164653E-06
-0.000001489
1.63021868787283E-06
6.49391480730226E-06
3.97142857142894E-07
-4.45240532241558E-06
-2.19487179487184E-06
-3.79549902152636E-06
1.00969932104751E-06
5.3681541582149E-06
-8.44621513944221E-07
2.61966236345586E-06
-7.78325123152353E-08
1.00198412698412E-06
-1.28140703517593E-06
-3.96586345381521E-07
3.79110251450693E-07
1.62350597609548E-07
2.62882527147091E-06
-2.36820925553326E-06
-3.06038894575224E-06
5.21381267738884E-06
1.33163265306117E-06
2.26700000000007E-06
-3.9681592039802E-06
2.30885311871225E-06
-3.96065259117083E-06
-2.11345381526103E-06
6.79525222551917E-06
-4.91967871485917E-07
-9.00608519269783E-07
-9.00608519269783E-07
dMdT Data
0
0
0
0
0
0
0
0
0
0
0
0
0
0
0
0
0
0
0
0
0
0
0
0
0
0
0
0
0
0
0
0
0
0
0
0
0
0
0
0
0
0
0
0
0
0
0
0
0
0
0
0
0
0
0
0
0
0
0
0
0
0
0
0
0
0
0
0
0
0
0
0
0
0
0
0
0
0
0
0
0
0
0
0
0
0
0
0
0
0
0
0
0
0
0
0
0
0
0
0
0
0
0
0
0
0
0
0
0
0
0
0
0
0
0
0
0
0
0
0
0
0
0
0
0
0
0
0
0
0
0
0
0
0
0
0
0
0
0
0
0
0
0
0
0
0
0
0
0
0
0
0
0
0
0
0
0
0
0
0
0
0
0
0
0
0
0
0
0
0
0
0
0
0
0
0
0
0
0
0
0
0
0
0
0
0
0
0
0
0
0
0
0
0
0
0
0
0
0
0
0
0
0
0
0
0
0
 
*********************************************** Results ***************************************
 
TotalArea 0
AreaFirstQuad 0
AreaSecondQuad 0
AreaThirdQuad 0
AreaFourthQuad 0
Coercivity 0
PositiveCoercivity 0
NegativeCoercivity 0
Retentivity 3.50548132862116E-03
PositiveRetentivity 3.50548132862116E-03
NegativeRetentivity 0
Magnetization 0.00473927
PositiveMagnetization 0.00473927
NegativeMagnetization 0.0032359
Flatness -0.3450192877948
Squareness 0.739666937866203
SStar 0
SFD1 0
SFD2 0
Slope 0
Intercept 0
SlopeAtHc -9.00608519269783E-07
dH1 -437.696678301259
dH2 173.6914
InitialSlope -4.00446416708741E-06
FieldAtHalfMs 2130.1
FieldAtMs 2059.8
MomentMean 4.1391777294686E-03
MomentRMS 4.28129568139942E-04
SFD3 0
dH3 -875.393356602519
UserField1 0
UserField2 0
CenterField 0
ExchangeField 0
ExchangeMoment 0
ExRegionOneIntercept 0
ExRegionOneSlope 0
ExRegionTwoIntercept 0
ExRegionTwoSlope 0
NegativeIntercept 0
NegativeSlope 0
AutoCenterOffset 0
PinningField 0
PinningMoment 0
PinRegionOneIntercept 0
PinRegionOneSlope 0
PinRegionTwoIntercept 0
PinRegionTwoSlope 0
PositiveIntercept 0
PositiveSlope 0
TotalOffset 0
BHMax 0
BCoercivity 0
BRetentivity 0
BNegativeCoercivity 0
BPositiveCoercivity 0
BNegativeRetentivity 0
BPositiveRetentivity 0
MomentYMean -7.01964212560387E-03
MomentYRMS 1.91504169817777E-04
YOffCorrection 0
Mrt 0
Ms1 0
Ms2 0
Ms3 0
Hc2 0
Hex2 0
HsatValue 0
HsatIntercept 0
HsatSlope 0
CenterH 0
Span .00150337
SpanAsPercentOfRange -28.3654716981132
RMSAsPercentOfRange -8.07791637999891
SpanAsPercentOfMean 36.3204988589125
RMSAsPercentOfMean 10.3433482716121
