Version 1.25
******************************************** Units *******************************************
System CGS
TemperatureUnit K
MomentUnit emu
AppliedFieldUnit G
 
******************************************** Setup ********************************************
 
Experiment CustomField
Minor False
Acquisition Continuous
EditedPoint No
MaxField 15000
FieldIncrement 100
Points 119
MinField 0
RampRate 10
AverageTime 0.3
TimeInterval 0
TimeConstant 0.1
TimeConstantIndex 0
Sensitivity -0.0053
SensitivityIndex 5
SensitivityY -400
SensitivityIndexY 0
SaturationField 8000
ExperimentTime 100
Use735Domains True
AutoRangeEnabled False
NumberOfVertices 2
VertexPts
0
118
VertexField
503.5923
1696.4077
StartAngle 0
EndAngle 0
AngleIncrement 0
StartTemp 0
FinishTemp 0
TempIncrement 0
TempPoints 0
LengthofSetPointsArray 119
SetPointArray
503.59231
513.70092
523.80952
533.91813
544.02673
554.13534
564.24394
574.35255
584.46115
594.56976
604.67836
614.78697
624.89557
635.00418
645.11278
655.22139
665.32999
675.4386
685.5472
695.65581
705.76441
715.87302
725.98162
736.09023
746.19883
756.30744
766.41604
776.52464
786.63325
796.74185
806.85046
816.95906
827.06767
837.17627
847.28488
857.39348
867.50209
877.61069
887.7193
897.8279
907.93651
918.04511
928.15372
938.26232
948.37093
958.47953
968.58814
978.69674
988.80535
998.91395
1009.02256
1019.13116
1029.23977
1039.34837
1049.45698
1059.56558
1069.67419
1079.78279
1089.8914
1100
1110.1086
1120.21721
1130.32581
1140.43442
1150.54302
1160.65163
1170.76023
1180.86884
1190.97744
1201.08605
1211.19465
1221.30326
1231.41186
1241.52047
1251.62907
1261.73768
1271.84628
1281.95489
1292.06349
1302.1721
1312.2807
1322.38931
1332.49791
1342.60652
1352.71512
1362.82373
1372.93233
1383.04094
1393.14954
1403.25815
1413.36675
1423.47536
1433.58396
1443.69256
1453.80117
1463.90977
1474.01838
1484.12698
1494.23559
1504.34419
1514.4528
1524.5614
1534.67001
1544.77861
1554.88722
1564.99582
1575.10443
1585.21303
1595.32164
1605.43024
1615.53885
1625.64745
1635.75606
1645.86466
1655.97327
1666.08187
1676.19048
1686.29908
1696.40769
FieldDomainFile C:\IDEASVSM\Default UserID\Experiments\FORCexp0060B\fdomain.ini
TempDomainFile C:\IDEASVSM\Default UserID\Experiments\FORCexp0060B\tdomain.ini
NumSelectedResults 0
ResultsSelected 
UserName1 
UserValue1 
UserName2 
UserValue2 
LinearBackgroundCorrection Off
MaxLinearFieldCorrection 
MinLinearFieldCorrection 
AutoLinearCorrection Off
FitOneRegion Off
BackgroundMode Off
BackgroundFilename 
AutoCenter Off
OffsetCorrection 
SmoothDeriv Off
DerivOrder 0
DerivPoints 0
MinExFieldOne 
MaxExFieldOne 
MinExFieldTwo 
MaxExFieldTwo 
MinPinFieldOne 
MaxPinFieldOne 
MinPinFieldTwo 
MaxPinFieldTwo 
HCenterStart 
Mass 
Volume 
Density 
MolarWeight 
NumberOfMoles 
Demagnetization 
SampleArea 
Thickness 
MomentScaling 0
XAxis 0
YAxis 0
SimpleSpinValve False
HsatMax 0
HsatMin 0
FieldAutoRange False
 
*************************************************** Experiment Data ********************************************
 
DataPoints 119
MomentX Data
0.00377427
0.0037879
0.00379036
0.00380536
0.00381155
0.00381176
0.00383456
0.00383667
0.00382223
0.00388256
0.00385545
0.00389654
0.00391539
0.00390193
0.0038944
0.00393865
0.00391841
0.00390434
0.0039184
0.00394576
0.00394362
0.00395318
0.00396123
0.00393954
0.00399634
0.00397568
0.00399643
0.0040366
0.00404241
0.00400199
0.00405402
0.00403623
0.00404952
0.00408199
0.00404059
0.0040805
0.00403521
0.0040928
0.00408026
0.00404345
0.00409994
0.0041302
0.00412141
0.00413366
0.0041327
0.00414492
0.00415187
0.00418179
0.00416075
0.00419249
0.0041851
0.00419028
0.00415535
0.00416713
0.00416975
0.0042193
0.0042185
0.00425252
0.004233
0.00423722
0.00423939
0.00425173
0.00428683
0.00428788
0.00430883
0.0042754
0.00428553
0.00428239
0.00430378
0.00429167
0.00430494
0.00430424
0.00432162
0.00430195
0.00429148
0.00430119
0.0043248
0.00431436
0.0043106
0.00434044
0.00436781
0.00434416
0.00432683
0.00437975
0.00438377
0.00435494
0.00439044
0.00444609
0.00441467
0.00443747
0.00439216
0.00444833
0.00444466
0.00442128
0.00441921
0.00444092
0.00444749
0.00442285
0.00444778
0.0044444
0.00446801
0.00449662
0.00451511
0.00452145
0.00446501
0.00454796
0.00453239
0.00449099
0.00448782
0.00446832
0.00453621
0.00455447
0.00458613
0.00450411
0.00454399
0.00453913
0.00457546
0.00454466
0.00458517
MomentY Data
-0.00724792
-0.00665983
-0.00693003
-0.00715256
-0.00689824
-0.00697772
-0.00680288
-0.00689824
-0.00667572
-0.00729561
-0.00735919
-0.00715256
-0.00724792
-0.0070413
-0.00699361
-0.00685056
-0.00694593
-0.00694593
-0.00677109
-0.00700951
-0.0067393
-0.00689824
-0.00705719
-0.0067393
-0.00720024
-0.00661214
-0.00720024
-0.00710487
-0.00700951
-0.00658035
-0.00688235
-0.00685056
-0.00696182
-0.00699361
-0.0070413
-0.00715256
-0.00664393
-0.00713666
-0.00688235
-0.0070413
-0.0073115
-0.00718435
-0.00708898
-0.00705719
-0.00720024
-0.00724792
-0.00664393
-0.00705719
-0.00710487
-0.0073115
-0.00697772
-0.00664393
-0.00715256
-0.00705719
-0.0067393
-0.00715256
-0.0073115
-0.0067393
-0.00718435
-0.00683467
-0.00710487
-0.00708898
-0.0070254
-0.00708898
-0.00715256
-0.00742277
-0.00724792
-0.00693003
-0.00683467
-0.00708898
-0.00708898
-0.00710487
-0.00729561
-0.00740687
-0.00670751
-0.00696182
-0.00726382
-0.00758171
-0.00694593
-0.00691414
-0.00715256
-0.00751813
-0.00724792
-0.00710487
-0.00677109
-0.00715256
-0.0073115
-0.00705719
-0.00683467
-0.0070413
-0.00699361
-0.00699361
-0.00693003
-0.00699361
-0.00689824
-0.00705719
-0.00705719
-0.00686646
-0.00708898
-0.00715256
-0.00751813
-0.00716845
-0.00740687
-0.00710487
-0.00720024
-0.00699361
-0.00716845
-0.00697772
-0.00726382
-0.00715256
-0.00694593
-0.00710487
-0.00686646
-0.00680288
-0.00681877
-0.00699361
-0.00766118
-0.00724792
-0.00708898
Field Data
504.149
510.406
520.099
532.377
543.686
553.555
563.737
573.756
583.752
593.701
604.041
614.092
623.821
634.126
644.024
653.974
664.24
674.247
684.044
694.164
704.372
714.415
724.398
734.302
744.408
754.615
764.443
774.383
784.665
794.682
804.472
814.829
824.733
834.661
844.661
855.059
864.913
874.865
885.025
894.942
905.27
914.942
924.829
935.078
945.145
954.968
965.049
975.335
985.407
994.911
1005.4
1015.32
1025.28
1035.42
1045.39
1055.53
1065.49
1075.19
1085.67
1095.59
1105.44
1115.51
1125.76
1135.66
1145.62
1155.81
1165.76
1175.79
1185.73
1195.84
1206.08
1215.84
1225.69
1235.82
1246.08
1255.99
1265.91
1276.24
1285.99
1295.96
1306.19
1316.25
1326
1336.11
1346.31
1356.27
1366.59
1376.32
1386.05
1396.55
1406.43
1416.26
1426.58
1436.53
1446.51
1456.39
1466.71
1476.62
1486.39
1496.87
1506.62
1516.88
1526.72
1536.63
1546.77
1556.8
1566.77
1576.66
1587.1
1596.88
1606.73
1617.02
1626.99
1636.78
1647.19
1657.2
1667.33
1677.03
1687.17
Time Data
0
0.3
0.6
0.9
1.2
1.5
1.8
2.1
2.4
2.7
3
3.3
3.6
3.9
4.2
4.5
4.8
5.1
5.4
5.7
6
6.3
6.6
6.9
7.2
7.5
7.8
8.1
8.4
8.7
9
9.3
9.6
9.9
10.2
10.5
10.8
11.1
11.4
11.7
12
12.3
12.6
12.9
13.2
13.5
13.8
14.1
14.4
14.7
15
15.3
15.6
15.9
16.2
16.5
16.8
17.1
17.4
17.7
18
18.3
18.6
18.9
19.2
19.5
19.8
20.1
20.4
20.7
21
21.3
21.6
21.9
22.2
22.5
22.8
23.1
23.4
23.7
24
24.3
24.6
24.9
25.2
25.5
25.8
26.1
26.4
26.7
27
27.3
27.6
27.9
28.2
28.5
28.8
29.1
29.4
29.7
30.0000000000001
30.3000000000001
30.6000000000001
30.9000000000001
31.2000000000001
31.5000000000001
31.8000000000001
32.1000000000001
32.4
32.7
33
33.3
33.6
33.9
34.2
34.5
34.8
35.1
35.4
Temperature Data
0
0
0
0
0
0
0
0
0
0
0
0
0
0
0
0
0
0
0
0
0
0
0
0
0
0
0
0
0
0
0
0
0
0
0
0
0
0
0
0
0
0
0
0
0
0
0
0
0
0
0
0
0
0
0
0
0
0
0
0
0
0
0
0
0
0
0
0
0
0
0
0
0
0
0
0
0
0
0
0
0
0
0
0
0
0
0
0
0
0
0
0
0
0
0
0
0
0
0
0
0
0
0
0
0
0
0
0
0
0
0
0
0
0
0
0
0
0
0
Angle Data
0
0
0
0
0
0
0
0
0
0
0
0
0
0
0
0
0
0
0
0
0
0
0
0
0
0
0
0
0
0
0
0
0
0
0
0
0
0
0
0
0
0
0
0
0
0
0
0
0
0
0
0
0
0
0
0
0
0
0
0
0
0
0
0
0
0
0
0
0
0
0
0
0
0
0
0
0
0
0
0
0
0
0
0
0
0
0
0
0
0
0
0
0
0
0
0
0
0
0
0
0
0
0
0
0
0
0
0
0
0
0
0
0
0
0
0
0
0
0
Bx Data
0
0
0
0
0
0
0
0
0
0
0
0
0
0
0
0
0
0
0
0
0
0
0
0
0
0
0
0
0
0
0
0
0
0
0
0
0
0
0
0
0
0
0
0
0
0
0
0
0
0
0
0
0
0
0
0
0
0
0
0
0
0
0
0
0
0
0
0
0
0
0
0
0
0
0
0
0
0
0
0
0
0
0
0
0
0
0
0
0
0
0
0
0
0
0
0
0
0
0
0
0
0
0
0
0
0
0
0
0
0
0
0
0
0
0
0
0
0
0
Hint Data
0
0
0
0
0
0
0
0
0
0
0
0
0
0
0
0
0
0
0
0
0
0
0
0
0
0
0
0
0
0
0
0
0
0
0
0
0
0
0
0
0
0
0
0
0
0
0
0
0
0
0
0
0
0
0
0
0
0
0
0
0
0
0
0
0
0
0
0
0
0
0
0
0
0
0
0
0
0
0
0
0
0
0
0
0
0
0
0
0
0
0
0
0
0
0
0
0
0
0
0
0
0
0
0
0
0
0
0
0
0
0
0
0
0
0
0
0
0
0
Torque Data
-3.65403162008
-3.39921719098
-3.60430167297
-3.80785843512
-3.75047651264
-3.8625517946
-3.83503516256
-3.95790658944
-3.89696490144
-4.33141095261
-4.44525248679
-4.39232987552
-4.52140470232
-4.4650714038
-4.50405268664
-4.48008812544
-4.6137645432
-4.68327246471
-4.63172348796
-4.86574949964
-4.7469742196
-4.9282061296
-5.11221432162
-4.9486814686
-5.35991625792
-4.9896200261
-5.50417306632
-5.50189054521
-5.50011716415
-5.2292856987
-5.5366578692
-5.58203495424
-5.74164269406
-5.83729351621
-5.9475114993
-6.11586080104
-5.74642142809
-6.2436140509
-6.09105180875
-6.3015551046
-6.618881605
-6.5732635577
-6.55609428442
-6.59902311082
-6.8052708348
-6.92153166656
-6.41171800257
-6.88312440865
-7.00118863209
-7.2742917765
-7.015399688
-6.7457150076
-7.3333767168
-7.3071556698
-7.045196827
-7.5497416568
-7.790330135
-7.246027967
-7.7998332645
-7.4879961053
-7.8540074928
-7.9078280798
-7.908914304
-8.0506710268
-8.1941157872
-8.5793117937
-8.4493352192
-8.1482599737
-8.1040732591
-8.4772858432
-8.5498769984
-8.6383851408
-8.9421562209
-9.1535580834
-8.3580940608
-8.7439763018
-9.1953423762
-9.6760815704
-8.9323965207
-8.9604488744
-9.3426023464
-9.8957386125
-9.61074192
-9.4928878557
-9.1159861779
-9.7008025512
-9.991822785
-9.7129517408
-9.4731943535
-9.833527515
-9.8360229123
-9.9047700986
-9.8862421974
-10.0465305733
-9.9783731424
-10.2780209441
-10.3508511449
-10.1391521652
-10.5369889822
-10.7064524872
-11.3269650206
-10.873678436
-11.3082165664
-10.9175563881
-11.1371152248
-10.887652048
-11.2313124065
-11.0014920152
-11.528408722
-11.4217800128
-11.1602341089
-11.4887168874
-11.1716617554
-11.1348179264
-11.2318097563
-11.589810492
-12.7737152494
-12.1549792776
-11.9603143866
dMdH Data
2.17836023653503E-06
2.5379139585269E-07
1.22169734484443E-06
5.47351666814047E-07
2.12787516465757E-08
2.23924572775485E-06
2.105998602655E-07
-1.44457783113247E-06
6.06392602271585E-06
-2.62185686653774E-06
4.0881504327928E-06
1.93750642409295E-06
-1.3061620572538E-06
-7.60759749444325E-07
4.4472361809045E-06
-1.97155659458411E-06
-1.40601578894771E-06
1.43513320404203E-06
2.70355731225302E-06
-2.09639498432632E-07
9.51906800756706E-07
8.06370830411685E-07
-2.19002423263324E-06
5.62042351078568E-06
-2.02410110708342E-06
2.11131461131461E-06
4.04124748490952E-06
5.65065162419701E-07
-4.03514026155527E-06
5.31460674157303E-06
-1.71767886453608E-06
1.34188206785137E-06
3.27054794520545E-06
-4.13999999999996E-06
3.83823812271588E-06
-4.59610310533791E-06
5.78677652733116E-06
-1.23425196850395E-06
-3.71180800645355E-06
5.46959721146401E-06
3.1286186931348E-06
-8.89046222312116E-07
1.19523855985951E-06
-9.5361080758952E-08
1.24401913875601E-06
6.89415732566248E-07
2.9088080886642E-06
-2.08895949166004E-06
3.33964646464647E-06
-7.04547621317602E-07
5.22177419354881E-07
-3.50702811244981E-06
1.16173570019717E-06
2.6278836509529E-07
4.88658777120319E-06
-8.03212851405204E-08
3.50721649484535E-06
-1.86259541984735E-06
4.25403225806468E-07
2.20304568527928E-07
1.2254220456802E-06
3.4243902439025E-06
1.06060606060589E-07
2.10341365461848E-06
-3.28066732090275E-06
1.01809045226127E-06
-3.13060817547402E-07
2.15191146881291E-06
-1.19782393669636E-06
1.29589843750001E-06
-7.17213114754283E-08
1.76446700507612E-06
-1.94175715695958E-06
-1.02046783625725E-06
9.79818365287538E-07
2.38004032258066E-06
-1.01064859632144E-06
-3.85641025640959E-07
2.9929789368104E-06
2.67546432062557E-06
-2.35089463220678E-06
-1.77743589743584E-06
5.23442136498519E-06
3.94117647058862E-07
-2.89457831325305E-06
3.43992248062017E-06
5.71942446043164E-06
-3.22918807810892E-06
2.17142857142856E-06
-4.5860323886639E-06
5.7141403865718E-06
-3.55620155038835E-07
-2.34974874371857E-06
-2.07414829659303E-07
2.19736842105264E-06
6.36627906976749E-07
-2.48637739656918E-06
2.55168884339813E-06
-3.2251908396946E-07
2.4215384615384E-06
2.78849902534108E-06
1.87906504065046E-06
6.3975782038341E-07
-5.56607495069037E-06
8.27018943170491E-06
-1.56168505516553E-06
-4.18604651162782E-06
-3.03639846743325E-07
-1.99386503067485E-06
6.89238578680211E-06
1.77453838678329E-06
3.17552657973923E-06
-8.37793667007148E-06
3.83093179634963E-06
-4.85514485514549E-07
3.58637709772958E-06
-3.17525773195876E-06
3.99506903353059E-06
3.99506903353059E-06
dMdT Data
0
0
0
0
0
0
0
0
0
0
0
0
0
0
0
0
0
0
0
0
0
0
0
0
0
0
0
0
0
0
0
0
0
0
0
0
0
0
0
0
0
0
0
0
0
0
0
0
0
0
0
0
0
0
0
0
0
0
0
0
0
0
0
0
0
0
0
0
0
0
0
0
0
0
0
0
0
0
0
0
0
0
0
0
0
0
0
0
0
0
0
0
0
0
0
0
0
0
0
0
0
0
0
0
0
0
0
0
0
0
0
0
0
0
0
0
0
0
0
 
*********************************************** Results ***************************************
 
TotalArea 0
AreaFirstQuad 0
AreaSecondQuad 0
AreaThirdQuad 0
AreaFourthQuad 0
Coercivity 0
PositiveCoercivity 0
NegativeCoercivity 0
Retentivity 2.6760518651111E-03
PositiveRetentivity 2.6760518651111E-03
NegativeRetentivity 0
Magnetization 0.00458613
PositiveMagnetization 0.00458613
NegativeMagnetization 0.00377427
Flatness -0.713408495470114
Squareness 0.583509814399308
SStar 0
SFD1 0
SFD2 0
Slope 0
Intercept 0
SlopeAtHc 3.99506903353059E-06
dH1 614.235382245066
dH2 38.16
InitialSlope 2.17836023653503E-06
FieldAtHalfMs 1687.17
FieldAtMs 1626.99
MomentMean 4.21204226890756E-03
MomentRMS 2.28627163549315E-04
SFD3 0
dH3 1228.47076449013
UserField1 0
UserField2 0
CenterField 0
ExchangeField 0
ExchangeMoment 0
ExRegionOneIntercept 0
ExRegionOneSlope 0
ExRegionTwoIntercept 0
ExRegionTwoSlope 0
NegativeIntercept 0
NegativeSlope 0
AutoCenterOffset 0
PinningField 0
PinningMoment 0
PinRegionOneIntercept 0
PinRegionOneSlope 0
PinRegionTwoIntercept 0
PinRegionTwoSlope 0
PositiveIntercept 0
PositiveSlope 0
TotalOffset 0
BHMax 0
BCoercivity 0
BRetentivity 0
BNegativeCoercivity 0
BPositiveCoercivity 0
BNegativeRetentivity 0
BPositiveRetentivity 0
MomentYMean -7.04663806722689E-03
MomentYRMS 2.10593267699777E-04
YOffCorrection 0
Mrt 0
Ms1 0
Ms2 0
Ms3 0
Hc2 0
Hex2 0
HsatValue 0
HsatIntercept 0
HsatSlope 0
CenterH 0
Span .00081186
SpanAsPercentOfRange -15.3181132075472
RMSAsPercentOfRange -4.3137200669682
SpanAsPercentOfMean 19.2747353461523
RMSAsPercentOfMean 5.42794086462507
