Version 1.25
******************************************** Units *******************************************
System CGS
TemperatureUnit K
MomentUnit emu
AppliedFieldUnit G
 
******************************************** Setup ********************************************
 
Experiment CustomField
Minor False
Acquisition Continuous
EditedPoint No
MaxField 15000
FieldIncrement 100
Points 115
MinField 0
RampRate 10
AverageTime 0.3
TimeInterval 0
TimeConstant 0.1
TimeConstantIndex 0
Sensitivity -0.0053
SensitivityIndex 5
SensitivityY -400
SensitivityIndexY 0
SaturationField 8000
ExperimentTime 100
Use735Domains True
AutoRangeEnabled False
NumberOfVertices 2
VertexPts
0
114
VertexField
523.8095
1676.1905
StartAngle 0
EndAngle 0
AngleIncrement 0
StartTemp 0
FinishTemp 0
TempIncrement 0
TempPoints 0
LengthofSetPointsArray 115
SetPointArray
523.80952
533.91813
544.02673
554.13534
564.24394
574.35255
584.46115
594.56976
604.67836
614.78697
624.89557
635.00418
645.11278
655.22139
665.32999
675.4386
685.5472
695.65581
705.76441
715.87302
725.98162
736.09023
746.19883
756.30744
766.41604
776.52464
786.63325
796.74185
806.85046
816.95906
827.06767
837.17627
847.28488
857.39348
867.50209
877.61069
887.7193
897.8279
907.93651
918.04511
928.15372
938.26232
948.37093
958.47953
968.58814
978.69674
988.80535
998.91395
1009.02256
1019.13116
1029.23977
1039.34837
1049.45698
1059.56558
1069.67419
1079.78279
1089.8914
1100
1110.1086
1120.21721
1130.32581
1140.43442
1150.54302
1160.65163
1170.76023
1180.86884
1190.97744
1201.08605
1211.19465
1221.30326
1231.41186
1241.52047
1251.62907
1261.73768
1271.84628
1281.95489
1292.06349
1302.1721
1312.2807
1322.38931
1332.49791
1342.60652
1352.71512
1362.82373
1372.93233
1383.04094
1393.14954
1403.25815
1413.36675
1423.47536
1433.58396
1443.69256
1453.80117
1463.90977
1474.01838
1484.12698
1494.23559
1504.34419
1514.4528
1524.5614
1534.67001
1544.77861
1554.88722
1564.99582
1575.10443
1585.21303
1595.32164
1605.43024
1615.53885
1625.64745
1635.75606
1645.86466
1655.97327
1666.08187
1676.19048
FieldDomainFile C:\IDEASVSM\Default UserID\Experiments\FORCexp0058B\fdomain.ini
TempDomainFile C:\IDEASVSM\Default UserID\Experiments\FORCexp0058B\tdomain.ini
NumSelectedResults 0
ResultsSelected 
UserName1 
UserValue1 
UserName2 
UserValue2 
LinearBackgroundCorrection Off
MaxLinearFieldCorrection 
MinLinearFieldCorrection 
AutoLinearCorrection Off
FitOneRegion Off
BackgroundMode Off
BackgroundFilename 
AutoCenter Off
OffsetCorrection 
SmoothDeriv Off
DerivOrder 0
DerivPoints 0
MinExFieldOne 
MaxExFieldOne 
MinExFieldTwo 
MaxExFieldTwo 
MinPinFieldOne 
MaxPinFieldOne 
MinPinFieldTwo 
MaxPinFieldTwo 
HCenterStart 
Mass 
Volume 
Density 
MolarWeight 
NumberOfMoles 
Demagnetization 
SampleArea 
Thickness 
MomentScaling 0
XAxis 0
YAxis 0
SimpleSpinValve False
HsatMax 0
HsatMin 0
FieldAutoRange False
 
*************************************************** Experiment Data ********************************************
 
DataPoints 115
MomentX Data
0.00380899
0.00379175
0.00381769
0.00379536
0.00385034
0.00381313
0.00384295
0.00385297
0.00389422
0.00389752
0.0038918
0.00386862
0.00391019
0.00393995
0.00393383
0.00392127
0.00392537
0.00393703
0.00395478
0.0039614
0.00396958
0.0039568
0.00397608
0.00401444
0.00401212
0.00403304
0.00397073
0.00401337
0.0040111
0.00398357
0.00402581
0.00407166
0.00405309
0.00405904
0.00404841
0.00409581
0.00406728
0.00412348
0.00411028
0.00409669
0.00410326
0.00409223
0.0041176
0.00413342
0.00418488
0.00415914
0.00417539
0.00415666
0.00416954
0.00421824
0.00421882
0.00419918
0.00419731
0.00420995
0.00420667
0.00422326
0.00426382
0.00424628
0.0042282
0.00428236
0.00424158
0.0042759
0.00422366
0.00429437
0.00429158
0.00427663
0.00425629
0.0043001
0.00427897
0.00430873
0.00427494
0.00433226
0.00428029
0.00431524
0.00433403
0.00433527
0.00433513
0.00435124
0.00437193
0.00440996
0.00438633
0.00436182
0.00440636
0.00436723
0.00439825
0.00444043
0.00441662
0.00440678
0.00440918
0.00442799
0.0043985
0.00441196
0.00445906
0.00444071
0.0043951
0.0043923
0.00443647
0.00447597
0.00447556
0.00449206
0.00445225
0.00450755
0.0044809
0.00453355
0.00448422
0.00450506
0.00449328
0.00450363
0.00454184
0.00450663
0.004498
0.00450245
0.00452412
0.004535
0.00455602
MomentY Data
-0.0070413
-0.00705719
-0.00689824
-0.0070254
-0.00720024
-0.00667572
-0.00705719
-0.00708898
-0.00686646
-0.0067234
-0.00661214
-0.00670751
-0.00689824
-0.00685056
-0.00677109
-0.00696182
-0.0067393
-0.00713666
-0.00689824
-0.00715256
-0.00696182
-0.0070413
-0.00750224
-0.00680288
-0.0070413
-0.00693003
-0.00700951
-0.00689824
-0.0067393
-0.00716845
-0.00685056
-0.00700951
-0.00724792
-0.00654856
-0.00735919
-0.00689824
-0.00710487
-0.0073115
-0.00694593
-0.0067393
-0.0073115
-0.00700951
-0.00697772
-0.00720024
-0.00715256
-0.0070413
-0.00708898
-0.00718435
-0.00720024
-0.00735919
-0.00680288
-0.00689824
-0.00683467
-0.00678698
-0.00699361
-0.00683467
-0.0070413
-0.00726382
-0.0070413
-0.00715256
-0.00726382
-0.00683467
-0.0067393
-0.00715256
-0.0070413
-0.00705719
-0.00694593
-0.00721614
-0.00689824
-0.00678698
-0.00710487
-0.00712077
-0.00699361
-0.00712077
-0.0073115
-0.00742277
-0.00720024
-0.00726382
-0.00696182
-0.00715256
-0.0073115
-0.00715256
-0.00689824
-0.00683467
-0.0070413
-0.00693003
-0.00658035
-0.00716845
-0.00724792
-0.00713666
-0.00677109
-0.00648499
-0.00716845
-0.00708898
-0.00710487
-0.00699361
-0.00710487
-0.00747045
-0.00685056
-0.00712077
-0.00694593
-0.00694593
-0.00699361
-0.0070413
-0.00720024
-0.00715256
-0.00708898
-0.00705719
-0.0073115
-0.00720024
-0.00680288
-0.00737508
-0.00705719
-0.0070413
-0.00708898
Field Data
524.409
530.816
540.581
550.394
560.301
570.876
580.804
590.67
600.883
611.113
620.79
630.72
641.31
650.994
660.943
671.356
681.123
691.47
701.339
711.034
721.595
731.254
741.267
751.44
761.603
771.487
781.228
791.788
801.567
811.397
821.67
831.653
841.715
851.732
861.761
871.795
881.886
891.68
901.715
911.98
921.819
932.011
941.783
951.982
962.076
972.102
982.208
991.932
1002
1012.2
1022.23
1031.97
1042.39
1052.29
1062.14
1072.4
1082.32
1092.32
1102.23
1112.59
1122.65
1132.58
1142.47
1152.52
1162.65
1172.48
1182.42
1192.66
1202.68
1212.6
1222.55
1232.93
1242.7
1252.56
1263.04
1272.73
1282.95
1292.87
1302.82
1312.97
1323.05
1332.72
1343
1353.07
1363.08
1372.95
1383.28
1393.16
1403.13
1413.52
1423.2
1433.21
1443.35
1453.34
1463.22
1473.13
1483.46
1493.35
1503.03
1513.6
1523.48
1533.33
1543.62
1553.37
1563.59
1573.57
1583.47
1593.44
1603.75
1613.68
1623.5
1633.83
1643.65
1653.51
1663.82
Time Data
0
0.3
0.6
0.9
1.2
1.5
1.8
2.1
2.4
2.7
3
3.3
3.6
3.9
4.2
4.5
4.8
5.1
5.4
5.7
6
6.3
6.6
6.9
7.2
7.5
7.8
8.1
8.4
8.7
9
9.3
9.6
9.9
10.2
10.5
10.8
11.1
11.4
11.7
12
12.3
12.6
12.9
13.2
13.5
13.8
14.1
14.4
14.7
15
15.3
15.6
15.9
16.2
16.5
16.8
17.1
17.4
17.7
18
18.3
18.6
18.9
19.2
19.5
19.8
20.1
20.4
20.7
21
21.3
21.6
21.9
22.2
22.5
22.8
23.1
23.4
23.7
24
24.3
24.6
24.9
25.2
25.5
25.8
26.1
26.4
26.7
27
27.3
27.6
27.9
28.2
28.5
28.8
29.1
29.4
29.7
30.0000000000001
30.3000000000001
30.6000000000001
30.9000000000001
31.2000000000001
31.5000000000001
31.8000000000001
32.1000000000001
32.4
32.7
33
33.3
33.6
33.9
34.2
Temperature Data
0
0
0
0
0
0
0
0
0
0
0
0
0
0
0
0
0
0
0
0
0
0
0
0
0
0
0
0
0
0
0
0
0
0
0
0
0
0
0
0
0
0
0
0
0
0
0
0
0
0
0
0
0
0
0
0
0
0
0
0
0
0
0
0
0
0
0
0
0
0
0
0
0
0
0
0
0
0
0
0
0
0
0
0
0
0
0
0
0
0
0
0
0
0
0
0
0
0
0
0
0
0
0
0
0
0
0
0
0
0
0
0
0
0
0
Angle Data
0
0
0
0
0
0
0
0
0
0
0
0
0
0
0
0
0
0
0
0
0
0
0
0
0
0
0
0
0
0
0
0
0
0
0
0
0
0
0
0
0
0
0
0
0
0
0
0
0
0
0
0
0
0
0
0
0
0
0
0
0
0
0
0
0
0
0
0
0
0
0
0
0
0
0
0
0
0
0
0
0
0
0
0
0
0
0
0
0
0
0
0
0
0
0
0
0
0
0
0
0
0
0
0
0
0
0
0
0
0
0
0
0
0
0
Bx Data
0
0
0
0
0
0
0
0
0
0
0
0
0
0
0
0
0
0
0
0
0
0
0
0
0
0
0
0
0
0
0
0
0
0
0
0
0
0
0
0
0
0
0
0
0
0
0
0
0
0
0
0
0
0
0
0
0
0
0
0
0
0
0
0
0
0
0
0
0
0
0
0
0
0
0
0
0
0
0
0
0
0
0
0
0
0
0
0
0
0
0
0
0
0
0
0
0
0
0
0
0
0
0
0
0
0
0
0
0
0
0
0
0
0
0
Hint Data
0
0
0
0
0
0
0
0
0
0
0
0
0
0
0
0
0
0
0
0
0
0
0
0
0
0
0
0
0
0
0
0
0
0
0
0
0
0
0
0
0
0
0
0
0
0
0
0
0
0
0
0
0
0
0
0
0
0
0
0
0
0
0
0
0
0
0
0
0
0
0
0
0
0
0
0
0
0
0
0
0
0
0
0
0
0
0
0
0
0
0
0
0
0
0
0
0
0
0
0
0
0
0
0
0
0
0
0
0
0
0
0
0
0
0
Torque Data
-3.6925210917
-3.74606936704
-3.72905747744
-3.8667380076
-4.03430167224
-3.81100833072
-4.09884418076
-4.1872478166
-4.12593908418
-4.1087571442
-4.1047503906
-4.2305607072
-4.4239102944
-4.45967345664
-4.47530453787
-4.67385962792
-4.5902922339
-4.9347862902
-4.83800474336
-5.08571334704
-5.0236145029
-5.1489787902
-5.56116293808
-5.1119561472
-5.3626752039
-5.34642805461
-5.47602547828
-5.46194365312
-5.4020004831
-5.81645882465
-5.6288996352
-5.82948002003
-6.1006829828
-5.57761810592
-6.34186293359
-6.0138511408
-6.26568538482
-6.51951832
-6.26324926995
-6.146106814
-6.7398796185
-6.53294042461
-6.57149807476
-6.85449887568
-6.88130631456
-6.8448618126
-6.96285286784
-7.1263866642
-7.21464048
-7.448972118
-6.9541080224
-7.1187767328
-7.1243916613
-7.1418711842
-7.4281929254
-7.329500108
-7.620939816
-7.9344158624
-7.761132099
-7.9578667304
-8.154727523
-7.7408105486
-7.699448071
-8.2434684512
-8.186567445
-8.2744141312
-8.2130065506
-8.6064015324
-8.2963752832
-8.229891948
-8.6860588185
-8.7794109561
-8.690959147
-8.9191916712
-9.23471696
-9.4471820621
-9.237547908
-9.3911749634
-9.0699983324
-9.3910967032
-9.673480075
-9.5323597632
-9.26433632
-9.2477869369
-9.597855204
-9.5145846885
-9.102466548
-9.986797802
-10.1697739896
-10.0878116432
-9.636615288
-9.2943525179
-10.3465823075
-10.3026981932
-10.3959878814
-10.3024966993
-10.5397904502
-11.1559965075
-10.2965971968
-10.777997472
-10.5819854364
-10.6504028469
-10.7954762682
-10.937744181
-11.2582232616
-11.2550538392
-11.2251871606
-11.2452088336
-11.725818125
-11.6188832832
-11.04447568
-12.0496269564
-11.5995503435
-11.642859963
-11.7947867036
dMdH Data
-2.69080692992038E-06
2.65642601126471E-06
-2.27555283807196E-06
5.54961138588875E-06
-3.51867612293144E-06
3.00362610797742E-06
1.01560916278126E-06
4.03896994027218E-06
3.22580645161282E-07
-5.91092280665486E-07
-2.33434038267872E-06
3.92540132200191E-06
3.07311028500619E-06
-6.15137199718576E-07
-1.20618457697109E-06
4.19780894849996E-07
1.12689668502949E-06
1.79856115107908E-06
6.82826199071751E-07
7.74547864785528E-07
-1.32311833523144E-06
1.92549685408968E-06
3.77076575248209E-06
-2.28279051461195E-07
2.11655200323753E-06
-6.39667385278723E-06
4.03787878787877E-06
-2.32130074649712E-07
-2.80061037639881E-06
4.11174924559535E-06
4.59280777321444E-06
-1.84555754323203E-06
5.93990216631752E-07
-1.05992621397948E-06
4.72393860873036E-06
-2.82727182637991E-06
5.73820706555028E-06
-1.31539611360235E-06
-1.32391622016561E-06
6.6775078768168E-07
-1.08222135007853E-06
2.59619320507574E-06
1.55113246396704E-06
5.09807806617796E-06
-2.56732495511669E-06
1.60795566989905E-06
-1.92616207322087E-06
1.27930075486689E-06
4.77450980392151E-06
5.78265204386866E-08
-2.01642710472275E-06
-1.79462571976982E-07
1.27676767676765E-06
-3.32994923857823E-07
1.61695906432752E-06
4.08870967741936E-06
-1.75399999999999E-06
-1.82441977800202E-06
5.22779922779929E-06
-4.05367793240548E-06
3.45619335347438E-06
-5.28210313447925E-06
7.03582089552241E-06
-2.75419545903246E-07
-1.52085452695827E-06
-2.04627766599594E-06
4.2783203125E-06
-2.10878243512977E-06
3.00000000000007E-06
-3.39597989949753E-06
5.52215799614642E-06
-5.31934493346983E-06
3.54462474645031E-06
1.79293893129774E-06
1.27966976264145E-07
-1.36986301369049E-08
1.62399193548387E-06
2.07939698492456E-06
3.74679802955667E-06
-2.34424603174607E-06
-2.53464322647363E-06
4.33268482490274E-06
-3.88579940417084E-06
3.09890109890115E-06
4.27355623100301E-06
-2.30493707647638E-06
-9.95951417004005E-07
2.40722166499547E-07
1.81039461020207E-06
-3.04648760330577E-06
1.34465534465542E-06
4.6449704142012E-06
-1.83683683683687E-06
-4.61639676113353E-06
-2.82542885973747E-07
4.2758954501452E-06
3.99393326592528E-06
-4.23553719008434E-08
1.56102175969727E-06
-4.02935222672064E-06
5.61421319796963E-06
-2.58989310009715E-06
5.39999999999996E-06
-4.82681017612525E-06
2.08817635270543E-06
-1.18989898989901E-06
1.0381143430291E-06
3.70611057225999E-06
-3.54582074521649E-06
-8.78818737270874E-07
4.30784123910903E-07
2.20672097759676E-06
1.10344827586204E-06
2.03879728419012E-06
2.03879728419012E-06
dMdT Data
0
0
0
0
0
0
0
0
0
0
0
0
0
0
0
0
0
0
0
0
0
0
0
0
0
0
0
0
0
0
0
0
0
0
0
0
0
0
0
0
0
0
0
0
0
0
0
0
0
0
0
0
0
0
0
0
0
0
0
0
0
0
0
0
0
0
0
0
0
0
0
0
0
0
0
0
0
0
0
0
0
0
0
0
0
0
0
0
0
0
0
0
0
0
0
0
0
0
0
0
0
0
0
0
0
0
0
0
0
0
0
0
0
0
0
 
*********************************************** Results ***************************************
 
TotalArea 0
AreaFirstQuad 0
AreaSecondQuad 0
AreaThirdQuad 0
AreaFourthQuad 0
Coercivity 0
PositiveCoercivity 0
NegativeCoercivity 0
Retentivity 5.22007337131261E-03
PositiveRetentivity 5.22007337131261E-03
NegativeRetentivity 0
Magnetization 0.00455602
PositiveMagnetization 0.00455602
NegativeMagnetization 0.00379175
Flatness 0.127211501463175
Squareness 1.14575295352361
SStar 0
SFD1 0
SFD2 0
Slope 0
Intercept 0
SlopeAtHc 2.03879728419012E-06
dH1 -969.982891241305
dH2 28.1975
InitialSlope -2.69080692992038E-06
FieldAtHalfMs 1663.82
FieldAtMs 1663.82
MomentMean 4.21042634782609E-03
MomentRMS 2.18023889554262E-04
SFD3 0
dH3 -1939.96578248261
UserField1 0
UserField2 0
CenterField 0
ExchangeField 0
ExchangeMoment 0
ExRegionOneIntercept 0
ExRegionOneSlope 0
ExRegionTwoIntercept 0
ExRegionTwoSlope 0
NegativeIntercept 0
NegativeSlope 0
AutoCenterOffset 0
PinningField 0
PinningMoment 0
PinRegionOneIntercept 0
PinRegionOneSlope 0
PinRegionTwoIntercept 0
PinRegionTwoSlope 0
PositiveIntercept 0
PositiveSlope 0
TotalOffset 0
BHMax 0
BCoercivity 0
BRetentivity 0
BNegativeCoercivity 0
BPositiveCoercivity 0
BNegativeRetentivity 0
BPositiveRetentivity 0
MomentYMean -7.02609217391304E-03
MomentYRMS 1.9886210098997E-04
YOffCorrection 0
Mrt 0
Ms1 0
Ms2 0
Ms3 0
Hc2 0
Hex2 0
HsatValue 0
HsatIntercept 0
HsatSlope 0
CenterH 0
Span .00076427
SpanAsPercentOfRange -14.4201886792453
RMSAsPercentOfRange -4.11365829347665
SpanAsPercentOfMean 18.1518434681705
RMSAsPercentOfMean 5.17819031953454
