Start Time:  5/5/2017 7:35:50 AM          Time Completed:  5/5/2017 7:37:26 AM      Elapsed Time:  00:01:36
Sample ID:     FORC_desvirgao3

Experiment:    C:\IDEASVSM\Default UserID\Experiments\FORCexp0234B\FORCexp0234B.exp
Data File:     C:\IDEASVSM\Default UserID\CarlosHernandez\FORC_floopy\FORC_desvirgao3 (ProfileData)\FORC_desvirgao3#467.txt
Plot File:     C:\IDEASVSM\Default UserID\CarlosHernandez\FORC_floopy\FORC_desvirgao3 (ProfileData)\FORC_desvirgao3#467.oc2
VSM Exp File:  C:\IDEASVSM\Default UserID\Experiments\FORCexp0234B\FORCexp0234B.stp
VSM Data File: C:\IDEASVSM\Default UserID\CarlosHernandez\FORC_floopy\FORC_desvirgao3 (ProfileData)\FORC_desvirgao3#467.dat

***DATA***

Field(G)	 Moment(emu)	
-1254.65 	-0.00365054 	
-1248.17 	-0.00367412 	
-1238.93 	-0.00366666 	
-1228.48 	-0.00367893 	
-1218.35 	-0.00369819 	
-1208.11 	-0.0036824 	
-1198.2 	-0.00367595 	
-1187.84 	-0.00363103 	
-1177.88 	-0.00364129 	
-1168.01 	-0.00363788 	
-1157.6 	-0.00363342 	
-1147.62 	-0.00359701 	
-1137.82 	-0.00361931 	
-1127.66 	-0.00358883 	
-1117.23 	-0.00361119 	
-1107.31 	-0.0035696 	
-1097.54 	-0.00359384 	
-1087.15 	-0.00354702 	
-1076.97 	-0.00354849 	
-1067.05 	-0.00355992 	
-1056.86 	-0.00355234 	
-1046.73 	-0.00350977 	
-1036.87 	-0.00349283 	
-1026.44 	-0.00353156 	
-1016.62 	-0.00350164 	
-1006.34 	-0.00351297 	
-996.398 	-0.00348557 	
-986.418 	-0.00347064 	
-976.411 	-0.00347128 	
-966.016 	-0.00348246 	
-956.016 	-0.00344694 	
-946.095 	-0.00345274 	
-935.748 	-0.00343765 	
-925.916 	-0.0034571 	
-915.803 	-0.00339933 	
-905.645 	-0.00341071 	
-895.545 	-0.00341881 	
-885.603 	-0.00340187 	
-875.572 	-0.00336732 	
-865.047 	-0.00333873 	
-855.102 	-0.00336477 	
-845.126 	-0.00333776 	
-835.246 	-0.00333408 	
-825.143 	-0.00336334 	
-814.662 	-0.00334588 	
-804.895 	-0.00332993 	
-794.96 	-0.00332274 	
-784.514 	-0.00326686 	
-774.575 	-0.00329154 	
-764.768 	-0.00327369 	
-754.496 	-0.00326353 	
-744.204 	-0.00326055 	
-734.411 	-0.00324601 	
-724.11 	-0.00327226 	
-714.138 	-0.00324095 	
-703.998 	-0.00320004 	
-693.982 	-0.00323141 	
-684.024 	-0.0031834 	
-673.953 	-0.00317419 	
-663.514 	-0.00320196 	
-653.659 	-0.00320597 	
-643.842 	-0.00315051 	
-633.472 	-0.00314371 	
-623.384 	-0.00310911 	
-613.398 	-0.00313761 	
-603.382 	-0.0031375 	
-593.002 	-0.00308367 	
-582.958 	-0.00312329 	
-573.312 	-0.00309922 	
-562.784 	-0.00307878 	
-552.899 	-0.00306013 	
-542.504 	-0.00307876 	
-532.797 	-0.00305683 	
-522.884 	-0.00304619 	
-512.377 	-0.00299164 	
-502.518 	-0.00301926 	
-492.544 	-0.00298464 	
-482.423 	-0.00301384 	
-472.189 	-0.00300175 	
-462.308 	-0.00296666 	
-452.184 	-0.00294709 	
-441.868 	-0.00294918 	
-431.984 	-0.00294225 	
-422.1 	-0.00295017 	
-411.736 	-0.00295028 	
-401.818 	-0.00291324 	
-391.443 	-0.00287368 	
-381.456 	-0.00285691 	
-371.736 	-0.00285147 	
-361.376 	-0.00283791 	
-351.31 	-0.00286301 	
-341.42 	-0.0028803 	
-331.307 	-0.00284912 	
-320.991 	-0.0028401 	
-311.172 	-0.00281619 	
-301.135 	-0.00277369 	
-290.76 	-0.00277977 	
-279.552 	-0.00275845 	
-267.094 	-0.00276071 	
-257.312 	-0.00275493 	
-247.225 	-0.00275192 	
-237.128 	-0.00272907 	
-227.096 	-0.00269232 	
-217.111 	-0.00263438 	
-206.823 	-0.0026417 	
-196.837 	-0.0026501 	
-186.797 	-0.00269173 	
-176.655 	-0.00265046 	
-166.505 	-0.00263868 	
-156.544 	-0.00259808 	
-146.599 	-0.00259042 	
-136.082 	-0.0026149 	
-126.011 	-0.00257837 	
-116.233 	-0.00255572 	
-106.038 	-0.00251932 	
-96.0254 	-0.00256959 	
-86.1292 	-0.00248707 	
-76.0237 	-0.00252623 	
-65.7401 	-0.00247147 	
-55.834 	-0.00249383 	
-45.8834 	-0.00244362 	
-35.5208 	-0.00243123 	
-25.4955 	-0.00236269 	
-15.6591 	-0.00237969 	
-5.46304 	-0.00232299 	
 4.50094 	-0.00235212 	
 15.018 	-0.00233294 	
 25.2362 	-0.00235943 	
 35.115 	-0.00238979 	
 45.3496 	-0.00228397 	
 55.2392 	-0.00228251 	
 65.043 	-0.00225504 	
 75.3256 	-0.00223326 	
 85.3815 	-0.00222711 	
 95.1524 	-0.00219718 	
 105.414 	-0.00223745 	
 115.532 	-0.00216753 	
 125.649 	-0.00215775 	
 135.551 	-0.00215912 	
 145.667 	-0.00214676 	
 156.048 	-0.00215185 	
 165.905 	-0.00206204 	
 175.885 	-0.00210848 	
 186.27 	-0.00202337 	
 196.078 	-0.0019696 	
 206.411 	-0.00197251 	
 216.264 	-0.00207072 	
 226.372 	-0.00199867 	
 236.52 	-0.00194999 	
 246.564 	-0.00191402 	
 256.45 	-0.00192655 	
 266.837 	-0.00189678 	
 276.907 	-0.00183441 	
 286.803 	-0.001884 	
 296.79 	-0.00186769 	
 307.204 	-0.00185849 	
 317.041 	-0.00181797 	
 327.271 	-0.00175115 	
 337.229 	-0.00174178 	
 347.217 	-0.00171584 	
 357.522 	-0.00164236 	
 367.484 	-0.00164364 	
 377.416 	-0.00162453 	
 387.69 	-0.00163675 	
 397.733 	-0.0015726 	
 407.591 	-0.00160134 	
 417.91 	-0.0015448 	
 427.935 	-0.00151523 	
 437.989 	-0.00146777 	
 447.93 	-0.00140944 	
 458.369 	-0.00135462 	
 468.226 	-0.00139834 	
 478.121 	-0.00132133 	
 488.341 	-0.00127265 	
 498.454 	-0.00127987 	
 508.931 	-0.00126499 	
 518.523 	-0.00119094 	
 528.524 	-0.00110437 	
 539.013 	-0.00108271 	
 548.739 	-0.00105689 	
 558.73 	-0.00109598 	
 568.938 	-0.000951774 	
 579.178 	-0.000924721 	
 589.092 	-0.000824038 	
 599.042 	-0.000777967 	
 609.485 	-0.000807757 	
 619.392 	-0.000756195 	
 629.337 	-0.000684351 	
 639.643 	-0.000650567 	
 649.698 	-0.000512739 	
 659.621 	-0.000422325 	
 669.612 	-0.000342314 	
 679.946 	-0.000275403 	
 689.888 	-0.000189255 	
 700.072 	-0.000131318 	
 709.991 	-0.0000832181 	
 720.073 	-0.000062397 	
 730.218 	 0.000165954 	
 740.36 	 0.000266506 	
 750.385 	 0.000234191 	
 760.423 	 0.000400352 	
 770.324 	 0.000576537 	
 780.79 	 0.0006211 	
 790.492 	 0.000752509 	
 800.78 	 0.000807292 	
 810.655 	 0.00103119 	
 820.667 	 0.00116507 	
 831.063 	 0.00124549 	
 840.938 	 0.00129565 	
 851.126 	 0.00140459 	
 861.212 	 0.00152923 	
 871.315 	 0.00163618 	
 881.59 	 0.00172401 	
 891.427 	 0.00183432 	
 901.372 	 0.00194416 	
 911.415 	 0.00205874 	
 921.809 	 0.00213658 	
 931.672 	 0.00225134 	
 941.543 	 0.00232226 	
 952.037 	 0.00247193 	
 962.083 	 0.00255993 	
 971.845 	 0.00266234 	
 982.219 	 0.00274493 	
 992.208 	 0.00285962 	
 1002.34 	 0.00280452 	
 1012.42 	 0.00300674 	
 1022.22 	 0.0030192 	
 1032.38 	 0.0030352 	
 1042.64 	 0.00320644 	
 1052.63 	 0.00321052 	
 1062.51 	 0.00333913 	
 1073.02 	 0.00325855 	
 1082.82 	 0.00337595 	
 1092.79 	 0.00341562 	
 1103.03 	 0.00354411 	
 1113.1 	 0.00358132 	
 1123.01 	 0.00368214 	
 1133.08 	 0.00366363 	
 1143.42 	 0.00374284 	
 1153.28 	 0.00370815 	
 1163.21 	 0.00378576 	
 1173.78 	 0.00389949 	
 1183.52 	 0.00386693 	
 1193.91 	 0.00396808 	
 1203.68 	 0.00390537 	
 1213.55 	 0.00389295 	
 1223.99 	 0.00395386 	
 1234.01 	 0.00393461 	
 1243.81 	 0.00401796 	
 1253.93 	 0.00407288 	
 1264.34 	 0.00411116 	
 1274.1 	 0.00415958 	
 1284.14 	 0.00412495 	
 1294.47 	 0.00419675 	
 1304.54 	 0.00424712 	
 1314.32 	 0.00424908 	
 1324.74 	 0.00426102 	
 1334.6 	 0.00425357 	
 1344.89 	 0.00424248 	
 1354.98 	 0.00419832 	
 1364.93 	 0.00428808 	
 1375.06 	 0.00433118 	
 1385.12 	 0.00434202 	
 1395.09 	 0.00426979 	
 1405.08 	 0.00430927 	
 1415.6 	 0.00436503 	
 1425.44 	 0.00436303 	
 1435.23 	 0.00437358 	
 1445.76 	 0.0044409 	
 1455.64 	 0.00431954 	
 1465.52 	 0.00440727 	
 1475.72 	 0.00442148 	
 1485.96 	 0.00444348 	
 1496.07 	 0.00443266 	
 1505.87 	 0.00446808 	
 1516.06 	 0.0044872 	
 1526.02 	 0.00446001 	
 1536.53 	 0.00438514 	
 1546.27 	 0.0044735 	
 1556.07 	 0.00443716 	
 1566.55 	 0.00452102 	
 1576.3 	 0.00440782 	
 1586.82 	 0.00438045 	
 1596.59 	 0.00448674 	
 1606.45 	 0.00445733 	
 1617.05 	 0.00457481 	
 1626.9 	 0.00446982 	
 1637.09 	 0.00453024 	
 1647 	 0.00447483 	
 1656.92 	 0.0046265 	
 1667.19 	 0.00457404 	
 1677.26 	 0.0045647 	
 1686.89 	 0.00456472 	

	
	
