Version 1.25
******************************************** Units *******************************************
System CGS
TemperatureUnit K
MomentUnit emu
AppliedFieldUnit G
 
******************************************** Setup ********************************************
 
Experiment CustomField
Minor False
Acquisition Continuous
EditedPoint No
MaxField 15000
FieldIncrement 100
Points 293
MinField 0
RampRate 10
AverageTime 0.3
TimeInterval 0
TimeConstant 0.1
TimeConstantIndex 0
Sensitivity -0.0053
SensitivityIndex 5
SensitivityY -400
SensitivityIndexY 0
SaturationField 8000
ExperimentTime 100
Use735Domains True
AutoRangeEnabled False
NumberOfVertices 2
VertexPts
0
292
VertexField
-2872.6817
79.0309
StartAngle 0
EndAngle 0
AngleIncrement 0
StartTemp 0
FinishTemp 0
TempIncrement 0
TempPoints 0
LengthofSetPointsArray 293
SetPointArray
-2872.6817
-2862.5731
-2852.46449
-2842.35589
-2832.24728
-2822.13868
-2812.03008
-2801.92147
-2791.81287
-2781.70426
-2771.59566
-2761.48705
-2751.37845
-2741.26984
-2731.16124
-2721.05263
-2710.94403
-2700.83542
-2690.72682
-2680.61821
-2670.50961
-2660.401
-2650.2924
-2640.18379
-2630.07519
-2619.96658
-2609.85798
-2599.74937
-2589.64077
-2579.53216
-2569.42356
-2559.31495
-2549.20635
-2539.09774
-2528.98914
-2518.88053
-2508.77193
-2498.66332
-2488.55472
-2478.44612
-2468.33751
-2458.22891
-2448.1203
-2438.0117
-2427.90309
-2417.79449
-2407.68588
-2397.57728
-2387.46867
-2377.36007
-2367.25146
-2357.14286
-2347.03425
-2336.92565
-2326.81704
-2316.70844
-2306.59983
-2296.49123
-2286.38262
-2276.27402
-2266.16541
-2256.05681
-2245.9482
-2235.8396
-2225.73099
-2215.62239
-2205.51378
-2195.40518
-2185.29657
-2175.18797
-2165.07937
-2154.97076
-2144.86216
-2134.75355
-2124.64495
-2114.53634
-2104.42774
-2094.31913
-2084.21053
-2074.10192
-2063.99332
-2053.88471
-2043.77611
-2033.6675
-2023.5589
-2013.45029
-2003.34169
-1993.23308
-1983.12448
-1973.01587
-1962.90727
-1952.79866
-1942.69006
-1932.58145
-1922.47285
-1912.36424
-1902.25564
-1892.14703
-1882.03843
-1871.92982
-1861.82122
-1851.71261
-1841.60401
-1831.49541
-1821.3868
-1811.2782
-1801.16959
-1791.06099
-1780.95238
-1770.84378
-1760.73517
-1750.62657
-1740.51796
-1730.40936
-1720.30075
-1710.19215
-1700.08354
-1689.97494
-1679.86633
-1669.75773
-1659.64912
-1649.54052
-1639.43191
-1629.32331
-1619.2147
-1609.1061
-1598.99749
-1588.88889
-1578.78028
-1568.67168
-1558.56307
-1548.45447
-1538.34586
-1528.23726
-1518.12865
-1508.02005
-1497.91145
-1487.80284
-1477.69424
-1467.58563
-1457.47703
-1447.36842
-1437.25982
-1427.15121
-1417.04261
-1406.934
-1396.8254
-1386.71679
-1376.60819
-1366.49958
-1356.39098
-1346.28237
-1336.17377
-1326.06516
-1315.95656
-1305.84795
-1295.73935
-1285.63074
-1275.52214
-1265.41353
-1255.30493
-1245.19632
-1235.08772
-1224.97911
-1214.87051
-1204.7619
-1194.6533
-1184.5447
-1174.43609
-1164.32749
-1154.21888
-1144.11028
-1134.00167
-1123.89307
-1113.78446
-1103.67586
-1093.56725
-1083.45865
-1073.35004
-1063.24144
-1053.13283
-1043.02423
-1032.91562
-1022.80702
-1012.69841
-1002.58981
-992.4812
-982.3726
-972.26399
-962.15539
-952.04678
-941.93818
-931.82957
-921.72097
-911.61236
-901.50376
-891.39515
-881.28655
-871.17794
-861.06934
-850.96074
-840.85213
-830.74353
-820.63492
-810.52632
-800.41771
-790.30911
-780.2005
-770.0919
-759.98329
-749.87469
-739.76608
-729.65748
-719.54887
-709.44027
-699.33166
-689.22306
-679.11445
-669.00585
-658.89724
-648.78864
-638.68003
-628.57143
-618.46282
-608.35422
-598.24561
-588.13701
-578.0284
-567.9198
-557.81119
-547.70259
-537.59398
-527.48538
-517.37678
-507.26817
-497.15957
-487.05096
-476.94236
-466.83375
-456.72515
-446.61654
-436.50794
-426.39933
-416.29073
-406.18212
-396.07352
-385.96491
-375.85631
-365.7477
-355.6391
-345.53049
-335.42189
-325.31328
-315.20468
-305.09607
-294.98747
-284.87886
-274.77026
-264.66165
-254.55305
-244.44444
-234.33584
-224.22723
-214.11863
-204.01003
-193.90142
-183.79282
-173.68421
-163.57561
-153.467
-143.3584
-133.24979
-123.14119
-113.03258
-102.92398
-92.81537
-82.70677
-72.59816
-62.48956
-52.38095
-42.27235
-32.16374
-22.05514
-11.94653
-1.83793
8.27068
18.37928
28.48789
38.59649
48.7051
58.8137
68.92231
79.03091
FieldDomainFile C:\IDEASVSM\Default UserID\Experiments\FORCexp0394B\fdomain.ini
TempDomainFile C:\IDEASVSM\Default UserID\Experiments\FORCexp0394B\tdomain.ini
NumSelectedResults 0
ResultsSelected 
UserName1 
UserValue1 
UserName2 
UserValue2 
LinearBackgroundCorrection Off
MaxLinearFieldCorrection 
MinLinearFieldCorrection 
AutoLinearCorrection Off
FitOneRegion Off
BackgroundMode Off
BackgroundFilename 
AutoCenter Off
OffsetCorrection 
SmoothDeriv Off
DerivOrder 0
DerivPoints 0
MinExFieldOne 
MaxExFieldOne 
MinExFieldTwo 
MaxExFieldTwo 
MinPinFieldOne 
MaxPinFieldOne 
MinPinFieldTwo 
MaxPinFieldTwo 
HCenterStart 
Mass 
Volume 
Density 
MolarWeight 
NumberOfMoles 
Demagnetization 
SampleArea 
Thickness 
MomentScaling 0
XAxis 0
YAxis 0
SimpleSpinValve False
HsatMax 0
HsatMin 0
FieldAutoRange False
 
*************************************************** Experiment Data ********************************************
 
DataPoints 293
MomentX Data
-0.00500283
-0.00491023
-0.00490854
-0.00491698
-0.00494361
-0.00495239
-0.00493092
-0.00491281
-0.00490831
-0.00490358
-0.00491422
-0.00493489
-0.00490483
-0.00489937
-0.00488917
-0.00487879
-0.00491844
-0.00488804
-0.00485457
-0.00488398
-0.00487727
-0.00488646
-0.00488599
-0.00486037
-0.00486502
-0.00486192
-0.00485969
-0.00486587
-0.00489601
-0.00487096
-0.00482662
-0.0048584
-0.00487788
-0.00485847
-0.00487835
-0.00484083
-0.00486523
-0.00484451
-0.00487025
-0.00484166
-0.00481226
-0.00481223
-0.00482166
-0.0048132
-0.0048587
-0.00478786
-0.00478369
-0.00480298
-0.00478467
-0.00478097
-0.00480764
-0.00479991
-0.00478907
-0.00477709
-0.00479453
-0.00480307
-0.00481085
-0.00479988
-0.00483243
-0.00475996
-0.00480067
-0.00478515
-0.00478094
-0.00477101
-0.00473044
-0.00475424
-0.00471778
-0.00476132
-0.00472848
-0.00477094
-0.00473089
-0.00478037
-0.00472753
-0.00476639
-0.00471939
-0.00472537
-0.00470905
-0.00473648
-0.00467279
-0.00471522
-0.0046954
-0.0047205
-0.00470983
-0.00470229
-0.00472272
-0.00464913
-0.00467993
-0.00466985
-0.00469181
-0.00469054
-0.00469149
-0.00465309
-0.00466733
-0.00464493
-0.00462528
-0.00463641
-0.00464445
-0.00465249
-0.00466187
-0.0046451
-0.00461823
-0.00465952
-0.0045934
-0.00462935
-0.00462405
-0.00458157
-0.0045785
-0.00461989
-0.00456913
-0.00460201
-0.00457206
-0.00459105
-0.00458175
-0.0046364
-0.00460307
-0.00459012
-0.00457379
-0.00460606
-0.00461465
-0.00455427
-0.00459266
-0.00450428
-0.00453247
-0.00456348
-0.00457426
-0.00451169
-0.00452835
-0.0045293
-0.00451409
-0.00449465
-0.00451317
-0.00453595
-0.00451274
-0.00448215
-0.00445538
-0.00443317
-0.00442603
-0.00442304
-0.0044688
-0.00450029
-0.00447644
-0.00444635
-0.00444302
-0.0044062
-0.00441344
-0.00441359
-0.00442827
-0.00441471
-0.00441533
-0.0044507
-0.00440268
-0.00444056
-0.00435795
-0.00438333
-0.00434263
-0.00439289
-0.00435353
-0.00438137
-0.00436079
-0.00434426
-0.00438392
-0.00438227
-0.00433081
-0.00436722
-0.00429989
-0.00431758
-0.00429058
-0.00434107
-0.00428556
-0.00425671
-0.00427984
-0.00429568
-0.00432785
-0.00425088
-0.00425018
-0.00423284
-0.00419803
-0.00418576
-0.00426383
-0.00420488
-0.00422401
-0.00424901
-0.00420323
-0.00419282
-0.00412326
-0.00417354
-0.00417472
-0.00421188
-0.00416911
-0.00410877
-0.00411423
-0.00416555
-0.00422145
-0.00415796
-0.00415846
-0.00407217
-0.0040499
-0.00409552
-0.00414908
-0.00408986
-0.00405781
-0.00406517
-0.00408287
-0.00401904
-0.0040777
-0.00406526
-0.00402575
-0.00398797
-0.00398496
-0.00396765
-0.00397447
-0.00408988
-0.00399662
-0.00400317
-0.00393994
-0.00398087
-0.00395103
-0.00395032
-0.00393915
-0.00391264
-0.00392163
-0.00389051
-0.00392668
-0.00385882
-0.00384699
-0.00386728
-0.00384281
-0.00388945
-0.00394362
-0.00386172
-0.00387057
-0.00386326
-0.0037657
-0.00383379
-0.00382044
-0.00373405
-0.00378164
-0.00381082
-0.00377776
-0.00375893
-0.00367279
-0.00371916
-0.0037556
-0.00374164
-0.00364559
-0.00372216
-0.00363281
-0.00363035
-0.0036478
-0.00370782
-0.00363523
-0.00363631
-0.00360269
-0.00363888
-0.0035837
-0.0035136
-0.00353171
-0.00353351
-0.00354444
-0.00358069
-0.00343863
-0.00356447
-0.00353127
-0.00354885
-0.00354629
-0.00339234
-0.00331484
-0.00335532
-0.00337715
-0.003403
-0.00325399
-0.00338829
-0.00336749
-0.0033065
-0.00331173
-0.00327521
-0.00322766
-0.00322854
-0.00320104
-0.00324704
-0.00328057
-0.0033158
-0.00317057
-0.00314145
-0.00312799
-0.00316649
-0.00319672
-0.00309998
-0.00319617
-0.00307736
-0.00312679
-0.00314455
-0.00301519
MomentY Data
-0.00603994
-0.00583331
-0.00572205
-0.00592868
-0.00576973
-0.0058651
-0.00597636
-0.00597636
-0.00594457
-0.00632604
-0.00596046
-0.00602404
-0.00594457
-0.00535647
-0.00540415
-0.00581741
-0.00603994
-0.00581741
-0.00581741
-0.00619888
-0.00588099
-0.00581741
-0.00607173
-0.0058651
-0.00603994
-0.00578562
-0.0058651
-0.00603994
-0.00607173
-0.00572205
-0.00589689
-0.00542005
-0.00567436
-0.00588099
-0.00594457
-0.00588099
-0.00578562
-0.00581741
-0.00578562
-0.00602404
-0.00603994
-0.00551542
-0.00572205
-0.00588099
-0.00572205
-0.00607173
-0.00632604
-0.00597636
-0.0061353
-0.00599225
-0.00597636
-0.0061353
-0.00578562
-0.0058651
-0.00567436
-0.0055631
-0.00588099
-0.00597636
-0.00588099
-0.00592868
-0.00610352
-0.00629425
-0.00597636
-0.00576973
-0.00603994
-0.00578562
-0.00581741
-0.00581741
-0.00616709
-0.00607173
-0.00594457
-0.00597636
-0.00596046
-0.00581741
-0.00600815
-0.00594457
-0.00600815
-0.00619888
-0.00573794
-0.00605583
-0.00588099
-0.00607173
-0.00597636
-0.00581741
-0.00591278
-0.00576973
-0.00594457
-0.00572205
-0.00600815
-0.00567436
-0.00559489
-0.00572205
-0.00567436
-0.00576973
-0.0061353
-0.00583331
-0.00588099
-0.0058492
-0.00610352
-0.00597636
-0.00583331
-0.00603994
-0.00572205
-0.00567436
-0.0055631
-0.0058651
-0.00561078
-0.00597636
-0.00603994
-0.00583331
-0.00567436
-0.00573794
-0.00591278
-0.00607173
-0.0061353
-0.00607173
-0.00603994
-0.00575384
-0.00603994
-0.00603994
-0.00616709
-0.0058651
-0.00583331
-0.00623067
-0.00629425
-0.0058651
-0.00596046
-0.00578562
-0.00578562
-0.00608762
-0.00559489
-0.00573794
-0.0055631
-0.00588099
-0.00583331
-0.00578562
-0.00591278
-0.00542005
-0.00592868
-0.00597636
-0.00583331
-0.00600815
-0.00588099
-0.00623067
-0.00594457
-0.00562668
-0.00602404
-0.00591278
-0.0058651
-0.00596046
-0.00596046
-0.00616709
-0.00623067
-0.00603994
-0.00588099
-0.00603994
-0.00583331
-0.00592868
-0.00592868
-0.00603994
-0.00632604
-0.00581741
-0.00602404
-0.00572205
-0.00567436
-0.00583331
-0.00573794
-0.00589689
-0.00591278
-0.00596046
-0.00610352
-0.00607173
-0.00607173
-0.00591278
-0.00581741
-0.00597636
-0.00616709
-0.00618299
-0.00607173
-0.00610352
-0.00572205
-0.00623067
-0.00623067
-0.00591278
-0.00594457
-0.00562668
-0.00603994
-0.00632604
-0.00619888
-0.00610352
-0.00610352
-0.00581741
-0.00592868
-0.0058651
-0.00603994
-0.0058651
-0.00616709
-0.0061353
-0.00608762
-0.00638962
-0.00623067
-0.00597636
-0.00600815
-0.00618299
-0.00610352
-0.00654856
-0.00626246
-0.00602404
-0.00616709
-0.00591278
-0.00611941
-0.00619888
-0.00607173
-0.00600815
-0.00588099
-0.00603994
-0.00619888
-0.00603994
-0.00616709
-0.00635783
-0.00583331
-0.00597636
-0.00607173
-0.00610352
-0.00610352
-0.00603994
-0.0067393
-0.00607173
-0.0058492
-0.00629425
-0.00600815
-0.00608762
-0.00607173
-0.00591278
-0.00573794
-0.00616709
-0.00576973
-0.00591278
-0.00597636
-0.00603994
-0.00619888
-0.00616709
-0.00616709
-0.00619888
-0.00626246
-0.00597636
-0.00608762
-0.0055631
-0.00581741
-0.00626246
-0.00603994
-0.00602404
-0.00597636
-0.0061353
-0.00578562
-0.00603994
-0.00594457
-0.00607173
-0.00594457
-0.00626246
-0.00629425
-0.00597636
-0.00623067
-0.00596046
-0.00607173
-0.00603994
-0.00603994
-0.00616709
-0.00635783
-0.00608762
-0.00605583
-0.00607173
-0.00638962
-0.0061353
-0.00610352
-0.00626246
-0.00596046
-0.00597636
-0.00623067
-0.00603994
-0.00618299
-0.00607173
-0.00629425
-0.00603994
-0.00623067
-0.00619888
-0.00610352
-0.00635783
-0.00592868
-0.00592868
-0.00626246
-0.00607173
-0.00632604
Field Data
-2870.81
-2862.81
-2853.2
-2842.68
-2832.73
-2822.76
-2812.41
-2802.27
-2792.43
-2782.43
-2771.83
-2761.92
-2752.2
-2741.89
-2731.78
-2721.51
-2711.6
-2701.69
-2691.2
-2681.25
-2671.29
-2661.39
-2650.86
-2640.88
-2631.03
-2620.82
-2610.66
-2600.75
-2590.7
-2580.46
-2570.43
-2560.56
-2550.04
-2540.22
-2529.82
-2519.97
-2509.99
-2499.84
-2489.74
-2476.57
-2466.19
-2456.07
-2446.21
-2436.09
-2425.67
-2415.93
-2406
-2395.45
-2385.62
-2375.45
-2365.46
-2355.63
-2345.27
-2335.09
-2325.25
-2315.14
-2304.87
-2294.94
-2285.15
-2274.44
-2264.69
-2254.7
-2244.56
-2234.3
-2224.25
-2214.04
-2204.25
-2194.1
-2183.88
-2173.98
-2164
-2153.74
-2143.89
-2133.79
-2123.38
-2113.52
-2103.52
-2093.32
-2083.33
-2072.99
-2063.19
-2053.25
-2042.92
-2032.64
-2022.88
-2012.9
-2002.45
-1992.55
-1982.63
-1972.31
-1962.33
-1952.26
-1942.21
-1932.07
-1921.9
-1911.85
-1901.96
-1891.88
-1881.7
-1871.66
-1861.59
-1851.65
-1841.5
-1831.11
-1821.18
-1811.29
-1801.03
-1791
-1780.96
-1771.07
-1760.69
-1750.65
-1740.65
-1730.53
-1720.6
-1709.95
-1700.3
-1690.54
-1680
-1670.15
-1660.26
-1649.91
-1639.78
-1629.63
-1619.59
-1609.75
-1599.45
-1589.44
-1579.52
-1569.44
-1559.06
-1549.23
-1539.14
-1528.9
-1518.97
-1508.99
-1498.71
-1488.63
-1478.54
-1468.55
-1458.49
-1448.18
-1438.32
-1428.24
-1418.41
-1407.8
-1398.1
-1388.09
-1377.9
-1367.76
-1357.87
-1347.73
-1337.48
-1327.57
-1317.57
-1307.19
-1297.42
-1287
-1277.1
-1267.2
-1256.92
-1246.87
-1236.98
-1226.9
-1216.46
-1206.36
-1196.5
-1186.52
-1176.45
-1166.21
-1156.1
-1146.2
-1135.82
-1126.03
-1115.98
-1105.82
-1095.75
-1085.68
-1075.69
-1065.36
-1055.51
-1045.61
-1035.06
-1025.32
-1015.33
-1004.93
-994.98
-984.849
-974.822
-964.88
-954.639
-944.941
-934.337
-924.567
-914.584
-904.364
-894.223
-884.274
-874.13
-863.999
-854.034
-843.632
-833.8
-823.934
-813.498
-803.693
-793.686
-783.326
-773.264
-763.174
-753.432
-742.893
-733.096
-722.767
-713.091
-702.951
-692.461
-682.606
-672.83
-662.402
-652.306
-642.383
-632.504
-622.003
-612.083
-602.314
-591.789
-581.945
-571.825
-561.593
-551.776
-541.509
-531.369
-521.541
-511.353
-501.282
-491.253
-481.277
-470.809
-461.169
-451.079
-440.938
-430.735
-420.806
-410.83
-400.544
-390.242
-380.351
-370.36
-360.487
-349.951
-340.133
-330.146
-319.635
-309.985
-300.019
-289.631
-279.631
-269.45
-259.415
-249.579
-239.46
-229.133
-219.195
-209.295
-198.945
-188.915
-179.076
-168.82
-158.498
-148.76
-138.802
-128.284
-118.433
-108.403
-98.3561
-88.3192
-77.8395
-68.1188
-58.1166
-48.0252
-37.872
-28.1994
-17.5921
-7.31376
2.44697
12.3827
22.8959
32.7091
42.6434
52.9688
62.843
73.2577
Time Data
0
0.3
0.6
0.9
1.2
1.5
1.8
2.1
2.4
2.7
3
3.3
3.6
3.9
4.2
4.5
4.8
5.1
5.4
5.7
6
6.3
6.6
6.9
7.2
7.5
7.8
8.1
8.4
8.7
9
9.3
9.6
9.9
10.2
10.5
10.8
11.1
11.4
11.7
12
12.3
12.6
12.9
13.2
13.5
13.8
14.1
14.4
14.7
15
15.3
15.6
15.9
16.2
16.5
16.8
17.1
17.4
17.7
18
18.3
18.6
18.9
19.2
19.5
19.8
20.1
20.4
20.7
21
21.3
21.6
21.9
22.2
22.5
22.8
23.1
23.4
23.7
24
24.3
24.6
24.9
25.2
25.5
25.8
26.1
26.4
26.7
27
27.3
27.6
27.9
28.2
28.5
28.8
29.1
29.4
29.7
30.0000000000001
30.3000000000001
30.6000000000001
30.9000000000001
31.2000000000001
31.5000000000001
31.8000000000001
32.1000000000001
32.4
32.7
33
33.3
33.6
33.9
34.2
34.5
34.8
35.1
35.4
35.7
36
36.3
36.6
36.9
37.2
37.5
37.8
38.1
38.4
38.7
39
39.3
39.6
39.9
40.2
40.5
40.8
41.1
41.4
41.7
42
42.3
42.6
42.8999999999999
43.1999999999999
43.4999999999999
43.7999999999999
44.0999999999999
44.3999999999999
44.6999999999999
44.9999999999999
45.2999999999999
45.5999999999999
45.8999999999999
46.1999999999999
46.4999999999999
46.7999999999999
47.0999999999999
47.3999999999999
47.6999999999999
47.9999999999999
48.2999999999999
48.5999999999999
48.8999999999999
49.1999999999999
49.4999999999999
49.7999999999999
50.0999999999999
50.3999999999999
50.6999999999999
50.9999999999999
51.2999999999999
51.5999999999999
51.8999999999999
52.1999999999999
52.4999999999999
52.7999999999999
53.0999999999999
53.3999999999998
53.6999999999998
53.9999999999998
54.2999999999998
54.5999999999998
54.8999999999998
55.1999999999998
55.4999999999998
55.7999999999998
56.0999999999998
56.3999999999998
56.6999999999998
56.9999999999998
57.2999999999998
57.5999999999998
57.8999999999998
58.1999999999998
58.4999999999998
58.7999999999998
59.0999999999998
59.3999999999998
59.6999999999998
59.9999999999998
60.2999999999998
60.5999999999998
60.8999999999998
61.1999999999998
61.4999999999998
61.7999999999998
62.0999999999998
62.3999999999998
62.6999999999998
62.9999999999998
63.2999999999998
63.5999999999998
63.8999999999998
64.1999999999997
64.4999999999997
64.7999999999997
65.0999999999997
65.3999999999997
65.6999999999997
65.9999999999997
66.2999999999997
66.5999999999997
66.8999999999997
67.1999999999997
67.4999999999997
67.7999999999997
68.0999999999997
68.3999999999997
68.6999999999997
68.9999999999997
69.2999999999997
69.5999999999997
69.8999999999997
70.1999999999997
70.4999999999997
70.7999999999997
71.0999999999997
71.3999999999997
71.6999999999997
71.9999999999997
72.2999999999997
72.5999999999997
72.8999999999997
73.1999999999997
73.4999999999997
73.7999999999997
74.0999999999997
74.3999999999997
74.6999999999996
74.9999999999996
75.2999999999996
75.5999999999996
75.8999999999996
76.1999999999996
76.4999999999996
76.7999999999996
77.0999999999996
77.3999999999996
77.6999999999996
77.9999999999996
78.2999999999996
78.5999999999996
78.8999999999996
79.1999999999996
79.4999999999996
79.7999999999996
80.0999999999996
80.3999999999996
80.6999999999996
80.9999999999996
81.2999999999996
81.5999999999996
81.8999999999996
82.1999999999996
82.4999999999996
82.7999999999996
83.0999999999996
83.3999999999996
83.6999999999996
83.9999999999996
84.2999999999996
84.5999999999996
84.8999999999996
85.1999999999995
85.4999999999995
85.7999999999995
86.0999999999995
86.3999999999995
86.6999999999995
86.9999999999995
87.2999999999995
87.5999999999995
Temperature Data
0
0
0
0
0
0
0
0
0
0
0
0
0
0
0
0
0
0
0
0
0
0
0
0
0
0
0
0
0
0
0
0
0
0
0
0
0
0
0
0
0
0
0
0
0
0
0
0
0
0
0
0
0
0
0
0
0
0
0
0
0
0
0
0
0
0
0
0
0
0
0
0
0
0
0
0
0
0
0
0
0
0
0
0
0
0
0
0
0
0
0
0
0
0
0
0
0
0
0
0
0
0
0
0
0
0
0
0
0
0
0
0
0
0
0
0
0
0
0
0
0
0
0
0
0
0
0
0
0
0
0
0
0
0
0
0
0
0
0
0
0
0
0
0
0
0
0
0
0
0
0
0
0
0
0
0
0
0
0
0
0
0
0
0
0
0
0
0
0
0
0
0
0
0
0
0
0
0
0
0
0
0
0
0
0
0
0
0
0
0
0
0
0
0
0
0
0
0
0
0
0
0
0
0
0
0
0
0
0
0
0
0
0
0
0
0
0
0
0
0
0
0
0
0
0
0
0
0
0
0
0
0
0
0
0
0
0
0
0
0
0
0
0
0
0
0
0
0
0
0
0
0
0
0
0
0
0
0
0
0
0
0
0
0
0
0
0
0
0
0
0
0
0
0
0
0
0
0
0
0
0
0
0
0
0
0
0
0
0
0
0
0
0
Angle Data
0
0
0
0
0
0
0
0
0
0
0
0
0
0
0
0
0
0
0
0
0
0
0
0
0
0
0
0
0
0
0
0
0
0
0
0
0
0
0
0
0
0
0
0
0
0
0
0
0
0
0
0
0
0
0
0
0
0
0
0
0
0
0
0
0
0
0
0
0
0
0
0
0
0
0
0
0
0
0
0
0
0
0
0
0
0
0
0
0
0
0
0
0
0
0
0
0
0
0
0
0
0
0
0
0
0
0
0
0
0
0
0
0
0
0
0
0
0
0
0
0
0
0
0
0
0
0
0
0
0
0
0
0
0
0
0
0
0
0
0
0
0
0
0
0
0
0
0
0
0
0
0
0
0
0
0
0
0
0
0
0
0
0
0
0
0
0
0
0
0
0
0
0
0
0
0
0
0
0
0
0
0
0
0
0
0
0
0
0
0
0
0
0
0
0
0
0
0
0
0
0
0
0
0
0
0
0
0
0
0
0
0
0
0
0
0
0
0
0
0
0
0
0
0
0
0
0
0
0
0
0
0
0
0
0
0
0
0
0
0
0
0
0
0
0
0
0
0
0
0
0
0
0
0
0
0
0
0
0
0
0
0
0
0
0
0
0
0
0
0
0
0
0
0
0
0
0
0
0
0
0
0
0
0
0
0
0
0
0
0
0
0
0
Bx Data
0
0
0
0
0
0
0
0
0
0
0
0
0
0
0
0
0
0
0
0
0
0
0
0
0
0
0
0
0
0
0
0
0
0
0
0
0
0
0
0
0
0
0
0
0
0
0
0
0
0
0
0
0
0
0
0
0
0
0
0
0
0
0
0
0
0
0
0
0
0
0
0
0
0
0
0
0
0
0
0
0
0
0
0
0
0
0
0
0
0
0
0
0
0
0
0
0
0
0
0
0
0
0
0
0
0
0
0
0
0
0
0
0
0
0
0
0
0
0
0
0
0
0
0
0
0
0
0
0
0
0
0
0
0
0
0
0
0
0
0
0
0
0
0
0
0
0
0
0
0
0
0
0
0
0
0
0
0
0
0
0
0
0
0
0
0
0
0
0
0
0
0
0
0
0
0
0
0
0
0
0
0
0
0
0
0
0
0
0
0
0
0
0
0
0
0
0
0
0
0
0
0
0
0
0
0
0
0
0
0
0
0
0
0
0
0
0
0
0
0
0
0
0
0
0
0
0
0
0
0
0
0
0
0
0
0
0
0
0
0
0
0
0
0
0
0
0
0
0
0
0
0
0
0
0
0
0
0
0
0
0
0
0
0
0
0
0
0
0
0
0
0
0
0
0
0
0
0
0
0
0
0
0
0
0
0
0
0
0
0
0
0
0
Hint Data
0
0
0
0
0
0
0
0
0
0
0
0
0
0
0
0
0
0
0
0
0
0
0
0
0
0
0
0
0
0
0
0
0
0
0
0
0
0
0
0
0
0
0
0
0
0
0
0
0
0
0
0
0
0
0
0
0
0
0
0
0
0
0
0
0
0
0
0
0
0
0
0
0
0
0
0
0
0
0
0
0
0
0
0
0
0
0
0
0
0
0
0
0
0
0
0
0
0
0
0
0
0
0
0
0
0
0
0
0
0
0
0
0
0
0
0
0
0
0
0
0
0
0
0
0
0
0
0
0
0
0
0
0
0
0
0
0
0
0
0
0
0
0
0
0
0
0
0
0
0
0
0
0
0
0
0
0
0
0
0
0
0
0
0
0
0
0
0
0
0
0
0
0
0
0
0
0
0
0
0
0
0
0
0
0
0
0
0
0
0
0
0
0
0
0
0
0
0
0
0
0
0
0
0
0
0
0
0
0
0
0
0
0
0
0
0
0
0
0
0
0
0
0
0
0
0
0
0
0
0
0
0
0
0
0
0
0
0
0
0
0
0
0
0
0
0
0
0
0
0
0
0
0
0
0
0
0
0
0
0
0
0
0
0
0
0
0
0
0
0
0
0
0
0
0
0
0
0
0
0
0
0
0
0
0
0
0
0
0
0
0
0
0
Torque Data
17.3395201514
16.6996582011
16.32615306
16.8533400624
16.3440872629
16.555769676
16.8079746276
16.7473743372
16.5997956051
17.6017634772
16.5213818418
16.6379165568
16.360645554
14.6868515283
14.762948887
15.8321394891
16.377901304
15.7168384229
15.655813792
16.620747
15.7098297771
15.4823967999
16.0953061878
15.489025288
15.8912633382
15.1630686084
15.311781966
15.708373955
15.730030911
14.765521143
15.1575429627
13.878363228
14.4698449744
14.9390084178
15.0386920774
14.8199183703
14.5218483438
14.5425942144
14.4046895388
14.9189567428
14.8956396286
13.5462575994
13.9973359305
14.3266209291
13.8798050235
14.6688746589
15.22045224
14.316071562
14.636494386
14.2342902625
14.1368405256
14.452496739
13.5688410174
13.695536359
13.19430559
12.879355334
13.5549174213
13.7153876184
13.4389442985
13.4844269392
13.8225807088
14.191645475
13.4142986016
12.891307739
13.434336545
12.8095941048
12.8230259925
12.763979281
13.4681845092
13.1998195854
12.86404948
12.8715255864
12.7785705894
12.4131312839
12.757585547
12.5639675864
12.638263688
12.9762394816
11.9540225402
12.5536750317
12.1335997581
12.4667796225
12.2092253712
11.8247002624
11.9608444064
11.613889517
11.9037041965
11.4014707275
11.9119384345
11.1915969716
10.9790204937
11.170929333
11.0207987356
11.1475222411
11.79143307
11.1524137235
11.1854077404
11.065984496
11.484993584
11.1857139576
10.8592315629
11.183854901
10.537155075
10.3903773396
10.131406458
10.623396979
10.1051831034
10.70366076
10.7568915424
10.3312003417
9.9907889084
10.045124661
10.292080507
10.5073109169
10.55639718
10.3823547135
10.269709982
9.7270966736
10.1470992
10.087605791
10.2389728434
9.676887141
9.5653450718
10.1536867521
10.1941043575
9.441344725
9.533457747
9.1958958528
9.1385025024
9.5541543328
8.7227692034
8.8893887862
8.562389734
8.991445611
8.8606228907
8.7304427238
8.8615425138
8.0684490315
8.7657905272
8.776583478
8.5078243019
8.700882667
8.4587455368
8.8988921208
8.4318375337
7.921240104
8.422210324
8.2074707902
8.08152129
8.1524787696
8.0935298202
8.3115722057
8.3333965116
8.0184431458
7.7486159943
7.8953491686
7.5682530602
7.63021116
7.571517228
7.653811968
7.9513261968
7.2535540067
7.4516169992
7.020383145
6.9026319656
7.0370718516
6.86544521
6.9967779228
6.956090031
6.9511480566
7.056279472
6.959416926
6.8963923686
6.6579676634
6.4921132118
6.6087784152
6.7575888675
6.7127485832
6.5312992437
6.5024460672
6.0396809955
6.5148508587
6.4491172902
6.0624915896
6.0357002581
5.6544195324
6.0096195012
6.23019416796
6.04280459936
5.8891643776
5.82665822928
5.49710922281
5.53938508516
5.4226779117
5.52403248496
5.3041852964
5.51475372107
5.4252862722
5.3213712706
5.52062529038
5.32120402278
5.04184853952
5.00959547
5.09437568266
4.96520131296
5.26303183208
4.97042682756
4.71878715704
4.76878868176
4.51247996372
4.61055931512
4.60510455984
4.45116097608
4.34249255105
4.19368104009
4.24578186294
4.29248264368
4.12289928364
4.1494031647
4.21143930766
3.80510311286
3.83911206588
3.84039351192
3.79640775056
3.73586083216
3.63794042116
3.9882436077
3.53341291485
3.34471879
3.53480674025
3.3151529744
3.29650101858
3.22632909837
3.08375719398
2.93411283282
3.09145120938
2.83439717169
2.84568502006
2.81372407524
2.78543308986
2.79618459152
2.71930433042
2.65638151115
2.60852589728
2.5728064418
2.39379513984
2.37564500404
2.1159306481
2.1545359676
2.25753541802
2.11368304294
2.04897479732
1.97307134856
1.9610566155
1.7934554157
1.81209675886
1.72173175367
1.69784393163
1.6017643865
1.6245760609
1.57091262075
1.4310991656
1.42765210911
1.3065030297
1.27078273035
1.2016158633
1.1410352651
1.10437780884
1.0733288606
0.96487559476
0.9008652708
0.84276826746
0.81968601208
0.7266219849
0.66163987856
0.615951142006
0.526423058832
0.46519687422
0.424425763596
0.351020777004
0.296939331348
0.22994855856
0.17749407345
0.106255228474
0.0455696250192
-0.0151684733936
-0.075578057104
-0.145568239897
-0.193921786988
-0.252819072712
-0.331714991248
-0.38156572839
-0.463431140508
dMdH Data
0.000011575
1.75858480749166E-07
-8.02281368821229E-07
-2.67638190954785E-06
-8.8064192577734E-07
2.07439613526563E-06
1.78599605522685E-06
4.57317073170742E-07
4.72999999999967E-07
-1.00377358490568E-06
-2.08577194752773E-06
3.09259259259253E-06
5.29582929194927E-07
1.00890207715138E-06
1.01071080817916E-06
-4.00100908173545E-06
3.06760847628661E-06
3.19065776930401E-06
-2.95577889447238E-06
6.73694779116381E-07
-9.28282828282739E-07
4.46343779676944E-08
2.56713426853703E-06
-4.7208121827413E-07
3.03623898139144E-07
2.19488188976348E-07
-6.23612512613503E-07
-2.99900497512438E-06
2.44628906250009E-06
4.42073778663994E-06
-3.21985815602835E-06
-1.85171102661602E-06
1.97657841140527E-06
-1.91153846153852E-06
3.80913705583743E-06
-2.44488977955911E-06
2.04137931034491E-06
-2.54851485148504E-06
2.17084282460138E-06
2.83236994219656E-06
2.96442687745278E-09
-9.56389452332683E-07
8.35968379446656E-07
-4.36660268714004E-06
7.27310061601625E-06
4.19939577039234E-07
-1.82843601895731E-06
1.86266531027465E-06
3.63815142576259E-07
-2.66966966966976E-06
7.86368260427276E-07
1.04633204633201E-06
1.17681728880159E-06
-1.77235772357717E-06
-8.44708209693407E-07
-7.57546251217116E-07
1.10473313192347E-06
-3.32482124616958E-06
6.7665732959851E-06
-4.17538461538464E-06
1.55355355355349E-06
4.15187376725858E-07
9.67836257309965E-07
4.03681592039796E-06
-2.33104799216454E-06
3.72420837589373E-06
-4.28965517241374E-06
3.21330724070458E-06
-4.28888888888887E-06
4.01302605210427E-06
-4.8226120857699E-06
5.36446700507621E-06
-3.84752475247528E-06
4.51488952929875E-06
-6.06490872210862E-07
1.63199999999994E-06
-2.68921568627457E-06
6.3753753753753E-06
-4.1034816247582E-06
2.02244897959192E-06
-2.52515090543259E-06
1.03291384317522E-06
7.33463035019489E-07
-2.09323770491804E-06
7.37374749498998E-06
-2.94736842105263E-06
1.01818181818181E-06
-2.21370967741945E-06
1.230620155039E-07
-9.51903807615659E-08
3.81330685203578E-06
-1.41691542288554E-06
2.20907297830369E-06
1.93215339233045E-06
-1.10746268656713E-06
-8.12942366026295E-07
-7.97619047619049E-07
-9.21414538310473E-07
1.67031872509962E-06
2.6683217477656E-06
-4.15392354124758E-06
6.51428571428568E-06
-3.46005774783441E-06
5.33736153071484E-07
4.29524772497469E-06
2.99220272904482E-07
-4.12662013958123E-06
5.05577689243025E-06
-3.32457027300299E-06
2.88535645472064E-06
-1.89143426294821E-06
9.30000000000028E-07
-5.40019762845842E-06
3.35649546827791E-06
1.2159624413146E-06
1.69222797927452E-06
-3.3063524590164E-06
-8.14990512333902E-07
6.1299492385787E-06
-3.88169868554092E-06
8.53913043478267E-06
-2.78282329713719E-06
-3.05517241379312E-06
-1.07370517928286E-06
6.35873983739848E-06
-1.61747572815543E-06
-9.49050949050513E-08
1.53326612903223E-06
1.92857142857143E-06
-1.78420038535645E-06
-2.31739572736523E-06
2.30029732408328E-06
2.98730468750004E-06
2.69587109768374E-06
2.2254509018036E-06
6.94552529182891E-07
2.96626984127032E-07
-4.53518334985133E-06
-3.1521521521521E-06
2.37077534791251E-06
2.91852570320079E-06
3.3772819472618E-07
3.65277777777779E-06
-7.36520854527001E-07
-1.41376060320429E-08
-1.51340206185562E-06
1.35464535464537E-06
-6.08439646713116E-08
-3.48816568047332E-06
4.85540950455002E-06
-3.73570019723867E-06
8.0595121951219E-06
-2.56104944500504E-06
4.07000000000003E-06
-4.84200385356459E-06
4.02865916069597E-06
-2.67178502879072E-06
2.07878787878787E-06
1.66969696969698E-06
-3.85797665369655E-06
1.6417910447767E-07
5.20323559150661E-06
-3.61210317460318E-06
6.44923371647506E-06
-1.75148514851482E-06
2.73833671399598E-06
-5.05911823647296E-06
5.51241310824233E-06
2.81738281249995E-06
-2.28783382789311E-06
-1.59999999999998E-06
-3.09922928709059E-06
7.86210418794691E-06
6.96517412935505E-08
1.70669291338584E-06
3.45680238331678E-06
1.21847070506455E-06
-7.81481481481476E-06
5.70667957405601E-06
-1.94213197969545E-06
-2.52525252525249E-06
4.33933649289106E-06
1.06878850102667E-06
6.96296296296301E-06
-4.83461538461532E-06
-1.18592964824114E-07
-3.667949856875E-06
4.26548319537249E-06
6.069201367934E-06
-5.33151059466817E-07
-5.29181274489583E-06
-5.27159562429272E-06
6.49846468781989E-06
-5.00851447461181E-08
8.44324853228971E-06
2.19603589389601E-06
-4.58538546587596E-06
-5.2799684542587E-06
5.84542493337288E-06
3.21625689914697E-06
-7.07556239184736E-07
-1.80024410089502E-06
6.46969389823637E-06
-5.62092755845159E-06
1.26874043855174E-06
3.94823623463582E-06
3.64671814671809E-06
2.99145299145332E-07
1.71555996035682E-06
-7.00061588996129E-07
-1.09507543410191E-05
9.51924058385213E-06
-6.34136896117743E-07
6.53472509301362E-06
-4.03648915187375E-06
2.84461391801713E-06
7.20446473871252E-08
1.14259410801969E-06
2.54219409282696E-06
-8.90451664025309E-07
3.1361483422352E-06
-3.66130175118941E-06
6.46224169126754E-06
1.19254032258064E-06
-2.07697819633535E-06
2.3249406175772E-06
-4.73791141812276E-06
-5.35276679841898E-06
8.0043002345582E-06
-9.01497402465102E-07
7.11989870458751E-07
9.62130177514794E-06
-6.92816442816447E-06
1.31036513545348E-06
8.57809552179523E-06
-4.74523880745839E-06
-2.92502004811545E-06
3.1581964081009E-06
1.95331950207464E-06
8.53716551040638E-06
-4.57252736416526E-06
-3.57149857884937E-06
1.40598247557658E-06
9.62810745789894E-06
-7.444098775034E-06
8.67307318967191E-06
2.48710949347905E-07
-1.74657191472326E-06
-6.07920591512206E-06
6.88971146545178E-06
-1.10002037074725E-07
3.36637628917592E-06
-3.44305965179337E-06
5.71813471502594E-06
7.033915312061E-06
-1.74335772044666E-06
-1.80000000000015E-07
-1.07356841174735E-06
-3.61235675137024E-06
1.44428629524197E-05
-1.24360114635834E-05
3.21487363222622E-06
-1.76896759911452E-06
2.58585858585856E-07
1.48743961352657E-05
7.7268195413759E-06
-4.11423925195653E-06
-2.12851014040562E-06
-2.50435962022864E-06
1.530191004313E-05
-1.34866439043985E-05
1.97756227419662E-06
6.19124961932799E-06
-5.21435692921253E-07
3.63495207476932E-06
4.73751855652645E-06
-8.3971869423741E-08
2.82901437139298E-06
-4.59898822259104E-06
-3.32263115127732E-06
-3.46984202024976E-06
1.50145772594752E-05
2.74527919451699E-06
1.30954998569807E-06
-3.94437711113819E-06
-3.04255449775709E-06
9.20176539968802E-06
-9.80210328944686E-06
1.19595744038332E-05
-4.78722373951615E-06
-1.7986267241903E-06
1.24209050668766E-05
1.24209050668766E-05
dMdT Data
0
0
0
0
0
0
0
0
0
0
0
0
0
0
0
0
0
0
0
0
0
0
0
0
0
0
0
0
0
0
0
0
0
0
0
0
0
0
0
0
0
0
0
0
0
0
0
0
0
0
0
0
0
0
0
0
0
0
0
0
0
0
0
0
0
0
0
0
0
0
0
0
0
0
0
0
0
0
0
0
0
0
0
0
0
0
0
0
0
0
0
0
0
0
0
0
0
0
0
0
0
0
0
0
0
0
0
0
0
0
0
0
0
0
0
0
0
0
0
0
0
0
0
0
0
0
0
0
0
0
0
0
0
0
0
0
0
0
0
0
0
0
0
0
0
0
0
0
0
0
0
0
0
0
0
0
0
0
0
0
0
0
0
0
0
0
0
0
0
0
0
0
0
0
0
0
0
0
0
0
0
0
0
0
0
0
0
0
0
0
0
0
0
0
0
0
0
0
0
0
0
0
0
0
0
0
0
0
0
0
0
0
0
0
0
0
0
0
0
0
0
0
0
0
0
0
0
0
0
0
0
0
0
0
0
0
0
0
0
0
0
0
0
0
0
0
0
0
0
0
0
0
0
0
0
0
0
0
0
0
0
0
0
0
0
0
0
0
0
0
0
0
0
0
0
0
0
0
0
0
0
0
0
0
0
0
0
0
0
0
0
0
0
 
*********************************************** Results ***************************************
 
TotalArea 0
AreaFirstQuad 0
AreaSecondQuad 0
AreaThirdQuad 0
AreaFourthQuad 0
Coercivity 0
PositiveCoercivity 0
NegativeCoercivity 0
Retentivity 1.56918169887702E-02
PositiveRetentivity 0.02822679575
NegativeRetentivity -3.15683822754036E-03
Magnetization 0.00500283
PositiveMagnetization -0.00301519
NegativeMagnetization -0.00500283
Flatness 1.20117735440068
Squareness 3.13658808889572
SStar 0
SFD1 0
SFD2 0
Slope 0
Intercept 0
SlopeAtHc 1.24209050668766E-05
dH1 677.832267333485
dH2 817.69
InitialSlope 0.000011575
FieldAtHalfMs 73.2577
FieldAtMs 73.2577
MomentMean -4.28971696245734E-03
MomentRMS 5.20049950693611E-04
SFD3 0
dH3 1355.66453466697
UserField1 0
UserField2 0
CenterField 0
ExchangeField 0
ExchangeMoment 0
ExRegionOneIntercept 0
ExRegionOneSlope 0
ExRegionTwoIntercept 0
ExRegionTwoSlope 0
NegativeIntercept 0
NegativeSlope 0
AutoCenterOffset 0
PinningField 0
PinningMoment 0
PinRegionOneIntercept 0
PinRegionOneSlope 0
PinRegionTwoIntercept 0
PinRegionTwoSlope 0
PositiveIntercept 0
PositiveSlope 0
TotalOffset 0
BHMax 0
BCoercivity 0
BRetentivity 0
BNegativeCoercivity 0
BPositiveCoercivity 0
BNegativeRetentivity 0
BPositiveRetentivity 0
MomentYMean -5.9765761774744E-03
MomentYRMS 1.97785046968967E-04
YOffCorrection 0
Mrt 0
Ms1 0
Ms2 0
Ms3 0
Hc2 0
Hex2 0
HsatValue 0
HsatIntercept 0
HsatSlope 0
CenterH 0
Span .00198764
SpanAsPercentOfRange -37.502641509434
RMSAsPercentOfRange -9.81226322063416
SpanAsPercentOfMean -46.3349917347785
RMSAsPercentOfMean -12.1231763131454
