Version 1.25
******************************************** Units *******************************************
System CGS
TemperatureUnit K
MomentUnit emu
AppliedFieldUnit G
 
******************************************** Setup ********************************************
 
Experiment CustomField
Minor False
Acquisition Continuous
EditedPoint No
MaxField 15000
FieldIncrement 100
Points 147
MinField 0
RampRate 10
AverageTime 0.1
TimeInterval 0
TimeConstant 0.1
TimeConstantIndex 0
Sensitivity -0.0053
SensitivityIndex 5
SensitivityY -400
SensitivityIndexY 0
SaturationField 8000
ExperimentTime 100
Use735Domains True
AutoRangeEnabled False
NumberOfVertices 2
VertexPts
0
146
VertexField
-730.737
2631.9095
StartAngle 0
EndAngle 0
AngleIncrement 0
StartTemp 0
FinishTemp 0
TempIncrement 0
TempPoints 0
LengthofSetPointsArray 147
SetPointArray
-730.73702
-707.70519
-684.67337
-661.64154
-638.60972
-615.57789
-592.54606
-569.51424
-546.48241
-523.45059
-500.41876
-477.38693
-454.35511
-431.32328
-408.29146
-385.25963
-362.22781
-339.19598
-316.16415
-293.13233
-270.1005
-247.06868
-224.03685
-201.00503
-177.9732
-154.94137
-131.90955
-108.87772
-85.8459
-62.81407
-39.78224
-16.75042
6.28141
29.31323
52.34506
75.37688
98.40871
121.44054
144.47236
167.50419
190.53601
213.56784
236.59966
259.63149
282.66332
305.69514
328.72697
351.75879
374.79062
397.82245
420.85427
443.8861
466.91792
489.94975
512.98157
536.0134
559.04523
582.07705
605.10888
628.1407
651.17253
674.20436
697.23618
720.26801
743.29983
766.33166
789.36348
812.39531
835.42714
858.45896
881.49079
904.52261
927.55444
950.58626
973.61809
996.64992
1019.68174
1042.71357
1065.74539
1088.77722
1111.80905
1134.84087
1157.8727
1180.90452
1203.93635
1226.96817
1250
1273.03183
1296.06365
1319.09548
1342.1273
1365.15913
1388.19095
1411.22278
1434.25461
1457.28643
1480.31826
1503.35008
1526.38191
1549.41374
1572.44556
1595.47739
1618.50921
1641.54104
1664.57286
1687.60469
1710.63652
1733.66834
1756.70017
1779.73199
1802.76382
1825.79564
1848.82747
1871.8593
1894.89112
1917.92295
1940.95477
1963.9866
1987.01843
2010.05025
2033.08208
2056.1139
2079.14573
2102.17755
2125.20938
2148.24121
2171.27303
2194.30486
2217.33668
2240.36851
2263.40034
2286.43216
2309.46399
2332.49581
2355.52764
2378.55946
2401.59129
2424.62312
2447.65494
2470.68677
2493.71859
2516.75042
2539.78224
2562.81407
2585.8459
2608.87772
2631.90955
FieldDomainFile C:\IDEASVSM\Default UserID\Experiments\FORCexp0087B\fdomain.ini
TempDomainFile C:\IDEASVSM\Default UserID\Experiments\FORCexp0087B\tdomain.ini
NumSelectedResults 0
ResultsSelected 
UserName1 
UserValue1 
UserName2 
UserValue2 
LinearBackgroundCorrection Off
MaxLinearFieldCorrection 
MinLinearFieldCorrection 
AutoLinearCorrection Off
FitOneRegion Off
BackgroundMode Off
BackgroundFilename 
AutoCenter Off
OffsetCorrection 
SmoothDeriv Off
DerivOrder 0
DerivPoints 0
MinExFieldOne 
MaxExFieldOne 
MinExFieldTwo 
MaxExFieldTwo 
MinPinFieldOne 
MaxPinFieldOne 
MinPinFieldTwo 
MaxPinFieldTwo 
HCenterStart 
Mass 
Volume 
Density 
MolarWeight 
NumberOfMoles 
Demagnetization 
SampleArea 
Thickness 
MomentScaling 0
XAxis 0
YAxis 0
SimpleSpinValve False
HsatMax 0
HsatMin 0
FieldAutoRange False
 
*************************************************** Experiment Data ********************************************
 
DataPoints 147
MomentX Data
0.000386894
0.000351748
0.000299865
0.000296488
0.000406668
0.000508728
0.000270738
0.000465212
0.000545825
0.000667697
0.000648359
0.000826743
0.00100334
0.000985278
0.000766599
0.00069204
0.00086155
0.0005933
0.000970978
0.00127124
0.00109467
0.000998476
0.00107999
0.00100071
0.00130927
0.00141491
0.00124553
0.0014214
0.00120403
0.00145631
0.00166091
0.00171871
0.00167996
0.00148715
0.00152653
0.00160862
0.00183592
0.00166158
0.00188835
0.00194936
0.00183763
0.00179826
0.0019468
0.00198683
0.00219111
0.00219003
0.00210975
0.00203627
0.00176359
0.00219093
0.00240598
0.00227408
0.0022761
0.00250379
0.00268904
0.00268912
0.00243032
0.0024166
0.00255659
0.0027809
0.00272789
0.00293302
0.00315196
0.00312741
0.00306014
0.00306003
0.00321995
0.00344244
0.00352819
0.00339687
0.0034405
0.00356277
0.00355536
0.00367775
0.00381736
0.00386353
0.00397446
0.00391505
0.00392252
0.0041463
0.00424184
0.00415327
0.00430718
0.00412486
0.00401424
0.0041218
0.00421713
0.00420324
0.00420646
0.00397641
0.00404237
0.00439692
0.0041276
0.00447991
0.00459848
0.00445684
0.00429367
0.00447528
0.00445487
0.00468344
0.00471956
0.00434023
0.00446869
0.00434349
0.00441416
0.00468627
0.0046963
0.00457405
0.00455635
0.00430477
0.00444005
0.00472596
0.00478731
0.00473366
0.00467291
0.00445541
0.00444159
0.00453665
0.00475436
0.00481582
0.00456196
0.0044998
0.00434581
0.00441692
0.00466515
0.00485539
0.00461725
0.00463773
0.00466824
0.00447987
0.00447804
0.00472252
0.00493993
0.00478011
0.00465694
0.0048583
0.00508508
0.00493421
0.00496781
0.00499937
0.00495948
0.00471584
0.00507409
0.00507413
0.00506298
0.00478335
0.00474205
MomentY Data
-0.00629425
-0.00677109
-0.00629425
-0.00686646
-0.00658035
-0.00677109
-0.00610352
-0.00629425
-0.00638962
-0.00686646
-0.00638962
-0.00638962
-0.00629425
-0.00658035
-0.00677109
-0.00658035
-0.00658035
-0.00638962
-0.00677109
-0.00610352
-0.00677109
-0.00686646
-0.00629425
-0.00720024
-0.00705719
-0.00720024
-0.00677109
-0.00705719
-0.00677109
-0.00734329
-0.00658035
-0.00658035
-0.00658035
-0.00658035
-0.00658035
-0.00638962
-0.00677109
-0.00705719
-0.00677109
-0.00686646
-0.00686646
-0.00686646
-0.00720024
-0.00677109
-0.00753403
-0.00638962
-0.00638962
-0.00677109
-0.00705719
-0.00658035
-0.00677109
-0.00686646
-0.00720024
-0.00686646
-0.00677109
-0.00658035
-0.00686646
-0.00753403
-0.00705719
-0.00686646
-0.00638962
-0.00686646
-0.00705719
-0.00677109
-0.00686646
-0.00686646
-0.00686646
-0.00705719
-0.00705719
-0.00677109
-0.00720024
-0.00629425
-0.00705719
-0.00677109
-0.00677109
-0.00705719
-0.00720024
-0.00720024
-0.00686646
-0.00705719
-0.00686646
-0.00720024
-0.00720024
-0.00720024
-0.00638962
-0.00686646
-0.00734329
-0.00677109
-0.00734329
-0.00686646
-0.00753403
-0.00686646
-0.00686646
-0.00705719
-0.00686646
-0.00677109
-0.00720024
-0.00705719
-0.00686646
-0.00734329
-0.00705719
-0.00686646
-0.00677109
-0.00658035
-0.00720024
-0.00705719
-0.00658035
-0.00686646
-0.00705719
-0.00658035
-0.00677109
-0.00705719
-0.00638962
-0.00705719
-0.00720024
-0.00638962
-0.00720024
-0.00720024
-0.00686646
-0.00677109
-0.00686646
-0.00677109
-0.00705719
-0.00686646
-0.00658035
-0.00720024
-0.00677109
-0.00720024
-0.00720024
-0.00686646
-0.00705719
-0.00705719
-0.00734329
-0.00658035
-0.00677109
-0.00677109
-0.00705719
-0.00705719
-0.00686646
-0.00720024
-0.00686646
-0.00686646
-0.00720024
-0.00720024
-0.00686646
-0.00705719
-0.00705719
Field Data
-730.868
-728.55
-717.229
-701.179
-682.452
-661.169
-640.927
-617.821
-594.354
-571.702
-547.854
-520.927
-500.108
-477.457
-454.395
-431.26
-408.681
-386.875
-363.223
-339.875
-316.384
-289.133
-268.513
-246.981
-223.966
-201.053
-177.974
-156.386
-133.488
-110.786
-86.8534
-59.7196
-39.1867
-17.6332
4.68991
27.9042
50.9061
73.8927
96.0705
119.607
142.331
165.735
190.988
213.137
235.595
258.432
302.024
325.198
348.439
372.113
395.427
421.313
441.59
463.606
486.842
509.788
534.797
556.26
579.54
602.135
624.334
647.032
669.545
692.444
715.785
738.88
765.131
785.15
807.89
830.137
853.644
876.251
898.379
921.284
944.812
967.82
993.838
1014.55
1036.27
1059.47
1082.73
1105.38
1127.31
1150.33
1173.69
1196.72
1223
1242.69
1265.59
1288.53
1311.55
1334.29
1356.09
1379.53
1402.81
1425.87
1452.08
1472.26
1495.27
1518.06
1540.59
1567.64
1588.28
1609.38
1632.4
1655.03
1677.76
1699.12
1721.75
1745.19
1768.31
1794.29
1816.23
1838.39
1861.14
1883.74
1906.01
1927.34
1950.77
1974.47
1997.64
2023.77
2045.02
2067.15
2089.7
2112.28
2134.65
2160.23
2181.39
2203.4
2226.3
2253.62
2273.37
2294.44
2317.73
2339.79
2362.66
2386.13
2409.25
2432.12
2454.97
2477.77
2502.6
2524.35
2546.85
2568.89
2592.5
Time Data
0
0.1
0.2
0.3
0.4
0.5
0.6
0.7
0.8
0.9
1
1.1
1.2
1.3
1.4
1.5
1.6
1.7
1.8
1.9
2
2.1
2.2
2.3
2.4
2.5
2.6
2.7
2.8
2.9
3
3.1
3.2
3.3
3.4
3.5
3.6
3.7
3.8
3.9
4
4.1
4.2
4.3
4.4
4.5
4.6
4.7
4.8
4.9
5
5.1
5.2
5.3
5.4
5.5
5.6
5.7
5.8
5.9
5.99999999999999
6.09999999999999
6.19999999999999
6.29999999999999
6.39999999999999
6.49999999999999
6.59999999999999
6.69999999999999
6.79999999999999
6.89999999999999
6.99999999999999
7.09999999999999
7.19999999999999
7.29999999999999
7.39999999999999
7.49999999999999
7.59999999999999
7.69999999999999
7.79999999999999
7.89999999999999
7.99999999999999
8.09999999999999
8.19999999999999
8.29999999999999
8.39999999999999
8.49999999999999
8.59999999999999
8.69999999999999
8.79999999999998
8.89999999999998
8.99999999999998
9.09999999999998
9.19999999999998
9.29999999999998
9.39999999999998
9.49999999999998
9.59999999999998
9.69999999999998
9.79999999999998
9.89999999999998
9.99999999999998
10.1
10.2
10.3
10.4
10.5
10.6
10.7
10.8
10.9
11
11.1
11.2
11.3
11.4
11.5
11.6
11.7
11.8
11.9
12
12.1
12.2
12.3
12.4
12.5
12.6
12.7
12.8
12.9
13
13.1
13.2
13.3
13.4
13.5
13.6
13.7
13.8
13.9
14
14.1
14.2
14.3
14.4
14.5
14.6
Temperature Data
0
0
0
0
0
0
0
0
0
0
0
0
0
0
0
0
0
0
0
0
0
0
0
0
0
0
0
0
0
0
0
0
0
0
0
0
0
0
0
0
0
0
0
0
0
0
0
0
0
0
0
0
0
0
0
0
0
0
0
0
0
0
0
0
0
0
0
0
0
0
0
0
0
0
0
0
0
0
0
0
0
0
0
0
0
0
0
0
0
0
0
0
0
0
0
0
0
0
0
0
0
0
0
0
0
0
0
0
0
0
0
0
0
0
0
0
0
0
0
0
0
0
0
0
0
0
0
0
0
0
0
0
0
0
0
0
0
0
0
0
0
0
0
0
0
0
0
Angle Data
0
0
0
0
0
0
0
0
0
0
0
0
0
0
0
0
0
0
0
0
0
0
0
0
0
0
0
0
0
0
0
0
0
0
0
0
0
0
0
0
0
0
0
0
0
0
0
0
0
0
0
0
0
0
0
0
0
0
0
0
0
0
0
0
0
0
0
0
0
0
0
0
0
0
0
0
0
0
0
0
0
0
0
0
0
0
0
0
0
0
0
0
0
0
0
0
0
0
0
0
0
0
0
0
0
0
0
0
0
0
0
0
0
0
0
0
0
0
0
0
0
0
0
0
0
0
0
0
0
0
0
0
0
0
0
0
0
0
0
0
0
0
0
0
0
0
0
Bx Data
0
0
0
0
0
0
0
0
0
0
0
0
0
0
0
0
0
0
0
0
0
0
0
0
0
0
0
0
0
0
0
0
0
0
0
0
0
0
0
0
0
0
0
0
0
0
0
0
0
0
0
0
0
0
0
0
0
0
0
0
0
0
0
0
0
0
0
0
0
0
0
0
0
0
0
0
0
0
0
0
0
0
0
0
0
0
0
0
0
0
0
0
0
0
0
0
0
0
0
0
0
0
0
0
0
0
0
0
0
0
0
0
0
0
0
0
0
0
0
0
0
0
0
0
0
0
0
0
0
0
0
0
0
0
0
0
0
0
0
0
0
0
0
0
0
0
0
Hint Data
0
0
0
0
0
0
0
0
0
0
0
0
0
0
0
0
0
0
0
0
0
0
0
0
0
0
0
0
0
0
0
0
0
0
0
0
0
0
0
0
0
0
0
0
0
0
0
0
0
0
0
0
0
0
0
0
0
0
0
0
0
0
0
0
0
0
0
0
0
0
0
0
0
0
0
0
0
0
0
0
0
0
0
0
0
0
0
0
0
0
0
0
0
0
0
0
0
0
0
0
0
0
0
0
0
0
0
0
0
0
0
0
0
0
0
0
0
0
0
0
0
0
0
0
0
0
0
0
0
0
0
0
0
0
0
0
0
0
0
0
0
0
0
0
0
0
0
Torque Data
4.600265909
4.9330776195
4.51441863325
4.81461755634
4.4907730182
4.47683480421
3.91191076304
3.88871982925
3.79769620548
3.92556891492
3.50057887548
3.32852557774
3.147804779
3.14183416995
3.07674944055
2.837841741
2.68926401835
2.4719842375
2.45941562307
2.07443386
2.14226453856
1.98532017918
1.69008795025
1.77832247544
1.58057061554
1.44762985272
1.20507797166
1.10364571534
0.90385926192
0.81353372594
0.57152577069
0.39297586986
0.257862201345
0.11603262762
-0.0308612492685
-0.178297234404
-0.344689784649
-0.521474823513
-0.650502001845
-0.82127668122
-0.97731011826
-1.1380127481
-1.37515943712
-1.44316980933
-1.77497979785
-1.65128227584
-1.92981859088
-2.20194492582
-2.45900022641
-2.44863377955
-2.67747180543
-2.89292886198
-3.1795539816
-3.18333205476
-3.29645099778
-3.3545834658
-3.67216220862
-4.1908795278
-4.0899238926
-4.1345358921
-3.98925701308
-4.44281934672
-4.72510627855
-4.68860064396
-4.9149090711
-5.0734899648
-5.25374140626
-5.5409527285
-5.7014332291
-5.62093233933
-6.14644167456
-5.51534285675
-6.34003129501
-6.23809687956
-6.39740708508
-6.8300896258
-7.15587212112
-7.305003492
-7.1155065042
-7.4768810893
-7.4345222358
-7.9590012912
-8.1169025544
-8.2826520792
-7.4994330978
-8.2172300112
-8.98084367
-8.4143658321
-9.2935943911
-8.8476397038
-9.8812570465
-9.1618489134
-9.3115377414
-9.7356053207
-9.6323387526
-9.6546940983
-10.4553244992
-10.3900185494
-10.2672116442
-11.1475548174
-10.8722363421
-10.7641373544
-10.7543868252
-10.590283683
-11.753671776
-11.6798611657
-11.040248016
-11.6669395152
-12.1507168825
-11.4839610165
-11.9733861579
-12.6626454451
-11.6050195326
-12.9738675241
-13.4006546736
-12.0363827788
-13.7237294424
-13.8773105616
-13.3948841742
-13.3693140723
-13.7167151544
-13.7031288093
-14.4320946938
-14.194002789
-13.750957395
-15.2089229472
-14.4539072685
-15.5541744552
-15.7065315336
-15.129557964
-15.711422097
-15.9042245278
-16.6940151873
-15.098218254
-15.6935584257
-15.8429286711
-16.6737405254
-16.8393727747
-16.543018755
-17.5118477088
-16.8569533062
-17.0135085942
-18.019320624
-18.175925844
-17.487843651
-18.1291448191
-18.295765075
dMdH Data
-1.51622088006896E-05
-4.58289903718756E-06
-2.10404984423675E-07
5.88348374005447E-06
4.79537659164591E-06
-1.17572374271317E-05
8.4166017484636E-06
3.43516427323476E-06
5.38018717993995E-06
-8.10885608856087E-07
6.62472611133806E-06
8.48249195446466E-06
-7.97404088119725E-07
-9.48222183678779E-06
-3.22277933866436E-06
7.50741839762611E-06
-1.23016600935522E-05
1.59681210891257E-05
1.28602878190851E-05
-7.51649567919629E-06
-3.52992550732083E-06
3.95315227934044E-06
-3.68196173137657E-06
1.34069085379101E-05
4.61048313184655E-06
-7.33913947744703E-06
8.14665554937929E-06
-9.4929688182374E-06
1.11126772971544E-05
8.54900846544045E-06
2.1301844931414E-06
-1.88721515226782E-06
-8.9456468786972E-06
1.76409111454452E-06
3.53618396255066E-06
9.88179237367348E-06
-7.58441874831424E-06
1.02250899548197E-05
2.59214411658488E-06
-4.91682802323535E-06
-1.68219107844812E-06
5.88207341701976E-06
1.80730507020634E-06
9.09609048000712E-06
-4.72916757892933E-08
-1.84162231602129E-06
-3.17079485630448E-06
-1.17327137386515E-05
1.80510264425108E-05
9.22407137342369E-06
-5.09541837286564E-06
9.96202594072174E-08
1.03420239825581E-05
7.97254260630057E-06
3.48644643946476E-09
-1.03482746211364E-05
-6.39239621674513E-07
6.01331615120276E-06
9.9274175702589E-06
-2.38794540294609E-06
9.03736011983431E-06
9.72504775018881E-06
-1.07209921830647E-06
-2.88205303971554E-06
-4.76293570035853E-09
6.09195840158471E-06
1.11139417553324E-05
3.77088830255057E-06
-5.90281835753136E-06
1.85604288084399E-06
5.40850179148052E-06
-3.34869848156172E-07
5.34337480899368E-06
5.93378102686161E-06
2.00669332406119E-06
4.26358674763626E-06
-2.86838547701816E-06
3.43922651933695E-07
9.64568965517242E-06
4.10748065348237E-06
-3.9103752759382E-06
7.01823985408123E-06
-7.92006950477845E-06
-4.73544520547945E-06
4.67042987407732E-06
3.62747336377475E-06
-7.05434230573933E-07
1.40611353711827E-07
-1.00283347863993E-05
2.86533449174632E-06
1.55914687774846E-05
-1.2354128440367E-05
1.5030290102389E-05
5.09321305841926E-06
-6.14223764093671E-06
-6.2254864555513E-06
8.9995044598612E-06
-8.87005649717524E-07
1.00293988591488E-05
1.60319573901468E-06
-1.40232902033271E-05
6.22383720930238E-06
-5.93364928909948E-06
3.06993918331886E-06
1.20243040212108E-05
4.41267047954219E-07
-5.7233146067416E-06
-7.82147591692433E-07
-1.07329351535836E-05
5.85121107266438E-06
1.10050038491147E-05
2.79626253418413E-06
-2.42102888086644E-06
-2.67032967032967E-06
-9.62389380530976E-06
-6.2056578356535E-07
4.45663384903893E-06
9.29193341869397E-06
2.59324894514768E-06
-1.09564091497626E-05
-2.37887485648682E-06
-7.2465882352941E-06
3.2132851333032E-06
1.10079822616409E-05
8.42515500442857E-06
-1.064550737595E-05
8.00625488663013E-07
1.44187145557657E-06
-8.55838255338471E-06
-7.9912663755476E-08
8.94875549048326E-06
1.10081012658228E-05
-7.58519221642142E-06
-5.28853585229712E-06
9.12783318223032E-06
9.91604722343684E-06
-6.42820622070722E-06
1.45328719723184E-06
1.37997376475737E-06
-1.74573304157553E-06
-1.06859649122806E-05
1.44281111558599E-05
1.83908045975919E-09
-4.95555555555542E-07
-1.2687386569873E-05
-1.74925878864884E-06
-1.74925878864884E-06
dMdT Data
0
0
0
0
0
0
0
0
0
0
0
0
0
0
0
0
0
0
0
0
0
0
0
0
0
0
0
0
0
0
0
0
0
0
0
0
0
0
0
0
0
0
0
0
0
0
0
0
0
0
0
0
0
0
0
0
0
0
0
0
0
0
0
0
0
0
0
0
0
0
0
0
0
0
0
0
0
0
0
0
0
0
0
0
0
0
0
0
0
0
0
0
0
0
0
0
0
0
0
0
0
0
0
0
0
0
0
0
0
0
0
0
0
0
0
0
0
0
0
0
0
0
0
0
0
0
0
0
0
0
0
0
0
0
0
0
0
0
0
0
0
0
0
0
0
0
0
 
*********************************************** Results ***************************************
 
TotalArea 0
AreaFirstQuad 0
AreaSecondQuad 0
AreaThirdQuad 0
AreaFourthQuad 0
Coercivity 0
PositiveCoercivity 0
NegativeCoercivity 0
Retentivity 6.1064678965917E-03
PositiveRetentivity -1.06946792217424E-02
NegativeRetentivity 1.51825657144099E-03
Magnetization 0.00508508
PositiveMagnetization 0.00508508
NegativeMagnetization 0.000270738
Flatness 0.751369106142621
Squareness 1.20085974981548
SStar 0
SFD1 0
SFD2 0
Slope 0
Intercept 0
SlopeAtHc -1.74925878864884E-06
dH1 -201.371316569455
dH2 46.937
InitialSlope -1.51622088006896E-05
FieldAtHalfMs 468.466431848853
FieldAtMs 2362.66
MomentMean 3.14479351020408E-03
MomentRMS 1.54289097910677E-03
SFD3 0
dH3 -402.742633138911
UserField1 0
UserField2 0
CenterField 0
ExchangeField 0
ExchangeMoment 0
ExRegionOneIntercept 0
ExRegionOneSlope 0
ExRegionTwoIntercept 0
ExRegionTwoSlope 0
NegativeIntercept 0
NegativeSlope 0
AutoCenterOffset 0
PinningField 0
PinningMoment 0
PinRegionOneIntercept 0
PinRegionOneSlope 0
PinRegionTwoIntercept 0
PinRegionTwoSlope 0
PositiveIntercept 0
PositiveSlope 0
TotalOffset 0
BHMax 0
BCoercivity 0
BRetentivity 0
BNegativeCoercivity 0
BPositiveCoercivity 0
BNegativeRetentivity 0
BPositiveRetentivity 0
MomentYMean -6.8589955782313E-03
MomentYRMS 2.97140448762177E-04
YOffCorrection 0
Mrt 0
Ms1 0
Ms2 0
Ms3 0
Hc2 0
Hex2 0
HsatValue 0
HsatIntercept 0
HsatSlope 0
CenterH 0
Span .004814342
SpanAsPercentOfRange -90.8366415094339
RMSAsPercentOfRange -29.1111505491844
SpanAsPercentOfMean 153.089288195827
RMSAsPercentOfMean 49.0617579214811
