Version 1.25
******************************************** Units *******************************************
System CGS
TemperatureUnit K
MomentUnit emu
AppliedFieldUnit G
 
******************************************** Setup ********************************************
 
Experiment CustomField
Minor False
Acquisition Continuous
EditedPoint No
MaxField 15000
FieldIncrement 100
Points 147
MinField 0
RampRate 10
AverageTime 0.1
TimeInterval 0
TimeConstant 0.1
TimeConstantIndex 0
Sensitivity -0.0053
SensitivityIndex 5
SensitivityY -400
SensitivityIndexY 0
SaturationField 8000
ExperimentTime 100
Use735Domains True
AutoRangeEnabled False
NumberOfVertices 2
VertexPts
0
146
VertexField
-2826.6332
536.0134
StartAngle 0
EndAngle 0
AngleIncrement 0
StartTemp 0
FinishTemp 0
TempIncrement 0
TempPoints 0
LengthofSetPointsArray 147
SetPointArray
-2826.63317
-2803.60134
-2780.56951
-2757.53769
-2734.50586
-2711.47404
-2688.44221
-2665.41039
-2642.37856
-2619.34673
-2596.31491
-2573.28308
-2550.25126
-2527.21943
-2504.1876
-2481.15578
-2458.12395
-2435.09213
-2412.0603
-2389.02848
-2365.99665
-2342.96482
-2319.933
-2296.90117
-2273.86935
-2250.83752
-2227.8057
-2204.77387
-2181.74204
-2158.71022
-2135.67839
-2112.64657
-2089.61474
-2066.58291
-2043.55109
-2020.51926
-1997.48744
-1974.45561
-1951.42379
-1928.39196
-1905.36013
-1882.32831
-1859.29648
-1836.26466
-1813.23283
-1790.20101
-1767.16918
-1744.13735
-1721.10553
-1698.0737
-1675.04188
-1652.01005
-1628.97822
-1605.9464
-1582.91457
-1559.88275
-1536.85092
-1513.8191
-1490.78727
-1467.75544
-1444.72362
-1421.69179
-1398.65997
-1375.62814
-1352.59631
-1329.56449
-1306.53266
-1283.50084
-1260.46901
-1237.43719
-1214.40536
-1191.37353
-1168.34171
-1145.30988
-1122.27806
-1099.24623
-1076.21441
-1053.18258
-1030.15075
-1007.11893
-984.0871
-961.05528
-938.02345
-914.99162
-891.9598
-868.92797
-845.89615
-822.86432
-799.8325
-776.80067
-753.76884
-730.73702
-707.70519
-684.67337
-661.64154
-638.60972
-615.57789
-592.54606
-569.51424
-546.48241
-523.45059
-500.41876
-477.38693
-454.35511
-431.32328
-408.29146
-385.25963
-362.22781
-339.19598
-316.16415
-293.13233
-270.1005
-247.06868
-224.03685
-201.00503
-177.9732
-154.94137
-131.90955
-108.87772
-85.8459
-62.81407
-39.78224
-16.75042
6.28141
29.31323
52.34506
75.37688
98.40871
121.44054
144.47236
167.50419
190.53601
213.56784
236.59966
259.63149
282.66332
305.69514
328.72697
351.75879
374.79062
397.82245
420.85427
443.8861
466.91792
489.94975
512.98157
536.0134
FieldDomainFile C:\IDEASVSM\Default UserID\Experiments\FORCexp0178B\fdomain.ini
TempDomainFile C:\IDEASVSM\Default UserID\Experiments\FORCexp0178B\tdomain.ini
NumSelectedResults 0
ResultsSelected 
UserName1 
UserValue1 
UserName2 
UserValue2 
LinearBackgroundCorrection Off
MaxLinearFieldCorrection 
MinLinearFieldCorrection 
AutoLinearCorrection Off
FitOneRegion Off
BackgroundMode Off
BackgroundFilename 
AutoCenter Off
OffsetCorrection 
SmoothDeriv Off
DerivOrder 0
DerivPoints 0
MinExFieldOne 
MaxExFieldOne 
MinExFieldTwo 
MaxExFieldTwo 
MinPinFieldOne 
MaxPinFieldOne 
MinPinFieldTwo 
MaxPinFieldTwo 
HCenterStart 
Mass 
Volume 
Density 
MolarWeight 
NumberOfMoles 
Demagnetization 
SampleArea 
Thickness 
MomentScaling 0
XAxis 0
YAxis 0
SimpleSpinValve False
HsatMax 0
HsatMin 0
FieldAutoRange False
 
*************************************************** Experiment Data ********************************************
 
DataPoints 147
MomentX Data
-0.0049221
-0.0049631
-0.00475428
-0.00468147
-0.00483435
-0.0049574
-0.00516373
-0.00508438
-0.00486826
-0.00492683
-0.00487842
-0.00450276
-0.00492375
-0.00493158
-0.00501154
-0.00504035
-0.00473586
-0.00464462
-0.00473804
-0.0048681
-0.00500828
-0.00526713
-0.00484017
-0.00467152
-0.00485211
-0.00496329
-0.00508773
-0.00505404
-0.00476979
-0.00457498
-0.00475105
-0.00487346
-0.00498609
-0.00497893
-0.00466544
-0.00455662
-0.00463698
-0.00464426
-0.00484637
-0.00462021
-0.00488242
-0.00502679
-0.00467448
-0.00453021
-0.004756
-0.00486486
-0.00493016
-0.00467304
-0.00441472
-0.00427152
-0.0046154
-0.00462006
-0.00445112
-0.00437919
-0.00428829
-0.00437588
-0.00425698
-0.00451521
-0.00463208
-0.00476791
-0.00438133
-0.00443704
-0.00453071
-0.00460218
-0.00452478
-0.00435842
-0.00452179
-0.00434162
-0.00427916
-0.00440349
-0.00450788
-0.0042751
-0.00410151
-0.00405722
-0.00422591
-0.00443779
-0.00439649
-0.00440754
-0.0041748
-0.00404148
-0.00428455
-0.00415721
-0.00429133
-0.00429614
-0.00406223
-0.00391192
-0.00372449
-0.00424704
-0.00428209
-0.00416208
-0.00394111
-0.00411238
-0.00394651
-0.00387048
-0.00402601
-0.00412379
-0.00396256
-0.00383524
-0.00403255
-0.00399614
-0.004086
-0.00390342
-0.00381897
-0.00367743
-0.00357486
-0.00365863
-0.0036625
-0.00386525
-0.00386549
-0.00355158
-0.00358933
-0.00356105
-0.00342727
-0.00340097
-0.00356887
-0.00365017
-0.00361284
-0.00327095
-0.00320612
-0.00332513
-0.00344395
-0.00313259
-0.00317002
-0.0033997
-0.00328015
-0.00323232
-0.00341309
-0.00309724
-0.00306853
-0.00304042
-0.00292306
-0.0031388
-0.00290435
-0.00278813
-0.00317938
-0.00314309
-0.0028932
-0.00293441
-0.00279074
-0.00259414
-0.00278998
-0.00229985
-0.00212524
-0.00212065
-0.00233808
-0.00254368
-0.00246039
MomentY Data
-0.00553131
-0.00610352
-0.00600815
-0.00581741
-0.00534058
-0.00600815
-0.00553131
-0.00519753
-0.00600815
-0.00567436
-0.00567436
-0.00553131
-0.00553131
-0.00581741
-0.00677109
-0.00581741
-0.00600815
-0.00610352
-0.00553131
-0.00610352
-0.00629425
-0.00610352
-0.00581741
-0.00600815
-0.00567436
-0.00567436
-0.00610352
-0.00567436
-0.00567436
-0.00638962
-0.00567436
-0.00553131
-0.00610352
-0.00581741
-0.00610352
-0.00600815
-0.00677109
-0.00610352
-0.00638962
-0.00629425
-0.00610352
-0.00567436
-0.00638962
-0.00610352
-0.00581741
-0.00600815
-0.00610352
-0.00638962
-0.00581741
-0.00638962
-0.00610352
-0.00610352
-0.00610352
-0.00610352
-0.00610352
-0.00629425
-0.00610352
-0.00600815
-0.00610352
-0.00581741
-0.00610352
-0.00629425
-0.00600815
-0.00567436
-0.00610352
-0.00610352
-0.00600815
-0.00658035
-0.00553131
-0.00600815
-0.00567436
-0.00610352
-0.00610352
-0.00638962
-0.00610352
-0.00610352
-0.00638962
-0.00629425
-0.00567436
-0.00610352
-0.00658035
-0.00629425
-0.00629425
-0.00629425
-0.00638962
-0.00581741
-0.00610352
-0.00567436
-0.00567436
-0.00610352
-0.00610352
-0.00567436
-0.00581741
-0.00600815
-0.00534058
-0.00553131
-0.00581741
-0.00629425
-0.00600815
-0.00629425
-0.00629425
-0.00677109
-0.00677109
-0.00581741
-0.00658035
-0.00638962
-0.00677109
-0.00638962
-0.00705719
-0.00629425
-0.00610352
-0.00658035
-0.00600815
-0.00629425
-0.00581741
-0.00638962
-0.00600815
-0.00677109
-0.00638962
-0.00610352
-0.00610352
-0.00581741
-0.00658035
-0.00567436
-0.00638962
-0.00610352
-0.00658035
-0.00629425
-0.00600815
-0.00600815
-0.00686646
-0.00677109
-0.00610352
-0.00677109
-0.00610352
-0.00677109
-0.00610352
-0.00638962
-0.00581741
-0.00658035
-0.00600815
-0.00629425
-0.00677109
-0.00658035
-0.00686646
-0.00600815
-0.00677109
Field Data
-2826.32
-2820.27
-2806.59
-2788.81
-2769.28
-2745.4
-2725.67
-2703.13
-2680.07
-2657.1
-2633.93
-2611.38
-2584.04
-2566.21
-2542.23
-2514.73
-2493.95
-2471.38
-2448.35
-2425.66
-2398.99
-2377.48
-2355.69
-2332.53
-2309.84
-2286.95
-2265.21
-2242.05
-2218.65
-2195.29
-2169.04
-2149.08
-2126.01
-2102.9
-2079.99
-2054.16
-2032.54
-2010.36
-1987.77
-1965.89
-1943.58
-1920.73
-1897.37
-1873.88
-1850.77
-1824.71
-1803.41
-1781.01
-1758.59
-1735.58
-1712.99
-1691.42
-1668.57
-1644.67
-1621.75
-1595.37
-1574.08
-1551.64
-1529.54
-1506.45
-1483.81
-1461.94
-1439.91
-1415.5
-1392.24
-1365.68
-1344.52
-1322.61
-1300.02
-1277.27
-1254.7
-1229.64
-1211.14
-1187.24
-1163.85
-1136.35
-1115.65
-1094.06
-1072.36
-1049.39
-1022.18
-1000.58
-979.008
-956.301
-933.667
-911.249
-889.79
-866.743
-843.481
-819.548
-793.679
-772.075
-750.255
-727.252
-704.507
-681.648
-660.139
-637.404
-615.184
-590.965
-563.749
-542.786
-521.73
-498.996
-476.119
-453.015
-431.085
-408.455
-385.3
-358.547
-333.747
-314.025
-292.501
-269.296
-249.537
-222.041
-200.27
-179.344
-156.736
-132.932
-109.673
-84.9483
-62.85
-40.7107
-17.8491
5.2259
26.0406
48.8469
71.6892
96.5389
119.494
144.746
166.45
188.877
211.371
234.313
254.993
277.336
301.422
324.946
347.955
372.875
394.665
417.397
439.83
462.994
483.085
Time Data
0
0.1
0.2
0.3
0.4
0.5
0.6
0.7
0.8
0.9
1
1.1
1.2
1.3
1.4
1.5
1.6
1.7
1.8
1.9
2
2.1
2.2
2.3
2.4
2.5
2.6
2.7
2.8
2.9
3
3.1
3.2
3.3
3.4
3.5
3.6
3.7
3.8
3.9
4
4.1
4.2
4.3
4.4
4.5
4.6
4.7
4.8
4.9
5
5.1
5.2
5.3
5.4
5.5
5.6
5.7
5.8
5.9
5.99999999999999
6.09999999999999
6.19999999999999
6.29999999999999
6.39999999999999
6.49999999999999
6.59999999999999
6.69999999999999
6.79999999999999
6.89999999999999
6.99999999999999
7.09999999999999
7.19999999999999
7.29999999999999
7.39999999999999
7.49999999999999
7.59999999999999
7.69999999999999
7.79999999999999
7.89999999999999
7.99999999999999
8.09999999999999
8.19999999999999
8.29999999999999
8.39999999999999
8.49999999999999
8.59999999999999
8.69999999999999
8.79999999999998
8.89999999999998
8.99999999999998
9.09999999999998
9.19999999999998
9.29999999999998
9.39999999999998
9.49999999999998
9.59999999999998
9.69999999999998
9.79999999999998
9.89999999999998
9.99999999999998
10.1
10.2
10.3
10.4
10.5
10.6
10.7
10.8
10.9
11
11.1
11.2
11.3
11.4
11.5
11.6
11.7
11.8
11.9
12
12.1
12.2
12.3
12.4
12.5
12.6
12.7
12.8
12.9
13
13.1
13.2
13.3
13.4
13.5
13.6
13.7
13.8
13.9
14
14.1
14.2
14.3
14.4
14.5
14.6
Temperature Data
0
0
0
0
0
0
0
0
0
0
0
0
0
0
0
0
0
0
0
0
0
0
0
0
0
0
0
0
0
0
0
0
0
0
0
0
0
0
0
0
0
0
0
0
0
0
0
0
0
0
0
0
0
0
0
0
0
0
0
0
0
0
0
0
0
0
0
0
0
0
0
0
0
0
0
0
0
0
0
0
0
0
0
0
0
0
0
0
0
0
0
0
0
0
0
0
0
0
0
0
0
0
0
0
0
0
0
0
0
0
0
0
0
0
0
0
0
0
0
0
0
0
0
0
0
0
0
0
0
0
0
0
0
0
0
0
0
0
0
0
0
0
0
0
0
0
0
Angle Data
0
0
0
0
0
0
0
0
0
0
0
0
0
0
0
0
0
0
0
0
0
0
0
0
0
0
0
0
0
0
0
0
0
0
0
0
0
0
0
0
0
0
0
0
0
0
0
0
0
0
0
0
0
0
0
0
0
0
0
0
0
0
0
0
0
0
0
0
0
0
0
0
0
0
0
0
0
0
0
0
0
0
0
0
0
0
0
0
0
0
0
0
0
0
0
0
0
0
0
0
0
0
0
0
0
0
0
0
0
0
0
0
0
0
0
0
0
0
0
0
0
0
0
0
0
0
0
0
0
0
0
0
0
0
0
0
0
0
0
0
0
0
0
0
0
0
0
Bx Data
0
0
0
0
0
0
0
0
0
0
0
0
0
0
0
0
0
0
0
0
0
0
0
0
0
0
0
0
0
0
0
0
0
0
0
0
0
0
0
0
0
0
0
0
0
0
0
0
0
0
0
0
0
0
0
0
0
0
0
0
0
0
0
0
0
0
0
0
0
0
0
0
0
0
0
0
0
0
0
0
0
0
0
0
0
0
0
0
0
0
0
0
0
0
0
0
0
0
0
0
0
0
0
0
0
0
0
0
0
0
0
0
0
0
0
0
0
0
0
0
0
0
0
0
0
0
0
0
0
0
0
0
0
0
0
0
0
0
0
0
0
0
0
0
0
0
0
Hint Data
0
0
0
0
0
0
0
0
0
0
0
0
0
0
0
0
0
0
0
0
0
0
0
0
0
0
0
0
0
0
0
0
0
0
0
0
0
0
0
0
0
0
0
0
0
0
0
0
0
0
0
0
0
0
0
0
0
0
0
0
0
0
0
0
0
0
0
0
0
0
0
0
0
0
0
0
0
0
0
0
0
0
0
0
0
0
0
0
0
0
0
0
0
0
0
0
0
0
0
0
0
0
0
0
0
0
0
0
0
0
0
0
0
0
0
0
0
0
0
0
0
0
0
0
0
0
0
0
0
0
0
0
0
0
0
0
0
0
0
0
0
0
0
0
0
0
0
Torque Data
15.6332520792
17.2135743504
16.8624137085
16.2236511821
14.7895613824
16.49477501
15.0765257277
14.0495992689
16.1022625705
15.077341956
14.9458670348
14.4443523078
14.2931262924
14.9286957161
17.2136681307
14.6292154493
14.9840256925
15.0841172576
13.5425828385
14.8050643232
15.0998428075
14.5109967296
13.7040145629
14.0141901195
13.1068637024
12.976977602
13.8257545392
12.722198838
12.589418814
14.0270688898
12.3079138144
11.8872276948
12.9761445552
12.233431489
12.6952605648
12.341701404
13.7625112686
12.2702724672
12.7010949474
12.3738031325
11.8626794016
10.8989134828
12.1234732994
11.4372640576
10.7666879057
10.9631313865
11.0071490032
11.3799771162
10.2304390519
11.0896966796
10.4552687248
10.3236157984
10.1841503664
10.0382762384
9.89838356
10.0416576225
9.6074287616
9.322485866
9.3355779808
8.7636372945
9.0564640112
9.201815845
8.6511952665
8.03205658
8.4975646848
8.3354551936
8.078077838
8.7032367135
7.1908136262
7.6740297505
7.119619492
7.5051323328
7.3922172128
7.5860124488
7.103581752
6.935734952
7.128579553
6.886287155
6.0849566896
6.4049728528
6.726302163
6.297900665
6.162121104
6.01919756925
5.96577733654
5.30110904509
5.4308510608
4.91821180948
4.78621484716
5.00212760896
4.84423565008
4.381031497
4.36454093955
4.3694391038
3.76247599406
3.77040639888
3.84029921999
4.011980127
3.6961177496
3.71968145125
3.54837714325
3.67525285674
3.5326807857
2.90286432036
3.13302966165
2.8945937043
2.91891533265
2.6098722371
2.719135307
2.25678445475
2.03703148944
2.06639440875
1.75738988315
1.695016348
1.45165903917
1.41875761442
1.2032522005
1.21435436496
1.00148348032
0.81135312064
0.66939134896
0.494179089903
0.4135749975
0.231007167652
0.114048966342
-0.031896385168
-0.17135626221
-0.307454600325
-0.43071946698
-0.580020192035
-0.82050077124
-0.98008819314
-1.015930904
-1.27890316593
-1.29010712592
-1.58655441117
-1.55635487536
-1.77207165232
-1.75349535702
-2.1382584111
-2.09056583325
-2.34696846875
-2.67231223485
-2.74661834895
-3.0200751018
-2.7817374011
-3.27101201265
dMdH Data
-6.77685950413192E-06
1.52646198830411E-05
4.09505061867259E-06
-7.82795698924742E-06
-5.15284757118924E-06
-1.04576786619361E-05
3.5204081632653E-06
9.37207285342588E-06
-2.54984762733998E-06
2.0893396633578E-06
1.66589800443461E-05
-1.53983174835405E-05
-4.39147504206366E-07
-3.33444537114264E-06
-1.04763636363636E-06
1.46530317613088E-05
4.04253433761633E-06
-4.0564481111593E-06
-5.73204054649626E-06
-5.25609298837645E-06
-1.20339377033939E-05
1.95943093162001E-05
7.28195164075999E-06
-7.95901278096074E-06
-4.85714285714282E-06
-5.72401103955847E-06
1.45466321243525E-06
1.21474358974358E-05
8.33946917808215E-06
-6.70742857142855E-06
-6.13276553106211E-06
-4.88209796272224E-06
3.09822587624402E-07
1.36835443037973E-05
4.21293070073559E-06
-3.71692876965773E-06
-3.28223624887291E-07
-8.94687915006644E-06
1.03363802559416E-05
-1.17530255490811E-05
-6.31816192560176E-06
1.508176369863E-05
6.14176245210734E-06
-9.77022933794889E-06
-4.17728319263242E-06
-3.06572769953052E-06
1.14785714285714E-05
1.1521855486173E-05
6.22338113863536E-06
-1.52226648959717E-05
-2.16040797403766E-07
7.39343544857761E-06
3.00962343096238E-06
3.96596858638741E-06
-3.32031842304776E-06
5.58478158759986E-06
-1.15075757575759E-05
-5.28823529411761E-06
-5.88263317453445E-06
1.70750883392225E-05
-2.54732510288065E-06
-4.25192918747166E-06
-2.92789840229412E-06
3.32760103181428E-06
6.26355421686748E-06
-7.72069943289224E-06
8.22318575992696E-06
2.76494023904385E-06
-5.46505494505497E-06
-4.6251661497563E-06
9.28890662410215E-06
9.38324324324326E-06
1.85313807531379E-06
-7.21205643437363E-06
-7.70472727272725E-06
1.99516908212559E-06
-5.11811023622017E-07
1.07253456221198E-05
5.80409229429697E-06
-8.93311282616679E-06
5.8953703703704E-06
-6.2173187465233E-06
-2.11828951424673E-07
1.03344525934435E-05
6.70488000713711E-06
8.73433058390417E-06
-2.26732329587366E-05
-1.50674920471154E-06
5.0144152425521E-06
8.54188410839228E-06
-7.92769857433808E-06
7.60174152153983E-06
3.30522105812286E-06
-6.83798637063091E-06
-4.27752745089461E-06
7.49593193546883E-06
5.60017594018034E-06
-8.87983798379837E-06
1.50336512655356E-06
-3.30173427395652E-06
8.70963125506844E-06
4.01073328267478E-06
6.22591712852994E-06
4.48354242252045E-06
-3.62577908587257E-06
-1.76470588235294E-07
-8.9593460008838E-06
-1.03649319801285E-08
1.17336373490824E-05
-1.52217741935484E-06
1.43393164993408E-06
6.21538747444713E-06
1.13337642749407E-06
-8.49739359279316E-06
-2.95679371544951E-06
1.71466629920536E-06
1.63380483608908E-05
2.86756900212315E-06
-4.99957990253739E-06
-5.10856012726257E-06
1.25930749412531E-05
-1.69379545032875E-06
-1.03743117442738E-05
5.22929278790636E-06
2.07280606717226E-06
-8.68472762038368E-06
1.38492434108119E-05
1.25687868559646E-06
1.13120077908385E-06
5.11258935922736E-06
-8.54348170441946E-06
1.08021562845559E-05
5.18214651981985E-06
-1.7393527162799E-05
1.58181501176881E-06
1.20836557059961E-05
-1.84442554715124E-06
5.96487586149631E-06
8.35742220710763E-06
-8.51145204050591E-06
1.96681380417335E-05
8.01330885727397E-06
2.01918001055783E-07
-9.69241742076407E-06
-8.87584182351923E-06
4.14563735005726E-06
4.14563735005726E-06
dMdT Data
0
0
0
0
0
0
0
0
0
0
0
0
0
0
0
0
0
0
0
0
0
0
0
0
0
0
0
0
0
0
0
0
0
0
0
0
0
0
0
0
0
0
0
0
0
0
0
0
0
0
0
0
0
0
0
0
0
0
0
0
0
0
0
0
0
0
0
0
0
0
0
0
0
0
0
0
0
0
0
0
0
0
0
0
0
0
0
0
0
0
0
0
0
0
0
0
0
0
0
0
0
0
0
0
0
0
0
0
0
0
0
0
0
0
0
0
0
0
0
0
0
0
0
0
0
0
0
0
0
0
0
0
0
0
0
0
0
0
0
0
0
0
0
0
0
0
0
 
*********************************************** Results ***************************************
 
TotalArea 0
AreaFirstQuad 0
AreaSecondQuad 0
AreaThirdQuad 0
AreaFourthQuad 0
Coercivity 0
PositiveCoercivity 0
NegativeCoercivity 0
Retentivity 1.04162606382459E-02
PositiveRetentivity -2.40756735537181E-02
NegativeRetentivity -3.24315227722644E-03
Magnetization 0.00526713
PositiveMagnetization -0.00212065
NegativeMagnetization -0.00526713
Flatness 1.31135475482616
Squareness 1.97759702878908
SStar 0
SFD1 0
SFD2 0
Slope 0
Intercept 0
SlopeAtHc 4.14563735005726E-06
dH1 -768.516790992564
dH2 94.4750000000001
InitialSlope -6.77685950413192E-06
FieldAtHalfMs 483.085
FieldAtMs 417.397
MomentMean -4.11428428571429E-03
MomentRMS 7.42734714131057E-04
SFD3 0
dH3 -1537.03358198513
UserField1 0
UserField2 0
CenterField 0
ExchangeField 0
ExchangeMoment 0
ExRegionOneIntercept 0
ExRegionOneSlope 0
ExRegionTwoIntercept 0
ExRegionTwoSlope 0
NegativeIntercept 0
NegativeSlope 0
AutoCenterOffset 0
PinningField 0
PinningMoment 0
PinRegionOneIntercept 0
PinRegionOneSlope 0
PinRegionTwoIntercept 0
PinRegionTwoSlope 0
PositiveIntercept 0
PositiveSlope 0
TotalOffset 0
BHMax 0
BCoercivity 0
BRetentivity 0
BNegativeCoercivity 0
BPositiveCoercivity 0
BNegativeRetentivity 0
BPositiveRetentivity 0
MomentYMean -6.11000421768707E-03
MomentYRMS 3.63090757313475E-04
YOffCorrection 0
Mrt 0
Ms1 0
Ms2 0
Ms3 0
Hc2 0
Hex2 0
HsatValue 0
HsatIntercept 0
HsatSlope 0
CenterH 0
Span .00314648
SpanAsPercentOfRange -59.3675471698113
RMSAsPercentOfRange -14.0138625307747
SpanAsPercentOfMean -76.4769709989483
RMSAsPercentOfMean -18.0525861256111
