Version 1.25
******************************************** Units *******************************************
System CGS
TemperatureUnit K
MomentUnit emu
AppliedFieldUnit G
 
******************************************** Setup ********************************************
 
Experiment CustomField
Minor False
Acquisition Continuous
EditedPoint No
MaxField 15000
FieldIncrement 100
Points 147
MinField 0
RampRate 10
AverageTime 0.1
TimeInterval 0
TimeConstant 0.1
TimeConstantIndex 0
Sensitivity -0.0053
SensitivityIndex 5
SensitivityY -400
SensitivityIndexY 0
SaturationField 8000
ExperimentTime 100
Use735Domains True
AutoRangeEnabled False
NumberOfVertices 2
VertexPts
0
146
VertexField
-868.928
2493.7186
StartAngle 0
EndAngle 0
AngleIncrement 0
StartTemp 0
FinishTemp 0
TempIncrement 0
TempPoints 0
LengthofSetPointsArray 147
SetPointArray
-868.92797
-845.89615
-822.86432
-799.8325
-776.80067
-753.76884
-730.73702
-707.70519
-684.67337
-661.64154
-638.60972
-615.57789
-592.54606
-569.51424
-546.48241
-523.45059
-500.41876
-477.38693
-454.35511
-431.32328
-408.29146
-385.25963
-362.22781
-339.19598
-316.16415
-293.13233
-270.1005
-247.06868
-224.03685
-201.00503
-177.9732
-154.94137
-131.90955
-108.87772
-85.8459
-62.81407
-39.78224
-16.75042
6.28141
29.31323
52.34506
75.37688
98.40871
121.44054
144.47236
167.50419
190.53601
213.56784
236.59966
259.63149
282.66332
305.69514
328.72697
351.75879
374.79062
397.82245
420.85427
443.8861
466.91792
489.94975
512.98157
536.0134
559.04523
582.07705
605.10888
628.1407
651.17253
674.20436
697.23618
720.26801
743.29983
766.33166
789.36348
812.39531
835.42714
858.45896
881.49079
904.52261
927.55444
950.58626
973.61809
996.64992
1019.68174
1042.71357
1065.74539
1088.77722
1111.80905
1134.84087
1157.8727
1180.90452
1203.93635
1226.96817
1250
1273.03183
1296.06365
1319.09548
1342.1273
1365.15913
1388.19095
1411.22278
1434.25461
1457.28643
1480.31826
1503.35008
1526.38191
1549.41374
1572.44556
1595.47739
1618.50921
1641.54104
1664.57286
1687.60469
1710.63652
1733.66834
1756.70017
1779.73199
1802.76382
1825.79564
1848.82747
1871.8593
1894.89112
1917.92295
1940.95477
1963.9866
1987.01843
2010.05025
2033.08208
2056.1139
2079.14573
2102.17755
2125.20938
2148.24121
2171.27303
2194.30486
2217.33668
2240.36851
2263.40034
2286.43216
2309.46399
2332.49581
2355.52764
2378.55946
2401.59129
2424.62312
2447.65494
2470.68677
2493.71859
FieldDomainFile C:\IDEASVSM\Default UserID\Experiments\FORCexp0093B\fdomain.ini
TempDomainFile C:\IDEASVSM\Default UserID\Experiments\FORCexp0093B\tdomain.ini
NumSelectedResults 0
ResultsSelected 
UserName1 
UserValue1 
UserName2 
UserValue2 
LinearBackgroundCorrection Off
MaxLinearFieldCorrection 
MinLinearFieldCorrection 
AutoLinearCorrection Off
FitOneRegion Off
BackgroundMode Off
BackgroundFilename 
AutoCenter Off
OffsetCorrection 
SmoothDeriv Off
DerivOrder 0
DerivPoints 0
MinExFieldOne 
MaxExFieldOne 
MinExFieldTwo 
MaxExFieldTwo 
MinPinFieldOne 
MaxPinFieldOne 
MinPinFieldTwo 
MaxPinFieldTwo 
HCenterStart 
Mass 
Volume 
Density 
MolarWeight 
NumberOfMoles 
Demagnetization 
SampleArea 
Thickness 
MomentScaling 0
XAxis 0
YAxis 0
SimpleSpinValve False
HsatMax 0
HsatMin 0
FieldAutoRange False
 
*************************************************** Experiment Data ********************************************
 
DataPoints 147
MomentX Data
-0.00118099
-0.0010391
-0.00114079
-0.00133408
-0.00103389
-0.000948015
-0.000896921
-0.000961608
-0.00112796
-0.00115102
-0.00108176
-0.00109527
-0.00111678
-0.0008777
-0.000787095
-0.000681689
-0.000494885
-0.0006238
-0.000528811
-0.000433306
-0.000511764
-0.000698889
-0.000429123
-0.000364918
-0.00023866
-0.000226682
-0.000467358
-0.000513752
-0.000576968
-0.000218836
0.0000755275
0.000123238
-0.0000648957
-0.000164286
-0.000140785
-0.0000206916
0.000181041
0.000240084
0.000278932
0.000177973
0.00000692927
-0.0000545937
0.000102545
0.000307324
0.000395073
0.000337136
0.000228969
0.000321028
0.000560681
0.000571635
0.000537047
0.000514448
0.000647472
0.000543388
0.000625266
0.000776153
0.000996231
0.000790781
0.000971212
0.00115609
0.00134023
0.00142073
0.00128864
0.00140624
0.00131494
0.00124085
0.00143147
0.00179473
0.0020132
0.00200219
0.00207061
0.00199154
0.00215701
0.00217413
0.00253344
0.00277147
0.00274544
0.00283355
0.0030814
0.00330254
0.00350676
0.00371779
0.00355021
0.00380195
0.00371065
0.00365057
0.00385649
0.00406834
0.00391323
0.00390437
0.0041576
0.00409298
0.00434251
0.00427964
0.004362
0.00418762
0.00409828
0.0040337
0.004018
0.00439021
0.00434786
0.00431661
0.00440114
0.00445483
0.00435931
0.00437937
0.0046129
0.0042992
0.00416174
0.00420951
0.00421561
0.00449437
0.00456548
0.00450827
0.0044402
0.00429845
0.00432923
0.00457147
0.00462846
0.00488593
0.00483091
0.00483174
0.00481377
0.00467773
0.00481625
0.00487903
0.00491617
0.00513927
0.00486444
0.0045374
0.00475962
0.00469908
0.00446331
0.00463566
0.00448346
0.00451166
0.00482266
0.00498956
0.00510967
0.00478473
0.00464518
0.0046473
0.00496015
0.00504596
0.00506011
0.00503521
0.0046495
MomentY Data
-0.00600815
-0.00610352
-0.00658035
-0.00610352
-0.00677109
-0.00705719
-0.00686646
-0.00686646
-0.00658035
-0.00638962
-0.00581741
-0.00658035
-0.00610352
-0.00629425
-0.00610352
-0.00677109
-0.00677109
-0.00658035
-0.00658035
-0.00629425
-0.00658035
-0.00638962
-0.00600815
-0.00658035
-0.00686646
-0.00658035
-0.00638962
-0.00705719
-0.00629425
-0.00677109
-0.00610352
-0.00677109
-0.00658035
-0.00705719
-0.00686646
-0.00658035
-0.00610352
-0.00638962
-0.00686646
-0.00658035
-0.00705719
-0.00677109
-0.00658035
-0.00600815
-0.00677109
-0.00629425
-0.00677109
-0.00686646
-0.00610352
-0.00720024
-0.00677109
-0.00686646
-0.00629425
-0.00705719
-0.00686646
-0.00705719
-0.00658035
-0.00658035
-0.00753403
-0.00610352
-0.00658035
-0.00658035
-0.00734329
-0.00658035
-0.00658035
-0.00686646
-0.00686646
-0.00677109
-0.00658035
-0.00658035
-0.00629425
-0.00677109
-0.00720024
-0.00720024
-0.00658035
-0.00705719
-0.00677109
-0.00686646
-0.00638962
-0.00677109
-0.00705719
-0.00677109
-0.00734329
-0.00686646
-0.00720024
-0.00720024
-0.00705719
-0.00686646
-0.00720024
-0.00686646
-0.00686646
-0.00734329
-0.00677109
-0.00705719
-0.00705719
-0.00753403
-0.00705719
-0.00705719
-0.00686646
-0.00686646
-0.00658035
-0.00705719
-0.00720024
-0.00686646
-0.00720024
-0.00677109
-0.00686646
-0.00734329
-0.00734329
-0.00677109
-0.00705719
-0.00720024
-0.00686646
-0.00686646
-0.00658035
-0.00705719
-0.00677109
-0.00638962
-0.00677109
-0.00658035
-0.00677109
-0.00705719
-0.00720024
-0.00720024
-0.00734329
-0.00677109
-0.00686646
-0.00677109
-0.00705719
-0.00720024
-0.00720024
-0.00686646
-0.00686646
-0.00677109
-0.00610352
-0.00677109
-0.00720024
-0.00734329
-0.00677109
-0.00705719
-0.00686646
-0.00686646
-0.00720024
-0.00705719
-0.00753403
-0.00686646
-0.00705719
Field Data
-868.999
-863.065
-849.034
-831.324
-811.121
-785.18
-768.665
-745.815
-722.111
-698.212
-674.983
-649.384
-627.154
-604.728
-581.262
-557.888
-531.918
-512.037
-489.668
-466.482
-443.79
-417.217
-396.872
-374.273
-351.08
-327.908
-305.58
-283.407
-260.236
-237.427
-213.524
-187.027
-167.247
-144.38
-121.32
-98.4076
-75.526
-54.2105
-30.609
-7.42343
15.3582
42.6125
63.5912
85.4347
107.89
131.329
158.543
178.904
199.988
223.372
246.483
269.32
290.754
313.645
336.633
359.957
382.932
407.639
428.482
451.08
475.309
498.37
520.672
542.619
565.481
588.879
612.071
638.269
658.713
681.159
703.991
726.998
749.413
770.559
794.087
817.727
840.982
867.412
887.328
910.14
932.768
955.894
978.537
1000.28
1023.38
1046.99
1070.11
1097.18
1117.14
1138.79
1160.97
1184.63
1212.04
1232.56
1253.87
1276.65
1299.29
1322.14
1343.64
1366.07
1389.56
1413.24
1440.58
1461.56
1482.93
1505.45
1528.37
1550.9
1572.06
1595.15
1619.07
1642.35
1669.13
1689.55
1711.1
1733.95
1756.55
1779.58
1801.23
1823.98
1847.41
1869.83
1897.46
1918.71
1939.97
1962.51
1985.23
2008.3
2030.33
2052.65
2079.55
2101.78
2123.73
2145.05
2167.06
2190.46
2213.72
2236.9
2261.17
2283.01
2306.19
2329.02
2351.76
2373.93
2395.9
2419.14
2442.34
Time Data
0
0.1
0.2
0.3
0.4
0.5
0.6
0.7
0.8
0.9
1
1.1
1.2
1.3
1.4
1.5
1.6
1.7
1.8
1.9
2
2.1
2.2
2.3
2.4
2.5
2.6
2.7
2.8
2.9
3
3.1
3.2
3.3
3.4
3.5
3.6
3.7
3.8
3.9
4
4.1
4.2
4.3
4.4
4.5
4.6
4.7
4.8
4.9
5
5.1
5.2
5.3
5.4
5.5
5.6
5.7
5.8
5.9
5.99999999999999
6.09999999999999
6.19999999999999
6.29999999999999
6.39999999999999
6.49999999999999
6.59999999999999
6.69999999999999
6.79999999999999
6.89999999999999
6.99999999999999
7.09999999999999
7.19999999999999
7.29999999999999
7.39999999999999
7.49999999999999
7.59999999999999
7.69999999999999
7.79999999999999
7.89999999999999
7.99999999999999
8.09999999999999
8.19999999999999
8.29999999999999
8.39999999999999
8.49999999999999
8.59999999999999
8.69999999999999
8.79999999999998
8.89999999999998
8.99999999999998
9.09999999999998
9.19999999999998
9.29999999999998
9.39999999999998
9.49999999999998
9.59999999999998
9.69999999999998
9.79999999999998
9.89999999999998
9.99999999999998
10.1
10.2
10.3
10.4
10.5
10.6
10.7
10.8
10.9
11
11.1
11.2
11.3
11.4
11.5
11.6
11.7
11.8
11.9
12
12.1
12.2
12.3
12.4
12.5
12.6
12.7
12.8
12.9
13
13.1
13.2
13.3
13.4
13.5
13.6
13.7
13.8
13.9
14
14.1
14.2
14.3
14.4
14.5
14.6
Temperature Data
0
0
0
0
0
0
0
0
0
0
0
0
0
0
0
0
0
0
0
0
0
0
0
0
0
0
0
0
0
0
0
0
0
0
0
0
0
0
0
0
0
0
0
0
0
0
0
0
0
0
0
0
0
0
0
0
0
0
0
0
0
0
0
0
0
0
0
0
0
0
0
0
0
0
0
0
0
0
0
0
0
0
0
0
0
0
0
0
0
0
0
0
0
0
0
0
0
0
0
0
0
0
0
0
0
0
0
0
0
0
0
0
0
0
0
0
0
0
0
0
0
0
0
0
0
0
0
0
0
0
0
0
0
0
0
0
0
0
0
0
0
0
0
0
0
0
0
Angle Data
0
0
0
0
0
0
0
0
0
0
0
0
0
0
0
0
0
0
0
0
0
0
0
0
0
0
0
0
0
0
0
0
0
0
0
0
0
0
0
0
0
0
0
0
0
0
0
0
0
0
0
0
0
0
0
0
0
0
0
0
0
0
0
0
0
0
0
0
0
0
0
0
0
0
0
0
0
0
0
0
0
0
0
0
0
0
0
0
0
0
0
0
0
0
0
0
0
0
0
0
0
0
0
0
0
0
0
0
0
0
0
0
0
0
0
0
0
0
0
0
0
0
0
0
0
0
0
0
0
0
0
0
0
0
0
0
0
0
0
0
0
0
0
0
0
0
0
Bx Data
0
0
0
0
0
0
0
0
0
0
0
0
0
0
0
0
0
0
0
0
0
0
0
0
0
0
0
0
0
0
0
0
0
0
0
0
0
0
0
0
0
0
0
0
0
0
0
0
0
0
0
0
0
0
0
0
0
0
0
0
0
0
0
0
0
0
0
0
0
0
0
0
0
0
0
0
0
0
0
0
0
0
0
0
0
0
0
0
0
0
0
0
0
0
0
0
0
0
0
0
0
0
0
0
0
0
0
0
0
0
0
0
0
0
0
0
0
0
0
0
0
0
0
0
0
0
0
0
0
0
0
0
0
0
0
0
0
0
0
0
0
0
0
0
0
0
0
Hint Data
0
0
0
0
0
0
0
0
0
0
0
0
0
0
0
0
0
0
0
0
0
0
0
0
0
0
0
0
0
0
0
0
0
0
0
0
0
0
0
0
0
0
0
0
0
0
0
0
0
0
0
0
0
0
0
0
0
0
0
0
0
0
0
0
0
0
0
0
0
0
0
0
0
0
0
0
0
0
0
0
0
0
0
0
0
0
0
0
0
0
0
0
0
0
0
0
0
0
0
0
0
0
0
0
0
0
0
0
0
0
0
0
0
0
0
0
0
0
0
0
0
0
0
0
0
0
0
0
0
0
0
0
0
0
0
0
0
0
0
0
0
0
0
0
0
0
0
Torque Data
5.22107634185
5.2677344888
5.5869408819
5.07400266048
5.49217329189
5.5411644442
5.2780074759
5.1211088649
4.75174311885
4.46130935944
3.92665285403
4.2731740044
3.82784698208
3.806309214
3.54774424224
3.77750985792
3.60166465062
3.36938267295
3.2221868238
2.9361543285
2.9202935265
2.66585808754
2.3844665068
2.46284733555
2.4106767768
2.1577494078
1.9525400796
2.00005704633
1.637990443
1.60763958543
1.30324800448
1.26637664943
1.10054379645
1.0189170922
0.8330389272
0.64755645066
0.46097445152
0.34638449501
0.21017547414
0.0488487676005
-0.108385735458
-0.288533072625
-0.41845235292
-0.513304492805
-0.7305329001
-0.82661755825
-1.07350892187
-1.22843715984
-1.22063075776
-1.60833200928
-1.66895857647
-1.8492750072
-1.8300783645
-2.21345235755
-2.31147702918
-2.54028494083
-2.5198265862
-2.68240729365
-3.22819624246
-2.7531758016
-3.12769957815
-3.2794490295
-3.82344549088
-3.57062293665
-3.72106289835
-4.04351409834
-4.20276103866
-4.32177684321
-4.33456208955
-4.48226462565
-4.43109535175
-4.92256888782
-5.39595345912
-5.54820973416
-5.22537039045
-5.77085480713
-5.69436481038
-5.95604980152
-5.66968873536
-6.1626398526
-6.58272100192
-6.47244430446
-7.18568096673
-6.8683826088
-7.3685816112
-7.5385792776
-7.5519695909
-7.5337425828
-8.0436761136
-7.8194559834
-7.9717540662
-8.6990816327
-8.2068319236
-8.6984101064
-8.8487988253
-9.6183193995
-9.1693363951
-9.3305931866
-9.2260503144
-9.3800650122
-9.143791146
-9.9735031956
-10.3725217392
-10.0357432776
-10.6774519032
-10.1935374405
-10.4944914702
-11.388708461
-11.5440924774
-10.8009042135
-11.4260846133
-11.825314164
-11.4610143798
-11.601227493
-11.259636885
-12.2368146005
-11.8937581395
-11.3708399596
-12.1962904407
-12.002426793
-12.5089793769
-13.1957455777
-13.6621673904
-13.8151724904
-14.2457623013
-13.2883318359
-13.6315023858
-13.598380047
-14.3284245727
-14.779572636
-14.973259092
-14.4317882988
-14.5825070958
-14.5243266045
-13.2266940512
-14.8318018014
-15.9393152928
-16.426205401
-15.3105855753
-16.1116353419
-15.8353613874
-15.9921226692
-16.9332364224
-16.7532750567
-18.050782477
-16.6109280444
-17.2360574246
dMdH Data
2.39113582743513E-05
-7.24752334117308E-06
-1.0914172783738E-05
1.48586843538089E-05
3.31039666936509E-06
3.09379352104148E-06
-2.83094091903721E-06
-7.01788727640902E-06
-9.64893928616264E-07
2.98161780532954E-06
-5.27754990429315E-07
-9.67611336032387E-07
1.06608400963168E-05
3.86111821358561E-06
4.50954051510227E-06
7.19306892568347E-06
-6.48433177405564E-06
4.2464571505208E-06
4.11908047959976E-06
-3.4575180680416E-06
-7.04192225190982E-06
1.32595723765053E-05
2.84105491393425E-06
5.44379769758116E-06
5.16916968755395E-07
-1.07791114295951E-05
-2.09236458756145E-06
-2.72823788356135E-06
1.57013459599281E-05
1.23149186294607E-05
1.80060006793222E-06
-9.51130940343783E-06
-4.34645121791227E-06
1.01912402428448E-06
5.24141512892582E-06
8.81636773652192E-06
2.76995613520678E-06
1.64599707645701E-06
-4.35438938960742E-06
-7.50796716477267E-06
-2.25736746128134E-06
7.49039263634067E-06
9.37482546295236E-06
3.90771889041785E-06
-2.47182047015658E-06
-3.97468214889395E-06
4.52133981631551E-06
1.13665812938721E-05
4.68439958946287E-07
-1.49660334905456E-06
-9.89578315890879E-07
6.20621442567882E-06
-4.54693984535407E-06
3.5617713589699E-06
6.46917338363917E-06
9.57902067464634E-06
-8.31545715789048E-06
8.6566713045147E-06
8.1811664749093E-06
7.59998349085805E-06
3.49074194527558E-06
-5.92278719397363E-06
5.35836332984007E-06
-3.99352637564519E-06
-3.16650995811607E-06
8.21921352190411E-06
1.38659439651882E-05
1.06862649188026E-05
-4.90510558674155E-07
2.99667133847232E-06
-3.43678011040118E-06
7.38211019406649E-06
8.09609382389097E-07
1.52715912954777E-05
1.00689509306261E-05
-1.11932917652117E-06
3.33371169125991E-06
1.2444768025708E-05
9.69402069086445E-06
9.02510164398088E-06
9.12522701721008E-06
-7.40096276995097E-06
1.15779791197167E-05
-3.95238095238096E-06
-2.54468445573908E-06
8.90657439446371E-06
7.82600664942736E-06
-7.77104208416832E-06
-4.092378752887E-07
1.1417042380523E-05
-2.73119188503801E-06
9.1036118205035E-06
-3.0638401559454E-06
3.86485218207416E-06
-7.65496049165928E-06
-3.94611307420498E-06
-2.82625820568925E-06
-7.30232558139555E-07
1.65942933571112E-05
-1.80289484887186E-06
-1.31967905405405E-06
3.0918068763716E-06
2.55910390848428E-06
-4.46981750116984E-06
8.90763765541728E-07
1.01889179755673E-05
-1.3923657345761E-05
-6.49621928166359E-06
2.06886097877868E-06
2.55016722408037E-07
1.19742268041237E-05
2.65533980582523E-06
-2.80166503428015E-06
-3.15870069605569E-06
-6.20350109409188E-06
1.36194690265488E-06
1.05184541901867E-05
2.63233256351037E-06
1.13173626373626E-05
-2.348271446863E-06
3.70205173951954E-08
-6.50380021715523E-07
-6.4018823529412E-06
6.51552210724368E-06
2.78527062999114E-06
1.63468309859154E-06
9.67056783701778E-06
-1.24752610077167E-05
-1.46523297491039E-05
8.26096654275092E-06
-2.72334682861E-06
-1.07412300683372E-05
8.08395872420256E-06
-6.9150386188097E-06
1.2051282051282E-06
1.33705932932074E-05
7.20017256255381E-06
4.94890811701692E-06
-1.4878205128205E-05
-6.02027610008634E-06
9.2860271572511E-08
1.37576956904132E-05
3.87054578258917E-06
6.44060081929862E-07
-1.07142857142856E-06
-1.66254310344826E-05
-1.66254310344826E-05
dMdT Data
0
0
0
0
0
0
0
0
0
0
0
0
0
0
0
0
0
0
0
0
0
0
0
0
0
0
0
0
0
0
0
0
0
0
0
0
0
0
0
0
0
0
0
0
0
0
0
0
0
0
0
0
0
0
0
0
0
0
0
0
0
0
0
0
0
0
0
0
0
0
0
0
0
0
0
0
0
0
0
0
0
0
0
0
0
0
0
0
0
0
0
0
0
0
0
0
0
0
0
0
0
0
0
0
0
0
0
0
0
0
0
0
0
0
0
0
0
0
0
0
0
0
0
0
0
0
0
0
0
0
0
0
0
0
0
0
0
0
0
0
0
0
0
0
0
0
0
 
*********************************************** Results ***************************************
 
TotalArea 0
AreaFirstQuad 0
AreaSecondQuad 0
AreaThirdQuad 0
AreaFourthQuad 0
Coercivity 0
PositiveCoercivity 0
NegativeCoercivity 0
Retentivity 9.73785914887151E-03
PositiveRetentivity 0.019597956429053
NegativeRetentivity 1.22238131310012E-04
Magnetization 0.003236675
PositiveMagnetization 0.00513927
NegativeMagnetization -0.00133408
Flatness 0.987447124728213
Squareness 3.00859961190775
SStar 0
SFD1 0
SFD2 0
Slope 0
Intercept 0
SlopeAtHc -1.66254310344826E-05
dH1 203.6241320368
dH2 19.965
InitialSlope 2.39113582743513E-05
FieldAtHalfMs 797.681714111667
FieldAtMs 2008.3
MomentMean 2.22370919571429E-03
MomentRMS 2.23083143620972E-03
SFD3 0
dH3 407.248264073601
UserField1 0
UserField2 0
CenterField 0
ExchangeField 0
ExchangeMoment 0
ExRegionOneIntercept 0
ExRegionOneSlope 0
ExRegionTwoIntercept 0
ExRegionTwoSlope 0
NegativeIntercept 0
NegativeSlope 0
AutoCenterOffset 0
PinningField 0
PinningMoment 0
PinRegionOneIntercept 0
PinRegionOneSlope 0
PinRegionTwoIntercept 0
PinRegionTwoSlope 0
PositiveIntercept 0
PositiveSlope 0
TotalOffset 0
BHMax 0
BCoercivity 0
BRetentivity 0
BNegativeCoercivity 0
BPositiveCoercivity 0
BNegativeRetentivity 0
BPositiveRetentivity 0
MomentYMean -6.78698326530613E-03
MomentYRMS 3.56016317721232E-04
YOffCorrection 0
Mrt 0
Ms1 0
Ms2 0
Ms3 0
Hc2 0
Hex2 0
HsatValue 0
HsatIntercept 0
HsatSlope 0
CenterH 0
Span .00647335
SpanAsPercentOfRange -122.138679245283
RMSAsPercentOfRange -42.0911591737683
SpanAsPercentOfMean 291.105959919398
RMSAsPercentOfMean 100.320286506399
