Version 1.25
******************************************** Units *******************************************
System CGS
TemperatureUnit K
MomentUnit emu
AppliedFieldUnit G
 
******************************************** Setup ********************************************
 
Experiment CustomField
Minor False
Acquisition Continuous
EditedPoint No
MaxField 15000
FieldIncrement 100
Points 147
MinField 0
RampRate 10
AverageTime 0.1
TimeInterval 0
TimeConstant 0.1
TimeConstantIndex 0
Sensitivity -0.0053
SensitivityIndex 5
SensitivityY -400
SensitivityIndexY 0
SaturationField 8000
ExperimentTime 100
Use735Domains True
AutoRangeEnabled False
NumberOfVertices 2
VertexPts
0
146
VertexField
-2596.3149
766.3317
StartAngle 0
EndAngle 0
AngleIncrement 0
StartTemp 0
FinishTemp 0
TempIncrement 0
TempPoints 0
LengthofSetPointsArray 147
SetPointArray
-2596.31491
-2573.28308
-2550.25126
-2527.21943
-2504.1876
-2481.15578
-2458.12395
-2435.09213
-2412.0603
-2389.02848
-2365.99665
-2342.96482
-2319.933
-2296.90117
-2273.86935
-2250.83752
-2227.8057
-2204.77387
-2181.74204
-2158.71022
-2135.67839
-2112.64657
-2089.61474
-2066.58291
-2043.55109
-2020.51926
-1997.48744
-1974.45561
-1951.42379
-1928.39196
-1905.36013
-1882.32831
-1859.29648
-1836.26466
-1813.23283
-1790.20101
-1767.16918
-1744.13735
-1721.10553
-1698.0737
-1675.04188
-1652.01005
-1628.97822
-1605.9464
-1582.91457
-1559.88275
-1536.85092
-1513.8191
-1490.78727
-1467.75544
-1444.72362
-1421.69179
-1398.65997
-1375.62814
-1352.59631
-1329.56449
-1306.53266
-1283.50084
-1260.46901
-1237.43719
-1214.40536
-1191.37353
-1168.34171
-1145.30988
-1122.27806
-1099.24623
-1076.21441
-1053.18258
-1030.15075
-1007.11893
-984.0871
-961.05528
-938.02345
-914.99162
-891.9598
-868.92797
-845.89615
-822.86432
-799.8325
-776.80067
-753.76884
-730.73702
-707.70519
-684.67337
-661.64154
-638.60972
-615.57789
-592.54606
-569.51424
-546.48241
-523.45059
-500.41876
-477.38693
-454.35511
-431.32328
-408.29146
-385.25963
-362.22781
-339.19598
-316.16415
-293.13233
-270.1005
-247.06868
-224.03685
-201.00503
-177.9732
-154.94137
-131.90955
-108.87772
-85.8459
-62.81407
-39.78224
-16.75042
6.28141
29.31323
52.34506
75.37688
98.40871
121.44054
144.47236
167.50419
190.53601
213.56784
236.59966
259.63149
282.66332
305.69514
328.72697
351.75879
374.79062
397.82245
420.85427
443.8861
466.91792
489.94975
512.98157
536.0134
559.04523
582.07705
605.10888
628.1407
651.17253
674.20436
697.23618
720.26801
743.29983
766.33166
FieldDomainFile C:\IDEASVSM\Default UserID\Experiments\FORCexp0168B\fdomain.ini
TempDomainFile C:\IDEASVSM\Default UserID\Experiments\FORCexp0168B\tdomain.ini
NumSelectedResults 0
ResultsSelected 
UserName1 
UserValue1 
UserName2 
UserValue2 
LinearBackgroundCorrection Off
MaxLinearFieldCorrection 
MinLinearFieldCorrection 
AutoLinearCorrection Off
FitOneRegion Off
BackgroundMode Off
BackgroundFilename 
AutoCenter Off
OffsetCorrection 
SmoothDeriv Off
DerivOrder 0
DerivPoints 0
MinExFieldOne 
MaxExFieldOne 
MinExFieldTwo 
MaxExFieldTwo 
MinPinFieldOne 
MaxPinFieldOne 
MinPinFieldTwo 
MaxPinFieldTwo 
HCenterStart 
Mass 
Volume 
Density 
MolarWeight 
NumberOfMoles 
Demagnetization 
SampleArea 
Thickness 
MomentScaling 0
XAxis 0
YAxis 0
SimpleSpinValve False
HsatMax 0
HsatMin 0
FieldAutoRange False
 
*************************************************** Experiment Data ********************************************
 
DataPoints 147
MomentX Data
-0.00485952
-0.00487057
-0.00495116
-0.00505313
-0.0050263
-0.00497822
-0.0048869
-0.00490012
-0.00482871
-0.00464386
-0.00445941
-0.00464185
-0.00485217
-0.00461432
-0.00456667
-0.00457866
-0.00465123
-0.00478633
-0.00491072
-0.00493069
-0.00483433
-0.00483258
-0.00459939
-0.00477652
-0.00492098
-0.00477419
-0.00478246
-0.00457214
-0.00446305
-0.00465857
-0.0047066
-0.00454653
-0.00483768
-0.00459509
-0.00446262
-0.00464417
-0.00462972
-0.00484136
-0.00486503
-0.00458456
-0.00475695
-0.0046948
-0.00465797
-0.00474354
-0.00441706
-0.00442148
-0.0045288
-0.00437219
-0.00432248
-0.00457975
-0.00462776
-0.00452318
-0.00449677
-0.00455401
-0.00427262
-0.00450503
-0.00432225
-0.00441037
-0.00439012
-0.00447486
-0.00438999
-0.00445699
-0.00437875
-0.00437746
-0.00424869
-0.00404792
-0.00435592
-0.00437262
-0.00440474
-0.00440388
-0.00434573
-0.00441362
-0.00456751
-0.00456458
-0.00454124
-0.00423651
-0.00390691
-0.00409273
-0.00418376
-0.00396781
-0.00392381
-0.00399169
-0.00416872
-0.00401327
-0.00379622
-0.00393613
-0.00393867
-0.00412492
-0.0040283
-0.00391537
-0.00406165
-0.00390789
-0.00369061
-0.00389309
-0.0039674
-0.00378768
-0.00365286
-0.00348053
-0.00345903
-0.00356771
-0.00380917
-0.00394758
-0.00350252
-0.0033454
-0.00340354
-0.00371132
-0.00362187
-0.00372478
-0.00364807
-0.00340318
-0.00318421
-0.00354675
-0.00357818
-0.00346589
-0.0035373
-0.00320739
-0.00321282
-0.00314847
-0.00327656
-0.00309498
-0.00323537
-0.00293951
-0.00286776
-0.00295686
-0.00309009
-0.00281966
-0.00285874
-0.00280772
-0.00269518
-0.00286106
-0.0028006
-0.00269115
-0.00242952
-0.00236765
-0.00215695
-0.00183634
-0.0018652
-0.0019985
-0.00205402
-0.00204334
-0.00171207
-0.00143073
-0.00143149
-0.0014018
-0.00146213
-0.00139937
-0.00101034
MomentY Data
-0.00553131
-0.00600815
-0.00629425
-0.00600815
-0.00567436
-0.00600815
-0.00600815
-0.00581741
-0.00610352
-0.00553131
-0.00610352
-0.00581741
-0.00658035
-0.00553131
-0.00610352
-0.00600815
-0.00610352
-0.00610352
-0.00581741
-0.00581741
-0.00567436
-0.00600815
-0.00581741
-0.00638962
-0.00658035
-0.00600815
-0.00629425
-0.00629425
-0.00581741
-0.00610352
-0.00610352
-0.00534058
-0.00629425
-0.00610352
-0.00638962
-0.00534058
-0.00581741
-0.00553131
-0.00534058
-0.00567436
-0.00567436
-0.00610352
-0.00600815
-0.00658035
-0.00600815
-0.00600815
-0.00567436
-0.00581741
-0.00638962
-0.00600815
-0.00629425
-0.00567436
-0.00638962
-0.00581741
-0.00610352
-0.00519753
-0.00600815
-0.00629425
-0.00600815
-0.00629425
-0.00686646
-0.00610352
-0.00600815
-0.00610352
-0.00581741
-0.00581741
-0.00610352
-0.00610352
-0.00553131
-0.00600815
-0.00600815
-0.00658035
-0.00567436
-0.00600815
-0.00600815
-0.00610352
-0.00610352
-0.00600815
-0.00600815
-0.00629425
-0.00581741
-0.00638962
-0.00658035
-0.00600815
-0.00581741
-0.00600815
-0.00629425
-0.00610352
-0.00600815
-0.00581741
-0.00567436
-0.00629425
-0.00600815
-0.00610352
-0.00581741
-0.00610352
-0.00553131
-0.00610352
-0.00610352
-0.00629425
-0.00629425
-0.00658035
-0.00610352
-0.00638962
-0.00610352
-0.00600815
-0.00600815
-0.00581741
-0.00638962
-0.00600815
-0.00581741
-0.00610352
-0.00581741
-0.00581741
-0.00629425
-0.00638962
-0.00638962
-0.00658035
-0.00600815
-0.00610352
-0.00610352
-0.00658035
-0.00629425
-0.00567436
-0.00610352
-0.00610352
-0.00581741
-0.00600815
-0.00610352
-0.00610352
-0.00610352
-0.00629425
-0.00610352
-0.00638962
-0.00600815
-0.00638962
-0.00638962
-0.00638962
-0.00610352
-0.00629425
-0.00658035
-0.00638962
-0.00705719
-0.00629425
-0.00638962
-0.00677109
-0.00677109
Field Data
-2596.3
-2594.58
-2585.15
-2568.99
-2549.84
-2525.2
-2504.9
-2483.36
-2460.54
-2437.7
-2413.93
-2392
-2369.17
-2345.96
-2321.93
-2294.5
-2273.25
-2251.62
-2228.91
-2205.87
-2182.79
-2161.21
-2138.33
-2115.03
-2091.52
-2064.08
-2043.06
-2021.46
-1998.9
-1975.99
-1953.42
-1928.25
-1909.22
-1885.29
-1861.73
-1834.65
-1813.43
-1791.91
-1769.08
-1746.35
-1719.72
-1698.75
-1677
-1654.52
-1632
-1608.6
-1586.32
-1563.73
-1540.12
-1517.1
-1489.7
-1469.42
-1447.87
-1425.9
-1402.41
-1379.04
-1357.98
-1334.78
-1311.19
-1288.89
-1264.82
-1239.9
-1217.81
-1195.39
-1172.65
-1149.95
-1128.93
-1105.81
-1082.15
-1058.93
-1035.65
-1011.19
-989.99
-966.83
-943.712
-920.707
-899.659
-875.964
-852.598
-829.583
-806.413
-782.429
-760.485
-737.852
-714.839
-687.777
-667.267
-645.851
-623.095
-600.226
-578.006
-555.735
-532.825
-509.636
-486.373
-459.1
-438.591
-417.021
-394.175
-371.884
-348.753
-327.362
-304.128
-280.4
-256.866
-231.005
-209.497
-187.469
-165.114
-142.32
-119.086
-97.9442
-75.2274
-52.2437
-28.9923
-5.66525
19.8007
41.5828
64.0751
86.7629
109.919
134.768
156.283
178.703
201.481
224.289
246.684
268.62
291.866
314.278
338.049
364.199
385.69
407.691
430.319
453.138
476.158
498.071
520.054
543.432
566.84
594.092
614.562
636.015
658.682
681.689
704.485
Time Data
0
0.1
0.2
0.3
0.4
0.5
0.6
0.7
0.8
0.9
1
1.1
1.2
1.3
1.4
1.5
1.6
1.7
1.8
1.9
2
2.1
2.2
2.3
2.4
2.5
2.6
2.7
2.8
2.9
3
3.1
3.2
3.3
3.4
3.5
3.6
3.7
3.8
3.9
4
4.1
4.2
4.3
4.4
4.5
4.6
4.7
4.8
4.9
5
5.1
5.2
5.3
5.4
5.5
5.6
5.7
5.8
5.9
5.99999999999999
6.09999999999999
6.19999999999999
6.29999999999999
6.39999999999999
6.49999999999999
6.59999999999999
6.69999999999999
6.79999999999999
6.89999999999999
6.99999999999999
7.09999999999999
7.19999999999999
7.29999999999999
7.39999999999999
7.49999999999999
7.59999999999999
7.69999999999999
7.79999999999999
7.89999999999999
7.99999999999999
8.09999999999999
8.19999999999999
8.29999999999999
8.39999999999999
8.49999999999999
8.59999999999999
8.69999999999999
8.79999999999998
8.89999999999998
8.99999999999998
9.09999999999998
9.19999999999998
9.29999999999998
9.39999999999998
9.49999999999998
9.59999999999998
9.69999999999998
9.79999999999998
9.89999999999998
9.99999999999998
10.1
10.2
10.3
10.4
10.5
10.6
10.7
10.8
10.9
11
11.1
11.2
11.3
11.4
11.5
11.6
11.7
11.8
11.9
12
12.1
12.2
12.3
12.4
12.5
12.6
12.7
12.8
12.9
13
13.1
13.2
13.3
13.4
13.5
13.6
13.7
13.8
13.9
14
14.1
14.2
14.3
14.4
14.5
14.6
Temperature Data
0
0
0
0
0
0
0
0
0
0
0
0
0
0
0
0
0
0
0
0
0
0
0
0
0
0
0
0
0
0
0
0
0
0
0
0
0
0
0
0
0
0
0
0
0
0
0
0
0
0
0
0
0
0
0
0
0
0
0
0
0
0
0
0
0
0
0
0
0
0
0
0
0
0
0
0
0
0
0
0
0
0
0
0
0
0
0
0
0
0
0
0
0
0
0
0
0
0
0
0
0
0
0
0
0
0
0
0
0
0
0
0
0
0
0
0
0
0
0
0
0
0
0
0
0
0
0
0
0
0
0
0
0
0
0
0
0
0
0
0
0
0
0
0
0
0
0
Angle Data
0
0
0
0
0
0
0
0
0
0
0
0
0
0
0
0
0
0
0
0
0
0
0
0
0
0
0
0
0
0
0
0
0
0
0
0
0
0
0
0
0
0
0
0
0
0
0
0
0
0
0
0
0
0
0
0
0
0
0
0
0
0
0
0
0
0
0
0
0
0
0
0
0
0
0
0
0
0
0
0
0
0
0
0
0
0
0
0
0
0
0
0
0
0
0
0
0
0
0
0
0
0
0
0
0
0
0
0
0
0
0
0
0
0
0
0
0
0
0
0
0
0
0
0
0
0
0
0
0
0
0
0
0
0
0
0
0
0
0
0
0
0
0
0
0
0
0
Bx Data
0
0
0
0
0
0
0
0
0
0
0
0
0
0
0
0
0
0
0
0
0
0
0
0
0
0
0
0
0
0
0
0
0
0
0
0
0
0
0
0
0
0
0
0
0
0
0
0
0
0
0
0
0
0
0
0
0
0
0
0
0
0
0
0
0
0
0
0
0
0
0
0
0
0
0
0
0
0
0
0
0
0
0
0
0
0
0
0
0
0
0
0
0
0
0
0
0
0
0
0
0
0
0
0
0
0
0
0
0
0
0
0
0
0
0
0
0
0
0
0
0
0
0
0
0
0
0
0
0
0
0
0
0
0
0
0
0
0
0
0
0
0
0
0
0
0
0
Hint Data
0
0
0
0
0
0
0
0
0
0
0
0
0
0
0
0
0
0
0
0
0
0
0
0
0
0
0
0
0
0
0
0
0
0
0
0
0
0
0
0
0
0
0
0
0
0
0
0
0
0
0
0
0
0
0
0
0
0
0
0
0
0
0
0
0
0
0
0
0
0
0
0
0
0
0
0
0
0
0
0
0
0
0
0
0
0
0
0
0
0
0
0
0
0
0
0
0
0
0
0
0
0
0
0
0
0
0
0
0
0
0
0
0
0
0
0
0
0
0
0
0
0
0
0
0
0
0
0
0
0
0
0
0
0
0
0
0
0
0
0
0
0
0
0
0
0
0
Torque Data
14.360940153
15.588625827
16.2715803875
15.4348772685
14.4687101024
15.17178038
15.049814935
14.4467232976
15.0179551008
13.483674387
14.7334700336
13.91524472
15.5899678095
12.9762320076
14.1719461936
13.785700175
13.87482684
13.7428077024
12.9664833231
12.8324501967
12.3859362644
12.9848738615
12.4395423253
13.5142379886
13.762933632
12.401302252
12.859530405
12.723574605
11.628420849
12.0604944848
11.9227380384
10.297973385
12.017107985
11.5069052208
11.8957472426
9.798095097
10.5494658163
9.9116097021
9.4479132664
9.909418586
9.7583103792
10.3683546
10.07566755
10.887320682
9.8053008
9.66471009
9.0013507552
9.0968585393
9.8407815544
9.114964365
9.376544225
8.3380180712
9.2513391094
8.295044919
8.5596374832
7.1676017712
8.158947537
8.401439015
7.8778261985
8.1125958825
8.6848359372
7.567754448
7.3167851515
7.2960867728
6.8217858365
6.6897306295
6.8904468336
6.7493334512
5.9857071165
6.3622102795
6.2223405475
6.6539841165
5.6175596564
5.8088596645
5.6699632528
5.61955358864
5.49108669968
5.2629231066
5.1225366737
5.22160279775
4.69123505033
4.99942398698
5.00425746975
4.4331254938
4.15851154699
4.13226738255
4.19994531475
3.94196449552
3.74364822425
3.49176073466
3.27981412616
3.49793502375
3.20129252375
3.11057351872
2.82943115393
2.802126032
2.42598278421
2.54529601392
2.405854996
2.340730867
2.19513857025
2.1541565367
1.85625133056
1.791649448
1.56778676832
1.38791269075
1.25868940055
1.09058403529
1.05501571668
0.855079908
0.69277208726
0.597804383584
0.437628629034
0.303923022817
0.182484784275
0.036198794705
-0.126518948734
-0.27362937798
-0.384972812065
-0.529559095408
-0.67089281488
-0.8868206088
-0.98368427275
-1.01402515508
-1.22974331312
-1.36895239728
-1.43506196844
-1.613909253
-1.78140996832
-1.91820205856
-2.06328883248
-2.29235955575
-2.3540666288
-2.60499056742
-2.58542109985
-2.89537962756
-3.04246867996
-3.18248442302
-3.17415999008
-3.420496866
-3.730005594
-3.79602212504
-4.33708080078
-4.00323741375
-4.20872768084
-4.61577757101
-4.77013133865
dMdH Data
-6.42441860465038E-06
-8.5461293743373E-06
-6.31002475247517E-06
1.40104438642302E-06
1.95129870129867E-06
4.49852216748778E-06
-6.13741875580336E-07
3.12927256792285E-06
8.09325744308227E-06
7.75978123685318E-06
-8.31919744642052E-06
-9.21243977222955E-06
1.02477380439466E-05
1.98293799417392E-06
-4.37112650382792E-07
-3.41505882352942E-06
-6.2459546925566E-06
-5.47732276530163E-06
-8.66753472222196E-07
4.17504332755631E-06
8.10936051899917E-08
1.01918706293706E-05
-7.60214592274688E-06
-6.14461931093146E-06
5.34948979591835E-06
-3.93434823977139E-07
9.73703703703708E-06
4.83554964539009E-06
-8.53426451331294E-06
-2.12804607886576E-06
6.35955502582438E-06
-1.52995270625328E-05
1.01374843292937E-05
5.62266553480477E-06
-6.70420974889222E-06
6.80961357210181E-07
-9.83457249070632E-06
-1.03679369250985E-06
1.23391992960845E-05
-6.47352609838533E-06
2.96375774916549E-06
1.69333333333333E-06
-3.80649466192171E-06
1.44973357015986E-05
-1.88888888888878E-07
-4.8168761220826E-06
6.93271359008416E-06
2.10546378653111E-06
-1.11759339704605E-05
-1.75218978102192E-06
5.15680473372782E-06
1.22552204176334E-06
-2.60537096040057E-06
1.19791400595998E-05
-9.94480102695758E-06
8.67901234567906E-06
-3.79827586206898E-06
8.58414582450207E-07
-0.0000038
3.52596593269627E-06
-2.68860353130019E-06
3.54187415119963E-06
5.75379125780622E-08
5.66270888302548E-06
8.84449339207048E-06
-1.46527117031399E-05
-7.22318339100329E-07
-1.35756551141168E-06
3.70370370370412E-08
2.49785223367697E-06
-2.7755519215045E-06
-7.25896226415094E-06
1.26511226252157E-07
1.00960290682586E-06
1.32462508150402E-05
1.56594450779171E-05
-7.84216079341634E-06
-3.89583155011553E-06
9.38301107973059E-06
1.89900733707383E-06
-2.83022014676451E-06
-8.0673532628509E-06
6.8682896655326E-06
9.43162560292014E-06
-5.16998004582072E-06
-1.23842028278872E-07
-8.6967687710123E-06
4.24591316575847E-06
4.93812584721678E-06
-6.58325832583259E-06
6.90404561986442E-06
9.48406809253602E-06
-8.73172624951485E-06
-3.19434294802906E-06
6.58966743665899E-06
6.57369935150421E-06
7.98933704218823E-06
9.41083778341934E-07
-4.87551029563501E-06
-1.04388050667935E-05
-6.47047823851153E-06
1.91555479039339E-05
6.62171274443694E-06
-2.47046825868955E-06
-1.1901318587835E-05
4.15891761205133E-06
-4.67178136916651E-06
3.43144710355626E-06
1.07436167412477E-05
9.42455022811398E-06
-1.71480195631403E-05
-1.38355754331595E-06
4.88563634227734E-06
-3.0712129162115E-06
1.41428084562772E-05
-2.13225895754914E-07
2.95426060848127E-06
-5.69483778893221E-06
8.00342034044728E-06
-6.06276531885766E-06
1.19063141373898E-05
3.3348826400186E-06
-3.97413024085637E-06
-5.84906488717185E-06
1.18568046299544E-05
-1.74503237329761E-06
2.3258570386579E-06
4.84126301299148E-06
-7.40139211136889E-06
2.54343527828026E-06
4.18546845124283E-06
1.21739332743939E-05
2.81214490250445E-06
9.3114725119321E-06
1.40501336605461E-05
-1.25369244135534E-06
-6.083146990371E-06
-2.52558795432836E-06
4.56839763880585E-07
1.4151999316473E-05
1.03236459709379E-05
-3.71275036639003E-08
1.38395562392207E-06
-2.66157850619844E-06
2.72786543225975E-06
1.70657132830321E-05
1.70657132830321E-05
dMdT Data
0
0
0
0
0
0
0
0
0
0
0
0
0
0
0
0
0
0
0
0
0
0
0
0
0
0
0
0
0
0
0
0
0
0
0
0
0
0
0
0
0
0
0
0
0
0
0
0
0
0
0
0
0
0
0
0
0
0
0
0
0
0
0
0
0
0
0
0
0
0
0
0
0
0
0
0
0
0
0
0
0
0
0
0
0
0
0
0
0
0
0
0
0
0
0
0
0
0
0
0
0
0
0
0
0
0
0
0
0
0
0
0
0
0
0
0
0
0
0
0
0
0
0
0
0
0
0
0
0
0
0
0
0
0
0
0
0
0
0
0
0
0
0
0
0
0
0
 
*********************************************** Results ***************************************
 
TotalArea 0
AreaFirstQuad 0
AreaSecondQuad 0
AreaThirdQuad 0
AreaFourthQuad 0
Coercivity 0
PositiveCoercivity 0
NegativeCoercivity 0
Retentivity 9.16532002262393E-03
PositiveRetentivity -2.15392380232538E-02
NegativeRetentivity -3.20859797800593E-03
Magnetization 0.00505313
PositiveMagnetization -0.00101034
NegativeMagnetization -0.00505313
Flatness 1.35008029944243
Squareness 1.81379066491935
SStar 0
SFD1 0
SFD2 0
Slope 0
Intercept 0
SlopeAtHc 1.70657132830321E-05
dH1 -713.319024385298
dH2 178.33
InitialSlope -6.42441860465038E-06
FieldAtHalfMs 704.485
FieldAtMs 704.485
MomentMean -3.90575605442177E-03
MomentRMS 9.43380169223588E-04
SFD3 0
dH3 -1426.6380487706
UserField1 0
UserField2 0
CenterField 0
ExchangeField 0
ExchangeMoment 0
ExRegionOneIntercept 0
ExRegionOneSlope 0
ExRegionTwoIntercept 0
ExRegionTwoSlope 0
NegativeIntercept 0
NegativeSlope 0
AutoCenterOffset 0
PinningField 0
PinningMoment 0
PinRegionOneIntercept 0
PinRegionOneSlope 0
PinRegionTwoIntercept 0
PinRegionTwoSlope 0
PositiveIntercept 0
PositiveSlope 0
TotalOffset 0
BHMax 0
BCoercivity 0
BRetentivity 0
BNegativeCoercivity 0
BPositiveCoercivity 0
BNegativeRetentivity 0
BPositiveRetentivity 0
MomentYMean -6.07497115646258E-03
MomentYRMS 3.12467204042405E-04
YOffCorrection 0
Mrt 0
Ms1 0
Ms2 0
Ms3 0
Hc2 0
Hex2 0
HsatValue 0
HsatIntercept 0
HsatSlope 0
CenterH 0
Span .00404279
SpanAsPercentOfRange -76.2790566037736
RMSAsPercentOfRange -17.7996258344073
SpanAsPercentOfMean -103.508512658467
RMSAsPercentOfMean -24.1535865547868
