Version 1.25
******************************************** Units *******************************************
System CGS
TemperatureUnit K
MomentUnit emu
AppliedFieldUnit G
 
******************************************** Setup ********************************************
 
Experiment CustomField
Minor False
Acquisition Continuous
EditedPoint No
MaxField 15000
FieldIncrement 100
Points 147
MinField 0
RampRate 10
AverageTime 0.1
TimeInterval 0
TimeConstant 0.1
TimeConstantIndex 0
Sensitivity -0.0053
SensitivityIndex 5
SensitivityY -400
SensitivityIndexY 0
SaturationField 8000
ExperimentTime 100
Use735Domains True
AutoRangeEnabled False
NumberOfVertices 2
VertexPts
0
146
VertexField
-3056.9514
305.6951
StartAngle 0
EndAngle 0
AngleIncrement 0
StartTemp 0
FinishTemp 0
TempIncrement 0
TempPoints 0
LengthofSetPointsArray 147
SetPointArray
-3056.95142
-3033.9196
-3010.88777
-2987.85595
-2964.82412
-2941.79229
-2918.76047
-2895.72864
-2872.69682
-2849.66499
-2826.63317
-2803.60134
-2780.56951
-2757.53769
-2734.50586
-2711.47404
-2688.44221
-2665.41039
-2642.37856
-2619.34673
-2596.31491
-2573.28308
-2550.25126
-2527.21943
-2504.1876
-2481.15578
-2458.12395
-2435.09213
-2412.0603
-2389.02848
-2365.99665
-2342.96482
-2319.933
-2296.90117
-2273.86935
-2250.83752
-2227.8057
-2204.77387
-2181.74204
-2158.71022
-2135.67839
-2112.64657
-2089.61474
-2066.58291
-2043.55109
-2020.51926
-1997.48744
-1974.45561
-1951.42379
-1928.39196
-1905.36013
-1882.32831
-1859.29648
-1836.26466
-1813.23283
-1790.20101
-1767.16918
-1744.13735
-1721.10553
-1698.0737
-1675.04188
-1652.01005
-1628.97822
-1605.9464
-1582.91457
-1559.88275
-1536.85092
-1513.8191
-1490.78727
-1467.75544
-1444.72362
-1421.69179
-1398.65997
-1375.62814
-1352.59631
-1329.56449
-1306.53266
-1283.50084
-1260.46901
-1237.43719
-1214.40536
-1191.37353
-1168.34171
-1145.30988
-1122.27806
-1099.24623
-1076.21441
-1053.18258
-1030.15075
-1007.11893
-984.0871
-961.05528
-938.02345
-914.99162
-891.9598
-868.92797
-845.89615
-822.86432
-799.8325
-776.80067
-753.76884
-730.73702
-707.70519
-684.67337
-661.64154
-638.60972
-615.57789
-592.54606
-569.51424
-546.48241
-523.45059
-500.41876
-477.38693
-454.35511
-431.32328
-408.29146
-385.25963
-362.22781
-339.19598
-316.16415
-293.13233
-270.1005
-247.06868
-224.03685
-201.00503
-177.9732
-154.94137
-131.90955
-108.87772
-85.8459
-62.81407
-39.78224
-16.75042
6.28141
29.31323
52.34506
75.37688
98.40871
121.44054
144.47236
167.50419
190.53601
213.56784
236.59966
259.63149
282.66332
305.69514
FieldDomainFile C:\IDEASVSM\Default UserID\Experiments\FORCexp0188B\fdomain.ini
TempDomainFile C:\IDEASVSM\Default UserID\Experiments\FORCexp0188B\tdomain.ini
NumSelectedResults 0
ResultsSelected 
UserName1 
UserValue1 
UserName2 
UserValue2 
LinearBackgroundCorrection Off
MaxLinearFieldCorrection 
MinLinearFieldCorrection 
AutoLinearCorrection Off
FitOneRegion Off
BackgroundMode Off
BackgroundFilename 
AutoCenter Off
OffsetCorrection 
SmoothDeriv Off
DerivOrder 0
DerivPoints 0
MinExFieldOne 
MaxExFieldOne 
MinExFieldTwo 
MaxExFieldTwo 
MinPinFieldOne 
MaxPinFieldOne 
MinPinFieldTwo 
MaxPinFieldTwo 
HCenterStart 
Mass 
Volume 
Density 
MolarWeight 
NumberOfMoles 
Demagnetization 
SampleArea 
Thickness 
MomentScaling 0
XAxis 0
YAxis 0
SimpleSpinValve False
HsatMax 0
HsatMin 0
FieldAutoRange False
 
*************************************************** Experiment Data ********************************************
 
DataPoints 147
MomentX Data
-0.00496595
-0.00495778
-0.00489635
-0.00472259
-0.00470844
-0.00498937
-0.0046903
-0.00497645
-0.00509064
-0.00498752
-0.00488773
-0.00483336
-0.00475942
-0.00473756
-0.00486023
-0.00472731
-0.00494192
-0.00473512
-0.00470208
-0.00469329
-0.00493518
-0.00495643
-0.00485988
-0.00475186
-0.00478517
-0.00502514
-0.00487779
-0.00505465
-0.00476633
-0.00477694
-0.00474759
-0.00477861
-0.00490794
-0.0050273
-0.00496144
-0.00468874
-0.00483616
-0.00476462
-0.00479036
-0.00456143
-0.00462296
-0.00480702
-0.00470381
-0.00461521
-0.00468245
-0.00486273
-0.00455457
-0.00458332
-0.00478827
-0.00473145
-0.00480678
-0.00462364
-0.00476639
-0.00472626
-0.00455558
-0.00451362
-0.00457095
-0.00472941
-0.00441164
-0.00427838
-0.00434381
-0.00454577
-0.00442829
-0.00469522
-0.00478739
-0.0045802
-0.0044313
-0.00430525
-0.00457495
-0.00465733
-0.00462508
-0.00437366
-0.00450114
-0.00436257
-0.00430434
-0.00450453
-0.00455683
-0.00442378
-0.00444983
-0.00444065
-0.00441232
-0.00458103
-0.00463069
-0.00467351
-0.00460834
-0.00427783
-0.00411941
-0.00444793
-0.00443841
-0.00428638
-0.00420121
-0.00404349
-0.00406044
-0.00395818
-0.00407846
-0.004378
-0.00434809
-0.00407618
-0.0038865
-0.00399992
-0.00415344
-0.00413166
-0.00404078
-0.00419515
-0.00403507
-0.00390349
-0.00381774
-0.00373827
-0.00399526
-0.00397359
-0.00370166
-0.00373524
-0.0038141
-0.00386961
-0.00391367
-0.00390462
-0.00391146
-0.00385011
-0.00373953
-0.00381103
-0.00376452
-0.00352932
-0.00350095
-0.00335356
-0.00343058
-0.00345395
-0.00345041
-0.00334603
-0.00355123
-0.0037533
-0.00343504
-0.00342506
-0.00358142
-0.00354875
-0.00339512
-0.0029455
-0.00290142
-0.00331003
-0.00357778
-0.00342383
-0.00325608
-0.00290206
-0.00312026
-0.00288643
-0.00270768
-0.00298869
-0.00305196
MomentY Data
-0.00553131
-0.00581741
-0.00638962
-0.00629425
-0.00600815
-0.00553131
-0.00610352
-0.00600815
-0.00553131
-0.00581741
-0.00581741
-0.00581741
-0.00629425
-0.00553131
-0.00610352
-0.00567436
-0.00581741
-0.00581741
-0.00600815
-0.00638962
-0.00629425
-0.00553131
-0.00610352
-0.00581741
-0.00610352
-0.00610352
-0.00581741
-0.00600815
-0.00567436
-0.00610352
-0.00567436
-0.00567436
-0.00567436
-0.00553131
-0.00567436
-0.00600815
-0.00600815
-0.00581741
-0.00534058
-0.00581741
-0.00581741
-0.00581741
-0.00610352
-0.00629425
-0.00610352
-0.00610352
-0.00553131
-0.00567436
-0.00567436
-0.00534058
-0.00553131
-0.00553131
-0.00567436
-0.00610352
-0.00581741
-0.00600815
-0.00638962
-0.00581741
-0.00581741
-0.00600815
-0.00610352
-0.00553131
-0.00581741
-0.00567436
-0.00610352
-0.00567436
-0.00629425
-0.00677109
-0.00600815
-0.00600815
-0.00581741
-0.00567436
-0.00600815
-0.00629425
-0.00581741
-0.00658035
-0.00629425
-0.00638962
-0.00600815
-0.00581741
-0.00600815
-0.00658035
-0.00677109
-0.00638962
-0.00629425
-0.00567436
-0.00658035
-0.00610352
-0.00581741
-0.00553131
-0.00610352
-0.00638962
-0.00610352
-0.00610352
-0.00567436
-0.00629425
-0.00629425
-0.00581741
-0.00600815
-0.00638962
-0.00629425
-0.00600815
-0.00581741
-0.00610352
-0.00610352
-0.00658035
-0.00610352
-0.00610352
-0.00677109
-0.00610352
-0.00610352
-0.00600815
-0.00610352
-0.00610352
-0.00629425
-0.00610352
-0.00600815
-0.00638962
-0.00600815
-0.00610352
-0.00610352
-0.00610352
-0.00600815
-0.00600815
-0.00581741
-0.00610352
-0.00610352
-0.00600815
-0.00629425
-0.00567436
-0.00600815
-0.00610352
-0.00658035
-0.00638962
-0.00610352
-0.00629425
-0.00629425
-0.00610352
-0.00567436
-0.00629425
-0.00658035
-0.00629425
-0.00600815
-0.00581741
-0.00600815
-0.00629425
-0.00610352
Field Data
-3056.73
-3050.34
-3036.68
-3019.59
-2999.5
-2978.86
-2957.56
-2934.09
-2910.43
-2887.36
-2859.33
-2838.46
-2816.5
-2794.64
-2770.6
-2747.48
-2725.53
-2702.5
-2679.11
-2656.21
-2628.22
-2607.53
-2586.72
-2563.38
-2539.94
-2517.21
-2495.06
-2472.43
-2449.83
-2426.57
-2398.74
-2377.31
-2355.69
-2333.14
-2310.4
-2287.33
-2266.4
-2243.3
-2220.17
-2193.23
-2170.56
-2150.29
-2127.11
-2103.85
-2080.92
-2058.08
-2033.27
-2011.36
-1989.01
-1966.23
-1942.86
-1922.16
-1898.58
-1875.17
-1851.94
-1828.8
-1802.8
-1782.28
-1760.65
-1736.96
-1713.59
-1691.25
-1669.39
-1646.42
-1622.96
-1599.68
-1573.29
-1552.65
-1530.99
-1508.25
-1484.55
-1461.93
-1440
-1417.27
-1393.69
-1370.6
-1344.26
-1323.07
-1301.16
-1279.18
-1256.06
-1229.53
-1211.59
-1188.92
-1165.04
-1141.82
-1115.41
-1094.74
-1072.41
-1049.91
-1026.56
-1000.69
-979.492
-957.156
-934.543
-911.898
-889.007
-868.289
-845.397
-821.959
-798.058
-770.994
-750.204
-728.756
-705.908
-683.1
-660.396
-638.557
-615.956
-592.377
-569.703
-542.446
-521.184
-499.83
-477.024
-454.364
-431.291
-410.318
-387.266
-363.604
-340.658
-313.284
-292.243
-270.945
-248.228
-225.398
-198.097
-178.458
-156.767
-134.004
-110.559
-87.6773
-66.0421
-43.8617
-20.3065
2.84487
26.4421
50.9937
72.4203
95.8079
118.464
141.487
162.347
185.489
209.24
232.171
255.06
Time Data
0
0.1
0.2
0.3
0.4
0.5
0.6
0.7
0.8
0.9
1
1.1
1.2
1.3
1.4
1.5
1.6
1.7
1.8
1.9
2
2.1
2.2
2.3
2.4
2.5
2.6
2.7
2.8
2.9
3
3.1
3.2
3.3
3.4
3.5
3.6
3.7
3.8
3.9
4
4.1
4.2
4.3
4.4
4.5
4.6
4.7
4.8
4.9
5
5.1
5.2
5.3
5.4
5.5
5.6
5.7
5.8
5.9
5.99999999999999
6.09999999999999
6.19999999999999
6.29999999999999
6.39999999999999
6.49999999999999
6.59999999999999
6.69999999999999
6.79999999999999
6.89999999999999
6.99999999999999
7.09999999999999
7.19999999999999
7.29999999999999
7.39999999999999
7.49999999999999
7.59999999999999
7.69999999999999
7.79999999999999
7.89999999999999
7.99999999999999
8.09999999999999
8.19999999999999
8.29999999999999
8.39999999999999
8.49999999999999
8.59999999999999
8.69999999999999
8.79999999999998
8.89999999999998
8.99999999999998
9.09999999999998
9.19999999999998
9.29999999999998
9.39999999999998
9.49999999999998
9.59999999999998
9.69999999999998
9.79999999999998
9.89999999999998
9.99999999999998
10.1
10.2
10.3
10.4
10.5
10.6
10.7
10.8
10.9
11
11.1
11.2
11.3
11.4
11.5
11.6
11.7
11.8
11.9
12
12.1
12.2
12.3
12.4
12.5
12.6
12.7
12.8
12.9
13
13.1
13.2
13.3
13.4
13.5
13.6
13.7
13.8
13.9
14
14.1
14.2
14.3
14.4
14.5
14.6
Temperature Data
0
0
0
0
0
0
0
0
0
0
0
0
0
0
0
0
0
0
0
0
0
0
0
0
0
0
0
0
0
0
0
0
0
0
0
0
0
0
0
0
0
0
0
0
0
0
0
0
0
0
0
0
0
0
0
0
0
0
0
0
0
0
0
0
0
0
0
0
0
0
0
0
0
0
0
0
0
0
0
0
0
0
0
0
0
0
0
0
0
0
0
0
0
0
0
0
0
0
0
0
0
0
0
0
0
0
0
0
0
0
0
0
0
0
0
0
0
0
0
0
0
0
0
0
0
0
0
0
0
0
0
0
0
0
0
0
0
0
0
0
0
0
0
0
0
0
0
Angle Data
0
0
0
0
0
0
0
0
0
0
0
0
0
0
0
0
0
0
0
0
0
0
0
0
0
0
0
0
0
0
0
0
0
0
0
0
0
0
0
0
0
0
0
0
0
0
0
0
0
0
0
0
0
0
0
0
0
0
0
0
0
0
0
0
0
0
0
0
0
0
0
0
0
0
0
0
0
0
0
0
0
0
0
0
0
0
0
0
0
0
0
0
0
0
0
0
0
0
0
0
0
0
0
0
0
0
0
0
0
0
0
0
0
0
0
0
0
0
0
0
0
0
0
0
0
0
0
0
0
0
0
0
0
0
0
0
0
0
0
0
0
0
0
0
0
0
0
Bx Data
0
0
0
0
0
0
0
0
0
0
0
0
0
0
0
0
0
0
0
0
0
0
0
0
0
0
0
0
0
0
0
0
0
0
0
0
0
0
0
0
0
0
0
0
0
0
0
0
0
0
0
0
0
0
0
0
0
0
0
0
0
0
0
0
0
0
0
0
0
0
0
0
0
0
0
0
0
0
0
0
0
0
0
0
0
0
0
0
0
0
0
0
0
0
0
0
0
0
0
0
0
0
0
0
0
0
0
0
0
0
0
0
0
0
0
0
0
0
0
0
0
0
0
0
0
0
0
0
0
0
0
0
0
0
0
0
0
0
0
0
0
0
0
0
0
0
0
Hint Data
0
0
0
0
0
0
0
0
0
0
0
0
0
0
0
0
0
0
0
0
0
0
0
0
0
0
0
0
0
0
0
0
0
0
0
0
0
0
0
0
0
0
0
0
0
0
0
0
0
0
0
0
0
0
0
0
0
0
0
0
0
0
0
0
0
0
0
0
0
0
0
0
0
0
0
0
0
0
0
0
0
0
0
0
0
0
0
0
0
0
0
0
0
0
0
0
0
0
0
0
0
0
0
0
0
0
0
0
0
0
0
0
0
0
0
0
0
0
0
0
0
0
0
0
0
0
0
0
0
0
0
0
0
0
0
0
0
0
0
0
0
0
0
0
0
0
0
Torque Data
16.9077212163
17.7450784194
19.4032312616
19.0060543575
18.021445925
16.4769981066
18.0515266112
17.6284528335
16.0984905633
16.7969569376
16.6338949353
16.5124855886
17.727755125
15.4580201784
16.910412512
15.5901906128
15.8555254773
15.721550525
16.0964947465
16.9721725402
16.542673735
14.4230567643
15.7880972544
14.9122324458
15.5025745888
15.3638415792
14.5147869946
14.8547303045
13.9012173588
14.8106185264
13.6113143064
13.4897127716
13.3670331084
12.9053206134
13.110041344
13.7426217395
13.61687116
13.050195853
11.8569954986
12.7589181343
12.6270374496
12.5091185489
12.9828584272
13.2421578625
12.7009368384
12.5615324416
11.2466466837
11.4131807296
11.2863587836
10.5008086134
10.7465609466
10.6320628296
10.7732264088
11.4451375984
10.7734942754
10.98770472
11.519206936
10.3682534948
10.2424229165
10.435916224
10.4589308368
9.3548280375
9.7115260799
9.3423797912
9.9057688192
9.0771602048
9.9026805825
10.5131328885
9.1984175685
9.0617922375
8.6362360155
8.2955171148
8.651736
8.9206516975
8.1076661429
9.01902771
8.461108505
8.4539145334
7.817564454
7.4415145238
7.546596889
8.0907377355
8.2037849331
7.5967470104
7.33305302
6.4790977352
7.3397881935
6.6817674848
6.2386486581
5.8073776821
6.2656294912
6.3940288378
5.97834901184
5.84202078912
5.30293341748
5.7397139865
5.59563230975
5.05119311149
5.07927198555
5.25200566558
5.0231765665
4.6322476011
4.36424425164
4.44797682112
4.30852359616
4.495037085
4.03074019392
3.89744542064
4.17069351204
3.61558486704
3.47719365456
3.2590969349
3.18105696768
3.0507224016
3.002508312
2.77321976128
2.59126102165
2.62177609916
2.3267522179
2.21926428608
2.07921291616
1.91213515968
1.75583978045
1.62787820175
1.44404404948
1.37572120096
1.20908900144
1.0722024327
0.98673068975
0.76038693744
0.66425505585
0.535140154096
0.434580132735
0.280259595554
0.12394112888
-0.0179063229975
-0.166433187925
-0.311241067824
-0.410938853508
-0.603038874575
-0.7795345824
-0.89055454975
-0.97540512805
-1.07906556349
-1.257145306
-1.46134231675
-1.5567638112
dMdH Data
1.27856025039127E-06
4.49707174231325E-06
1.01673493270921E-05
7.04330512692839E-07
-1.36109496124032E-05
1.40408450704224E-05
-1.21921602045165E-05
-4.82628909551977E-06
4.46987429562207E-06
3.56011416339633E-06
2.60517489218975E-06
3.36703096539161E-06
1.00000000000001E-06
-5.10274542429286E-06
5.74913494809691E-06
-9.77722095671988E-06
8.97959183673462E-06
1.41256947413424E-06
3.83842794759817E-07
-8.64201500535898E-06
-1.02706621556311E-06
4.63959634790961E-06
4.62810625535565E-06
-1.42107508532423E-06
-1.05574131104267E-05
6.65237020316025E-06
-7.81528943879802E-06
1.27575221238939E-05
-4.5614789337921E-07
1.05461731943944E-06
-1.44750349976668E-06
-5.98196114708608E-06
-5.29312638580926E-06
2.89621811785403E-06
1.18205461638491E-05
-7.0434782608696E-06
3.09696969696972E-06
-1.11284046692606E-06
8.49777282850776E-06
-2.71415968239963E-06
-9.08041440552545E-06
4.45254529767045E-06
3.80911435941528E-06
-2.93240296554736E-06
-7.89316987740799E-06
1.24207980652963E-05
-1.31218621633957E-06
-9.17002237136468E-06
2.49429323968393E-06
-3.22336328626443E-06
8.84734299516916E-06
-6.05385920271411E-06
1.71422469030327E-06
7.34739560912614E-06
1.81331028522038E-06
-2.20499999999998E-06
-7.72222222222223E-06
1.46911696717523E-05
5.62515829463906E-06
-2.79974326059049E-06
-9.04028648164731E-06
5.3741994510522E-06
-1.16208097518502E-05
-3.92881500426257E-06
8.89991408934707E-06
5.64228874573702E-06
6.10707364341089E-06
-1.24515235457063E-05
-3.62269129287599E-06
1.36075949367089E-06
1.11149425287357E-05
-5.81304149566802E-06
6.09634843818742E-06
2.46946564885494E-06
-8.66998700736241E-06
-1.98557327258925E-06
6.2789051439358E-06
-1.18895481515289E-06
4.1765241128299E-07
1.22534602076124E-06
-6.35921598190728E-06
-2.76811594202898E-06
-1.88883987648876E-06
2.72906197654939E-06
1.42338501291989E-05
5.99848542218858E-06
-1.58935655539428E-05
4.26332288401248E-07
6.75688888888889E-06
3.64753747323338E-06
6.09663703131043E-06
-7.99603736201523E-07
4.57825931232091E-06
-5.31906425507451E-06
-1.3227644071539E-05
1.30662705866935E-06
1.31243363259002E-05
8.28586405731263E-06
-4.8391500981312E-06
-6.4231622107862E-06
8.04759089565503E-07
4.37133237133234E-06
-7.19740768370012E-06
7.00630252100841E-06
5.76902841108384E-06
3.77686751233261E-06
3.63890288016851E-06
-1.13707358081501E-05
9.19038127147021E-07
1.19930316662256E-05
-1.23197710679826E-06
-3.70896434954378E-06
-2.59951297180856E-06
-1.93194773305272E-06
3.99382171226832E-07
-2.96450396567423E-07
2.92518952939495E-06
4.79698073919834E-06
-3.02172259318738E-06
2.02693279874488E-06
8.59209468839044E-06
1.34831994677058E-06
6.92036810968167E-06
-3.39041246643484E-06
-1.02365308804205E-06
1.29665580015377E-07
5.31493456896992E-06
-9.46014476049975E-06
-8.87712515924967E-06
1.3574749413521E-05
4.36156404462943E-07
-7.22711137405709E-06
1.47292203927793E-06
6.52212674908299E-06
1.94208809241095E-05
1.86801586457394E-06
-1.66429071832386E-05
-1.24961496457674E-05
6.58254801689784E-06
7.40418695185844E-06
1.53767971159276E-05
-1.04602109300096E-05
1.01041396594936E-05
7.52599890530925E-06
-1.22545898565261E-05
-2.76420988247629E-06
-2.76420988247629E-06
dMdT Data
0
0
0
0
0
0
0
0
0
0
0
0
0
0
0
0
0
0
0
0
0
0
0
0
0
0
0
0
0
0
0
0
0
0
0
0
0
0
0
0
0
0
0
0
0
0
0
0
0
0
0
0
0
0
0
0
0
0
0
0
0
0
0
0
0
0
0
0
0
0
0
0
0
0
0
0
0
0
0
0
0
0
0
0
0
0
0
0
0
0
0
0
0
0
0
0
0
0
0
0
0
0
0
0
0
0
0
0
0
0
0
0
0
0
0
0
0
0
0
0
0
0
0
0
0
0
0
0
0
0
0
0
0
0
0
0
0
0
0
0
0
0
0
0
0
0
0
 
*********************************************** Results ***************************************
 
TotalArea 0
AreaFirstQuad 0
AreaSecondQuad 0
AreaThirdQuad 0
AreaFourthQuad 0
Coercivity 0
PositiveCoercivity 0
NegativeCoercivity 0
Retentivity 9.71506677846539E-04
PositiveRetentivity -1.05773652582149E-03
NegativeRetentivity -3.00074988151457E-03
Magnetization 0.00509064
PositiveMagnetization -0.00270768
NegativeMagnetization -0.00509064
Flatness 4.08875888343464
Squareness 0.190841756212684
SStar 0
SFD1 0
SFD2 0
Slope 0
Intercept 0
SlopeAtHc -2.76420988247629E-06
dH1 379.922134115007
dH2 45.7850000000001
InitialSlope 1.27856025039127E-06
FieldAtHalfMs 255.06
FieldAtMs 209.24
MomentMean -4.28487136054422E-03
MomentRMS 5.78697588974101E-04
SFD3 0
dH3 759.844268230015
UserField1 0
UserField2 0
CenterField 0
ExchangeField 0
ExchangeMoment 0
ExRegionOneIntercept 0
ExRegionOneSlope 0
ExRegionTwoIntercept 0
ExRegionTwoSlope 0
NegativeIntercept 0
NegativeSlope 0
AutoCenterOffset 0
PinningField 0
PinningMoment 0
PinRegionOneIntercept 0
PinRegionOneSlope 0
PinRegionTwoIntercept 0
PinRegionTwoSlope 0
PositiveIntercept 0
PositiveSlope 0
TotalOffset 0
BHMax 0
BCoercivity 0
BRetentivity 0
BNegativeCoercivity 0
BPositiveCoercivity 0
BNegativeRetentivity 0
BPositiveRetentivity 0
MomentYMean -6.0152850340136E-03
MomentYRMS 2.96598946188224E-04
YOffCorrection 0
Mrt 0
Ms1 0
Ms2 0
Ms3 0
Hc2 0
Hex2 0
HsatValue 0
HsatIntercept 0
HsatSlope 0
CenterH 0
Span .00238296
SpanAsPercentOfRange -44.9615094339623
RMSAsPercentOfRange -10.9188224334736
SpanAsPercentOfMean -55.613338172592
RMSAsPercentOfMean -13.5056000584485
