Version 1.25
******************************************** Units *******************************************
System CGS
TemperatureUnit K
MomentUnit emu
AppliedFieldUnit G
 
******************************************** Setup ********************************************
 
Experiment CustomField
Minor False
Acquisition Continuous
EditedPoint No
MaxField 15000
FieldIncrement 100
Points 107
MinField 0
RampRate 10
AverageTime 0.1
TimeInterval 0
TimeConstant 0.1
TimeConstantIndex 0
Sensitivity -0.0053
SensitivityIndex 5
SensitivityY -400
SensitivityIndexY 0
SaturationField 8000
ExperimentTime 100
Use735Domains True
AutoRangeEnabled False
NumberOfVertices 2
VertexPts
0
106
VertexField
29.3132
2470.6868
StartAngle 0
EndAngle 0
AngleIncrement 0
StartTemp 0
FinishTemp 0
TempIncrement 0
TempPoints 0
LengthofSetPointsArray 107
SetPointArray
29.31323
52.34506
75.37688
98.40871
121.44054
144.47236
167.50419
190.53601
213.56784
236.59966
259.63149
282.66332
305.69514
328.72697
351.75879
374.79062
397.82245
420.85427
443.8861
466.91792
489.94975
512.98157
536.0134
559.04523
582.07705
605.10888
628.1407
651.17253
674.20436
697.23618
720.26801
743.29983
766.33166
789.36348
812.39531
835.42714
858.45896
881.49079
904.52261
927.55444
950.58626
973.61809
996.64992
1019.68174
1042.71357
1065.74539
1088.77722
1111.80905
1134.84087
1157.8727
1180.90452
1203.93635
1226.96817
1250
1273.03183
1296.06365
1319.09548
1342.1273
1365.15913
1388.19095
1411.22278
1434.25461
1457.28643
1480.31826
1503.35008
1526.38191
1549.41374
1572.44556
1595.47739
1618.50921
1641.54104
1664.57286
1687.60469
1710.63652
1733.66834
1756.70017
1779.73199
1802.76382
1825.79564
1848.82747
1871.8593
1894.89112
1917.92295
1940.95477
1963.9866
1987.01843
2010.05025
2033.08208
2056.1139
2079.14573
2102.17755
2125.20938
2148.24121
2171.27303
2194.30486
2217.33668
2240.36851
2263.40034
2286.43216
2309.46399
2332.49581
2355.52764
2378.55946
2401.59129
2424.62312
2447.65494
2470.68677
FieldDomainFile C:\IDEASVSM\Default UserID\Experiments\FORCexp0054B\fdomain.ini
TempDomainFile C:\IDEASVSM\Default UserID\Experiments\FORCexp0054B\tdomain.ini
NumSelectedResults 0
ResultsSelected 
UserName1 
UserValue1 
UserName2 
UserValue2 
LinearBackgroundCorrection Off
MaxLinearFieldCorrection 
MinLinearFieldCorrection 
AutoLinearCorrection Off
FitOneRegion Off
BackgroundMode Off
BackgroundFilename 
AutoCenter Off
OffsetCorrection 
SmoothDeriv Off
DerivOrder 0
DerivPoints 0
MinExFieldOne 
MaxExFieldOne 
MinExFieldTwo 
MaxExFieldTwo 
MinPinFieldOne 
MaxPinFieldOne 
MinPinFieldTwo 
MaxPinFieldTwo 
HCenterStart 
Mass 
Volume 
Density 
MolarWeight 
NumberOfMoles 
Demagnetization 
SampleArea 
Thickness 
MomentScaling 0
XAxis 0
YAxis 0
SimpleSpinValve False
HsatMax 0
HsatMin 0
FieldAutoRange False
 
*************************************************** Experiment Data ********************************************
 
DataPoints 107
MomentX Data
0.00319221
0.00315063
0.00311512
0.00311569
0.0031012
0.00317459
0.00298564
0.00319382
0.00345784
0.00351143
0.00328457
0.00329747
0.00361295
0.00349296
0.00362854
0.00358756
0.00355787
0.00343307
0.00343594
0.00343878
0.00372806
0.00356482
0.0037714
0.00363369
0.0036886
0.00380493
0.00367768
0.00384355
0.003792
0.00378313
0.00393263
0.00397351
0.00412546
0.00419089
0.00392817
0.00381361
0.00395659
0.00390838
0.00407011
0.00401439
0.00405544
0.00400917
0.00413361
0.00418781
0.00433753
0.00438799
0.00411839
0.00421488
0.0040875
0.00419815
0.00421933
0.00434926
0.00423017
0.0042699
0.00407538
0.00404961
0.00436735
0.00436175
0.00455818
0.00462042
0.00443444
0.00433051
0.00429174
0.00436669
0.0045857
0.00471351
0.0045047
0.00452868
0.00448314
0.00468977
0.00480661
0.00476325
0.00467067
0.00461791
0.00448157
0.00450452
0.00472514
0.00458064
0.00437938
0.00444763
0.00446615
0.00466555
0.00460986
0.00465634
0.00466693
0.00466117
0.00441456
0.00437766
0.00466721
0.00481986
0.00478412
0.00459749
0.00468737
0.00447585
0.00447411
0.00468811
0.00494094
0.00482381
0.00466073
0.00466109
0.00479389
0.00485739
0.00477907
0.00485635
0.00482535
0.0047812
0.00473192
MomentY Data
-0.00677109
-0.00658035
-0.00677109
-0.00658035
-0.00629425
-0.00610352
-0.00677109
-0.00600815
-0.00638962
-0.00629425
-0.00734329
-0.00720024
-0.00677109
-0.00658035
-0.00610352
-0.00638962
-0.00638962
-0.00658035
-0.00753403
-0.00753403
-0.00638962
-0.00705719
-0.00638962
-0.00720024
-0.00686646
-0.00686646
-0.00686646
-0.00686646
-0.00686646
-0.00638962
-0.00658035
-0.00629425
-0.00734329
-0.00638962
-0.00686646
-0.00677109
-0.00753403
-0.00705719
-0.00677109
-0.00677109
-0.00677109
-0.00734329
-0.00658035
-0.00658035
-0.00677109
-0.00686646
-0.00705719
-0.00638962
-0.00705719
-0.00677109
-0.00686646
-0.00658035
-0.00686646
-0.00734329
-0.00686646
-0.00629425
-0.00658035
-0.00686646
-0.00705719
-0.00677109
-0.00686646
-0.00720024
-0.00705719
-0.00720024
-0.00658035
-0.00638962
-0.00686646
-0.00686646
-0.00686646
-0.00686646
-0.00705719
-0.00677109
-0.00720024
-0.00686646
-0.00686646
-0.00658035
-0.00677109
-0.00629425
-0.00658035
-0.00677109
-0.00705719
-0.00753403
-0.00677109
-0.00677109
-0.00638962
-0.00638962
-0.00658035
-0.00658035
-0.00734329
-0.00720024
-0.00638962
-0.00720024
-0.00686646
-0.00629425
-0.00686646
-0.00638962
-0.00705719
-0.00705719
-0.00734329
-0.00753403
-0.00658035
-0.00705719
-0.00686646
-0.00720024
-0.00705719
-0.00753403
-0.00629425
Field Data
29.4486
34.6534
48.6101
66.2374
86.2481
111.767
133.028
155.747
178.219
201.681
225.036
246.601
268.723
292.478
316.168
343.836
364.4
386.122
408.741
431.915
454.832
475.916
498.756
522.715
545.861
569.022
593.907
616.142
638.156
660.802
683.871
704.85
728.192
751.795
774.999
798.305
824.189
845.155
867.016
889.823
912.718
935.397
956.856
983.018
1005.64
1028.16
1051.3
1073.36
1095.27
1118
1141.21
1168.64
1188.41
1210.07
1232.68
1255.63
1278.53
1300.26
1322.82
1346.17
1368.85
1396.55
1417.24
1438.96
1461.59
1484.42
1507.32
1529.07
1551.26
1574.34
1597.75
1625.08
1645.84
1667.05
1689.32
1712.3
1735.03
1756.55
1778.39
1802.2
1826.11
1853.04
1874.28
1895.51
1917.93
1940.78
1963.39
1985.11
2010.75
2033.14
2056.42
2079.31
2100.8
2122.81
2145.77
2168.77
2194.98
2215.41
2237.38
2260.37
2283.32
2306.03
2327.54
2350.23
2373.34
2396.6
2419.45
Time Data
0
0.1
0.2
0.3
0.4
0.5
0.6
0.7
0.8
0.9
1
1.1
1.2
1.3
1.4
1.5
1.6
1.7
1.8
1.9
2
2.1
2.2
2.3
2.4
2.5
2.6
2.7
2.8
2.9
3
3.1
3.2
3.3
3.4
3.5
3.6
3.7
3.8
3.9
4
4.1
4.2
4.3
4.4
4.5
4.6
4.7
4.8
4.9
5
5.1
5.2
5.3
5.4
5.5
5.6
5.7
5.8
5.9
5.99999999999999
6.09999999999999
6.19999999999999
6.29999999999999
6.39999999999999
6.49999999999999
6.59999999999999
6.69999999999999
6.79999999999999
6.89999999999999
6.99999999999999
7.09999999999999
7.19999999999999
7.29999999999999
7.39999999999999
7.49999999999999
7.59999999999999
7.69999999999999
7.79999999999999
7.89999999999999
7.99999999999999
8.09999999999999
8.19999999999999
8.29999999999999
8.39999999999999
8.49999999999999
8.59999999999999
8.69999999999999
8.79999999999998
8.89999999999998
8.99999999999998
9.09999999999998
9.19999999999998
9.29999999999998
9.39999999999998
9.49999999999998
9.59999999999998
9.69999999999998
9.79999999999998
9.89999999999998
9.99999999999998
10.1
10.2
10.3
10.4
10.5
10.6
Temperature Data
0
0
0
0
0
0
0
0
0
0
0
0
0
0
0
0
0
0
0
0
0
0
0
0
0
0
0
0
0
0
0
0
0
0
0
0
0
0
0
0
0
0
0
0
0
0
0
0
0
0
0
0
0
0
0
0
0
0
0
0
0
0
0
0
0
0
0
0
0
0
0
0
0
0
0
0
0
0
0
0
0
0
0
0
0
0
0
0
0
0
0
0
0
0
0
0
0
0
0
0
0
0
0
0
0
0
0
Angle Data
0
0
0
0
0
0
0
0
0
0
0
0
0
0
0
0
0
0
0
0
0
0
0
0
0
0
0
0
0
0
0
0
0
0
0
0
0
0
0
0
0
0
0
0
0
0
0
0
0
0
0
0
0
0
0
0
0
0
0
0
0
0
0
0
0
0
0
0
0
0
0
0
0
0
0
0
0
0
0
0
0
0
0
0
0
0
0
0
0
0
0
0
0
0
0
0
0
0
0
0
0
0
0
0
0
0
0
Bx Data
0
0
0
0
0
0
0
0
0
0
0
0
0
0
0
0
0
0
0
0
0
0
0
0
0
0
0
0
0
0
0
0
0
0
0
0
0
0
0
0
0
0
0
0
0
0
0
0
0
0
0
0
0
0
0
0
0
0
0
0
0
0
0
0
0
0
0
0
0
0
0
0
0
0
0
0
0
0
0
0
0
0
0
0
0
0
0
0
0
0
0
0
0
0
0
0
0
0
0
0
0
0
0
0
0
0
0
Hint Data
0
0
0
0
0
0
0
0
0
0
0
0
0
0
0
0
0
0
0
0
0
0
0
0
0
0
0
0
0
0
0
0
0
0
0
0
0
0
0
0
0
0
0
0
0
0
0
0
0
0
0
0
0
0
0
0
0
0
0
0
0
0
0
0
0
0
0
0
0
0
0
0
0
0
0
0
0
0
0
0
0
0
0
0
0
0
0
0
0
0
0
0
0
0
0
0
0
0
0
0
0
0
0
0
0
0
0
Torque Data
-0.199399120974
-0.22803150069
-0.329143362009
-0.43586527509
-0.542867103425
-0.68217211984
-0.90074456052
-0.93575133805
-1.13875168678
-1.26943063425
-1.65250460844
-1.77558638424
-1.81954761807
-1.9246076073
-1.92973771136
-2.19698138232
-2.328377528
-2.5408179027
-3.07946695623
-3.25406056745
-2.90620364384
-3.35862963604
-3.18686131272
-3.7636734516
-3.74813272206
-3.90716680212
-4.07803865922
-4.23071439732
-4.38187264776
-4.22227367524
-4.50011053485
-4.4365021125
-5.34732503168
-4.8036843679
-5.32149963354
-5.40539500245
-6.20946465167
-5.96441941445
-5.87064336744
-6.02507161707
-6.18009572262
-6.86889143613
-6.2964473796
-6.4686024963
-6.8092789476
-7.0598195136
-7.419223847
-6.8583625232
-7.7295284913
-7.57007862
-7.8360728166
-7.690060224
-8.1601697286
-8.8858949303
-8.4641479128
-7.9032491275
-8.4131748855
-8.9281832796
-9.3353920758
-9.1150382253
-9.399153771
-10.055495172
-10.0017319556
-10.3608573504
-9.6177737565
-9.4848797204
-10.3499524872
-10.4992979922
-10.6516647396
-10.8101426364
-11.2756253225
-11.0035629372
-11.8504430016
-11.446732143
-11.5996482072
-11.267533305
-11.7480442827
-11.0561648375
-11.7024286365
-12.202858398
-12.8872052309
-13.9608589512
-12.6909185652
-12.8346688059
-12.2548438866
-12.4008467036
-12.9197933865
-13.0627185885
-14.7655203675
-14.6390959536
-13.1397423604
-14.9715310344
-14.425059168
-13.3614968425
-14.7338438742
-13.8576161674
-15.4903909062
-15.6345692979
-16.4297301802
-17.0296953911
-15.025044762
-16.2740918557
-15.9819603084
-16.9222200552
-16.7491113146
-18.056056298
-15.2286231625
dMdH Data
-7.98877958807252E-06
-2.54429772080795E-06
3.23362057717339E-08
-7.2411259975912E-07
2.87590766059666E-06
-8.88716429142563E-06
9.16325542497469E-06
1.1748843004628E-05
2.28411900093769E-06
-9.713551701991E-06
5.98191514027346E-07
1.42609167344725E-05
-5.05114712692067E-06
5.72308991135501E-06
-1.48113343935232E-06
-1.44378525578682E-06
-5.74532731792652E-06
1.26884477651545E-07
1.22551134892535E-07
1.2622943666274E-05
-7.74236387782206E-06
9.04465849387042E-06
-5.74773571518007E-06
2.37233215242375E-06
5.02266741505115E-06
-5.11352220212981E-06
7.45986058016639E-06
-2.34169165076771E-06
-3.91680650004406E-07
6.48055832502495E-06
1.94861528194862E-06
6.50972495930082E-06
2.77210524085922E-06
-1.13221858300293E-05
-4.91547241053808E-06
5.52387575336116E-06
-2.29943718401221E-06
7.39810621655001E-06
-2.44310957162276E-06
1.79296789692076E-06
-2.04021341328983E-06
5.79896546903398E-06
2.07170705603547E-06
6.61833613296791E-06
2.240674955595E-06
-1.16508210890234E-05
4.37398005439708E-06
-5.813783660429E-06
4.86801583809944E-06
9.12537699267555E-07
4.73678454247172E-06
-6.02377339403135E-06
1.83425669436751E-06
-8.60327288810257E-06
-1.12287581699344E-06
1.38751091703057E-05
-2.57708237459719E-07
8.70700354609931E-06
2.66552462526764E-06
-8.20017636684308E-06
-3.75198555956679E-06
-1.87385210246498E-06
3.45073664825049E-06
9.67786124613348E-06
5.59833552343404E-06
-9.11834061135374E-06
1.10252873563218E-06
-2.05227579990987E-06
8.95277296360489E-06
4.99102947458349E-06
-1.58653494328577E-06
-4.45953757225434E-06
-2.48750589344647E-06
-6.12213740458018E-06
9.98694516971273E-07
9.70611526616807E-06
-6.71468401486988E-06
-9.2152014652014E-06
2.86644267114657E-06
7.74571309075712E-07
7.40438173041215E-06
-2.6219397363465E-06
2.189354686764E-06
4.72346119536107E-07
-2.52078774617052E-07
-1.0907120743034E-05
-1.6988950276243E-06
1.12929017160686E-05
6.81777579276459E-06
-1.53522336769757E-06
-8.15334207077331E-06
4.18241042345271E-06
-9.61017719218546E-06
-7.57839721254387E-08
9.30434782608695E-06
9.64631819916061E-06
-5.73323543808126E-06
-7.42284934000903E-06
1.56589821661418E-08
5.78649237472763E-06
2.7961250550418E-06
-3.64109716410975E-06
3.40590568532392E-06
-1.34141064474252E-06
-1.89810834049872E-06
-2.15667396061272E-06
-2.15667396061272E-06
dMdT Data
0
0
0
0
0
0
0
0
0
0
0
0
0
0
0
0
0
0
0
0
0
0
0
0
0
0
0
0
0
0
0
0
0
0
0
0
0
0
0
0
0
0
0
0
0
0
0
0
0
0
0
0
0
0
0
0
0
0
0
0
0
0
0
0
0
0
0
0
0
0
0
0
0
0
0
0
0
0
0
0
0
0
0
0
0
0
0
0
0
0
0
0
0
0
0
0
0
0
0
0
0
0
0
0
0
0
0
 
*********************************************** Results ***************************************
 
TotalArea 0
AreaFirstQuad 0
AreaSecondQuad 0
AreaThirdQuad 0
AreaFourthQuad 0
Coercivity 0
PositiveCoercivity 0
NegativeCoercivity 0
Retentivity 3.42746837457731E-03
PositiveRetentivity 3.42746837457731E-03
NegativeRetentivity 0
Magnetization 0.00494094
PositiveMagnetization 0.00494094
NegativeMagnetization 0.00298564
Flatness -0.380587501579371
Squareness 0.693687511804902
SStar 0
SFD1 0
SFD2 0
Slope 0
Intercept 0
SlopeAtHc -2.15667396061272E-06
dH1 -214.517645454546
dH2 50.38975
InitialSlope -7.98877958807252E-06
FieldAtHalfMs 2419.45
FieldAtMs 2194.98
MomentMean 4.16945401869159E-03
MomentRMS 5.18850153545027E-04
SFD3 0
dH3 -429.035290909092
UserField1 0
UserField2 0
CenterField 0
ExchangeField 0
ExchangeMoment 0
ExRegionOneIntercept 0
ExRegionOneSlope 0
ExRegionTwoIntercept 0
ExRegionTwoSlope 0
NegativeIntercept 0
NegativeSlope 0
AutoCenterOffset 0
PinningField 0
PinningMoment 0
PinRegionOneIntercept 0
PinRegionOneSlope 0
PinRegionTwoIntercept 0
PinRegionTwoSlope 0
PositiveIntercept 0
PositiveSlope 0
TotalOffset 0
BHMax 0
BCoercivity 0
BRetentivity 0
BNegativeCoercivity 0
BPositiveCoercivity 0
BNegativeRetentivity 0
BPositiveRetentivity 0
MomentYMean -6.8049576635514E-03
MomentYRMS 3.5665242105249E-04
YOffCorrection 0
Mrt 0
Ms1 0
Ms2 0
Ms3 0
Hc2 0
Hex2 0
HsatValue 0
HsatIntercept 0
HsatSlope 0
CenterH 0
Span .0019553
SpanAsPercentOfRange -36.8924528301887
RMSAsPercentOfRange -9.78962553858541
SpanAsPercentOfMean 46.895828356289
RMSAsPercentOfMean 12.4440790381434
