Version 1.25
******************************************** Units *******************************************
System CGS
TemperatureUnit K
MomentUnit emu
AppliedFieldUnit G
 
******************************************** Setup ********************************************
 
Experiment CustomField
Minor False
Acquisition Continuous
EditedPoint No
MaxField 15000
FieldIncrement 100
Points 123
MinField 0
RampRate 10
AverageTime 0.1
TimeInterval 0
TimeConstant 0.1
TimeConstantIndex 0
Sensitivity -0.0053
SensitivityIndex 5
SensitivityY -400
SensitivityIndexY 0
SaturationField 8000
ExperimentTime 100
Use735Domains True
AutoRangeEnabled False
NumberOfVertices 2
VertexPts
0
122
VertexField
-154.9414
2654.9414
StartAngle 0
EndAngle 0
AngleIncrement 0
StartTemp 0
FinishTemp 0
TempIncrement 0
TempPoints 0
LengthofSetPointsArray 123
SetPointArray
-154.94137
-131.90955
-108.87772
-85.8459
-62.81407
-39.78224
-16.75042
6.28141
29.31323
52.34506
75.37688
98.40871
121.44054
144.47236
167.50419
190.53601
213.56784
236.59966
259.63149
282.66332
305.69514
328.72697
351.75879
374.79062
397.82245
420.85427
443.8861
466.91792
489.94975
512.98157
536.0134
559.04523
582.07705
605.10888
628.1407
651.17253
674.20436
697.23618
720.26801
743.29983
766.33166
789.36348
812.39531
835.42714
858.45896
881.49079
904.52261
927.55444
950.58626
973.61809
996.64992
1019.68174
1042.71357
1065.74539
1088.77722
1111.80905
1134.84087
1157.8727
1180.90452
1203.93635
1226.96817
1250
1273.03183
1296.06365
1319.09548
1342.1273
1365.15913
1388.19095
1411.22278
1434.25461
1457.28643
1480.31826
1503.35008
1526.38191
1549.41374
1572.44556
1595.47739
1618.50921
1641.54104
1664.57286
1687.60469
1710.63652
1733.66834
1756.70017
1779.73199
1802.76382
1825.79564
1848.82747
1871.8593
1894.89112
1917.92295
1940.95477
1963.9866
1987.01843
2010.05025
2033.08208
2056.1139
2079.14573
2102.17755
2125.20938
2148.24121
2171.27303
2194.30486
2217.33668
2240.36851
2263.40034
2286.43216
2309.46399
2332.49581
2355.52764
2378.55946
2401.59129
2424.62312
2447.65494
2470.68677
2493.71859
2516.75042
2539.78224
2562.81407
2585.8459
2608.87772
2631.90955
2654.94137
FieldDomainFile C:\IDEASVSM\Default UserID\Experiments\FORCexp0062B\fdomain.ini
TempDomainFile C:\IDEASVSM\Default UserID\Experiments\FORCexp0062B\tdomain.ini
NumSelectedResults 0
ResultsSelected 
UserName1 
UserValue1 
UserName2 
UserValue2 
LinearBackgroundCorrection Off
MaxLinearFieldCorrection 
MinLinearFieldCorrection 
AutoLinearCorrection Off
FitOneRegion Off
BackgroundMode Off
BackgroundFilename 
AutoCenter Off
OffsetCorrection 
SmoothDeriv Off
DerivOrder 0
DerivPoints 0
MinExFieldOne 
MaxExFieldOne 
MinExFieldTwo 
MaxExFieldTwo 
MinPinFieldOne 
MaxPinFieldOne 
MinPinFieldTwo 
MaxPinFieldTwo 
HCenterStart 
Mass 
Volume 
Density 
MolarWeight 
NumberOfMoles 
Demagnetization 
SampleArea 
Thickness 
MomentScaling 0
XAxis 0
YAxis 0
SimpleSpinValve False
HsatMax 0
HsatMin 0
FieldAutoRange False
 
*************************************************** Experiment Data ********************************************
 
DataPoints 123
MomentX Data
0.00287709
0.00290963
0.00292194
0.00280204
0.00282734
0.00301517
0.00279063
0.00309318
0.00326096
0.0031818
0.00318887
0.00308989
0.00303919
0.00336093
0.0034807
0.00325858
0.00331623
0.00313759
0.00311538
0.00327808
0.00344278
0.00324822
0.00343453
0.00339462
0.0033292
0.00359025
0.00379711
0.00373092
0.00366543
0.00367406
0.00371966
0.00389745
0.00388825
0.00399823
0.00399297
0.00374011
0.00361143
0.00361152
0.00369095
0.00352487
0.00395219
0.00376988
0.00385346
0.00380837
0.00385582
0.00413022
0.00421125
0.00405739
0.00393208
0.00424016
0.00429993
0.00428227
0.0041637
0.00424737
0.00422864
0.00400125
0.00415044
0.00416438
0.00419043
0.00436147
0.00417944
0.00400276
0.00409185
0.0041936
0.00424679
0.00441887
0.00441427
0.00452399
0.00441844
0.00433313
0.00439234
0.00435641
0.00439786
0.00438243
0.00437664
0.00459115
0.0045926
0.00455012
0.00440426
0.00458274
0.0044539
0.00443674
0.00449095
0.00458846
0.00459895
0.00442569
0.00434606
0.00451011
0.00462804
0.00475956
0.00465288
0.00450543
0.00474875
0.00489488
0.0049584
0.00470762
0.00446152
0.00480883
0.00476724
0.00490764
0.0046307
0.00455844
0.00450636
0.00431137
0.00433321
0.00467069
0.00485636
0.0050242
0.00492173
0.00472547
0.00462425
0.00487588
0.00499063
0.00475099
0.00486957
0.00489391
0.00470775
0.00483503
0.0047593
0.00482308
0.00489668
0.00474694
0.00470444
MomentY Data
-0.00658035
-0.00705719
-0.00705719
-0.00686646
-0.00658035
-0.00705719
-0.00686646
-0.00677109
-0.00705719
-0.00720024
-0.00705719
-0.00705719
-0.00720024
-0.00720024
-0.00677109
-0.00677109
-0.00677109
-0.00658035
-0.00658035
-0.00677109
-0.00686646
-0.00686646
-0.00610352
-0.00629425
-0.00677109
-0.00658035
-0.00677109
-0.00658035
-0.00677109
-0.00677109
-0.00658035
-0.00658035
-0.00705719
-0.00720024
-0.00677109
-0.00720024
-0.00705719
-0.00705719
-0.00705719
-0.00658035
-0.00658035
-0.00753403
-0.00658035
-0.00658035
-0.00638962
-0.00677109
-0.00753403
-0.00658035
-0.00720024
-0.00686646
-0.00720024
-0.00720024
-0.00720024
-0.00705719
-0.00705719
-0.00677109
-0.00686646
-0.00638962
-0.00677109
-0.00677109
-0.00629425
-0.00686646
-0.00677109
-0.00734329
-0.00686646
-0.00677109
-0.00753403
-0.00705719
-0.00686646
-0.00720024
-0.00658035
-0.00767708
-0.00610352
-0.00677109
-0.00686646
-0.00686646
-0.00677109
-0.00677109
-0.00658035
-0.00686646
-0.00686646
-0.00658035
-0.00705719
-0.00720024
-0.00705719
-0.00677109
-0.00677109
-0.00658035
-0.00677109
-0.00638962
-0.00734329
-0.00734329
-0.00686646
-0.00705719
-0.00734329
-0.00753403
-0.00705719
-0.00753403
-0.00753403
-0.00658035
-0.00705719
-0.00720024
-0.00734329
-0.00658035
-0.00705719
-0.00677109
-0.00686646
-0.00658035
-0.00658035
-0.00705719
-0.00686646
-0.00686646
-0.00677109
-0.00686646
-0.00658035
-0.00658035
-0.00686646
-0.00686646
-0.00677109
-0.00638962
-0.00705719
-0.00677109
-0.00677109
Field Data
-154.953
-148.111
-134.385
-116.758
-96.4922
-75.6084
-54.159
-30.5266
-7.06357
16.3065
43.4104
64.5899
86.8813
109.306
133.059
156.128
177.936
200.914
224.423
246.766
270.865
296.005
318.016
339.774
363.02
386.086
408.355
429.975
453.159
476.199
498.766
526.286
547.368
569.598
592.332
615.061
637.672
659.109
682.358
704.953
728.526
755.114
776.908
798.938
821.73
844.157
871.286
891.073
912.733
934.862
958.147
981.346
1003.35
1026
1049.24
1072.56
1099.85
1120.13
1141.68
1164.43
1186.42
1212.43
1233.42
1254.95
1278.05
1301.06
1328.71
1348.05
1368.5
1391.43
1417.49
1439.72
1461.1
1483.78
1506.85
1529.96
1557.35
1577.21
1598.98
1620.94
1643.72
1670.69
1691.11
1712.55
1735.51
1758.44
1781.69
1802.51
1824.96
1848.61
1872.73
1895.78
1920.39
1942.24
1964.96
1987.41
2010.38
2034.61
2056.56
2078.85
2101.37
2124.49
2147.01
2168.99
2192.14
2215.31
2237.91
2263.88
2285.97
2307.39
2330.91
2353.52
2375.18
2396.77
2420.65
2443.57
2466.45
2492.39
2513.36
2535.19
2558.04
2580.74
2603.33
Time Data
0
0.1
0.2
0.3
0.4
0.5
0.6
0.7
0.8
0.9
1
1.1
1.2
1.3
1.4
1.5
1.6
1.7
1.8
1.9
2
2.1
2.2
2.3
2.4
2.5
2.6
2.7
2.8
2.9
3
3.1
3.2
3.3
3.4
3.5
3.6
3.7
3.8
3.9
4
4.1
4.2
4.3
4.4
4.5
4.6
4.7
4.8
4.9
5
5.1
5.2
5.3
5.4
5.5
5.6
5.7
5.8
5.9
5.99999999999999
6.09999999999999
6.19999999999999
6.29999999999999
6.39999999999999
6.49999999999999
6.59999999999999
6.69999999999999
6.79999999999999
6.89999999999999
6.99999999999999
7.09999999999999
7.19999999999999
7.29999999999999
7.39999999999999
7.49999999999999
7.59999999999999
7.69999999999999
7.79999999999999
7.89999999999999
7.99999999999999
8.09999999999999
8.19999999999999
8.29999999999999
8.39999999999999
8.49999999999999
8.59999999999999
8.69999999999999
8.79999999999998
8.89999999999998
8.99999999999998
9.09999999999998
9.19999999999998
9.29999999999998
9.39999999999998
9.49999999999998
9.59999999999998
9.69999999999998
9.79999999999998
9.89999999999998
9.99999999999998
10.1
10.2
10.3
10.4
10.5
10.6
10.7
10.8
10.9
11
11.1
11.2
11.3
11.4
11.5
11.6
11.7
11.8
11.9
12
12.1
12.2
Temperature Data
0
0
0
0
0
0
0
0
0
0
0
0
0
0
0
0
0
0
0
0
0
0
0
0
0
0
0
0
0
0
0
0
0
0
0
0
0
0
0
0
0
0
0
0
0
0
0
0
0
0
0
0
0
0
0
0
0
0
0
0
0
0
0
0
0
0
0
0
0
0
0
0
0
0
0
0
0
0
0
0
0
0
0
0
0
0
0
0
0
0
0
0
0
0
0
0
0
0
0
0
0
0
0
0
0
0
0
0
0
0
0
0
0
0
0
0
0
0
0
0
0
0
0
Angle Data
0
0
0
0
0
0
0
0
0
0
0
0
0
0
0
0
0
0
0
0
0
0
0
0
0
0
0
0
0
0
0
0
0
0
0
0
0
0
0
0
0
0
0
0
0
0
0
0
0
0
0
0
0
0
0
0
0
0
0
0
0
0
0
0
0
0
0
0
0
0
0
0
0
0
0
0
0
0
0
0
0
0
0
0
0
0
0
0
0
0
0
0
0
0
0
0
0
0
0
0
0
0
0
0
0
0
0
0
0
0
0
0
0
0
0
0
0
0
0
0
0
0
0
Bx Data
0
0
0
0
0
0
0
0
0
0
0
0
0
0
0
0
0
0
0
0
0
0
0
0
0
0
0
0
0
0
0
0
0
0
0
0
0
0
0
0
0
0
0
0
0
0
0
0
0
0
0
0
0
0
0
0
0
0
0
0
0
0
0
0
0
0
0
0
0
0
0
0
0
0
0
0
0
0
0
0
0
0
0
0
0
0
0
0
0
0
0
0
0
0
0
0
0
0
0
0
0
0
0
0
0
0
0
0
0
0
0
0
0
0
0
0
0
0
0
0
0
0
0
Hint Data
0
0
0
0
0
0
0
0
0
0
0
0
0
0
0
0
0
0
0
0
0
0
0
0
0
0
0
0
0
0
0
0
0
0
0
0
0
0
0
0
0
0
0
0
0
0
0
0
0
0
0
0
0
0
0
0
0
0
0
0
0
0
0
0
0
0
0
0
0
0
0
0
0
0
0
0
0
0
0
0
0
0
0
0
0
0
0
0
0
0
0
0
0
0
0
0
0
0
0
0
0
0
0
0
0
0
0
0
0
0
0
0
0
0
0
0
0
0
0
0
0
0
0
Torque Data
1.01964497355
1.04524746809
0.94838047815
0.80171413668
0.63495244827
0.533582844396
0.37188060714
0.206698355994
0.0498489555683
-0.11741071356
-0.306355440776
-0.455823196381
-0.625566211512
-0.78702943344
-0.90095446431
-1.05715673952
-1.20482067024
-1.3220844399
-1.47678188805
-1.67087479494
-1.8598836879
-2.0325064923
-1.94101701632
-2.1386224995
-2.4580410918
-2.5405810101
-2.76500845695
-2.82938599125
-3.06838037331
-3.22438628691
-3.2820548481
-3.4631460801
-3.86287997592
-4.10124230352
-4.01073328188
-4.42858681464
-4.50017246168
-4.65145744371
-4.81553005402
-4.63883747355
-4.7939560641
-5.68905152942
-5.1123265578
-5.2572916683
-5.2505424426
-5.71586302113
-6.56429486258
-5.86357221555
-6.57189665592
-6.41919252852
-6.89888835528
-7.06592672304
-7.224360804
-7.24067694
-7.4046860356
-7.2624002904
-7.552076031
-7.1572050506
-7.7304180312
-7.8844603287
-7.467624085
-8.3251020978
-8.3515978278
-9.2154617855
-8.775679203
-8.8095943554
-10.0105410013
-9.5134449795
-9.39675051
-10.0186299432
-9.3275803215
-11.0528456176
-8.917853072
-10.0468079202
-10.346725251
-10.5054091416
-10.5449570115
-10.6794308589
-10.521848043
-11.1301196724
-11.2865376312
-10.9937249415
-11.9344845809
-12.330771012
-12.2478238169
-11.9065554996
-12.0639833421
-11.8611466785
-12.3569684064
-11.8119154282
-13.7519994817
-13.9212623162
-13.1862811194
-13.7067567056
-14.4292711184
-14.9732065623
-14.1876336322
-15.3288127783
-15.4941847368
-13.6795605975
-14.8297673503
-15.2968378776
-15.7661170629
-14.2727133465
-15.4703484866
-15.0000633879
-15.3665194986
-14.897122758
-15.0424826895
-16.2836896341
-16.0051002786
-16.1603509392
-16.0825575462
-16.4573253342
-15.9287242275
-16.0795458495
-16.935780267
-17.1138962394
-17.0181867624
-16.1989007278
-18.0525743076
-17.4744228066
-17.6273817297
dMdH Data
4.75591932183567E-06
8.96838117441366E-07
-6.80206501389914E-06
1.24840864905406E-06
8.9940528064816E-06
-1.04683580892706E-05
1.28023391614902E-05
7.15082408367546E-06
-3.38723846355616E-06
2.60848069834971E-07
-4.67338700158171E-06
-2.27441973137622E-06
1.43475720968396E-05
5.04231044499644E-06
-9.62850578698688E-06
2.64352531181217E-06
-7.77439289755418E-06
-9.44744565910925E-07
7.28192274985454E-06
6.83430847753018E-06
-7.73906125696102E-06
8.46440416155557E-06
-1.83426785550142E-06
-2.81424761249248E-06
1.13175236278505E-05
9.28914634693968E-06
-3.06151711378352E-06
-2.82479296066253E-06
3.74565972222219E-07
2.02064962112821E-06
6.46039244186047E-06
-4.36391234228229E-07
4.94736842105265E-06
-2.31371514031846E-07
-1.1124994500418E-05
-5.69103533678298E-06
4.19834864952648E-09
3.41649103187236E-06
-7.350298738659E-06
1.81275187714759E-05
-6.85685271551074E-06
3.83500045884188E-06
-2.04675442578302E-06
2.08187083187081E-06
1.22352521514246E-05
2.98684065022668E-06
-7.77581240208214E-06
-5.7853185595568E-06
1.39220028017533E-05
2.56688855486367E-06
-7.61239708608134E-07
-5.38856571532449E-06
3.69403973509935E-06
-8.05938037865777E-07
-9.75085763293313E-06
5.46683766947602E-06
6.87376725838238E-07
1.20881670533646E-06
7.51824175824175E-06
-8.27785356980444E-06
-6.7927720107651E-06
4.2444020962363E-06
4.72596377148163E-06
2.30259740259744E-06
7.47848761408083E-06
-1.66365280289346E-07
5.67321613236821E-06
-5.16136919315404E-06
-3.72045355429567E-06
2.27206446661549E-06
-1.61628430049483E-06
1.93872778297476E-06
-6.80335097001775E-07
-2.50975292587753E-07
9.28212894850706E-06
5.29390288426458E-08
-2.13897280966762E-06
-6.70004593477264E-06
8.12750455373405E-06
-5.6558384547849E-06
-6.36262513904354E-07
2.654750244858E-06
4.54804104477612E-06
4.56881533101051E-07
-7.55604012211074E-06
-3.42494623655917E-06
7.87944284341984E-06
5.25300668151445E-06
5.56109936575058E-06
-4.4228855721393E-06
-6.39696312364424E-06
9.8870377895164E-06
6.68787185354692E-06
2.79577464788732E-06
-1.11706013363029E-05
-1.07139747496735E-05
1.4333883615353E-05
-1.89476082004556E-06
6.29878869448183E-06
-1.2297513321492E-05
-3.12543252595154E-06
-2.31261101243336E-06
-8.87124658780727E-06
9.43412526997816E-07
1.4565386275356E-05
8.21548672566374E-06
6.46284174046974E-06
-4.63875056586699E-06
-9.16246498599437E-06
-4.30357142857143E-06
1.11291463954002E-05
5.29778393351805E-06
-1.10995831403427E-05
4.96566164154102E-06
1.06195462478182E-06
-8.13636363636374E-06
4.90670778720121E-06
-3.6113495469718E-06
2.92166743014203E-06
3.2210065645514E-06
-6.59647577092515E-06
-1.88136343514828E-06
-1.88136343514828E-06
dMdT Data
0
0
0
0
0
0
0
0
0
0
0
0
0
0
0
0
0
0
0
0
0
0
0
0
0
0
0
0
0
0
0
0
0
0
0
0
0
0
0
0
0
0
0
0
0
0
0
0
0
0
0
0
0
0
0
0
0
0
0
0
0
0
0
0
0
0
0
0
0
0
0
0
0
0
0
0
0
0
0
0
0
0
0
0
0
0
0
0
0
0
0
0
0
0
0
0
0
0
0
0
0
0
0
0
0
0
0
0
0
0
0
0
0
0
0
0
0
0
0
0
0
0
0
 
*********************************************** Results ***************************************
 
TotalArea 0
AreaFirstQuad 0
AreaSecondQuad 0
AreaThirdQuad 0
AreaFourthQuad 0
Coercivity 0
PositiveCoercivity 0
NegativeCoercivity 0
Retentivity 1.88499981335212E-04
PositiveRetentivity 3.6140339666764E-03
NegativeRetentivity 3.23703400400598E-03
Magnetization 0.0050242
PositiveMagnetization 0.0050242
NegativeMagnetization 0.00279063
Flatness -16.1725958860946
Squareness 3.75184071763092E-02
SStar 0
SFD1 0
SFD2 0
Slope 0
Intercept 0
SlopeAtHc -1.88136343514828E-06
dH1 19.8174073800789
dH2 89.19665
InitialSlope 4.75591932183567E-06
FieldAtHalfMs 2603.33
FieldAtMs 2263.88
MomentMean 4.11338861788618E-03
MomentRMS 6.06000841137658E-04
SFD3 0
dH3 39.6348147601578
UserField1 0
UserField2 0
CenterField 0
ExchangeField 0
ExchangeMoment 0
ExRegionOneIntercept 0
ExRegionOneSlope 0
ExRegionTwoIntercept 0
ExRegionTwoSlope 0
NegativeIntercept 0
NegativeSlope 0
AutoCenterOffset 0
PinningField 0
PinningMoment 0
PinRegionOneIntercept 0
PinRegionOneSlope 0
PinRegionTwoIntercept 0
PinRegionTwoSlope 0
PositiveIntercept 0
PositiveSlope 0
TotalOffset 0
BHMax 0
BCoercivity 0
BRetentivity 0
BNegativeCoercivity 0
BPositiveCoercivity 0
BNegativeRetentivity 0
BPositiveRetentivity 0
MomentYMean -6.87847382113822E-03
MomentYRMS 3.05788034896885E-04
YOffCorrection 0
Mrt 0
Ms1 0
Ms2 0
Ms3 0
Hc2 0
Hex2 0
HsatValue 0
HsatIntercept 0
HsatSlope 0
CenterH 0
Span .00223357
SpanAsPercentOfRange -42.1428301886792
RMSAsPercentOfRange -11.4339781346728
SpanAsPercentOfMean 54.2999995256418
RMSAsPercentOfMean 14.7323994261713
