Version 1.25
******************************************** Units *******************************************
System CGS
TemperatureUnit K
MomentUnit emu
AppliedFieldUnit G
 
******************************************** Setup ********************************************
 
Experiment CustomField
Minor False
Acquisition Continuous
EditedPoint No
MaxField 15000
FieldIncrement 100
Points 147
MinField 0
RampRate 10
AverageTime 0.1
TimeInterval 0
TimeConstant 0.1
TimeConstantIndex 0
Sensitivity -0.0053
SensitivityIndex 5
SensitivityY -400
SensitivityIndexY 0
SaturationField 8000
ExperimentTime 100
Use735Domains True
AutoRangeEnabled False
NumberOfVertices 2
VertexPts
0
146
VertexField
-2527.2194
835.4271
StartAngle 0
EndAngle 0
AngleIncrement 0
StartTemp 0
FinishTemp 0
TempIncrement 0
TempPoints 0
LengthofSetPointsArray 147
SetPointArray
-2527.21943
-2504.1876
-2481.15578
-2458.12395
-2435.09213
-2412.0603
-2389.02848
-2365.99665
-2342.96482
-2319.933
-2296.90117
-2273.86935
-2250.83752
-2227.8057
-2204.77387
-2181.74204
-2158.71022
-2135.67839
-2112.64657
-2089.61474
-2066.58291
-2043.55109
-2020.51926
-1997.48744
-1974.45561
-1951.42379
-1928.39196
-1905.36013
-1882.32831
-1859.29648
-1836.26466
-1813.23283
-1790.20101
-1767.16918
-1744.13735
-1721.10553
-1698.0737
-1675.04188
-1652.01005
-1628.97822
-1605.9464
-1582.91457
-1559.88275
-1536.85092
-1513.8191
-1490.78727
-1467.75544
-1444.72362
-1421.69179
-1398.65997
-1375.62814
-1352.59631
-1329.56449
-1306.53266
-1283.50084
-1260.46901
-1237.43719
-1214.40536
-1191.37353
-1168.34171
-1145.30988
-1122.27806
-1099.24623
-1076.21441
-1053.18258
-1030.15075
-1007.11893
-984.0871
-961.05528
-938.02345
-914.99162
-891.9598
-868.92797
-845.89615
-822.86432
-799.8325
-776.80067
-753.76884
-730.73702
-707.70519
-684.67337
-661.64154
-638.60972
-615.57789
-592.54606
-569.51424
-546.48241
-523.45059
-500.41876
-477.38693
-454.35511
-431.32328
-408.29146
-385.25963
-362.22781
-339.19598
-316.16415
-293.13233
-270.1005
-247.06868
-224.03685
-201.00503
-177.9732
-154.94137
-131.90955
-108.87772
-85.8459
-62.81407
-39.78224
-16.75042
6.28141
29.31323
52.34506
75.37688
98.40871
121.44054
144.47236
167.50419
190.53601
213.56784
236.59966
259.63149
282.66332
305.69514
328.72697
351.75879
374.79062
397.82245
420.85427
443.8861
466.91792
489.94975
512.98157
536.0134
559.04523
582.07705
605.10888
628.1407
651.17253
674.20436
697.23618
720.26801
743.29983
766.33166
789.36348
812.39531
835.42714
FieldDomainFile C:\IDEASVSM\Default UserID\Experiments\FORCexp0165B\fdomain.ini
TempDomainFile C:\IDEASVSM\Default UserID\Experiments\FORCexp0165B\tdomain.ini
NumSelectedResults 0
ResultsSelected 
UserName1 
UserValue1 
UserName2 
UserValue2 
LinearBackgroundCorrection Off
MaxLinearFieldCorrection 
MinLinearFieldCorrection 
AutoLinearCorrection Off
FitOneRegion Off
BackgroundMode Off
BackgroundFilename 
AutoCenter Off
OffsetCorrection 
SmoothDeriv Off
DerivOrder 0
DerivPoints 0
MinExFieldOne 
MaxExFieldOne 
MinExFieldTwo 
MaxExFieldTwo 
MinPinFieldOne 
MaxPinFieldOne 
MinPinFieldTwo 
MaxPinFieldTwo 
HCenterStart 
Mass 
Volume 
Density 
MolarWeight 
NumberOfMoles 
Demagnetization 
SampleArea 
Thickness 
MomentScaling 0
XAxis 0
YAxis 0
SimpleSpinValve False
HsatMax 0
HsatMin 0
FieldAutoRange False
 
*************************************************** Experiment Data ********************************************
 
DataPoints 147
MomentX Data
-0.00484103
-0.00482268
-0.00493203
-0.00489079
-0.00478328
-0.00474452
-0.00467372
-0.00477462
-0.0049246
-0.00498496
-0.00492266
-0.00499539
-0.00481358
-0.00503659
-0.00513237
-0.0049973
-0.00483769
-0.00472704
-0.00460546
-0.00465866
-0.00491725
-0.00516002
-0.00491426
-0.00496756
-0.00468414
-0.00468194
-0.00471091
-0.00484154
-0.00480046
-0.00467644
-0.0044801
-0.00470522
-0.00439165
-0.0045418
-0.00443819
-0.004401
-0.00470202
-0.00461665
-0.00449395
-0.00453294
-0.00471189
-0.00457089
-0.00454817
-0.00452749
-0.00470781
-0.00473483
-0.00449332
-0.00446846
-0.00431276
-0.00456779
-0.00435985
-0.00455026
-0.00465656
-0.00463115
-0.00438856
-0.00427749
-0.00438645
-0.00434642
-0.00452341
-0.00434134
-0.00425858
-0.00421172
-0.00400613
-0.00413918
-0.00442583
-0.00447691
-0.00424346
-0.00414317
-0.00405291
-0.00377167
-0.00417301
-0.00439867
-0.00424824
-0.0041037
-0.00384506
-0.00396137
-0.00421142
-0.00427831
-0.00392097
-0.00386647
-0.00412432
-0.0043997
-0.00416051
-0.00407745
-0.00421587
-0.00418728
-0.00388744
-0.00374123
-0.00354938
-0.00342675
-0.00349906
-0.00375482
-0.00365208
-0.0038076
-0.00358855
-0.00349344
-0.00361811
-0.0037734
-0.0034763
-0.00330959
-0.00322535
-0.00331255
-0.00343537
-0.00353177
-0.00365308
-0.00358984
-0.00330843
-0.00354202
-0.00349718
-0.00349943
-0.0031681
-0.00306631
-0.00323361
-0.00318144
-0.00313388
-0.0033086
-0.00325854
-0.00327565
-0.00308278
-0.00285457
-0.00273489
-0.00293709
-0.00293864
-0.00299949
-0.00281247
-0.00260064
-0.00250027
-0.00253602
-0.00255919
-0.00263007
-0.00234838
-0.00226253
-0.00253591
-0.00232288
-0.00233862
-0.00226299
-0.00199355
-0.00178362
-0.00175895
-0.00159426
-0.00169827
-0.00144142
-0.00119056
-0.00136616
-0.000936066
-0.000609978
-0.000454627
MomentY Data
-0.00553131
-0.00629425
-0.00581741
-0.00581741
-0.00553131
-0.00553131
-0.00658035
-0.00600815
-0.00610352
-0.00553131
-0.00600815
-0.00600815
-0.00567436
-0.00519753
-0.00581741
-0.00629425
-0.00629425
-0.00553131
-0.00610352
-0.00581741
-0.00610352
-0.00567436
-0.00581741
-0.00638962
-0.00600815
-0.00600815
-0.00567436
-0.00629425
-0.00567436
-0.00610352
-0.00581741
-0.00610352
-0.00581741
-0.00610352
-0.00638962
-0.00610352
-0.00638962
-0.00600815
-0.00600815
-0.00581741
-0.00567436
-0.00581741
-0.00534058
-0.00610352
-0.00567436
-0.00610352
-0.00629425
-0.00567436
-0.00553131
-0.00629425
-0.00567436
-0.00600815
-0.00610352
-0.00600815
-0.00600815
-0.00600815
-0.00600815
-0.00610352
-0.00567436
-0.00600815
-0.00610352
-0.00600815
-0.00629425
-0.00610352
-0.00638962
-0.00638962
-0.00610352
-0.00629425
-0.00600815
-0.00567436
-0.00610352
-0.00567436
-0.00567436
-0.00567436
-0.00553131
-0.00610352
-0.00553131
-0.00629425
-0.00581741
-0.00629425
-0.00638962
-0.00567436
-0.00629425
-0.00600815
-0.00553131
-0.00567436
-0.00567436
-0.00610352
-0.00600815
-0.00600815
-0.00610352
-0.00600815
-0.00567436
-0.00629425
-0.00567436
-0.00567436
-0.00600815
-0.00567436
-0.00638962
-0.00638962
-0.00567436
-0.00610352
-0.00629425
-0.00600815
-0.00629425
-0.00610352
-0.00677109
-0.00629425
-0.00581741
-0.00638962
-0.00638962
-0.00567436
-0.00629425
-0.00610352
-0.00600815
-0.00567436
-0.00629425
-0.00610352
-0.00629425
-0.00677109
-0.00638962
-0.00638962
-0.00677109
-0.00629425
-0.00610352
-0.00638962
-0.00600815
-0.00638962
-0.00629425
-0.00600815
-0.00629425
-0.00581741
-0.00686646
-0.00629425
-0.00658035
-0.00600815
-0.00629425
-0.00658035
-0.00629425
-0.00677109
-0.00658035
-0.00629425
-0.00581741
-0.00677109
-0.00629425
-0.00610352
-0.00553131
Field Data
-2527.27
-2525.53
-2515.65
-2499.92
-2481.09
-2460.1
-2436.25
-2413.79
-2390.93
-2368.19
-2344.96
-2323.62
-2299.67
-2276.76
-2252.72
-2229.29
-2204.4
-2181.96
-2159.33
-2136.15
-2113.73
-2091.76
-2069.1
-2045.82
-2022.23
-1994.99
-1973.97
-1952.23
-1929.81
-1906.71
-1883.99
-1859.65
-1838.07
-1814.48
-1791.59
-1768.37
-1747.59
-1723.58
-1700.23
-1677.07
-1654.16
-1630.43
-1607.89
-1584.92
-1562.34
-1539.1
-1516.72
-1494.63
-1471.61
-1448.84
-1426.04
-1398.47
-1377.72
-1355.69
-1332.73
-1310.01
-1287.42
-1265.7
-1242.71
-1220.02
-1197.06
-1169.76
-1148.32
-1125.97
-1103.75
-1080.76
-1057.82
-1036.22
-1013.88
-990.598
-966.995
-943.681
-919.491
-897.321
-874.449
-851.661
-828.79
-803.003
-782.944
-760.217
-737.636
-715.096
-690.713
-668.462
-646.026
-622.858
-600.01
-578.923
-556.023
-532.423
-509.667
-485.56
-460.232
-438.158
-415.888
-393.197
-370.483
-349.7
-327.651
-304.159
-279.885
-252.485
-231.851
-210.434
-187.85
-164.939
-141.773
-117.387
-96.2657
-73.1988
-50.8844
-27.6948
-6.45694
17.3991
41.2997
63.792
86.629
113.61
133.79
155.284
178.554
201.913
224.119
245.685
269.058
292.396
315.786
341.602
362.099
385.057
408.138
430.752
453.555
475.088
497.655
520.955
544.281
569.881
590.799
613.929
636.674
659.439
682.003
703.307
726.669
750.098
773.136
Time Data
0
0.1
0.2
0.3
0.4
0.5
0.6
0.7
0.8
0.9
1
1.1
1.2
1.3
1.4
1.5
1.6
1.7
1.8
1.9
2
2.1
2.2
2.3
2.4
2.5
2.6
2.7
2.8
2.9
3
3.1
3.2
3.3
3.4
3.5
3.6
3.7
3.8
3.9
4
4.1
4.2
4.3
4.4
4.5
4.6
4.7
4.8
4.9
5
5.1
5.2
5.3
5.4
5.5
5.6
5.7
5.8
5.9
5.99999999999999
6.09999999999999
6.19999999999999
6.29999999999999
6.39999999999999
6.49999999999999
6.59999999999999
6.69999999999999
6.79999999999999
6.89999999999999
6.99999999999999
7.09999999999999
7.19999999999999
7.29999999999999
7.39999999999999
7.49999999999999
7.59999999999999
7.69999999999999
7.79999999999999
7.89999999999999
7.99999999999999
8.09999999999999
8.19999999999999
8.29999999999999
8.39999999999999
8.49999999999999
8.59999999999999
8.69999999999999
8.79999999999998
8.89999999999998
8.99999999999998
9.09999999999998
9.19999999999998
9.29999999999998
9.39999999999998
9.49999999999998
9.59999999999998
9.69999999999998
9.79999999999998
9.89999999999998
9.99999999999998
10.1
10.2
10.3
10.4
10.5
10.6
10.7
10.8
10.9
11
11.1
11.2
11.3
11.4
11.5
11.6
11.7
11.8
11.9
12
12.1
12.2
12.3
12.4
12.5
12.6
12.7
12.8
12.9
13
13.1
13.2
13.3
13.4
13.5
13.6
13.7
13.8
13.9
14
14.1
14.2
14.3
14.4
14.5
14.6
Temperature Data
0
0
0
0
0
0
0
0
0
0
0
0
0
0
0
0
0
0
0
0
0
0
0
0
0
0
0
0
0
0
0
0
0
0
0
0
0
0
0
0
0
0
0
0
0
0
0
0
0
0
0
0
0
0
0
0
0
0
0
0
0
0
0
0
0
0
0
0
0
0
0
0
0
0
0
0
0
0
0
0
0
0
0
0
0
0
0
0
0
0
0
0
0
0
0
0
0
0
0
0
0
0
0
0
0
0
0
0
0
0
0
0
0
0
0
0
0
0
0
0
0
0
0
0
0
0
0
0
0
0
0
0
0
0
0
0
0
0
0
0
0
0
0
0
0
0
0
Angle Data
0
0
0
0
0
0
0
0
0
0
0
0
0
0
0
0
0
0
0
0
0
0
0
0
0
0
0
0
0
0
0
0
0
0
0
0
0
0
0
0
0
0
0
0
0
0
0
0
0
0
0
0
0
0
0
0
0
0
0
0
0
0
0
0
0
0
0
0
0
0
0
0
0
0
0
0
0
0
0
0
0
0
0
0
0
0
0
0
0
0
0
0
0
0
0
0
0
0
0
0
0
0
0
0
0
0
0
0
0
0
0
0
0
0
0
0
0
0
0
0
0
0
0
0
0
0
0
0
0
0
0
0
0
0
0
0
0
0
0
0
0
0
0
0
0
0
0
Bx Data
0
0
0
0
0
0
0
0
0
0
0
0
0
0
0
0
0
0
0
0
0
0
0
0
0
0
0
0
0
0
0
0
0
0
0
0
0
0
0
0
0
0
0
0
0
0
0
0
0
0
0
0
0
0
0
0
0
0
0
0
0
0
0
0
0
0
0
0
0
0
0
0
0
0
0
0
0
0
0
0
0
0
0
0
0
0
0
0
0
0
0
0
0
0
0
0
0
0
0
0
0
0
0
0
0
0
0
0
0
0
0
0
0
0
0
0
0
0
0
0
0
0
0
0
0
0
0
0
0
0
0
0
0
0
0
0
0
0
0
0
0
0
0
0
0
0
0
Hint Data
0
0
0
0
0
0
0
0
0
0
0
0
0
0
0
0
0
0
0
0
0
0
0
0
0
0
0
0
0
0
0
0
0
0
0
0
0
0
0
0
0
0
0
0
0
0
0
0
0
0
0
0
0
0
0
0
0
0
0
0
0
0
0
0
0
0
0
0
0
0
0
0
0
0
0
0
0
0
0
0
0
0
0
0
0
0
0
0
0
0
0
0
0
0
0
0
0
0
0
0
0
0
0
0
0
0
0
0
0
0
0
0
0
0
0
0
0
0
0
0
0
0
0
0
0
0
0
0
0
0
0
0
0
0
0
0
0
0
0
0
0
0
0
0
0
0
0
Torque Data
13.9791138237
15.8963172025
14.6345674665
14.5430596072
13.7236779279
13.607575731
16.0313776875
14.5024123885
14.5930890736
13.0991930289
14.088871424
13.960657503
13.0491554612
11.8335284028
13.1049958552
14.0317085825
13.8750447
12.0690971676
13.1795138416
12.4268603715
12.9011933296
11.8693992736
12.036803031
13.0720123884
12.1498611745
11.9861991685
11.2010164092
12.2878236775
10.9504366716
11.6376426192
10.9599422659
11.350410968
10.6928067987
11.0747149696
11.4475792958
10.7932816624
11.1664360158
10.355527177
10.2152368745
9.7562037887
9.3862993376
9.4848797863
8.5870651762
9.6735909184
8.8652796024
9.393927632
9.54661486
8.4810686868
8.1399311091
9.11936117
8.0918643344
8.4022175305
8.4089415744
8.1451888735
8.0072417495
7.8707365815
7.735012473
7.725225264
7.0515839156
7.330063163
7.3062796512
7.028093544
7.22781316
6.8723804144
7.052543075
6.9056457112
6.4564255264
6.522227735
6.091543122
5.62100966728
5.9020733224
5.35478571916
5.21752295076
5.09172238956
4.83684849819
5.19812994672
4.5842944149
5.05430163275
4.55470625504
4.78499585225
4.71321373832
4.05771213856
4.34752030025
4.0162199653
3.57337007406
3.53432052088
3.4046727436
3.53346810896
3.34066958745
3.19887724745
3.11076272784
2.917317314
2.61152205152
2.7578759915
2.35989823168
2.23114132892
2.22591743645
1.984323692
2.09356538262
1.94346042958
1.5881682486
1.5410472472
1.45932815675
1.2643190371
1.1823748625
1.00670848528
0.95995774257
0.73886312475
0.560017045837
0.467712516456
0.325131979928
0.157150265328
0.040641594595
-0.106195754832
-0.248134792555
-0.36197877312
-0.54526458325
-0.6934209072
-0.8421077075
-1.05144193956
-1.14089220948
-1.29014734306
-1.51752991971
-1.54640281125
-1.64220088416
-1.86829932952
-1.8972896559
-2.18270697124
-2.27914163075
-2.31348021455
-2.5689226065
-2.50586099232
-3.1143172653
-2.990322644
-3.27474407925
-3.12997578325
-3.42584068425
-3.75001643835
-3.71863660575
-4.15696851261
-4.1895377559
-4.15067392575
-3.96749107223
-4.76215499463
-4.57383635325
-4.57823814496
-4.27645488816
dMdH Data
1.05459770114953E-05
-1.1067813765182E-05
2.62174189446914E-06
5.70950610727564E-06
1.84659361600759E-06
2.96855345911952E-06
-4.49243098842386E-06
-6.56080489938754E-06
-2.65435356200529E-06
2.68187688334052E-06
-3.40815370196811E-06
7.59123173277668E-06
-9.73417721518994E-06
-3.98419301164719E-06
5.76483141271878E-06
6.41261550823624E-06
4.93092691622104E-06
5.37251436146707E-06
-2.29508196721316E-06
-1.15338983050847E-05
-1.10500682749205E-05
1.08455428067077E-05
-2.28951890034365E-06
1.20144128868165E-05
8.07635829662241E-08
-1.37821122740246E-06
-6.008739650414E-06
1.8322925958965E-06
5.36883116883122E-06
8.64172535211265E-06
-9.24897288414138E-06
1.45305838739573E-05
-6.36498516320477E-06
4.52643075578856E-06
1.60163652024115E-06
-1.44860442733398E-05
3.55560183256978E-06
5.25481798715205E-06
-1.683506044905E-06
-7.81099956350942E-06
5.94184576485459E-06
1.00798580301688E-06
9.00304745319959E-07
-7.98582816651896E-06
-1.16265060240964E-06
1.07913315460233E-05
1.12539610683571E-06
6.76368375325797E-06
-1.12002635046114E-05
9.12017543859652E-06
-6.90642002176281E-06
-5.12289156626503E-06
1.15342714480254E-06
1.05657665505226E-05
4.88864436619716E-06
-4.8233731739708E-06
1.84300184162062E-06
-7.69856459330144E-06
8.02423975319524E-06
3.60452961672475E-06
1.71648351648349E-06
9.58908582089551E-06
-5.95302013422821E-06
-1.29005400540054E-05
-2.22183558068723E-06
1.01765475152572E-05
4.64305555555559E-06
4.04028648164726E-06
1.20797182372648E-05
-1.70037707071135E-05
-9.67916273483749E-06
6.21868540719304E-06
6.5196211096076E-06
1.13081497026932E-05
-5.10400210637176E-06
-1.09330593327795E-05
-2.5939426842983E-06
1.78144473802282E-05
2.39802877634533E-06
-1.14188919888402E-05
-1.22173913043479E-05
9.80970348193413E-06
3.73286593860952E-06
-6.16954893920485E-06
1.23402969613261E-06
1.31232492997199E-05
6.93365580689524E-06
8.37772925764193E-06
5.19618644067796E-06
-3.17762348391632E-06
-1.06093665740241E-05
4.0563802905875E-06
-7.0453927697744E-06
9.83610237988324E-06
4.19152968137147E-06
-5.48868539226908E-06
-7.47197228504066E-06
1.34745339924713E-05
7.0964583688064E-06
3.47037983027106E-06
-3.18248175182482E-06
-5.95231171852282E-06
-4.50109725918663E-06
-5.37150194828196E-06
2.76024616996203E-06
1.21475438142105E-05
-9.57885672106947E-06
2.12297538503785E-06
-9.75423659009266E-08
1.48482594199261E-05
4.38946769241384E-06
-7.87744151246877E-06
2.18686756058425E-06
1.98990820314134E-06
-7.76799171271947E-06
2.19205675001096E-06
-6.34149957377425E-07
9.55748265609517E-06
1.06173815948637E-05
5.14310270734852E-06
-8.65619247399289E-06
-6.98009546969439E-08
-2.82157099137531E-06
8.00154023873701E-06
9.07661324877881E-06
4.29115006412996E-06
-1.38480012395413E-06
-1.13040932819436E-06
-3.08737694921161E-06
1.22044105541354E-05
3.7963208631821E-06
-1.19887734070079E-05
9.89318720104027E-06
-6.97478619222769E-07
3.24592274678111E-06
1.15510589042271E-05
0.000008200390625
1.17936705229946E-06
7.12019022913965E-06
-4.57287315893603E-06
1.12826707665276E-05
1.11177096259528E-05
-8.24258355238454E-06
1.84099820220872E-05
1.39181356438602E-05
6.74325028214254E-06
6.74325028214254E-06
dMdT Data
0
0
0
0
0
0
0
0
0
0
0
0
0
0
0
0
0
0
0
0
0
0
0
0
0
0
0
0
0
0
0
0
0
0
0
0
0
0
0
0
0
0
0
0
0
0
0
0
0
0
0
0
0
0
0
0
0
0
0
0
0
0
0
0
0
0
0
0
0
0
0
0
0
0
0
0
0
0
0
0
0
0
0
0
0
0
0
0
0
0
0
0
0
0
0
0
0
0
0
0
0
0
0
0
0
0
0
0
0
0
0
0
0
0
0
0
0
0
0
0
0
0
0
0
0
0
0
0
0
0
0
0
0
0
0
0
0
0
0
0
0
0
0
0
0
0
0
 
*********************************************** Results ***************************************
 
TotalArea 0
AreaFirstQuad 0
AreaSecondQuad 0
AreaThirdQuad 0
AreaFourthQuad 0
Coercivity 0
PositiveCoercivity 0
NegativeCoercivity 0
Retentivity 1.25154954246075E-02
PositiveRetentivity 2.18115013218416E-02
NegativeRetentivity -3.21948952737336E-03
Magnetization 0.00516002
PositiveMagnetization -0.000454627
NegativeMagnetization -0.00516002
Flatness 1.25724027840267
Squareness 2.42547420835723
SStar 0
SFD1 0
SFD2 0
Slope 0
Intercept 0
SlopeAtHc 6.74325028214254E-06
dH1 593.37771222929
dH2 212.58
InitialSlope 1.05459770114953E-05
FieldAtHalfMs 773.136
FieldAtMs 773.136
MomentMean -3.82073204761905E-03
MomentRMS 1.02374191407178E-03
SFD3 0
dH3 1186.75542445858
UserField1 0
UserField2 0
CenterField 0
ExchangeField 0
ExchangeMoment 0
ExRegionOneIntercept 0
ExRegionOneSlope 0
ExRegionTwoIntercept 0
ExRegionTwoSlope 0
NegativeIntercept 0
NegativeSlope 0
AutoCenterOffset 0
PinningField 0
PinningMoment 0
PinRegionOneIntercept 0
PinRegionOneSlope 0
PinRegionTwoIntercept 0
PinRegionTwoSlope 0
PositiveIntercept 0
PositiveSlope 0
TotalOffset 0
BHMax 0
BCoercivity 0
BRetentivity 0
BNegativeCoercivity 0
BPositiveCoercivity 0
BNegativeRetentivity 0
BPositiveRetentivity 0
MomentYMean -6.04642544217686E-03
MomentYRMS 3.2621917665811E-04
YOffCorrection 0
Mrt 0
Ms1 0
Ms2 0
Ms3 0
Hc2 0
Hex2 0
HsatValue 0
HsatIntercept 0
HsatSlope 0
CenterH 0
Span .004705393
SpanAsPercentOfRange -88.781
RMSAsPercentOfRange -19.3158851711656
SpanAsPercentOfMean -123.154226503066
RMSAsPercentOfMean -26.7943917896503
