Version 1.25
******************************************** Units *******************************************
System CGS
TemperatureUnit K
MomentUnit emu
AppliedFieldUnit G
 
******************************************** Setup ********************************************
 
Experiment CustomField
Minor False
Acquisition Continuous
EditedPoint No
MaxField 15000
FieldIncrement 100
Points 147
MinField 0
RampRate 10
AverageTime 0.1
TimeInterval 0
TimeConstant 0.1
TimeConstantIndex 0
Sensitivity -0.0053
SensitivityIndex 5
SensitivityY -400
SensitivityIndexY 0
SaturationField 8000
ExperimentTime 100
Use735Domains True
AutoRangeEnabled False
NumberOfVertices 2
VertexPts
0
146
VertexField
-1951.4238
1411.2228
StartAngle 0
EndAngle 0
AngleIncrement 0
StartTemp 0
FinishTemp 0
TempIncrement 0
TempPoints 0
LengthofSetPointsArray 147
SetPointArray
-1951.42379
-1928.39196
-1905.36013
-1882.32831
-1859.29648
-1836.26466
-1813.23283
-1790.20101
-1767.16918
-1744.13735
-1721.10553
-1698.0737
-1675.04188
-1652.01005
-1628.97822
-1605.9464
-1582.91457
-1559.88275
-1536.85092
-1513.8191
-1490.78727
-1467.75544
-1444.72362
-1421.69179
-1398.65997
-1375.62814
-1352.59631
-1329.56449
-1306.53266
-1283.50084
-1260.46901
-1237.43719
-1214.40536
-1191.37353
-1168.34171
-1145.30988
-1122.27806
-1099.24623
-1076.21441
-1053.18258
-1030.15075
-1007.11893
-984.0871
-961.05528
-938.02345
-914.99162
-891.9598
-868.92797
-845.89615
-822.86432
-799.8325
-776.80067
-753.76884
-730.73702
-707.70519
-684.67337
-661.64154
-638.60972
-615.57789
-592.54606
-569.51424
-546.48241
-523.45059
-500.41876
-477.38693
-454.35511
-431.32328
-408.29146
-385.25963
-362.22781
-339.19598
-316.16415
-293.13233
-270.1005
-247.06868
-224.03685
-201.00503
-177.9732
-154.94137
-131.90955
-108.87772
-85.8459
-62.81407
-39.78224
-16.75042
6.28141
29.31323
52.34506
75.37688
98.40871
121.44054
144.47236
167.50419
190.53601
213.56784
236.59966
259.63149
282.66332
305.69514
328.72697
351.75879
374.79062
397.82245
420.85427
443.8861
466.91792
489.94975
512.98157
536.0134
559.04523
582.07705
605.10888
628.1407
651.17253
674.20436
697.23618
720.26801
743.29983
766.33166
789.36348
812.39531
835.42714
858.45896
881.49079
904.52261
927.55444
950.58626
973.61809
996.64992
1019.68174
1042.71357
1065.74539
1088.77722
1111.80905
1134.84087
1157.8727
1180.90452
1203.93635
1226.96817
1250
1273.03183
1296.06365
1319.09548
1342.1273
1365.15913
1388.19095
1411.22278
FieldDomainFile C:\IDEASVSM\Default UserID\Experiments\FORCexp0140B\fdomain.ini
TempDomainFile C:\IDEASVSM\Default UserID\Experiments\FORCexp0140B\tdomain.ini
NumSelectedResults 0
ResultsSelected 
UserName1 
UserValue1 
UserName2 
UserValue2 
LinearBackgroundCorrection Off
MaxLinearFieldCorrection 
MinLinearFieldCorrection 
AutoLinearCorrection Off
FitOneRegion Off
BackgroundMode Off
BackgroundFilename 
AutoCenter Off
OffsetCorrection 
SmoothDeriv Off
DerivOrder 0
DerivPoints 0
MinExFieldOne 
MaxExFieldOne 
MinExFieldTwo 
MaxExFieldTwo 
MinPinFieldOne 
MaxPinFieldOne 
MinPinFieldTwo 
MaxPinFieldTwo 
HCenterStart 
Mass 
Volume 
Density 
MolarWeight 
NumberOfMoles 
Demagnetization 
SampleArea 
Thickness 
MomentScaling 0
XAxis 0
YAxis 0
SimpleSpinValve False
HsatMax 0
HsatMin 0
FieldAutoRange False
 
*************************************************** Experiment Data ********************************************
 
DataPoints 147
MomentX Data
-0.00461544
-0.00448472
-0.00458985
-0.00476046
-0.00465716
-0.00471162
-0.0045249
-0.00471389
-0.00478844
-0.00456503
-0.00441183
-0.00467581
-0.00459224
-0.00458196
-0.00434043
-0.00437201
-0.00448411
-0.00438403
-0.00427474
-0.00433792
-0.00454932
-0.0042758
-0.00439734
-0.00422032
-0.0041368
-0.00430418
-0.00437407
-0.00456925
-0.00462394
-0.00432177
-0.00447266
-0.00424245
-0.00413372
-0.00431702
-0.00448772
-0.00426143
-0.00424546
-0.00400276
-0.00398882
-0.0042986
-0.00431176
-0.00412313
-0.00415227
-0.00411756
-0.00409199
-0.00431079
-0.00430279
-0.00400525
-0.00387036
-0.00412776
-0.00416119
-0.0042656
-0.00409025
-0.00396213
-0.00388732
-0.00381695
-0.00389223
-0.00374198
-0.00390295
-0.0040478
-0.00378107
-0.00356631
-0.00341088
-0.00364401
-0.00386215
-0.0039147
-0.00372424
-0.0037764
-0.00362464
-0.00353933
-0.00326656
-0.00347918
-0.00358035
-0.00351089
-0.00334643
-0.00331392
-0.0033712
-0.00339697
-0.00347158
-0.00317727
-0.00334862
-0.00330566
-0.00315126
-0.00334164
-0.00342257
-0.0032909
-0.00303517
-0.00314528
-0.00297954
-0.00289236
-0.00318829
-0.00303334
-0.00273108
-0.00249405
-0.0025559
-0.00268399
-0.0026673
-0.00271144
-0.00275241
-0.00273351
-0.00266985
-0.00251968
-0.00237786
-0.00249441
-0.00249212
-0.00233341
-0.0021626
-0.00197422
-0.00197434
-0.00197091
-0.00201365
-0.00190275
-0.00179616
-0.00128717
-0.00123458
-0.00136813
-0.0013072
-0.00117459
-0.00095638
-0.000692247
-0.000397217
-0.000377894
-0.000116565
0.000119036
0.000337285
0.000813984
0.0011238
0.00123622
0.00166068
0.00173035
0.00179024
0.00210034
0.00217085
0.00247362
0.00273014
0.00269011
0.00281807
0.00303316
0.00336543
0.0035298
0.00370375
0.00358865
0.00329476
0.00371856
0.00401704
0.00412576
0.00402575
MomentY Data
-0.00567436
-0.00581741
-0.00553131
-0.00600815
-0.00553131
-0.00567436
-0.00629425
-0.00553131
-0.00534058
-0.00567436
-0.00610352
-0.00581741
-0.00610352
-0.00686646
-0.00610352
-0.00638962
-0.00553131
-0.00629425
-0.00610352
-0.00658035
-0.00610352
-0.00567436
-0.00581741
-0.00629425
-0.00629425
-0.00638962
-0.00638962
-0.00600815
-0.00629425
-0.00581741
-0.00610352
-0.00567436
-0.00638962
-0.00610352
-0.00581741
-0.00638962
-0.00629425
-0.00581741
-0.00610352
-0.00600815
-0.00610352
-0.00629425
-0.00567436
-0.00600815
-0.00610352
-0.00629425
-0.00600815
-0.00581741
-0.00629425
-0.00567436
-0.00600815
-0.00610352
-0.00610352
-0.00610352
-0.00629425
-0.00553131
-0.00581741
-0.00610352
-0.00567436
-0.00610352
-0.00638962
-0.00610352
-0.00581741
-0.00629425
-0.00534058
-0.00610352
-0.00610352
-0.00610352
-0.00600815
-0.00629425
-0.00610352
-0.00638962
-0.00658035
-0.00658035
-0.00600815
-0.00581741
-0.00638962
-0.00629425
-0.00610352
-0.00610352
-0.00638962
-0.00629425
-0.00600815
-0.00600815
-0.00600815
-0.00600815
-0.00534058
-0.00610352
-0.00534058
-0.00629425
-0.00638962
-0.00581741
-0.00600815
-0.00600815
-0.00638962
-0.00629425
-0.00658035
-0.00581741
-0.00610352
-0.00581741
-0.00629425
-0.00610352
-0.00610352
-0.00600815
-0.00581741
-0.00610352
-0.00610352
-0.00658035
-0.00629425
-0.00629425
-0.00658035
-0.00658035
-0.00638962
-0.00677109
-0.00610352
-0.00658035
-0.00629425
-0.00629425
-0.00686646
-0.00610352
-0.00629425
-0.00629425
-0.00677109
-0.00705719
-0.00677109
-0.00638962
-0.00677109
-0.00629425
-0.00638962
-0.00658035
-0.00658035
-0.00610352
-0.00629425
-0.00686646
-0.00677109
-0.00677109
-0.00677109
-0.00658035
-0.00686646
-0.00686646
-0.00658035
-0.00638962
-0.00677109
-0.00677109
-0.00677109
-0.00686646
-0.00686646
Field Data
-1951.49
-1945.87
-1931.66
-1914.67
-1894.01
-1868.35
-1848
-1826.15
-1802.38
-1783.07
-1754.83
-1733.65
-1710.88
-1688.36
-1664.93
-1638.76
-1617.45
-1595.24
-1572.26
-1549.03
-1523.37
-1502.78
-1479.7
-1456.78
-1433.75
-1411.13
-1389.12
-1366.12
-1342.66
-1319.46
-1293.81
-1271.91
-1249.33
-1227.21
-1203.94
-1181.16
-1159.16
-1136.81
-1113.27
-1090.28
-1066.79
-1042.1
-1020.17
-997.614
-974.598
-951.542
-925.868
-905.439
-883.083
-860.819
-837.196
-814.624
-793.216
-769.634
-746.062
-722.853
-696.822
-675.385
-652.845
-630.625
-608.241
-585.3
-563.832
-540.406
-516.909
-493.786
-467.727
-446.271
-423.96
-401.485
-378.669
-355.787
-333.778
-311.543
-288.247
-265.07
-238.581
-217.396
-195.255
-173.182
-149.894
-126.986
-105.451
-82.3224
-58.8031
-36.0769
-9.84992
11.7093
33.7525
56.4404
79.9932
106.84
126.737
148.169
171.156
193.969
216.705
238.354
261.196
283.901
311.693
333.21
353.742
375.372
398.504
422.018
449.099
470.018
491.041
513.869
537.066
560.027
581.217
604.147
628.054
650.948
674.31
700.317
720.205
742.801
765.764
788.854
814.903
835.668
854.853
878.479
902.366
928.945
949.53
971.442
994.815
1017.86
1043.45
1064.07
1086.67
1109.23
1132.28
1154.62
1175.97
1199.6
1223.1
1246
1272.64
1293.14
1315.21
1338.05
1361.19
Time Data
0
0.1
0.2
0.3
0.4
0.5
0.6
0.7
0.8
0.9
1
1.1
1.2
1.3
1.4
1.5
1.6
1.7
1.8
1.9
2
2.1
2.2
2.3
2.4
2.5
2.6
2.7
2.8
2.9
3
3.1
3.2
3.3
3.4
3.5
3.6
3.7
3.8
3.9
4
4.1
4.2
4.3
4.4
4.5
4.6
4.7
4.8
4.9
5
5.1
5.2
5.3
5.4
5.5
5.6
5.7
5.8
5.9
5.99999999999999
6.09999999999999
6.19999999999999
6.29999999999999
6.39999999999999
6.49999999999999
6.59999999999999
6.69999999999999
6.79999999999999
6.89999999999999
6.99999999999999
7.09999999999999
7.19999999999999
7.29999999999999
7.39999999999999
7.49999999999999
7.59999999999999
7.69999999999999
7.79999999999999
7.89999999999999
7.99999999999999
8.09999999999999
8.19999999999999
8.29999999999999
8.39999999999999
8.49999999999999
8.59999999999999
8.69999999999999
8.79999999999998
8.89999999999998
8.99999999999998
9.09999999999998
9.19999999999998
9.29999999999998
9.39999999999998
9.49999999999998
9.59999999999998
9.69999999999998
9.79999999999998
9.89999999999998
9.99999999999998
10.1
10.2
10.3
10.4
10.5
10.6
10.7
10.8
10.9
11
11.1
11.2
11.3
11.4
11.5
11.6
11.7
11.8
11.9
12
12.1
12.2
12.3
12.4
12.5
12.6
12.7
12.8
12.9
13
13.1
13.2
13.3
13.4
13.5
13.6
13.7
13.8
13.9
14
14.1
14.2
14.3
14.4
14.5
14.6
Temperature Data
0
0
0
0
0
0
0
0
0
0
0
0
0
0
0
0
0
0
0
0
0
0
0
0
0
0
0
0
0
0
0
0
0
0
0
0
0
0
0
0
0
0
0
0
0
0
0
0
0
0
0
0
0
0
0
0
0
0
0
0
0
0
0
0
0
0
0
0
0
0
0
0
0
0
0
0
0
0
0
0
0
0
0
0
0
0
0
0
0
0
0
0
0
0
0
0
0
0
0
0
0
0
0
0
0
0
0
0
0
0
0
0
0
0
0
0
0
0
0
0
0
0
0
0
0
0
0
0
0
0
0
0
0
0
0
0
0
0
0
0
0
0
0
0
0
0
0
Angle Data
0
0
0
0
0
0
0
0
0
0
0
0
0
0
0
0
0
0
0
0
0
0
0
0
0
0
0
0
0
0
0
0
0
0
0
0
0
0
0
0
0
0
0
0
0
0
0
0
0
0
0
0
0
0
0
0
0
0
0
0
0
0
0
0
0
0
0
0
0
0
0
0
0
0
0
0
0
0
0
0
0
0
0
0
0
0
0
0
0
0
0
0
0
0
0
0
0
0
0
0
0
0
0
0
0
0
0
0
0
0
0
0
0
0
0
0
0
0
0
0
0
0
0
0
0
0
0
0
0
0
0
0
0
0
0
0
0
0
0
0
0
0
0
0
0
0
0
Bx Data
0
0
0
0
0
0
0
0
0
0
0
0
0
0
0
0
0
0
0
0
0
0
0
0
0
0
0
0
0
0
0
0
0
0
0
0
0
0
0
0
0
0
0
0
0
0
0
0
0
0
0
0
0
0
0
0
0
0
0
0
0
0
0
0
0
0
0
0
0
0
0
0
0
0
0
0
0
0
0
0
0
0
0
0
0
0
0
0
0
0
0
0
0
0
0
0
0
0
0
0
0
0
0
0
0
0
0
0
0
0
0
0
0
0
0
0
0
0
0
0
0
0
0
0
0
0
0
0
0
0
0
0
0
0
0
0
0
0
0
0
0
0
0
0
0
0
0
Hint Data
0
0
0
0
0
0
0
0
0
0
0
0
0
0
0
0
0
0
0
0
0
0
0
0
0
0
0
0
0
0
0
0
0
0
0
0
0
0
0
0
0
0
0
0
0
0
0
0
0
0
0
0
0
0
0
0
0
0
0
0
0
0
0
0
0
0
0
0
0
0
0
0
0
0
0
0
0
0
0
0
0
0
0
0
0
0
0
0
0
0
0
0
0
0
0
0
0
0
0
0
0
0
0
0
0
0
0
0
0
0
0
0
0
0
0
0
0
0
0
0
0
0
0
0
0
0
0
0
0
0
0
0
0
0
0
0
0
0
0
0
0
0
0
0
0
0
0
Torque Data
11.0734567964
11.3199235967
10.6846102746
11.5036245605
10.4763564531
10.601690506
11.631774
10.1010017565
9.6257545804
10.1177810852
10.7106400016
10.0853528465
10.4423902976
11.5930564056
10.1619335536
10.4710536712
8.9466173595
10.04083937
9.5963203552
10.1931595605
9.2979192624
8.5273147208
8.608021577
9.169337515
9.0243809375
9.0165844706
8.8759489344
8.207853878
8.451037705
7.6758397986
7.8967952112
7.2172752276
7.9827439546
7.4903007792
7.0038125954
7.5471635592
7.29604283
6.6132898621
6.7948657104
6.550565782
6.5111741008
6.559237925
5.7888118412
5.9938145541
5.94847838496
5.9892432335
5.5627538242
5.26730989299
5.55834517275
4.88459690084
5.0299991474
4.97207387648
4.84140972032
4.69747651168
4.6959007435
3.99832402743
4.05369927102
4.1222258552
3.7044775542
3.8490323
3.88642885842
3.572390256
3.28004191512
3.4014504655
2.76059386722
3.01383272672
2.85478109904
2.72382397392
2.547215274
2.52704696125
2.31121381488
2.27334373094
2.1963760623
2.05006198005
1.73183121305
1.5420208687
1.52444192922
1.368344773
1.1917427976
1.05701980064
0.95776570028
0.7992816305
0.63356542565
0.49460532756
0.353297845265
0.216755426735
0.0526042857536
-0.071467946736
-0.18025792645
-0.3552499877
-0.511126150584
-0.6215320844
-0.76145490655
-0.89022157735
-1.09362180072
-1.22088937825
-1.42599474675
-1.38660294314
-1.59421500992
-1.65156851641
-1.96187366525
-2.0337538992
-2.15907137184
-2.2552912818
-2.31826115464
-2.57579530336
-2.74108472848
-3.0928829463
-3.09073481425
-3.23441995325
-3.5340822531
-3.68517366945
-3.71375576754
-4.09073371023
-3.83334015008
-4.2834656718
-4.2442757175
-4.40797027725
-4.9452588243
-4.53370075952
-4.819910057
-4.9652442895
-5.51778155427
-5.89746785292
-5.78828659977
-5.61314698798
-6.11000139894
-5.84701206625
-6.0671358786
-6.3924283647
-6.54623088525
-6.2125288672
-6.5677351625
-7.3063940922
-7.3579403703
-7.5106961607
-7.6667697852
-7.597803717
-8.0747509662
-8.237005416
-8.048426085
-7.96146652
-8.6171599776
-8.7559673226
-8.9054052789
-9.187666803
-9.3465566874
dMdH Data
2.32597864768678E-05
-7.39831104855746E-06
-1.00417892878163E-05
5.00000000000001E-06
-2.12236944660951E-06
9.17542997543E-06
-8.64942791762017E-06
-3.13630626840554E-06
1.15696530295182E-05
5.42492917847025E-06
-1.24636449480643E-05
3.6701800614844E-06
4.56483126110105E-07
1.03085787451985E-05
-1.20672525792892E-06
-5.26044110746132E-06
4.50607834308872E-06
4.75587467362923E-06
-2.71975893241499E-06
-8.23850350740448E-06
1.32841185041283E-05
-5.26603119584056E-06
7.72338568935425E-06
3.62657403386884E-06
-7.39964633068085E-06
-3.17537482962285E-06
-8.48608695652176E-06
-2.33120204603581E-06
1.30245689655172E-05
-5.88265107212473E-06
1.05118721461188E-05
4.81532329495127E-06
-8.28661844484637E-06
-7.33562526858614E-06
9.93371378402107E-06
7.25909090909077E-07
1.08590604026845E-05
5.92183517417184E-07
-1.347455415398E-05
-5.60238399318892E-07
7.6399351964358E-06
-1.32877336981302E-06
1.53883667316898E-06
1.11096628432394E-06
-9.48993754337268E-06
3.11599283321656E-07
1.45645895540652E-05
6.03372696367865E-06
-1.15612648221344E-05
-1.41514625576769E-06
-4.62564238880025E-06
8.19086322869952E-06
5.43295734034432E-06
3.17368063804515E-06
3.03201344306088E-06
-2.89193653720565E-06
7.00890982880068E-06
-7.14152617568769E-06
-6.518901890189E-06
1.19161007862759E-05
9.36140534414366E-06
7.24007825600897E-06
-9.95176299837786E-06
-9.28373834957655E-06
-2.27262898412837E-06
7.3087992632104E-06
-2.4310216256525E-06
6.8020259065035E-06
3.79577308120136E-06
1.19552068723702E-05
-9.29201992832795E-06
-4.59675587259757E-06
3.12390375534067E-06
7.05958104395604E-06
1.40268369504249E-06
-2.16240703688323E-06
-1.21642671701676E-06
-3.36976649654488E-06
1.33334843473928E-05
-7.35786671246996E-06
1.87532739654269E-06
7.16972370559555E-06
-8.23136722499417E-06
-3.44100377137076E-06
5.79375346516357E-06
9.75064609040004E-06
-5.10732763059146E-06
7.51887203309863E-06
3.84257688018724E-06
-1.25645358513637E-05
5.77163758809244E-06
1.51912348595266E-05
1.10596304591265E-05
-2.69065123765607E-06
-5.61478104589489E-06
7.34078114004211E-07
-2.03889325142038E-06
-1.79362577707731E-06
8.32415767452088E-07
2.2905872193437E-06
6.97913277873311E-06
6.90726670563022E-06
-5.38834951456311E-06
9.89970603492929E-08
6.74959598537042E-06
6.30737417377497E-06
9.00521057411924E-06
-5.7080340579439E-09
1.50254073944279E-07
-1.84247963098676E-06
4.82992901006054E-06
5.03020292590846E-06
2.21975577845616E-05
2.19977412473335E-06
-5.83340613261116E-06
2.60808149987159E-06
5.09901180451415E-06
1.09719428801287E-05
1.16893697999646E-05
1.2848059922484E-05
8.3685578172369E-07
1.00322085300779E-05
1.13460630869251E-05
1.13760229345843E-05
2.01768814018453E-05
1.29700674006782E-05
4.22965499078218E-06
2.06198688365315E-05
3.17953632712668E-06
2.56235827664398E-06
1.34562811889781E-05
2.75537319265338E-06
1.46833171677983E-05
1.1350442477876E-05
-1.77437943262411E-06
5.55140997830805E-06
9.62802148612357E-06
1.55629976580795E-05
6.95598815065598E-06
7.40212765957447E-06
-5.02620087336242E-06
-1.10319069069069E-05
2.06731707317073E-05
1.35242410512008E-05
4.76007005253941E-06
-4.3219533275713E-06
-4.3219533275713E-06
dMdT Data
0
0
0
0
0
0
0
0
0
0
0
0
0
0
0
0
0
0
0
0
0
0
0
0
0
0
0
0
0
0
0
0
0
0
0
0
0
0
0
0
0
0
0
0
0
0
0
0
0
0
0
0
0
0
0
0
0
0
0
0
0
0
0
0
0
0
0
0
0
0
0
0
0
0
0
0
0
0
0
0
0
0
0
0
0
0
0
0
0
0
0
0
0
0
0
0
0
0
0
0
0
0
0
0
0
0
0
0
0
0
0
0
0
0
0
0
0
0
0
0
0
0
0
0
0
0
0
0
0
0
0
0
0
0
0
0
0
0
0
0
0
0
0
0
0
0
0
 
*********************************************** Results ***************************************
 
TotalArea 0
AreaFirstQuad 0
AreaSecondQuad 0
AreaThirdQuad 0
AreaFourthQuad 0
Coercivity 0
PositiveCoercivity 0
NegativeCoercivity 0
Retentivity 0.021930638740159
PositiveRetentivity 4.07758007117428E-02
NegativeRetentivity -3.08547676857512E-03
Magnetization 0.0044571
PositiveMagnetization 0.00412576
NegativeMagnetization -0.00478844
Flatness 1.14069251721907
Squareness 4.92038292615354
SStar 0
SFD1 0
SFD2 0
Slope 0
Intercept 0
SlopeAtHc -4.3219533275713E-06
dH1 471.428204252203
dH2 402.46
InitialSlope 2.32597864768678E-05
FieldAtHalfMs 1015.07616994518
FieldAtMs 1338.05
MomentMean -2.48905454421769E-03
MomentRMS 2.4726352527667E-03
SFD3 0
dH3 942.856408504406
UserField1 0
UserField2 0
CenterField 0
ExchangeField 0
ExchangeMoment 0
ExRegionOneIntercept 0
ExRegionOneSlope 0
ExRegionTwoIntercept 0
ExRegionTwoSlope 0
NegativeIntercept 0
NegativeSlope 0
AutoCenterOffset 0
PinningField 0
PinningMoment 0
PinRegionOneIntercept 0
PinRegionOneSlope 0
PinRegionTwoIntercept 0
PinRegionTwoSlope 0
PositiveIntercept 0
PositiveSlope 0
TotalOffset 0
BHMax 0
BCoercivity 0
BRetentivity 0
BNegativeCoercivity 0
BPositiveCoercivity 0
BNegativeRetentivity 0
BPositiveRetentivity 0
MomentYMean -6.19174775510204E-03
MomentYRMS 3.69034471602894E-04
YOffCorrection 0
Mrt 0
Ms1 0
Ms2 0
Ms3 0
Hc2 0
Hex2 0
HsatValue 0
HsatIntercept 0
HsatSlope 0
CenterH 0
Span .0089142
SpanAsPercentOfRange -168.192452830189
RMSAsPercentOfRange -46.6534953352208
SpanAsPercentOfMean -358.135984633545
RMSAsPercentOfMean -99.3403402312285
