Version 1.25
******************************************** Units *******************************************
System CGS
TemperatureUnit K
MomentUnit emu
AppliedFieldUnit G
 
******************************************** Setup ********************************************
 
Experiment CustomField
Minor False
Acquisition Continuous
EditedPoint No
MaxField 15000
FieldIncrement 100
Points 147
MinField 0
RampRate 10
AverageTime 0.1
TimeInterval 0
TimeConstant 0.1
TimeConstantIndex 0
Sensitivity -0.0053
SensitivityIndex 5
SensitivityY -400
SensitivityIndexY 0
SaturationField 8000
ExperimentTime 100
Use735Domains True
AutoRangeEnabled False
NumberOfVertices 2
VertexPts
0
146
VertexField
-1444.7236
1917.9229
StartAngle 0
EndAngle 0
AngleIncrement 0
StartTemp 0
FinishTemp 0
TempIncrement 0
TempPoints 0
LengthofSetPointsArray 147
SetPointArray
-1444.72362
-1421.69179
-1398.65997
-1375.62814
-1352.59631
-1329.56449
-1306.53266
-1283.50084
-1260.46901
-1237.43719
-1214.40536
-1191.37353
-1168.34171
-1145.30988
-1122.27806
-1099.24623
-1076.21441
-1053.18258
-1030.15075
-1007.11893
-984.0871
-961.05528
-938.02345
-914.99162
-891.9598
-868.92797
-845.89615
-822.86432
-799.8325
-776.80067
-753.76884
-730.73702
-707.70519
-684.67337
-661.64154
-638.60972
-615.57789
-592.54606
-569.51424
-546.48241
-523.45059
-500.41876
-477.38693
-454.35511
-431.32328
-408.29146
-385.25963
-362.22781
-339.19598
-316.16415
-293.13233
-270.1005
-247.06868
-224.03685
-201.00503
-177.9732
-154.94137
-131.90955
-108.87772
-85.8459
-62.81407
-39.78224
-16.75042
6.28141
29.31323
52.34506
75.37688
98.40871
121.44054
144.47236
167.50419
190.53601
213.56784
236.59966
259.63149
282.66332
305.69514
328.72697
351.75879
374.79062
397.82245
420.85427
443.8861
466.91792
489.94975
512.98157
536.0134
559.04523
582.07705
605.10888
628.1407
651.17253
674.20436
697.23618
720.26801
743.29983
766.33166
789.36348
812.39531
835.42714
858.45896
881.49079
904.52261
927.55444
950.58626
973.61809
996.64992
1019.68174
1042.71357
1065.74539
1088.77722
1111.80905
1134.84087
1157.8727
1180.90452
1203.93635
1226.96817
1250
1273.03183
1296.06365
1319.09548
1342.1273
1365.15913
1388.19095
1411.22278
1434.25461
1457.28643
1480.31826
1503.35008
1526.38191
1549.41374
1572.44556
1595.47739
1618.50921
1641.54104
1664.57286
1687.60469
1710.63652
1733.66834
1756.70017
1779.73199
1802.76382
1825.79564
1848.82747
1871.8593
1894.89112
1917.92295
FieldDomainFile C:\IDEASVSM\Default UserID\Experiments\FORCexp0118B\fdomain.ini
TempDomainFile C:\IDEASVSM\Default UserID\Experiments\FORCexp0118B\tdomain.ini
NumSelectedResults 0
ResultsSelected 
UserName1 
UserValue1 
UserName2 
UserValue2 
LinearBackgroundCorrection Off
MaxLinearFieldCorrection 
MinLinearFieldCorrection 
AutoLinearCorrection Off
FitOneRegion Off
BackgroundMode Off
BackgroundFilename 
AutoCenter Off
OffsetCorrection 
SmoothDeriv Off
DerivOrder 0
DerivPoints 0
MinExFieldOne 
MaxExFieldOne 
MinExFieldTwo 
MaxExFieldTwo 
MinPinFieldOne 
MaxPinFieldOne 
MinPinFieldTwo 
MaxPinFieldTwo 
HCenterStart 
Mass 
Volume 
Density 
MolarWeight 
NumberOfMoles 
Demagnetization 
SampleArea 
Thickness 
MomentScaling 0
XAxis 0
YAxis 0
SimpleSpinValve False
HsatMax 0
HsatMin 0
FieldAutoRange False
 
*************************************************** Experiment Data ********************************************
 
DataPoints 147
MomentX Data
-0.00413625
-0.00398972
-0.00400427
-0.00412743
-0.00427935
-0.00426127
-0.0040322
-0.00390611
-0.00403042
-0.00415752
-0.00402161
-0.00406785
-0.0040055
-0.00394713
-0.00414437
-0.00418847
-0.00406845
-0.00416158
-0.00391883
-0.00373205
-0.00369983
-0.00376813
-0.00399544
-0.00394364
-0.0036204
-0.00354867
-0.00378675
-0.00387993
-0.00376785
-0.00366982
-0.00379656
-0.00377965
-0.00387961
-0.0036217
-0.00376775
-0.00382231
-0.00347044
-0.00331956
-0.00357989
-0.00342903
-0.0033106
-0.00347637
-0.0034494
-0.00350621
-0.00354939
-0.00348897
-0.00346167
-0.00331037
-0.00325825
-0.00325599
-0.00311937
-0.0032025
-0.00303175
-0.00304773
-0.00329965
-0.00328465
-0.00319572
-0.00320517
-0.0031094
-0.00321267
-0.00311283
-0.00280786
-0.00278198
-0.00269562
-0.00263624
-0.00260826
-0.00279068
-0.00271161
-0.00288079
-0.00259224
-0.00244567
-0.002626
-0.00276575
-0.00272675
-0.00243922
-0.00223978
-0.00229768
-0.00234755
-0.00218274
-0.00216148
-0.00204664
-0.00200471
-0.00184205
-0.00181964
-0.00204315
-0.00205913
-0.00191003
-0.00190337
-0.00167544
-0.00149721
-0.00155808
-0.00146841
-0.00124108
-0.00110054
-0.00101818
-0.000699681
-0.000488246
-0.000176711
-0.000016888
-0.000017756
0.000402735
0.000748879
0.00112456
0.0010974
0.00118203
0.00145439
0.0019708
0.00216961
0.00221187
0.00256986
0.0028282
0.00289326
0.00300788
0.00324079
0.00353058
0.00367134
0.00355794
0.00349611
0.00348877
0.00350412
0.00389456
0.00390628
0.00382441
0.00397532
0.00421434
0.00432192
0.00429836
0.00437836
0.0041495
0.00420761
0.00421772
0.00439973
0.00448497
0.00450291
0.00466906
0.00437435
0.00407372
0.00446661
0.00468625
0.00460998
0.00474456
0.00477341
0.00448988
0.00457638
0.00433801
0.00470234
0.00484853
MomentY Data
-0.00610352
-0.00610352
-0.00610352
-0.00610352
-0.00610352
-0.00600815
-0.00553131
-0.00553131
-0.00610352
-0.00610352
-0.00705719
-0.00658035
-0.00686646
-0.00600815
-0.00638962
-0.00600815
-0.00600815
-0.00567436
-0.00610352
-0.00629425
-0.00567436
-0.00567436
-0.00553131
-0.00610352
-0.00567436
-0.00638962
-0.00610352
-0.00629425
-0.00600815
-0.00600815
-0.00600815
-0.00600815
-0.00610352
-0.00600815
-0.00610352
-0.00610352
-0.00581741
-0.00553131
-0.00600815
-0.00658035
-0.00610352
-0.00638962
-0.00581741
-0.00610352
-0.00629425
-0.00658035
-0.00686646
-0.00610352
-0.00638962
-0.00638962
-0.00629425
-0.00638962
-0.00638962
-0.00553131
-0.00629425
-0.00567436
-0.00658035
-0.00600815
-0.00600815
-0.00629425
-0.00638962
-0.00629425
-0.00610352
-0.00629425
-0.00610352
-0.00638962
-0.00581741
-0.00638962
-0.00581741
-0.00610352
-0.00629425
-0.00638962
-0.00629425
-0.00629425
-0.00677109
-0.00610352
-0.00658035
-0.00610352
-0.00658035
-0.00610352
-0.00658035
-0.00629425
-0.00629425
-0.00638962
-0.00629425
-0.00705719
-0.00658035
-0.00705719
-0.00610352
-0.00705719
-0.00638962
-0.00629425
-0.00638962
-0.00629425
-0.00629425
-0.00658035
-0.00610352
-0.00638962
-0.00677109
-0.00658035
-0.00638962
-0.00629425
-0.00638962
-0.00638962
-0.00638962
-0.00677109
-0.00677109
-0.00638962
-0.00677109
-0.00686646
-0.00686646
-0.00720024
-0.00705719
-0.00705719
-0.00677109
-0.00734329
-0.00658035
-0.00658035
-0.00677109
-0.00705719
-0.00720024
-0.00720024
-0.00658035
-0.00658035
-0.00753403
-0.00686646
-0.00658035
-0.00720024
-0.00734329
-0.00677109
-0.00686646
-0.00705719
-0.00686646
-0.00686646
-0.00658035
-0.00686646
-0.00705719
-0.00677109
-0.00638962
-0.00677109
-0.00686646
-0.00734329
-0.00753403
-0.00658035
-0.00734329
-0.00734329
-0.00686646
Field Data
-1444.64
-1439.47
-1425.68
-1407.91
-1387.77
-1361.91
-1341.62
-1319.9
-1297.17
-1273.98
-1246.14
-1225.09
-1203.83
-1180.34
-1157.24
-1133.98
-1112
-1088.95
-1065.78
-1042.22
-1015.4
-994.925
-972.867
-949.935
-927.043
-903.811
-879.323
-857.039
-834.198
-811.07
-788.652
-767.79
-744.414
-717.806
-695.678
-673.324
-652.207
-629.729
-603.42
-581.602
-559.433
-539.222
-514.911
-491.346
-468.129
-445.087
-420.367
-398.365
-376.693
-354.602
-330.792
-307.97
-285.487
-262.266
-239.127
-211.897
-191.012
-169.514
-147.513
-124.626
-97.3469
-77.0397
-54.9004
-31.5872
-12.3587
11.8639
37.1451
60.5486
82.6599
104.534
127.525
152.905
174.584
197.341
220.036
243.039
265.279
286.763
308.856
333.642
357.068
383.23
403.816
426.099
448.635
471.717
494.315
516.149
539.531
562.523
585.468
612.565
633.622
655.055
677.686
700.78
723.175
744.828
768.3
791.879
818.01
838.837
859.751
883.13
906.271
929.295
955.642
975.975
997.259
1019.84
1043.07
1070.74
1091.02
1112.48
1135.01
1158.25
1184.75
1204.17
1227.78
1249.28
1271.81
1299.81
1319.09
1340.62
1363.65
1386.86
1413.17
1433.12
1454.95
1478.1
1501.16
1524.5
1546.38
1569.14
1592.33
1615.17
1638.69
1663.28
1684.57
1706.45
1729.05
1752.53
1777.22
1799.35
1822.09
1844.22
1867.47
Time Data
0
0.1
0.2
0.3
0.4
0.5
0.6
0.7
0.8
0.9
1
1.1
1.2
1.3
1.4
1.5
1.6
1.7
1.8
1.9
2
2.1
2.2
2.3
2.4
2.5
2.6
2.7
2.8
2.9
3
3.1
3.2
3.3
3.4
3.5
3.6
3.7
3.8
3.9
4
4.1
4.2
4.3
4.4
4.5
4.6
4.7
4.8
4.9
5
5.1
5.2
5.3
5.4
5.5
5.6
5.7
5.8
5.9
5.99999999999999
6.09999999999999
6.19999999999999
6.29999999999999
6.39999999999999
6.49999999999999
6.59999999999999
6.69999999999999
6.79999999999999
6.89999999999999
6.99999999999999
7.09999999999999
7.19999999999999
7.29999999999999
7.39999999999999
7.49999999999999
7.59999999999999
7.69999999999999
7.79999999999999
7.89999999999999
7.99999999999999
8.09999999999999
8.19999999999999
8.29999999999999
8.39999999999999
8.49999999999999
8.59999999999999
8.69999999999999
8.79999999999998
8.89999999999998
8.99999999999998
9.09999999999998
9.19999999999998
9.29999999999998
9.39999999999998
9.49999999999998
9.59999999999998
9.69999999999998
9.79999999999998
9.89999999999998
9.99999999999998
10.1
10.2
10.3
10.4
10.5
10.6
10.7
10.8
10.9
11
11.1
11.2
11.3
11.4
11.5
11.6
11.7
11.8
11.9
12
12.1
12.2
12.3
12.4
12.5
12.6
12.7
12.8
12.9
13
13.1
13.2
13.3
13.4
13.5
13.6
13.7
13.8
13.9
14
14.1
14.2
14.3
14.4
14.5
14.6
Temperature Data
0
0
0
0
0
0
0
0
0
0
0
0
0
0
0
0
0
0
0
0
0
0
0
0
0
0
0
0
0
0
0
0
0
0
0
0
0
0
0
0
0
0
0
0
0
0
0
0
0
0
0
0
0
0
0
0
0
0
0
0
0
0
0
0
0
0
0
0
0
0
0
0
0
0
0
0
0
0
0
0
0
0
0
0
0
0
0
0
0
0
0
0
0
0
0
0
0
0
0
0
0
0
0
0
0
0
0
0
0
0
0
0
0
0
0
0
0
0
0
0
0
0
0
0
0
0
0
0
0
0
0
0
0
0
0
0
0
0
0
0
0
0
0
0
0
0
0
Angle Data
0
0
0
0
0
0
0
0
0
0
0
0
0
0
0
0
0
0
0
0
0
0
0
0
0
0
0
0
0
0
0
0
0
0
0
0
0
0
0
0
0
0
0
0
0
0
0
0
0
0
0
0
0
0
0
0
0
0
0
0
0
0
0
0
0
0
0
0
0
0
0
0
0
0
0
0
0
0
0
0
0
0
0
0
0
0
0
0
0
0
0
0
0
0
0
0
0
0
0
0
0
0
0
0
0
0
0
0
0
0
0
0
0
0
0
0
0
0
0
0
0
0
0
0
0
0
0
0
0
0
0
0
0
0
0
0
0
0
0
0
0
0
0
0
0
0
0
Bx Data
0
0
0
0
0
0
0
0
0
0
0
0
0
0
0
0
0
0
0
0
0
0
0
0
0
0
0
0
0
0
0
0
0
0
0
0
0
0
0
0
0
0
0
0
0
0
0
0
0
0
0
0
0
0
0
0
0
0
0
0
0
0
0
0
0
0
0
0
0
0
0
0
0
0
0
0
0
0
0
0
0
0
0
0
0
0
0
0
0
0
0
0
0
0
0
0
0
0
0
0
0
0
0
0
0
0
0
0
0
0
0
0
0
0
0
0
0
0
0
0
0
0
0
0
0
0
0
0
0
0
0
0
0
0
0
0
0
0
0
0
0
0
0
0
0
0
0
Hint Data
0
0
0
0
0
0
0
0
0
0
0
0
0
0
0
0
0
0
0
0
0
0
0
0
0
0
0
0
0
0
0
0
0
0
0
0
0
0
0
0
0
0
0
0
0
0
0
0
0
0
0
0
0
0
0
0
0
0
0
0
0
0
0
0
0
0
0
0
0
0
0
0
0
0
0
0
0
0
0
0
0
0
0
0
0
0
0
0
0
0
0
0
0
0
0
0
0
0
0
0
0
0
0
0
0
0
0
0
0
0
0
0
0
0
0
0
0
0
0
0
0
0
0
0
0
0
0
0
0
0
0
0
0
0
0
0
0
0
0
0
0
0
0
0
0
0
0
Torque Data
8.8173891328
8.7858339344
8.7016663936
8.5932068432
8.4702819504
8.1825595665
7.4209161222
7.300776069
7.9173030384
7.7757624096
8.7942467466
8.0615209815
8.2660505418
7.091659771
7.3943238488
6.813121937
6.6810628
6.179094322
6.5050095456
6.559993235
5.761745144
5.645562623
5.38122896577
5.7979472712
5.26037571748
5.77500884182
5.36696551696
5.39441772575
5.0119867137
4.8730302205
4.7383395138
4.6129974885
4.54354573728
4.3126861189
4.24608458656
4.10964650048
3.79415552387
3.48322631499
3.625437873
3.8271447207
3.41451050416
3.44542367564
2.99544840051
2.99894013792
2.94652095825
2.92882824045
2.88643319082
2.4314287448
2.40692512666
2.26577203124
2.082087546
1.9678112714
1.82415344494
1.45067454846
1.50512511975
1.20237986092
1.2569258142
1.0184655391
0.88628023095
0.7844272005
0.622009699178
0.484907131725
0.335085689408
0.1988177336
0.075431572624
-0.075805812718
-0.216088276191
-0.386882545532
-0.480866528859
-0.63802535968
-0.80267423125
-0.9770048461
-1.098875342
-1.24211358925
-1.48988355924
-1.48339339728
-1.74562866765
-1.75026370576
-2.0323805796
-2.03639061984
-2.3496324138
-2.4121454275
-2.541718858
-2.72261069238
-2.82382084875
-3.32899649523
-3.25276571025
-3.64256156131
-3.29303824912
-3.96983169037
-3.74091804216
-3.85563725125
-4.04860380364
-4.12307993375
-4.2655251055
-4.611377673
-4.413913076
-4.75916788536
-5.202228447
-5.21084097765
-5.2267730562
-5.27984978725
-5.49348218462
-5.6428651106
-5.79072730702
-6.29234008155
-6.47073798978
-6.2361093795
-6.75253044231
-7.0026905664
-7.1621984322
-7.7095849776
-7.6995354338
-7.8509827312
-7.6852548609
-8.5053656425
-7.7960696625
-7.9238600595
-8.3134088802
-8.8164063232
-9.1573372344
-9.3589439544
-8.6800738815
-8.821748817
-10.2737800095
-9.5228187156
-9.2991532095
-10.3188079488
-10.6841197855
-10.008348129
-10.3076550936
-10.758686155
-10.6181564148
-10.7744370444
-10.4780887155
-11.0905001982
-11.5645466811
-11.2622185752
-10.7637621634
-11.5545265305
-11.872452663
-12.8693360237
-13.3896287966
-11.8403527725
-13.3801352761
-13.5426422838
-12.8229080562
dMdH Data
2.83423597678912E-05
-1.05511240029003E-06
-6.93078221722003E-06
-7.54319761668322E-06
6.99149265274565E-07
1.12897979300147E-05
5.80524861878457E-06
-5.46898372195336E-06
-5.48081069426475E-06
4.88182471264368E-06
-2.196674584323E-06
2.93273753527748E-06
2.48488718603662E-06
-8.53852813852815E-06
-1.89595872742907E-06
5.46041856232936E-06
-4.0403470715835E-06
1.04769097971515E-05
7.92784380305603E-06
1.2013422818792E-06
-3.33577533577535E-06
-1.03051047239097E-05
2.25885225885227E-06
1.41202166695789E-05
3.08755165289258E-06
-9.72231296961776E-06
-4.18147549811524E-06
4.90696554441575E-06
4.23858526461434E-06
-5.65349272905701E-06
8.10564663023685E-07
-4.27618069815196E-06
9.69294948887555E-06
-6.60023499638466E-06
-2.44072649190303E-06
1.66628782497514E-05
6.71234095560104E-06
-9.89509293397694E-06
6.91447428728573E-06
5.34214443592405E-06
-8.20196922467962E-06
1.10937435728682E-06
-2.41077869722046E-06
-1.85984407976913E-06
2.6221682145647E-06
1.10436893203884E-06
6.87664757749295E-06
2.40494647471392E-06
1.02304105744422E-07
5.73792524149515E-06
-3.64253790202436E-06
7.59462705155005E-06
-6.88170190775575E-07
-1.08872466398721E-05
5.50863018729336E-07
4.258079961695E-06
-4.39575774490642E-07
4.35298395527475E-06
-4.5121684799231E-06
3.65994479290006E-06
1.50178261897258E-05
1.16896198163448E-06
3.70433917265754E-06
3.08812439867904E-06
1.15511959905214E-06
-7.21563849817255E-06
3.37855448971306E-06
-7.65129142112855E-06
1.31913998747377E-05
6.37510330129181E-06
-7.10520094562647E-06
-6.44633055030214E-06
1.71375840400756E-06
1.26693104207975E-05
8.67017345563624E-06
-2.60341726618705E-06
-2.32126233476076E-06
7.45982890508305E-06
8.57742273864276E-07
4.90224536839408E-06
1.60270621512118E-06
7.90148644709998E-06
1.00569941210789E-06
-9.91790912318069E-06
-6.92314357508018E-07
6.59792902026728E-06
3.05028854080797E-07
9.74809682661878E-06
7.75182672233818E-06
-2.6528655480497E-06
3.30922242314646E-06
1.079593484352E-05
6.55717818317549E-06
3.6392558879413E-06
1.3791417684247E-05
9.44116990399643E-06
1.43876137255807E-05
6.80909168370825E-06
-3.68124178294244E-08
1.60916535915197E-05
1.66199644691986E-05
1.79631347422779E-05
-1.16172633560033E-06
3.65714532647682E-06
1.18293954134816E-05
1.96003340038713E-05
9.7777012737914E-06
1.98552903589549E-06
1.58535937292414E-05
1.11209642703401E-05
2.35128297795446E-06
5.6518737672584E-06
1.08532152842497E-05
1.28624056813138E-05
6.05679862306367E-06
-4.27924528301887E-06
-3.18383110195672E-06
-3.10885218127922E-07
7.13953488372089E-07
1.7329782512206E-05
4.18571428571421E-07
-4.24636929460581E-06
7.00928936367861E-06
1.03786365610073E-05
4.63507109004745E-06
-8.95477004941071E-07
4.01002506265669E-06
-1.04837379752633E-05
2.51015118790495E-06
4.38421509106704E-07
7.79820051413884E-06
3.89579524680069E-06
7.88224956063276E-07
7.16472617507553E-06
-1.29032399299474E-05
-1.2781887755102E-05
1.59776331842213E-05
1.03165805542508E-05
-3.48583180987204E-06
5.95486725663721E-06
1.22870528109027E-06
-1.14835965978128E-05
3.90872119295076E-06
-1.04824098504837E-05
1.64631721644825E-05
6.28774193548387E-06
6.28774193548387E-06
dMdT Data
0
0
0
0
0
0
0
0
0
0
0
0
0
0
0
0
0
0
0
0
0
0
0
0
0
0
0
0
0
0
0
0
0
0
0
0
0
0
0
0
0
0
0
0
0
0
0
0
0
0
0
0
0
0
0
0
0
0
0
0
0
0
0
0
0
0
0
0
0
0
0
0
0
0
0
0
0
0
0
0
0
0
0
0
0
0
0
0
0
0
0
0
0
0
0
0
0
0
0
0
0
0
0
0
0
0
0
0
0
0
0
0
0
0
0
0
0
0
0
0
0
0
0
0
0
0
0
0
0
0
0
0
0
0
0
0
0
0
0
0
0
0
0
0
0
0
0
 
*********************************************** Results ***************************************
 
TotalArea 0
AreaFirstQuad 0
AreaSecondQuad 0
AreaThirdQuad 0
AreaFourthQuad 0
Coercivity 0
PositiveCoercivity 0
NegativeCoercivity 0
Retentivity 1.97151104192488E-02
PositiveRetentivity 3.68082566150864E-02
NegativeRetentivity -2.62196422341119E-03
Magnetization 0.00456394
PositiveMagnetization 0.00484853
NegativeMagnetization -0.00427935
Flatness 1.13299262178371
Squareness 4.31975670566414
SStar 0
SFD1 0
SFD2 0
Slope 0
Intercept 0
SlopeAtHc 6.28774193548387E-06
dH1 347.802910214693
dH2 748.962
InitialSlope 2.83423597678912E-05
FieldAtHalfMs 1010.65627784296
FieldAtMs 1867.47
MomentMean -9.06535020408164E-04
MomentRMS 3.24631624076404E-03
SFD3 0
dH3 695.605820429386
UserField1 0
UserField2 0
CenterField 0
ExchangeField 0
ExchangeMoment 0
ExRegionOneIntercept 0
ExRegionOneSlope 0
ExRegionTwoIntercept 0
ExRegionTwoSlope 0
NegativeIntercept 0
NegativeSlope 0
AutoCenterOffset 0
PinningField 0
PinningMoment 0
PinRegionOneIntercept 0
PinRegionOneSlope 0
PinRegionTwoIntercept 0
PinRegionTwoSlope 0
PositiveIntercept 0
PositiveSlope 0
TotalOffset 0
BHMax 0
BCoercivity 0
BRetentivity 0
BNegativeCoercivity 0
BPositiveCoercivity 0
BNegativeRetentivity 0
BPositiveRetentivity 0
MomentYMean -6.4256250340136E-03
MomentYRMS 4.50386665981203E-04
YOffCorrection 0
Mrt 0
Ms1 0
Ms2 0
Ms3 0
Hc2 0
Hex2 0
HsatValue 0
HsatIntercept 0
HsatSlope 0
CenterH 0
Span .00912788
SpanAsPercentOfRange -172.224150943396
RMSAsPercentOfRange -61.2512498257366
SpanAsPercentOfMean -1006.89767019593
RMSAsPercentOfMean -358.101581040123
