Version 1.25
******************************************** Units *******************************************
System CGS
TemperatureUnit K
MomentUnit emu
AppliedFieldUnit G
 
******************************************** Setup ********************************************
 
Experiment CustomField
Minor False
Acquisition Continuous
EditedPoint No
MaxField 15000
FieldIncrement 100
Points 139
MinField 0
RampRate 10
AverageTime 0.1
TimeInterval 0
TimeConstant 0.1
TimeConstantIndex 0
Sensitivity -0.0053
SensitivityIndex 5
SensitivityY -400
SensitivityIndexY 0
SaturationField 8000
ExperimentTime 100
Use735Domains True
AutoRangeEnabled False
NumberOfVertices 2
VertexPts
0
138
VertexField
-339.196
2839.196
StartAngle 0
EndAngle 0
AngleIncrement 0
StartTemp 0
FinishTemp 0
TempIncrement 0
TempPoints 0
LengthofSetPointsArray 139
SetPointArray
-339.19598
-316.16415
-293.13233
-270.1005
-247.06868
-224.03685
-201.00503
-177.9732
-154.94137
-131.90955
-108.87772
-85.8459
-62.81407
-39.78224
-16.75042
6.28141
29.31323
52.34506
75.37688
98.40871
121.44054
144.47236
167.50419
190.53601
213.56784
236.59966
259.63149
282.66332
305.69514
328.72697
351.75879
374.79062
397.82245
420.85427
443.8861
466.91792
489.94975
512.98157
536.0134
559.04523
582.07705
605.10888
628.1407
651.17253
674.20436
697.23618
720.26801
743.29983
766.33166
789.36348
812.39531
835.42714
858.45896
881.49079
904.52261
927.55444
950.58626
973.61809
996.64992
1019.68174
1042.71357
1065.74539
1088.77722
1111.80905
1134.84087
1157.8727
1180.90452
1203.93635
1226.96817
1250
1273.03183
1296.06365
1319.09548
1342.1273
1365.15913
1388.19095
1411.22278
1434.25461
1457.28643
1480.31826
1503.35008
1526.38191
1549.41374
1572.44556
1595.47739
1618.50921
1641.54104
1664.57286
1687.60469
1710.63652
1733.66834
1756.70017
1779.73199
1802.76382
1825.79564
1848.82747
1871.8593
1894.89112
1917.92295
1940.95477
1963.9866
1987.01843
2010.05025
2033.08208
2056.1139
2079.14573
2102.17755
2125.20938
2148.24121
2171.27303
2194.30486
2217.33668
2240.36851
2263.40034
2286.43216
2309.46399
2332.49581
2355.52764
2378.55946
2401.59129
2424.62312
2447.65494
2470.68677
2493.71859
2516.75042
2539.78224
2562.81407
2585.8459
2608.87772
2631.90955
2654.94137
2677.9732
2701.00503
2724.03685
2747.06868
2770.1005
2793.13233
2816.16415
2839.19598
FieldDomainFile C:\IDEASVSM\Default UserID\Experiments\FORCexp0070B\fdomain.ini
TempDomainFile C:\IDEASVSM\Default UserID\Experiments\FORCexp0070B\tdomain.ini
NumSelectedResults 0
ResultsSelected 
UserName1 
UserValue1 
UserName2 
UserValue2 
LinearBackgroundCorrection Off
MaxLinearFieldCorrection 
MinLinearFieldCorrection 
AutoLinearCorrection Off
FitOneRegion Off
BackgroundMode Off
BackgroundFilename 
AutoCenter Off
OffsetCorrection 
SmoothDeriv Off
DerivOrder 0
DerivPoints 0
MinExFieldOne 
MaxExFieldOne 
MinExFieldTwo 
MaxExFieldTwo 
MinPinFieldOne 
MaxPinFieldOne 
MinPinFieldTwo 
MaxPinFieldTwo 
HCenterStart 
Mass 
Volume 
Density 
MolarWeight 
NumberOfMoles 
Demagnetization 
SampleArea 
Thickness 
MomentScaling 0
XAxis 0
YAxis 0
SimpleSpinValve False
HsatMax 0
HsatMin 0
FieldAutoRange False
 
*************************************************** Experiment Data ********************************************
 
DataPoints 139
MomentX Data
0.00249502
0.00249805
0.00251055
0.00260018
0.00265262
0.00257809
0.00267841
0.00284133
0.00286177
0.00280325
0.00265552
0.00279962
0.00263945
0.00271029
0.00305162
0.00287959
0.00281673
0.00290443
0.00304774
0.00327514
0.00342563
0.00325014
0.00335188
0.0034335
0.00332422
0.00317662
0.00306794
0.00307221
0.00323178
0.0034977
0.00358434
0.00361494
0.00362965
0.00353025
0.00369937
0.00378254
0.00368406
0.00378582
0.00363414
0.00365323
0.00372409
0.00392982
0.00401262
0.00385386
0.00360712
0.00361644
0.00371258
0.0037454
0.00380748
0.00362663
0.00361199
0.00392909
0.00381061
0.00383091
0.00410585
0.00420245
0.00385928
0.00384819
0.00400682
0.00410887
0.00420772
0.00416478
0.00423991
0.00405055
0.00390031
0.00396059
0.00424203
0.004365
0.00440461
0.00412065
0.00404431
0.00417661
0.00420301
0.00440625
0.00447718
0.00457385
0.00450516
0.00462761
0.00440089
0.0042665
0.00439961
0.00444959
0.00453465
0.00455583
0.00435211
0.00424739
0.00450248
0.00444568
0.00441812
0.00448556
0.00443003
0.00454149
0.00454292
0.00466612
0.00473307
0.00474097
0.00461008
0.00452136
0.00487294
0.00475735
0.00473637
0.00477955
0.00485974
0.00481347
0.0046331
0.00457876
0.00463089
0.0045669
0.00474213
0.00478122
0.00473279
0.00491964
0.00484733
0.00484659
0.0049802
0.00492614
0.00469471
0.00450837
0.00478211
0.00479735
0.00500969
0.00468562
0.00479692
0.00485632
0.00457855
0.00464692
0.00482934
0.00489579
0.00475285
0.00485232
0.00494856
0.00503749
0.00474515
0.00469455
0.00492517
0.00517375
0.0051696
0.00500587
0.0048182
MomentY Data
-0.00638962
-0.00638962
-0.00686646
-0.00629425
-0.00705719
-0.00677109
-0.00658035
-0.00629425
-0.00677109
-0.00686646
-0.00686646
-0.00658035
-0.00677109
-0.00677109
-0.00705719
-0.00581741
-0.00638962
-0.00686646
-0.00629425
-0.00686646
-0.00658035
-0.00677109
-0.00638962
-0.00677109
-0.00677109
-0.00658035
-0.00629425
-0.00638962
-0.00658035
-0.00686646
-0.00734329
-0.00686646
-0.00720024
-0.00677109
-0.00686646
-0.00720024
-0.00720024
-0.00686646
-0.00686646
-0.00705719
-0.00658035
-0.00686646
-0.00686646
-0.00677109
-0.00686646
-0.00677109
-0.00658035
-0.00705719
-0.00753403
-0.00686646
-0.00677109
-0.00686646
-0.00705719
-0.00705719
-0.00767708
-0.00686646
-0.00705719
-0.00677109
-0.00705719
-0.00686646
-0.00677109
-0.00734329
-0.00686646
-0.00686646
-0.00600815
-0.00720024
-0.00720024
-0.00686646
-0.00677109
-0.00658035
-0.00705719
-0.00705719
-0.00686646
-0.00638962
-0.00677109
-0.00677109
-0.00767708
-0.00753403
-0.00720024
-0.00677109
-0.00705719
-0.00734329
-0.00686646
-0.00638962
-0.00638962
-0.00677109
-0.00629425
-0.00705719
-0.00677109
-0.00638962
-0.00677109
-0.00686646
-0.00705719
-0.00686646
-0.00705719
-0.00638962
-0.00686646
-0.00658035
-0.00677109
-0.00720024
-0.00686646
-0.00705719
-0.00658035
-0.00677109
-0.00705719
-0.00734329
-0.00677109
-0.00677109
-0.00720024
-0.00720024
-0.00767708
-0.00677109
-0.00720024
-0.00734329
-0.00686646
-0.00720024
-0.00677109
-0.00686646
-0.00686646
-0.00705719
-0.00686646
-0.00705719
-0.00720024
-0.00686646
-0.00686646
-0.00734329
-0.00720024
-0.00720024
-0.00753403
-0.00753403
-0.00753403
-0.00677109
-0.00705719
-0.00686646
-0.00677109
-0.00686646
-0.00677109
-0.00720024
-0.00705719
Field Data
-339.278
-338.814
-326.559
-310.194
-291.358
-270.285
-246.909
-225.007
-202.196
-179.354
-131.376
-108.366
-86.3489
-63.3133
-40.3297
-18.7848
4.24669
31.7241
52.9345
75.4062
96.3227
120.21
143.726
167.135
190.38
216.777
237.371
259.549
282.269
305.196
331.13
352.342
374.888
397.434
420.253
442.455
464.44
487.871
510.869
533.999
561.591
581.552
603.133
626.145
648.972
672.051
693.885
716.835
739.229
762.322
790.495
811.512
832.972
855.723
878.365
901.219
922.185
945.409
968.653
991.445
1019.11
1040.58
1061.81
1084.51
1107.3
1130.22
1152.03
1173.86
1197.86
1224.18
1247.68
1268.48
1290.76
1313.56
1336.33
1359.33
1381.16
1403.87
1427.19
1450.22
1477.1
1498.24
1519.57
1542.44
1565.27
1588.28
1609.16
1632.07
1655.4
1678.62
1705.84
1726.74
1748.01
1770.83
1793.81
1816.71
1838.07
1860.83
1886.87
1908.25
1930.73
1952.42
1974.74
1998.36
2021.55
2048.83
2069.54
2090.58
2113.44
2136.54
2159.26
2184.16
2206.1
2228.72
2251.25
2274.17
2293.76
2317.15
2344.55
2365.58
2387.92
2409.12
2432.25
2455.91
2479
2502.2
2527.47
2548.7
2569.94
2592.45
2615.29
2641.8
2662.66
2684.76
2707.35
2730.46
2755.91
2776.91
2799.79
Time Data
0
0.1
0.2
0.3
0.4
0.5
0.6
0.7
0.8
0.9
1
1.1
1.2
1.3
1.4
1.5
1.6
1.7
1.8
1.9
2
2.1
2.2
2.3
2.4
2.5
2.6
2.7
2.8
2.9
3
3.1
3.2
3.3
3.4
3.5
3.6
3.7
3.8
3.9
4
4.1
4.2
4.3
4.4
4.5
4.6
4.7
4.8
4.9
5
5.1
5.2
5.3
5.4
5.5
5.6
5.7
5.8
5.9
5.99999999999999
6.09999999999999
6.19999999999999
6.29999999999999
6.39999999999999
6.49999999999999
6.59999999999999
6.69999999999999
6.79999999999999
6.89999999999999
6.99999999999999
7.09999999999999
7.19999999999999
7.29999999999999
7.39999999999999
7.49999999999999
7.59999999999999
7.69999999999999
7.79999999999999
7.89999999999999
7.99999999999999
8.09999999999999
8.19999999999999
8.29999999999999
8.39999999999999
8.49999999999999
8.59999999999999
8.69999999999999
8.79999999999998
8.89999999999998
8.99999999999998
9.09999999999998
9.19999999999998
9.29999999999998
9.39999999999998
9.49999999999998
9.59999999999998
9.69999999999998
9.79999999999998
9.89999999999998
9.99999999999998
10.1
10.2
10.3
10.4
10.5
10.6
10.7
10.8
10.9
11
11.1
11.2
11.3
11.4
11.5
11.6
11.7
11.8
11.9
12
12.1
12.2
12.3
12.4
12.5
12.6
12.7
12.8
12.9
13
13.1
13.2
13.3
13.4
13.5
13.6
13.7
13.8
Temperature Data
0
0
0
0
0
0
0
0
0
0
0
0
0
0
0
0
0
0
0
0
0
0
0
0
0
0
0
0
0
0
0
0
0
0
0
0
0
0
0
0
0
0
0
0
0
0
0
0
0
0
0
0
0
0
0
0
0
0
0
0
0
0
0
0
0
0
0
0
0
0
0
0
0
0
0
0
0
0
0
0
0
0
0
0
0
0
0
0
0
0
0
0
0
0
0
0
0
0
0
0
0
0
0
0
0
0
0
0
0
0
0
0
0
0
0
0
0
0
0
0
0
0
0
0
0
0
0
0
0
0
0
0
0
0
0
0
0
0
0
Angle Data
0
0
0
0
0
0
0
0
0
0
0
0
0
0
0
0
0
0
0
0
0
0
0
0
0
0
0
0
0
0
0
0
0
0
0
0
0
0
0
0
0
0
0
0
0
0
0
0
0
0
0
0
0
0
0
0
0
0
0
0
0
0
0
0
0
0
0
0
0
0
0
0
0
0
0
0
0
0
0
0
0
0
0
0
0
0
0
0
0
0
0
0
0
0
0
0
0
0
0
0
0
0
0
0
0
0
0
0
0
0
0
0
0
0
0
0
0
0
0
0
0
0
0
0
0
0
0
0
0
0
0
0
0
0
0
0
0
0
0
Bx Data
0
0
0
0
0
0
0
0
0
0
0
0
0
0
0
0
0
0
0
0
0
0
0
0
0
0
0
0
0
0
0
0
0
0
0
0
0
0
0
0
0
0
0
0
0
0
0
0
0
0
0
0
0
0
0
0
0
0
0
0
0
0
0
0
0
0
0
0
0
0
0
0
0
0
0
0
0
0
0
0
0
0
0
0
0
0
0
0
0
0
0
0
0
0
0
0
0
0
0
0
0
0
0
0
0
0
0
0
0
0
0
0
0
0
0
0
0
0
0
0
0
0
0
0
0
0
0
0
0
0
0
0
0
0
0
0
0
0
0
Hint Data
0
0
0
0
0
0
0
0
0
0
0
0
0
0
0
0
0
0
0
0
0
0
0
0
0
0
0
0
0
0
0
0
0
0
0
0
0
0
0
0
0
0
0
0
0
0
0
0
0
0
0
0
0
0
0
0
0
0
0
0
0
0
0
0
0
0
0
0
0
0
0
0
0
0
0
0
0
0
0
0
0
0
0
0
0
0
0
0
0
0
0
0
0
0
0
0
0
0
0
0
0
0
0
0
0
0
0
0
0
0
0
0
0
0
0
0
0
0
0
0
0
0
0
0
0
0
0
0
0
0
0
0
0
0
0
0
0
0
0
Torque Data
2.16785749436
2.16489271068
2.24230431114
1.9524385845
2.05616876402
1.83012406065
1.62474763815
1.41625030975
1.36908731364
1.23152706684
0.90208804896
0.7130862081
0.584676173301
0.428700052497
0.284614355543
0.109278883368
-0.0271347353578
-0.217832263686
-0.333182976625
-0.517773656052
-0.633837078945
-0.8139527289
-0.91835452412
-1.13168612715
-1.2890801142
-1.42646853195
-1.49407241675
-1.65841948138
-1.85742881415
-2.09561612616
-2.4315836177
-2.41934224932
-2.69928357312
-2.69106138306
-2.88565041438
-3.1857821892
-3.3440794656
-3.34994670666
-3.50786155374
-3.76853240281
-3.69546533685
-3.99320354592
-4.14138861918
-4.23968414805
-4.45614027912
-4.55051780559
-4.56600615975
-5.05884079365
-5.56937346287
-5.23445352012
-5.35251278955
-5.57221468752
-5.87844166868
-6.03899979837
-6.7432783742
-6.18818421474
-6.50803476015
-6.40144942581
-6.83596826507
-6.8077174347
-6.9004855299
-7.6412807082
-7.2908758926
-7.4467445346
-6.652824495
-8.1378552528
-8.2948924872
-8.0602627356
-8.1108178674
-8.055532863
-8.8051148192
-8.9519043712
-8.8629519096
-8.3931492472
-9.0484106997
-9.2041457697
-10.6032758128
-10.5767986961
-10.2761105256
-9.8195701398
-10.424175349
-11.0020108096
-10.4340666222
-9.8556054728
-10.0014804974
-10.7543868252
-10.12845533
-11.5178280833
-11.208862386
-10.7257439244
-11.5503961656
-11.8565911404
-12.3360386919
-12.1593333618
-12.6592579939
-11.6080865502
-12.6210341322
-12.2449126905
-12.7761665883
-13.73985798
-13.2572803158
-13.7785988998
-12.994480359
-13.5310754124
-14.2664624445
-15.0451528507
-14.0130415986
-14.1555053322
-15.2172752256
-15.3836007696
-16.5768117608
-14.7891439344
-15.884449464
-16.3661372888
-15.458118075
-16.3745698008
-15.5312553984
-15.910617789
-16.098758793
-16.6943475202
-16.3965571632
-17.0016175728
-17.51278374
-16.8634077786
-17.02195434
-18.374380238
-18.1983905928
-18.351251688
-19.3620050582
-19.5315960735
-19.7036733187
-17.887865562
-18.7908975254
-18.4347971496
-18.3317105115
-18.7485943716
-18.6605146419
-19.9944184584
-19.7586499901
dMdH Data
6.53017241379266E-06
1.01999184006527E-06
5.47693247784908E-06
2.78403057974092E-06
-3.53675319128744E-06
4.29158110882957E-06
7.43859008309744E-06
8.96058918942617E-07
-2.56194729007967E-06
-3.07911959648172E-06
6.26249456757931E-06
-7.2748000417857E-06
3.07524006320651E-06
1.48510242085661E-05
-7.98472028183004E-06
-2.72930670139014E-06
3.19171275604215E-06
6.75659110624978E-06
1.01193946163397E-05
7.19479836492719E-06
-7.34658165636133E-06
4.32641605715257E-06
3.48669315220642E-06
-4.7012260701226E-06
-5.59154449369248E-06
-5.27726522288044E-06
1.92533140950502E-07
7.02332746478872E-06
1.15985519256771E-05
3.34078815454617E-06
1.44257967188384E-06
6.52443892486464E-07
-4.4087643040894E-06
7.41136771988257E-06
3.74605891361139E-06
-4.47941778485331E-06
4.34296444880715E-06
-6.59535611792328E-06
8.25335062689141E-07
2.5681356915048E-06
1.03065978658384E-05
3.83670821555998E-06
-6.89900921258474E-06
-1.08091295395803E-05
4.03830321937679E-07
4.40322432902814E-06
1.43006535947711E-06
2.77217111726355E-06
-7.83137747369333E-06
-5.196464700245E-07
1.50877860779369E-05
-5.52096924510716E-06
8.9226847171553E-07
1.21429202367282E-05
4.2268311892885E-06
-1.63679290279501E-05
-4.77523251808476E-07
6.82455687489245E-06
4.47744822744819E-06
3.57310681366348E-06
-2.00000000000001E-06
3.53886010362696E-06
-8.34185022026432E-06
-6.59236507240018E-06
2.63001745200696E-06
1.29041723979826E-05
5.63307375171784E-06
1.65041666666666E-06
-1.0788753799392E-05
-3.24851063829788E-06
6.36057692307694E-06
1.18491921005387E-06
8.91403508771929E-06
3.11506368028109E-06
4.20304347826087E-06
-3.1465872652313E-06
5.39189784236022E-06
-9.72212692967402E-06
-5.83543204515849E-06
4.95200892857144E-06
2.36423841059601E-06
3.98781059540557E-06
9.26104066462609E-07
-8.92334647393784E-06
-4.55106475445459E-06
1.22169540229884E-05
-2.47926669576606E-06
-1.1813116159451E-06
2.90439276485792E-06
-2.04004408523147E-06
5.33301435406696E-06
6.72308415608925E-08
5.398773006135E-06
2.91340295909485E-06
3.4497816593886E-07
-6.12780898876407E-06
-3.89806678383127E-06
1.35015360983103E-05
-5.40645463049579E-06
-9.33274021352287E-07
1.99077916090361E-06
3.59274193548392E-06
-1.958933107536E-06
-7.77792151789563E-06
-1.99193548387097E-06
2.51714147754708E-06
-3.04134980988597E-06
7.66535433070863E-06
1.69220779220781E-06
-2.13160211267605E-06
7.50401606425716E-06
-3.29580674567E-06
-3.27144120247928E-08
5.93031513537501E-06
-2.35863874345548E-06
-1.18136804492087E-05
-7.96665241556225E-06
9.99051094890507E-06
7.24679029957198E-07
9.50492390331239E-06
-1.52863207547171E-05
4.81193255512319E-06
2.51056635672023E-06
-1.20298830662624E-05
2.94698275862071E-06
7.21883656509696E-06
3.13000471031559E-06
-6.72975517890762E-06
4.41892492225682E-06
4.21366024518386E-06
3.35458317615992E-06
-1.4014381591563E-05
-2.28959276018098E-06
1.0208942009739E-05
1.07563825183902E-05
-1.63064833005915E-07
-7.79666666666666E-06
-8.2023601398601E-06
-8.2023601398601E-06
dMdT Data
0
0
0
0
0
0
0
0
0
0
0
0
0
0
0
0
0
0
0
0
0
0
0
0
0
0
0
0
0
0
0
0
0
0
0
0
0
0
0
0
0
0
0
0
0
0
0
0
0
0
0
0
0
0
0
0
0
0
0
0
0
0
0
0
0
0
0
0
0
0
0
0
0
0
0
0
0
0
0
0
0
0
0
0
0
0
0
0
0
0
0
0
0
0
0
0
0
0
0
0
0
0
0
0
0
0
0
0
0
0
0
0
0
0
0
0
0
0
0
0
0
0
0
0
0
0
0
0
0
0
0
0
0
0
0
0
0
0
0
 
*********************************************** Results ***************************************
 
TotalArea 0
AreaFirstQuad 0
AreaSecondQuad 0
AreaThirdQuad 0
AreaFourthQuad 0
Coercivity 0
PositiveCoercivity 0
NegativeCoercivity 0
Retentivity 9.4112165836551E-04
PositiveRetentivity 4.71056383620675E-03
NegativeRetentivity 2.82832051947573E-03
Magnetization 0.00517375
PositiveMagnetization 0.00517375
NegativeMagnetization 0.00249502
Flatness -2.00526557255924
Squareness 0.181903195625129
SStar 0
SFD1 0
SFD2 0
Slope 0
Intercept 0
SlopeAtHc -8.2023601398601E-06
dH1 72.0594801124796
dH2 65.396
InitialSlope 6.53017241379266E-06
FieldAtHalfMs -312.623279538101
FieldAtMs 2730.46
MomentMean 4.0676571942446E-03
MomentRMS 7.28489538030802E-04
SFD3 0
dH3 144.118960224959
UserField1 0
UserField2 0
CenterField 0
ExchangeField 0
ExchangeMoment 0
ExRegionOneIntercept 0
ExRegionOneSlope 0
ExRegionTwoIntercept 0
ExRegionTwoSlope 0
NegativeIntercept 0
NegativeSlope 0
AutoCenterOffset 0
PinningField 0
PinningMoment 0
PinRegionOneIntercept 0
PinRegionOneSlope 0
PinRegionTwoIntercept 0
PinRegionTwoSlope 0
PositiveIntercept 0
PositiveSlope 0
TotalOffset 0
BHMax 0
BCoercivity 0
BRetentivity 0
BNegativeCoercivity 0
BPositiveCoercivity 0
BNegativeRetentivity 0
BPositiveRetentivity 0
MomentYMean -6.88292294964029E-03
MomentYRMS 3.26989232088927E-04
YOffCorrection 0
Mrt 0
Ms1 0
Ms2 0
Ms3 0
Hc2 0
Hex2 0
HsatValue 0
HsatIntercept 0
HsatSlope 0
CenterH 0
Span .00267873
SpanAsPercentOfRange -50.5420754716981
RMSAsPercentOfRange -13.7450856232227
SpanAsPercentOfMean 65.8543695321764
RMSAsPercentOfMean 17.9093149506688
