Version 1.25
******************************************** Units *******************************************
System CGS
TemperatureUnit K
MomentUnit emu
AppliedFieldUnit G
 
******************************************** Setup ********************************************
 
Experiment CustomField
Minor False
Acquisition Continuous
EditedPoint No
MaxField 15000
FieldIncrement 100
Points 147
MinField 0
RampRate 10
AverageTime 0.1
TimeInterval 0
TimeConstant 0.1
TimeConstantIndex 0
Sensitivity -0.0053
SensitivityIndex 5
SensitivityY -400
SensitivityIndexY 0
SaturationField 8000
ExperimentTime 100
Use735Domains True
AutoRangeEnabled False
NumberOfVertices 2
VertexPts
0
146
VertexField
-3103.0151
259.6315
StartAngle 0
EndAngle 0
AngleIncrement 0
StartTemp 0
FinishTemp 0
TempIncrement 0
TempPoints 0
LengthofSetPointsArray 147
SetPointArray
-3103.01508
-3079.98325
-3056.95142
-3033.9196
-3010.88777
-2987.85595
-2964.82412
-2941.79229
-2918.76047
-2895.72864
-2872.69682
-2849.66499
-2826.63317
-2803.60134
-2780.56951
-2757.53769
-2734.50586
-2711.47404
-2688.44221
-2665.41039
-2642.37856
-2619.34673
-2596.31491
-2573.28308
-2550.25126
-2527.21943
-2504.1876
-2481.15578
-2458.12395
-2435.09213
-2412.0603
-2389.02848
-2365.99665
-2342.96482
-2319.933
-2296.90117
-2273.86935
-2250.83752
-2227.8057
-2204.77387
-2181.74204
-2158.71022
-2135.67839
-2112.64657
-2089.61474
-2066.58291
-2043.55109
-2020.51926
-1997.48744
-1974.45561
-1951.42379
-1928.39196
-1905.36013
-1882.32831
-1859.29648
-1836.26466
-1813.23283
-1790.20101
-1767.16918
-1744.13735
-1721.10553
-1698.0737
-1675.04188
-1652.01005
-1628.97822
-1605.9464
-1582.91457
-1559.88275
-1536.85092
-1513.8191
-1490.78727
-1467.75544
-1444.72362
-1421.69179
-1398.65997
-1375.62814
-1352.59631
-1329.56449
-1306.53266
-1283.50084
-1260.46901
-1237.43719
-1214.40536
-1191.37353
-1168.34171
-1145.30988
-1122.27806
-1099.24623
-1076.21441
-1053.18258
-1030.15075
-1007.11893
-984.0871
-961.05528
-938.02345
-914.99162
-891.9598
-868.92797
-845.89615
-822.86432
-799.8325
-776.80067
-753.76884
-730.73702
-707.70519
-684.67337
-661.64154
-638.60972
-615.57789
-592.54606
-569.51424
-546.48241
-523.45059
-500.41876
-477.38693
-454.35511
-431.32328
-408.29146
-385.25963
-362.22781
-339.19598
-316.16415
-293.13233
-270.1005
-247.06868
-224.03685
-201.00503
-177.9732
-154.94137
-131.90955
-108.87772
-85.8459
-62.81407
-39.78224
-16.75042
6.28141
29.31323
52.34506
75.37688
98.40871
121.44054
144.47236
167.50419
190.53601
213.56784
236.59966
259.63149
FieldDomainFile C:\IDEASVSM\Default UserID\Experiments\FORCexp0190B\fdomain.ini
TempDomainFile C:\IDEASVSM\Default UserID\Experiments\FORCexp0190B\tdomain.ini
NumSelectedResults 0
ResultsSelected 
UserName1 
UserValue1 
UserName2 
UserValue2 
LinearBackgroundCorrection Off
MaxLinearFieldCorrection 
MinLinearFieldCorrection 
AutoLinearCorrection Off
FitOneRegion Off
BackgroundMode Off
BackgroundFilename 
AutoCenter Off
OffsetCorrection 
SmoothDeriv Off
DerivOrder 0
DerivPoints 0
MinExFieldOne 
MaxExFieldOne 
MinExFieldTwo 
MaxExFieldTwo 
MinPinFieldOne 
MaxPinFieldOne 
MinPinFieldTwo 
MaxPinFieldTwo 
HCenterStart 
Mass 
Volume 
Density 
MolarWeight 
NumberOfMoles 
Demagnetization 
SampleArea 
Thickness 
MomentScaling 0
XAxis 0
YAxis 0
SimpleSpinValve False
HsatMax 0
HsatMin 0
FieldAutoRange False
 
*************************************************** Experiment Data ********************************************
 
DataPoints 147
MomentX Data
-0.00497858
-0.00503085
-0.00499128
-0.00519512
-0.00515552
-0.00499646
-0.00500783
-0.00483009
-0.00480047
-0.00470944
-0.00485081
-0.00499502
-0.00491309
-0.00479583
-0.00480135
-0.00493308
-0.00500811
-0.00509887
-0.0049484
-0.00488087
-0.00483631
-0.00508344
-0.00519261
-0.00514804
-0.00482867
-0.00468455
-0.00496178
-0.0048423
-0.00496356
-0.00491809
-0.00481918
-0.00473057
-0.00462467
-0.00472262
-0.00496117
-0.00496253
-0.00474814
-0.00474601
-0.00488107
-0.00476008
-0.00485867
-0.0049763
-0.00470791
-0.00465453
-0.00457942
-0.00465765
-0.00493192
-0.00500142
-0.0050589
-0.00494687
-0.00457623
-0.00443212
-0.00444457
-0.00473596
-0.00478383
-0.00461825
-0.00445651
-0.00447173
-0.00452775
-0.00456925
-0.00439311
-0.00450017
-0.00469134
-0.00451796
-0.00441264
-0.00446014
-0.00472784
-0.00429567
-0.00433162
-0.004669
-0.00462071
-0.00464204
-0.00449626
-0.00457004
-0.00451111
-0.00441659
-0.00429775
-0.00457137
-0.00467843
-0.0044224
-0.00421346
-0.00421413
-0.00428284
-0.00415666
-0.0042662
-0.00439476
-0.00423097
-0.00430173
-0.0045936
-0.00434934
-0.00447604
-0.00452456
-0.00438464
-0.00429701
-0.00415718
-0.00401535
-0.00413589
-0.00421841
-0.00438058
-0.00427722
-0.00407308
-0.00375185
-0.00397486
-0.00407622
-0.00424036
-0.0041491
-0.0038579
-0.00366731
-0.00385196
-0.00397914
-0.00399045
-0.00388667
-0.00373577
-0.00367116
-0.00356943
-0.00373264
-0.00390161
-0.00399876
-0.00375164
-0.00367614
-0.00399174
-0.00387975
-0.0038545
-0.00367645
-0.00373163
-0.00367973
-0.00372899
-0.00353635
-0.00325651
-0.0034741
-0.00344104
-0.00331304
-0.00320418
-0.00314112
-0.00320383
-0.00318193
-0.00300658
-0.00311646
-0.00305376
-0.00320685
-0.00330602
-0.00321827
-0.0028321
-0.00290177
-0.00270378
-0.00269359
-0.00289359
MomentY Data
-0.00581741
-0.00581741
-0.00629425
-0.00553131
-0.00600815
-0.00491142
-0.00567436
-0.00534058
-0.00567436
-0.00567436
-0.00581741
-0.00581741
-0.00534058
-0.00553131
-0.00567436
-0.00600815
-0.00600815
-0.00610352
-0.00610352
-0.00600815
-0.00581741
-0.00581741
-0.00600815
-0.00600815
-0.00553131
-0.00534058
-0.00581741
-0.00581741
-0.00600815
-0.00581741
-0.00581741
-0.00610352
-0.00567436
-0.00581741
-0.00629425
-0.00553131
-0.00600815
-0.00629425
-0.00581741
-0.00610352
-0.00658035
-0.00610352
-0.00581741
-0.00658035
-0.00600815
-0.00600815
-0.00629425
-0.00534058
-0.00519753
-0.00553131
-0.00581741
-0.00600815
-0.00610352
-0.00629425
-0.00638962
-0.00581741
-0.00610352
-0.00610352
-0.00677109
-0.00638962
-0.00600815
-0.00534058
-0.00629425
-0.00581741
-0.00610352
-0.00600815
-0.00581741
-0.00610352
-0.00629425
-0.00600815
-0.00553131
-0.00610352
-0.00600815
-0.00581741
-0.00581741
-0.00567436
-0.00600815
-0.00581741
-0.00581741
-0.00581741
-0.00629425
-0.00600815
-0.00581741
-0.00600815
-0.00581741
-0.00581741
-0.00600815
-0.00638962
-0.00610352
-0.00600815
-0.00610352
-0.00610352
-0.00519753
-0.00567436
-0.00581741
-0.00610352
-0.00581741
-0.00600815
-0.00658035
-0.00567436
-0.00638962
-0.00567436
-0.00638962
-0.00600815
-0.00581741
-0.00581741
-0.00581741
-0.00581741
-0.00638962
-0.00610352
-0.00581741
-0.00600815
-0.00581741
-0.00677109
-0.00581741
-0.00629425
-0.00581741
-0.00610352
-0.00638962
-0.00600815
-0.00629425
-0.00610352
-0.00629425
-0.00638962
-0.00629425
-0.00638962
-0.00567436
-0.00567436
-0.00610352
-0.00610352
-0.00610352
-0.00534058
-0.00610352
-0.00638962
-0.00581741
-0.00581741
-0.00610352
-0.00629425
-0.00610352
-0.00629425
-0.00610352
-0.00629425
-0.00610352
-0.00600815
-0.00629425
-0.00610352
-0.00629425
Field Data
-3103.03
-3098.13
-3084.13
-3066.45
-3046.69
-3021.25
-3001.02
-2979.13
-2956.66
-2934.03
-2910.02
-2887.52
-2864.51
-2840.85
-2817.58
-2790.11
-2769.18
-2747.62
-2725.51
-2701.68
-2678.48
-2657.26
-2634.05
-2610.62
-2587.31
-2563.73
-2539.05
-2516.64
-2494.06
-2471.4
-2448.49
-2422.67
-2402.17
-2379.64
-2356.63
-2333.61
-2311.29
-2289.16
-2266.71
-2242.72
-2219.38
-2193.14
-2173.39
-2150.18
-2127.22
-2104.1
-2081.55
-2059.77
-2036.9
-2013.39
-1989.83
-1964.09
-1942.91
-1920.27
-1897.79
-1874.77
-1852.71
-1830.73
-1807.23
-1783.85
-1761.73
-1734.3
-1712.81
-1690.81
-1668.07
-1645.35
-1622.94
-1602.24
-1578.36
-1554.87
-1531.64
-1505.28
-1484.15
-1461.7
-1439.1
-1416.33
-1393.55
-1372.46
-1346.34
-1323.21
-1300.91
-1278.35
-1257.35
-1234.4
-1211.34
-1188.16
-1160.54
-1140.57
-1119.34
-1096.31
-1073.08
-1049.88
-1028.41
-1005.56
-982.397
-958.959
-936.057
-911.63
-889.202
-866.568
-844.614
-821.413
-799.892
-776.536
-752.954
-729.879
-706.969
-682.956
-660.561
-637.96
-615.977
-591.923
-569.137
-547.308
-524.336
-501.035
-478.136
-451.779
-430.776
-408.753
-387.143
-363.408
-340.421
-318.68
-295.693
-272.284
-249.743
-222.854
-201.856
-180.106
-157.261
-134.436
-108.788
-87.2962
-65.1154
-42.8113
-20.4401
3.12317
25.0058
47.4003
70.5721
94.4077
121.435
142.331
163.413
186.22
208.926
Time Data
0
0.1
0.2
0.3
0.4
0.5
0.6
0.7
0.8
0.9
1
1.1
1.2
1.3
1.4
1.5
1.6
1.7
1.8
1.9
2
2.1
2.2
2.3
2.4
2.5
2.6
2.7
2.8
2.9
3
3.1
3.2
3.3
3.4
3.5
3.6
3.7
3.8
3.9
4
4.1
4.2
4.3
4.4
4.5
4.6
4.7
4.8
4.9
5
5.1
5.2
5.3
5.4
5.5
5.6
5.7
5.8
5.9
5.99999999999999
6.09999999999999
6.19999999999999
6.29999999999999
6.39999999999999
6.49999999999999
6.59999999999999
6.69999999999999
6.79999999999999
6.89999999999999
6.99999999999999
7.09999999999999
7.19999999999999
7.29999999999999
7.39999999999999
7.49999999999999
7.59999999999999
7.69999999999999
7.79999999999999
7.89999999999999
7.99999999999999
8.09999999999999
8.19999999999999
8.29999999999999
8.39999999999999
8.49999999999999
8.59999999999999
8.69999999999999
8.79999999999998
8.89999999999998
8.99999999999998
9.09999999999998
9.19999999999998
9.29999999999998
9.39999999999998
9.49999999999998
9.59999999999998
9.69999999999998
9.79999999999998
9.89999999999998
9.99999999999998
10.1
10.2
10.3
10.4
10.5
10.6
10.7
10.8
10.9
11
11.1
11.2
11.3
11.4
11.5
11.6
11.7
11.8
11.9
12
12.1
12.2
12.3
12.4
12.5
12.6
12.7
12.8
12.9
13
13.1
13.2
13.3
13.4
13.5
13.6
13.7
13.8
13.9
14
14.1
14.2
14.3
14.4
14.5
14.6
Temperature Data
0
0
0
0
0
0
0
0
0
0
0
0
0
0
0
0
0
0
0
0
0
0
0
0
0
0
0
0
0
0
0
0
0
0
0
0
0
0
0
0
0
0
0
0
0
0
0
0
0
0
0
0
0
0
0
0
0
0
0
0
0
0
0
0
0
0
0
0
0
0
0
0
0
0
0
0
0
0
0
0
0
0
0
0
0
0
0
0
0
0
0
0
0
0
0
0
0
0
0
0
0
0
0
0
0
0
0
0
0
0
0
0
0
0
0
0
0
0
0
0
0
0
0
0
0
0
0
0
0
0
0
0
0
0
0
0
0
0
0
0
0
0
0
0
0
0
0
Angle Data
0
0
0
0
0
0
0
0
0
0
0
0
0
0
0
0
0
0
0
0
0
0
0
0
0
0
0
0
0
0
0
0
0
0
0
0
0
0
0
0
0
0
0
0
0
0
0
0
0
0
0
0
0
0
0
0
0
0
0
0
0
0
0
0
0
0
0
0
0
0
0
0
0
0
0
0
0
0
0
0
0
0
0
0
0
0
0
0
0
0
0
0
0
0
0
0
0
0
0
0
0
0
0
0
0
0
0
0
0
0
0
0
0
0
0
0
0
0
0
0
0
0
0
0
0
0
0
0
0
0
0
0
0
0
0
0
0
0
0
0
0
0
0
0
0
0
0
Bx Data
0
0
0
0
0
0
0
0
0
0
0
0
0
0
0
0
0
0
0
0
0
0
0
0
0
0
0
0
0
0
0
0
0
0
0
0
0
0
0
0
0
0
0
0
0
0
0
0
0
0
0
0
0
0
0
0
0
0
0
0
0
0
0
0
0
0
0
0
0
0
0
0
0
0
0
0
0
0
0
0
0
0
0
0
0
0
0
0
0
0
0
0
0
0
0
0
0
0
0
0
0
0
0
0
0
0
0
0
0
0
0
0
0
0
0
0
0
0
0
0
0
0
0
0
0
0
0
0
0
0
0
0
0
0
0
0
0
0
0
0
0
0
0
0
0
0
0
Hint Data
0
0
0
0
0
0
0
0
0
0
0
0
0
0
0
0
0
0
0
0
0
0
0
0
0
0
0
0
0
0
0
0
0
0
0
0
0
0
0
0
0
0
0
0
0
0
0
0
0
0
0
0
0
0
0
0
0
0
0
0
0
0
0
0
0
0
0
0
0
0
0
0
0
0
0
0
0
0
0
0
0
0
0
0
0
0
0
0
0
0
0
0
0
0
0
0
0
0
0
0
0
0
0
0
0
0
0
0
0
0
0
0
0
0
0
0
0
0
0
0
0
0
0
0
0
0
0
0
0
0
0
0
0
0
0
0
0
0
0
0
0
0
0
0
0
0
0
Torque Data
18.0515977523
18.0230924433
19.4122852525
16.9614855495
18.3049705235
14.838627675
17.0288678472
15.9102820954
16.7771532376
16.6487424708
16.9287794482
16.7978877232
15.2981448158
15.7136220135
15.9879632488
16.7633993965
16.637648817
16.7701536224
16.6352047952
16.232098692
15.5818163368
15.4583708966
15.8257675075
15.684996553
14.3112136761
13.6918051634
14.7706948605
14.6403267024
14.984686589
14.377147074
14.2438702109
14.7868147984
13.6307773612
13.8433415324
14.8332183775
12.9079203291
13.8865770135
14.40854533
13.1863814211
13.6884863744
14.604297183
13.3858738528
12.6435007199
14.148936963
12.780656843
12.641748415
13.1017960875
11.0003664666
10.586848857
11.1366842409
11.5756569403
11.8005473335
11.8585900432
12.0866594475
12.1261569398
10.9063057457
11.3080525392
11.1738971696
12.2369169807
11.398123637
10.5847380995
9.262167894
10.7808543425
9.8361350021
10.1810986064
9.8855096025
9.4413073854
9.7793038848
9.93459243
9.3418921905
8.4719756484
9.1875065856
8.9169958225
8.503308197
8.371834731
8.0367662988
8.3726574325
7.9841625286
7.8322117794
7.6976550861
8.1882527675
7.6805185525
7.3145204635
7.41646036
7.0468614294
6.9120138656
6.972698401
7.2878088834
6.8319140768
6.5867949265
6.5495652416
6.4079635776
5.3451918273
5.7059094416
5.71500613177
5.85302543568
5.44542735237
5.4772097845
5.8512603807
4.91721879648
5.39676250668
4.66099307068
5.11100592104
4.6655447684
4.38024212914
4.24600539339
4.11272853029
3.97303506396
4.22073377682
3.8938016192
3.58339075957
3.55636217245
3.31090327517
3.70587172572
3.05027748976
3.15363954875
2.78151314776
2.75744216208
2.75249494512
2.45584933695
2.43677482775
2.21806799616
2.14269487925
2.0362441016
1.86116566525
1.73979129208
1.41713168948
1.26455382344
1.23203213312
1.09928057312
0.95984565872
0.71796621288
0.66398973376
0.557789545444
0.378802979114
0.249050884733
0.124756559152
-0.0196580127725
-0.152623400416
-0.298349338275
-0.430738223792
-0.594225665725
-0.7411809512
-0.85514599765
-1.02856227525
-1.1365974944
-1.3150324755
dMdH Data
-1.06673469387753E-05
2.82642857142858E-06
-1.15294117647057E-05
2.00404858299597E-06
6.25235849056602E-06
-5.6203657933758E-07
8.11968935587027E-06
1.318202047174E-06
4.02253645603191E-06
-5.8879633486047E-06
-6.40933333333336E-06
3.56062581486314E-06
4.9560439560439E-06
-2.3721529866782E-07
-4.79541317801241E-06
-3.5848064978499E-06
-4.20964749536181E-06
6.80551786521945E-06
2.8338229122954E-06
1.92068965517242E-06
-1.16460885956646E-05
-4.70357604480828E-06
1.9022620571916E-06
1.37009867009867E-05
6.11195928753183E-06
-1.12329821717991E-05
5.33154841588569E-06
-5.37023914969E-06
2.00661959399823E-06
4.31732867743337E-06
3.43183578621229E-06
5.16585365853658E-06
-4.34753661784285E-06
-1.03672316384182E-05
-5.90790616854792E-08
9.60528673835119E-06
9.62494351558736E-08
-6.01603563474393E-06
5.04335139641514E-06
-4.22407883461873E-06
-4.48285060975608E-06
1.35893670886076E-05
2.29987074536839E-06
3.27134146341462E-06
-3.38365051903117E-06
-1.21627494456764E-05
-3.19100091827362E-06
-2.51333624836029E-06
4.76520629519353E-06
1.57317487266552E-05
5.59867909867907E-06
-5.87818696883847E-07
-1.28705830388692E-05
-2.12944839857652E-06
7.19287576020853E-06
7.33182230281052E-06
-6.92447679708817E-07
-2.38382978723402E-06
-1.77502138579985E-06
7.96292947558774E-06
-3.90302588406853E-06
-8.89576547231266E-06
7.88090909090909E-06
4.63148636763412E-06
-2.0906690140845E-06
-1.19455600178493E-05
2.08777777777777E-05
-1.50544388609714E-06
-1.43627075351214E-05
2.07877744296172E-06
-8.09180576631254E-07
6.89919545669667E-06
-3.28641425389754E-06
2.60752212389381E-06
4.15107597716293E-06
5.21685689201051E-06
-1.29739212897108E-05
-4.09877488514546E-06
1.10691742325984E-05
9.36950672645743E-06
-2.96985815602993E-08
-3.27190476190478E-06
5.49803921568632E-06
-4.75021682567212E-06
-5.54616048317518E-06
5.93012309920347E-06
-3.54331497245871E-06
-1.37479981158737E-05
1.06061658706036E-05
-5.45415411106326E-06
-2.09137931034487E-06
6.51700046576618E-06
3.83501094091901E-06
6.03678280015547E-06
6.05128423926953E-06
-5.26329578202777E-06
-3.37822900888361E-06
-7.23069377563762E-06
4.56658124944774E-06
9.29853329689354E-06
1.38455238998319E-05
-1.03624366897449E-05
-4.33978420962492E-06
-6.96039352048173E-06
3.95492957746481E-06
1.27106067219555E-05
7.93695081830674E-06
-8.24514400535835E-06
-5.62718463784787E-06
-5.14488468361937E-07
4.31445913361605E-06
6.62248749231984E-06
2.95982408722341E-06
4.42843461605433E-06
-7.00442041114116E-06
-7.37892484387963E-06
-3.68592783700724E-06
1.17659381993048E-05
3.42823411887572E-06
-1.46043498380379E-05
4.71834843058774E-06
1.09844694827512E-06
8.18959569477025E-06
-2.4004872319137E-06
2.21709598872229E-06
-2.18535113792645E-06
7.16426791624829E-06
1.33269835222402E-05
-1.00041379310345E-05
1.44714379514117E-06
5.60788608981379E-06
4.24438552713662E-06
2.93414232404918E-06
-2.82721993796437E-06
9.81882254832074E-07
7.83820268917179E-06
-4.66318978647701E-06
2.86528630242344E-06
-6.83605349527785E-06
-4.27977110107976E-06
3.68146805618485E-06
1.42881456897285E-05
-3.33413093415008E-06
9.39142396357082E-06
4.46792651378953E-07
-8.8082445168678E-06
-8.8082445168678E-06
dMdT Data
0
0
0
0
0
0
0
0
0
0
0
0
0
0
0
0
0
0
0
0
0
0
0
0
0
0
0
0
0
0
0
0
0
0
0
0
0
0
0
0
0
0
0
0
0
0
0
0
0
0
0
0
0
0
0
0
0
0
0
0
0
0
0
0
0
0
0
0
0
0
0
0
0
0
0
0
0
0
0
0
0
0
0
0
0
0
0
0
0
0
0
0
0
0
0
0
0
0
0
0
0
0
0
0
0
0
0
0
0
0
0
0
0
0
0
0
0
0
0
0
0
0
0
0
0
0
0
0
0
0
0
0
0
0
0
0
0
0
0
0
0
0
0
0
0
0
0
 
*********************************************** Results ***************************************
 
TotalArea 0
AreaFirstQuad 0
AreaSecondQuad 0
AreaThirdQuad 0
AreaFourthQuad 0
Coercivity 0
PositiveCoercivity 0
NegativeCoercivity 0
Retentivity 1.74888907529367E-02
PositiveRetentivity -0.038079677571428
NegativeRetentivity -3.10189606555457E-03
Magnetization 0.00519512
PositiveMagnetization -0.00269359
NegativeMagnetization -0.00519512
Flatness 1.17736379678818
Squareness 3.3664074656479
SStar 0
SFD1 0
SFD2 0
Slope 0
Intercept 0
SlopeAtHc -8.8082445168678E-06
dH1 -819.739474740687
dH2 216.785
InitialSlope -1.06673469387753E-05
FieldAtHalfMs 208.926
FieldAtMs 186.22
MomentMean -4.30739265306122E-03
MomentRMS 6.16741089344126E-04
SFD3 0
dH3 -1639.47894948137
UserField1 0
UserField2 0
CenterField 0
ExchangeField 0
ExchangeMoment 0
ExRegionOneIntercept 0
ExRegionOneSlope 0
ExRegionTwoIntercept 0
ExRegionTwoSlope 0
NegativeIntercept 0
NegativeSlope 0
AutoCenterOffset 0
PinningField 0
PinningMoment 0
PinRegionOneIntercept 0
PinRegionOneSlope 0
PinRegionTwoIntercept 0
PinRegionTwoSlope 0
PositiveIntercept 0
PositiveSlope 0
TotalOffset 0
BHMax 0
BCoercivity 0
BRetentivity 0
BNegativeCoercivity 0
BPositiveCoercivity 0
BNegativeRetentivity 0
BPositiveRetentivity 0
MomentYMean -5.96857428571429E-03
MomentYRMS 3.11154637047505E-04
YOffCorrection 0
Mrt 0
Ms1 0
Ms2 0
Ms3 0
Hc2 0
Hex2 0
HsatValue 0
HsatIntercept 0
HsatSlope 0
CenterH 0
Span .00250153
SpanAsPercentOfRange -47.198679245283
RMSAsPercentOfRange -11.6366243272477
SpanAsPercentOfMean -58.0752720145489
RMSAsPercentOfMean -14.318199872162
