Version 1.25
******************************************** Units *******************************************
System CGS
TemperatureUnit K
MomentUnit emu
AppliedFieldUnit G
 
******************************************** Setup ********************************************
 
Experiment CustomField
Minor False
Acquisition Continuous
EditedPoint No
MaxField 15000
FieldIncrement 100
Points 147
MinField 0
RampRate 10
AverageTime 0.1
TimeInterval 0
TimeConstant 0.1
TimeConstantIndex 0
Sensitivity -0.0053
SensitivityIndex 5
SensitivityY -400
SensitivityIndexY 0
SaturationField 8000
ExperimentTime 100
Use735Domains True
AutoRangeEnabled False
NumberOfVertices 2
VertexPts
0
146
VertexField
-2365.9966
996.6499
StartAngle 0
EndAngle 0
AngleIncrement 0
StartTemp 0
FinishTemp 0
TempIncrement 0
TempPoints 0
LengthofSetPointsArray 147
SetPointArray
-2365.99665
-2342.96482
-2319.933
-2296.90117
-2273.86935
-2250.83752
-2227.8057
-2204.77387
-2181.74204
-2158.71022
-2135.67839
-2112.64657
-2089.61474
-2066.58291
-2043.55109
-2020.51926
-1997.48744
-1974.45561
-1951.42379
-1928.39196
-1905.36013
-1882.32831
-1859.29648
-1836.26466
-1813.23283
-1790.20101
-1767.16918
-1744.13735
-1721.10553
-1698.0737
-1675.04188
-1652.01005
-1628.97822
-1605.9464
-1582.91457
-1559.88275
-1536.85092
-1513.8191
-1490.78727
-1467.75544
-1444.72362
-1421.69179
-1398.65997
-1375.62814
-1352.59631
-1329.56449
-1306.53266
-1283.50084
-1260.46901
-1237.43719
-1214.40536
-1191.37353
-1168.34171
-1145.30988
-1122.27806
-1099.24623
-1076.21441
-1053.18258
-1030.15075
-1007.11893
-984.0871
-961.05528
-938.02345
-914.99162
-891.9598
-868.92797
-845.89615
-822.86432
-799.8325
-776.80067
-753.76884
-730.73702
-707.70519
-684.67337
-661.64154
-638.60972
-615.57789
-592.54606
-569.51424
-546.48241
-523.45059
-500.41876
-477.38693
-454.35511
-431.32328
-408.29146
-385.25963
-362.22781
-339.19598
-316.16415
-293.13233
-270.1005
-247.06868
-224.03685
-201.00503
-177.9732
-154.94137
-131.90955
-108.87772
-85.8459
-62.81407
-39.78224
-16.75042
6.28141
29.31323
52.34506
75.37688
98.40871
121.44054
144.47236
167.50419
190.53601
213.56784
236.59966
259.63149
282.66332
305.69514
328.72697
351.75879
374.79062
397.82245
420.85427
443.8861
466.91792
489.94975
512.98157
536.0134
559.04523
582.07705
605.10888
628.1407
651.17253
674.20436
697.23618
720.26801
743.29983
766.33166
789.36348
812.39531
835.42714
858.45896
881.49079
904.52261
927.55444
950.58626
973.61809
996.64992
FieldDomainFile C:\IDEASVSM\Default UserID\Experiments\FORCexp0158B\fdomain.ini
TempDomainFile C:\IDEASVSM\Default UserID\Experiments\FORCexp0158B\tdomain.ini
NumSelectedResults 0
ResultsSelected 
UserName1 
UserValue1 
UserName2 
UserValue2 
LinearBackgroundCorrection Off
MaxLinearFieldCorrection 
MinLinearFieldCorrection 
AutoLinearCorrection Off
FitOneRegion Off
BackgroundMode Off
BackgroundFilename 
AutoCenter Off
OffsetCorrection 
SmoothDeriv Off
DerivOrder 0
DerivPoints 0
MinExFieldOne 
MaxExFieldOne 
MinExFieldTwo 
MaxExFieldTwo 
MinPinFieldOne 
MaxPinFieldOne 
MinPinFieldTwo 
MaxPinFieldTwo 
HCenterStart 
Mass 
Volume 
Density 
MolarWeight 
NumberOfMoles 
Demagnetization 
SampleArea 
Thickness 
MomentScaling 0
XAxis 0
YAxis 0
SimpleSpinValve False
HsatMax 0
HsatMin 0
FieldAutoRange False
 
*************************************************** Experiment Data ********************************************
 
DataPoints 147
MomentX Data
-0.00476975
-0.00474713
-0.00473652
-0.00484765
-0.00480657
-0.0049627
-0.00458732
-0.00475935
-0.00487859
-0.0046141
-0.00491187
-0.00505216
-0.00487487
-0.0049678
-0.00496802
-0.00462882
-0.00451195
-0.00470467
-0.00482756
-0.00481203
-0.00468015
-0.00455039
-0.00445077
-0.00455472
-0.00468788
-0.00482815
-0.00475898
-0.0045798
-0.00445336
-0.00438763
-0.00450122
-0.00467212
-0.00485568
-0.0046559
-0.00445978
-0.00438388
-0.00446982
-0.00457607
-0.0046706
-0.00461701
-0.00436693
-0.00440917
-0.00435596
-0.00459886
-0.00470883
-0.00450832
-0.00430237
-0.00432629
-0.00419102
-0.00429503
-0.00437586
-0.00444139
-0.00443633
-0.0041749
-0.00412152
-0.00436598
-0.00439929
-0.0043228
-0.0044123
-0.0041991
-0.00423269
-0.00419437
-0.00418541
-0.00434982
-0.00442889
-0.00411002
-0.00389718
-0.00423192
-0.0042063
-0.00416085
-0.00403912
-0.00393589
-0.00394609
-0.00388276
-0.00374989
-0.00382588
-0.00402498
-0.00406877
-0.00393532
-0.00371415
-0.00352594
-0.00381079
-0.00390569
-0.0041058
-0.00405736
-0.00374989
-0.00358876
-0.00351429
-0.00335895
-0.0035492
-0.00329315
-0.00321267
-0.00327836
-0.00338999
-0.0033487
-0.00359487
-0.00375
-0.00348452
-0.00327493
-0.00342227
-0.0034139
-0.00359976
-0.00350548
-0.00340225
-0.00316138
-0.00300206
-0.00290407
-0.00325494
-0.00325211
-0.00318725
-0.00303538
-0.00280165
-0.00284037
-0.00271931
-0.00278905
-0.00288658
-0.00287733
-0.00260317
-0.00248086
-0.00254279
-0.00257311
-0.00264914
-0.00266492
-0.00265513
-0.00255142
-0.0021539
-0.00206988
-0.00220641
-0.00223087
-0.00220672
-0.00198491
-0.00148793
-0.00131477
-0.00135337
-0.00129656
-0.00124105
-0.00107274
-0.000757427
-0.000364747
-0.0000802581
-0.000211397
0.000155007
0.000298622
0.000517273
0.000787538
0.00122362
0.00137368
MomentY Data
-0.00534058
-0.00600815
-0.00600815
-0.00600815
-0.00600815
-0.00534058
-0.00567436
-0.00638962
-0.00581741
-0.00658035
-0.00581741
-0.00581741
-0.00581741
-0.00553131
-0.00629425
-0.00610352
-0.00610352
-0.00581741
-0.00600815
-0.00553131
-0.00600815
-0.00581741
-0.00677109
-0.00567436
-0.00629425
-0.00610352
-0.00581741
-0.00581741
-0.00567436
-0.00567436
-0.00600815
-0.00629425
-0.00610352
-0.00629425
-0.00638962
-0.00600815
-0.00600815
-0.00610352
-0.00638962
-0.00581741
-0.00638962
-0.00638962
-0.00638962
-0.00658035
-0.00610352
-0.00600815
-0.00610352
-0.00610352
-0.00567436
-0.00519753
-0.00581741
-0.00581741
-0.00658035
-0.00581741
-0.00610352
-0.00610352
-0.00610352
-0.00600815
-0.00567436
-0.00629425
-0.00553131
-0.00600815
-0.00581741
-0.00610352
-0.00600815
-0.00638962
-0.00581741
-0.00610352
-0.00600815
-0.00553131
-0.00629425
-0.00581741
-0.00629425
-0.00581741
-0.00600815
-0.00658035
-0.00600815
-0.00610352
-0.00610352
-0.00600815
-0.00629425
-0.00610352
-0.00600815
-0.00658035
-0.00567436
-0.00581741
-0.00600815
-0.00600815
-0.00610352
-0.00581741
-0.00567436
-0.00600815
-0.00600815
-0.00581741
-0.00600815
-0.00581741
-0.00629425
-0.00638962
-0.00600815
-0.00658035
-0.00581741
-0.00638962
-0.00600815
-0.00629425
-0.00567436
-0.00658035
-0.00629425
-0.00600815
-0.00567436
-0.00600815
-0.00610352
-0.00581741
-0.00658035
-0.00629425
-0.00638962
-0.00600815
-0.00629425
-0.00600815
-0.00610352
-0.00581741
-0.00519753
-0.00629425
-0.00658035
-0.00610352
-0.00553131
-0.00581741
-0.00600815
-0.00610352
-0.00629425
-0.00677109
-0.00658035
-0.00610352
-0.00677109
-0.00638962
-0.00686646
-0.00629425
-0.00638962
-0.00638962
-0.00638962
-0.00629425
-0.00600815
-0.00658035
-0.00720024
-0.00658035
-0.00677109
-0.00658035
-0.00686646
Field Data
-2365.97
-2364.08
-2353.32
-2337.59
-2318.75
-2297.97
-2277.79
-2254.45
-2230.53
-2207.19
-2184.23
-2158.5
-2135.85
-2113.49
-2090.33
-2067.36
-2044.22
-2022.81
-1999.69
-1976.32
-1952.84
-1926.3
-1905.46
-1882.86
-1860.24
-1837.05
-1811.08
-1793.25
-1770.02
-1746.49
-1722.78
-1696.61
-1674.95
-1652.75
-1629.97
-1607.1
-1580.03
-1559.63
-1538.06
-1515.33
-1493.42
-1470.49
-1447.96
-1425.14
-1401.59
-1378.37
-1351.11
-1330.35
-1308.66
-1286.32
-1263.31
-1240.36
-1218.47
-1196.23
-1172.92
-1149.42
-1122.05
-1101.16
-1079.57
-1057.51
-1034.11
-1011.2
-990.402
-966.985
-943.269
-920.058
-896.991
-872.142
-850.97
-829.047
-805.28
-782.573
-757.59
-735.771
-713.252
-690.435
-667.535
-641.741
-621.231
-599.34
-576.08
-553.057
-530.239
-508.39
-485.385
-461.993
-438.693
-412.903
-391.601
-369.793
-346.981
-323.933
-300.822
-278.886
-256.443
-233.232
-209.847
-182.712
-162.352
-141.588
-118.2
-95.2668
-72.4162
-51.1419
-28.1582
-4.61651
19.2956
46.2986
67.6479
88.7294
111.02
134.022
156.978
178.873
201.45
224.773
248.043
274.288
295.341
317.367
342.786
363.535
385.356
406.826
430.422
453.632
476.987
502.955
523.543
546.288
569.387
591.951
615.113
636.581
659.006
682.204
705.7
732.221
752.737
774.387
797.873
820.516
843.622
865.385
887.981
911.138
934.327
Time Data
0
0.1
0.2
0.3
0.4
0.5
0.6
0.7
0.8
0.9
1
1.1
1.2
1.3
1.4
1.5
1.6
1.7
1.8
1.9
2
2.1
2.2
2.3
2.4
2.5
2.6
2.7
2.8
2.9
3
3.1
3.2
3.3
3.4
3.5
3.6
3.7
3.8
3.9
4
4.1
4.2
4.3
4.4
4.5
4.6
4.7
4.8
4.9
5
5.1
5.2
5.3
5.4
5.5
5.6
5.7
5.8
5.9
5.99999999999999
6.09999999999999
6.19999999999999
6.29999999999999
6.39999999999999
6.49999999999999
6.59999999999999
6.69999999999999
6.79999999999999
6.89999999999999
6.99999999999999
7.09999999999999
7.19999999999999
7.29999999999999
7.39999999999999
7.49999999999999
7.59999999999999
7.69999999999999
7.79999999999999
7.89999999999999
7.99999999999999
8.09999999999999
8.19999999999999
8.29999999999999
8.39999999999999
8.49999999999999
8.59999999999999
8.69999999999999
8.79999999999998
8.89999999999998
8.99999999999998
9.09999999999998
9.19999999999998
9.29999999999998
9.39999999999998
9.49999999999998
9.59999999999998
9.69999999999998
9.79999999999998
9.89999999999998
9.99999999999998
10.1
10.2
10.3
10.4
10.5
10.6
10.7
10.8
10.9
11
11.1
11.2
11.3
11.4
11.5
11.6
11.7
11.8
11.9
12
12.1
12.2
12.3
12.4
12.5
12.6
12.7
12.8
12.9
13
13.1
13.2
13.3
13.4
13.5
13.6
13.7
13.8
13.9
14
14.1
14.2
14.3
14.4
14.5
14.6
Temperature Data
0
0
0
0
0
0
0
0
0
0
0
0
0
0
0
0
0
0
0
0
0
0
0
0
0
0
0
0
0
0
0
0
0
0
0
0
0
0
0
0
0
0
0
0
0
0
0
0
0
0
0
0
0
0
0
0
0
0
0
0
0
0
0
0
0
0
0
0
0
0
0
0
0
0
0
0
0
0
0
0
0
0
0
0
0
0
0
0
0
0
0
0
0
0
0
0
0
0
0
0
0
0
0
0
0
0
0
0
0
0
0
0
0
0
0
0
0
0
0
0
0
0
0
0
0
0
0
0
0
0
0
0
0
0
0
0
0
0
0
0
0
0
0
0
0
0
0
Angle Data
0
0
0
0
0
0
0
0
0
0
0
0
0
0
0
0
0
0
0
0
0
0
0
0
0
0
0
0
0
0
0
0
0
0
0
0
0
0
0
0
0
0
0
0
0
0
0
0
0
0
0
0
0
0
0
0
0
0
0
0
0
0
0
0
0
0
0
0
0
0
0
0
0
0
0
0
0
0
0
0
0
0
0
0
0
0
0
0
0
0
0
0
0
0
0
0
0
0
0
0
0
0
0
0
0
0
0
0
0
0
0
0
0
0
0
0
0
0
0
0
0
0
0
0
0
0
0
0
0
0
0
0
0
0
0
0
0
0
0
0
0
0
0
0
0
0
0
Bx Data
0
0
0
0
0
0
0
0
0
0
0
0
0
0
0
0
0
0
0
0
0
0
0
0
0
0
0
0
0
0
0
0
0
0
0
0
0
0
0
0
0
0
0
0
0
0
0
0
0
0
0
0
0
0
0
0
0
0
0
0
0
0
0
0
0
0
0
0
0
0
0
0
0
0
0
0
0
0
0
0
0
0
0
0
0
0
0
0
0
0
0
0
0
0
0
0
0
0
0
0
0
0
0
0
0
0
0
0
0
0
0
0
0
0
0
0
0
0
0
0
0
0
0
0
0
0
0
0
0
0
0
0
0
0
0
0
0
0
0
0
0
0
0
0
0
0
0
Hint Data
0
0
0
0
0
0
0
0
0
0
0
0
0
0
0
0
0
0
0
0
0
0
0
0
0
0
0
0
0
0
0
0
0
0
0
0
0
0
0
0
0
0
0
0
0
0
0
0
0
0
0
0
0
0
0
0
0
0
0
0
0
0
0
0
0
0
0
0
0
0
0
0
0
0
0
0
0
0
0
0
0
0
0
0
0
0
0
0
0
0
0
0
0
0
0
0
0
0
0
0
0
0
0
0
0
0
0
0
0
0
0
0
0
0
0
0
0
0
0
0
0
0
0
0
0
0
0
0
0
0
0
0
0
0
0
0
0
0
0
0
0
0
0
0
0
0
0
Torque Data
12.6356520626
14.203747252
14.139099558
14.0445913585
13.9313978125
12.2724926226
12.9250004644
14.405078809
12.9759075273
14.5240827165
12.7065614443
12.556879485
12.4251151485
11.6903683719
13.1570596025
12.6181731072
12.4769376544
11.7675151221
12.0144374735
10.9316385792
11.732955646
11.206076883
12.9020411514
10.6840254696
11.70881562
11.212471416
10.5357949028
10.4320704825
10.0437306872
9.9102129964
10.350720657
10.6788874925
10.223090824
10.4028216875
10.4148889114
9.655697865
9.4930572445
9.5192328976
9.8276189372
8.8152958953
9.5423863004
9.3958723138
9.2519141752
9.377919999
8.5546325968
8.2814537155
8.2465269072
8.119817832
7.4258079576
6.6856867896
7.3491922271
7.2156826676
8.0179590645
6.9589603643
7.1589406784
7.0155079584
6.848454616
6.615934454
6.1258688252
6.6562323175
5.7199829841
6.07544128
5.76157449882
5.9020122872
5.66730164235
5.87882099796
5.21816441331
5.32313613984
5.1127554055
4.58571596157
5.06863364
4.55254799593
4.7684608575
4.28028157311
4.2853250038
4.54330395225
4.01065041025
3.91687902832
3.79169583312
3.600924621
3.62599154
3.37559446064
3.18575544785
3.3453841365
2.7542492286
2.68760269813
2.63573334795
2.48078315945
2.39014453552
2.15123749613
1.96889510716
1.94623805395
1.8073836993
1.62239420526
1.54074801045
1.35680616912
1.32082947975
1.16746024944
0.9754351688
0.9316985958
0.687617862
0.608718650616
0.43508739203
0.321899904075
0.159779763752
0.0303782515785
-0.1214513303
-0.27816893359
-0.383858537844
-0.53309954461
-0.6776127904
-0.77966092302
-1.0329701823
-1.12587138025
-1.287188949
-1.35046989995
-1.56124465275
-1.6479634472
-1.80261970032
-1.84625395947
-1.78164051858
-2.28818017375
-2.5357773546
-2.48307062752
-2.38079751282
-2.63896333312
-2.86580944405
-3.0697959016
-3.29531052775
-3.69896521392
-3.74676574545
-3.61298476752
-4.16498548317
-4.06751068922
-4.52503833876
-4.293962527
-4.509154834
-4.67861394602
-4.80970338994
-4.87418537475
-4.79374066495
-5.3992824606
-6.07428086928
-5.69453618475
-6.01259926929
-5.9956069383
-6.41551897242
dMdH Data
1.19682539682548E-05
9.86059479553873E-07
-7.06484424666243E-06
2.18046709129513E-06
-7.51347449470638E-06
1.86015857284441E-05
-7.37060839760064E-06
-4.98494983277602E-06
1.13320479862896E-05
-1.29690766550522E-05
-5.45239020598524E-06
7.82737306843264E-06
-4.15608228980318E-06
-9.49913644216017E-09
1.4767087505442E-05
5.05056179775278E-06
-9.00140121438578E-06
-5.31531141868513E-06
6.6452717158749E-07
5.61669505962521E-06
4.88922381311231E-06
4.7802303262956E-06
-4.59955752212388E-06
-5.88682581786034E-06
-6.04872789995685E-06
2.66345783596455E-06
1.00493550196299E-05
5.4429616874731E-06
2.79345516362091E-06
-4.7908055672712E-06
-6.53037829575848E-06
-8.47460757156054E-06
8.99909909909908E-06
8.60930640913083E-06
3.31875819851333E-06
-3.17473217584044E-06
-5.20833333333335E-06
-4.38247566063973E-06
2.35767707875051E-06
1.14139662254679E-05
-1.8421282163105E-06
2.36173990235241E-06
-1.06441717791411E-05
-4.66963906581737E-06
8.63522825150732E-06
7.55502567865004E-06
-1.15221579961465E-06
6.23651452282162E-06
-4.65577439570274E-06
-3.5128205128205E-06
-2.85533769063181E-06
2.31155778894488E-07
1.17549460431655E-05
2.29000429000428E-06
-1.04025531914894E-05
-1.2170259408111E-06
3.66156055528965E-06
-4.14543770264009E-06
9.66455122393476E-06
-1.43547008547008E-06
1.67263203841117E-06
4.30810654870688E-07
-7.02096767305804E-06
-3.33403609377637E-06
1.3737882900349E-05
9.22703429141196E-06
-1.34709646263431E-05
1.21008879652373E-06
2.07316516900059E-06
5.1218075482812E-06
4.54617518826794E-06
-4.08277628787582E-07
2.90251615564417E-06
5.90035081486743E-06
-3.33041153525879E-06
-8.69432314410482E-06
-1.69768163138715E-06
6.50658215504633E-06
1.01032387739254E-05
8.09157351676698E-06
-1.23724101984971E-05
-4.15899728284687E-06
-9.15877156849281E-06
2.10562921104105E-06
1.31442373461012E-05
6.91545064377683E-06
2.88755331523846E-06
7.29227302600696E-06
-8.72386280264125E-06
1.12243556023146E-05
3.49184311003124E-06
-2.84236943446844E-06
-5.08889496717723E-06
1.83977186650625E-06
-1.06057472749989E-05
-6.6337395766517E-06
9.78367422148515E-06
1.02942043222004E-05
-7.09593527258715E-06
3.57875833760892E-07
-8.10440758376502E-06
4.12593104776242E-06
4.85233356679186E-06
1.04800358514947E-05
6.76756851356042E-06
4.09792360439961E-06
-1.29937414361367E-05
1.32557039340873E-07
3.07663116950881E-06
6.81318582720968E-06
1.01612903225806E-05
-1.68670500087123E-06
5.5291162365837E-06
-3.08898436461886E-06
-4.18170904257601E-06
3.97507520412554E-07
1.04461802248047E-05
5.8096233315917E-06
-2.81167710887133E-06
-1.19280852905307E-06
-3.66427297701093E-06
-7.23156592273497E-07
4.55985095482066E-07
4.39523648075945E-06
1.71271003877639E-05
3.59751659173623E-06
-5.25762476894639E-06
-1.18807072080824E-06
1.06177181798196E-06
9.60258019827702E-06
2.20253501152277E-05
7.47603833865813E-06
-1.79802496739333E-06
2.53333333333334E-06
2.39287869643935E-06
7.16334695267277E-06
1.18891821575356E-05
1.91401832715929E-05
1.31403648960739E-05
-5.58370518606827E-06
1.61817780329462E-05
6.2154851553709E-06
1.00469144878923E-05
1.19607452646486E-05
1.8831541218638E-05
6.47117167622581E-06
6.47117167622581E-06
dMdT Data
0
0
0
0
0
0
0
0
0
0
0
0
0
0
0
0
0
0
0
0
0
0
0
0
0
0
0
0
0
0
0
0
0
0
0
0
0
0
0
0
0
0
0
0
0
0
0
0
0
0
0
0
0
0
0
0
0
0
0
0
0
0
0
0
0
0
0
0
0
0
0
0
0
0
0
0
0
0
0
0
0
0
0
0
0
0
0
0
0
0
0
0
0
0
0
0
0
0
0
0
0
0
0
0
0
0
0
0
0
0
0
0
0
0
0
0
0
0
0
0
0
0
0
0
0
0
0
0
0
0
0
0
0
0
0
0
0
0
0
0
0
0
0
0
0
0
0
 
*********************************************** Results ***************************************
 
TotalArea 0
AreaFirstQuad 0
AreaSecondQuad 0
AreaThirdQuad 0
AreaFourthQuad 0
Coercivity 0
PositiveCoercivity 0
NegativeCoercivity 0
Retentivity 1.32649608679865E-02
PositiveRetentivity 2.35467798412719E-02
NegativeRetentivity -2.98314189470105E-03
Magnetization 0.00321292
PositiveMagnetization 0.00137368
NegativeMagnetization -0.00505216
Flatness 1.22488885752393
Squareness 4.12863092389056
SStar 0
SFD1 0
SFD2 0
Slope 0
Intercept 0
SlopeAtHc 6.47117167622581E-06
dH1 554.172768357485
dH2 47.2199999999998
InitialSlope 1.19682539682548E-05
FieldAtHalfMs 879.561959399108
FieldAtMs 934.327
MomentMean -3.52682060612245E-03
MomentRMS 1.38732312930504E-03
SFD3 0
dH3 1108.34553671497
UserField1 0
UserField2 0
CenterField 0
ExchangeField 0
ExchangeMoment 0
ExRegionOneIntercept 0
ExRegionOneSlope 0
ExRegionTwoIntercept 0
ExRegionTwoSlope 0
NegativeIntercept 0
NegativeSlope 0
AutoCenterOffset 0
PinningField 0
PinningMoment 0
PinRegionOneIntercept 0
PinRegionOneSlope 0
PinRegionTwoIntercept 0
PinRegionTwoSlope 0
PositiveIntercept 0
PositiveSlope 0
TotalOffset 0
BHMax 0
BCoercivity 0
BRetentivity 0
BNegativeCoercivity 0
BPositiveCoercivity 0
BNegativeRetentivity 0
BPositiveRetentivity 0
MomentYMean -6.09281156462585E-03
MomentYRMS 3.45064007978708E-04
YOffCorrection 0
Mrt 0
Ms1 0
Ms2 0
Ms3 0
Hc2 0
Hex2 0
HsatValue 0
HsatIntercept 0
HsatSlope 0
CenterH 0
Span .00642584
SpanAsPercentOfRange -121.242264150943
RMSAsPercentOfRange -26.1759081000951
SpanAsPercentOfMean -182.199230344888
RMSAsPercentOfMean -39.3363679143955
