Version 1.25
******************************************** Units *******************************************
System CGS
TemperatureUnit K
MomentUnit emu
AppliedFieldUnit G
 
******************************************** Setup ********************************************
 
Experiment CustomField
Minor False
Acquisition Continuous
EditedPoint No
MaxField 15000
FieldIncrement 100
Points 119
MinField 0
RampRate 10
AverageTime 0.1
TimeInterval 0
TimeConstant 0.1
TimeConstantIndex 0
Sensitivity -0.0053
SensitivityIndex 5
SensitivityY -400
SensitivityIndexY 0
SaturationField 8000
ExperimentTime 100
Use735Domains True
AutoRangeEnabled False
NumberOfVertices 2
VertexPts
0
118
VertexField
-108.8777
2608.8777
StartAngle 0
EndAngle 0
AngleIncrement 0
StartTemp 0
FinishTemp 0
TempIncrement 0
TempPoints 0
LengthofSetPointsArray 119
SetPointArray
-108.87772
-85.8459
-62.81407
-39.78224
-16.75042
6.28141
29.31323
52.34506
75.37688
98.40871
121.44054
144.47236
167.50419
190.53601
213.56784
236.59966
259.63149
282.66332
305.69514
328.72697
351.75879
374.79062
397.82245
420.85427
443.8861
466.91792
489.94975
512.98157
536.0134
559.04523
582.07705
605.10888
628.1407
651.17253
674.20436
697.23618
720.26801
743.29983
766.33166
789.36348
812.39531
835.42714
858.45896
881.49079
904.52261
927.55444
950.58626
973.61809
996.64992
1019.68174
1042.71357
1065.74539
1088.77722
1111.80905
1134.84087
1157.8727
1180.90452
1203.93635
1226.96817
1250
1273.03183
1296.06365
1319.09548
1342.1273
1365.15913
1388.19095
1411.22278
1434.25461
1457.28643
1480.31826
1503.35008
1526.38191
1549.41374
1572.44556
1595.47739
1618.50921
1641.54104
1664.57286
1687.60469
1710.63652
1733.66834
1756.70017
1779.73199
1802.76382
1825.79564
1848.82747
1871.8593
1894.89112
1917.92295
1940.95477
1963.9866
1987.01843
2010.05025
2033.08208
2056.1139
2079.14573
2102.17755
2125.20938
2148.24121
2171.27303
2194.30486
2217.33668
2240.36851
2263.40034
2286.43216
2309.46399
2332.49581
2355.52764
2378.55946
2401.59129
2424.62312
2447.65494
2470.68677
2493.71859
2516.75042
2539.78224
2562.81407
2585.8459
2608.87772
FieldDomainFile C:\IDEASVSM\Default UserID\Experiments\FORCexp0060B\fdomain.ini
TempDomainFile C:\IDEASVSM\Default UserID\Experiments\FORCexp0060B\tdomain.ini
NumSelectedResults 0
ResultsSelected 
UserName1 
UserValue1 
UserName2 
UserValue2 
LinearBackgroundCorrection Off
MaxLinearFieldCorrection 
MinLinearFieldCorrection 
AutoLinearCorrection Off
FitOneRegion Off
BackgroundMode Off
BackgroundFilename 
AutoCenter Off
OffsetCorrection 
SmoothDeriv Off
DerivOrder 0
DerivPoints 0
MinExFieldOne 
MaxExFieldOne 
MinExFieldTwo 
MaxExFieldTwo 
MinPinFieldOne 
MaxPinFieldOne 
MinPinFieldTwo 
MaxPinFieldTwo 
HCenterStart 
Mass 
Volume 
Density 
MolarWeight 
NumberOfMoles 
Demagnetization 
SampleArea 
Thickness 
MomentScaling 0
XAxis 0
YAxis 0
SimpleSpinValve False
HsatMax 0
HsatMin 0
FieldAutoRange False
 
*************************************************** Experiment Data ********************************************
 
DataPoints 119
MomentX Data
0.00293719
0.0029083
0.00286472
0.00301767
0.00311873
0.00320562
0.00322483
0.00307349
0.00294125
0.00286315
0.00316826
0.00324626
0.00341109
0.00340954
0.00333133
0.00340309
0.00337229
0.00361453
0.0036695
0.00360625
0.00345403
0.00343805
0.00328882
0.00360469
0.0037966
0.003608
0.00367504
0.00352623
0.0038559
0.00390004
0.00385218
0.00368079
0.00374935
0.00361558
0.00358796
0.0038278
0.00390279
0.00409924
0.0041415
0.00408934
0.00389242
0.00404803
0.00412193
0.00422552
0.00422058
0.00396697
0.00412518
0.00429468
0.00429147
0.0042765
0.00425104
0.00426635
0.00417396
0.00414313
0.00425983
0.00432084
0.00407229
0.00400499
0.00408351
0.00407707
0.00415794
0.00435398
0.00433356
0.00420923
0.00420194
0.00436
0.0045196
0.00437399
0.00448095
0.00430741
0.00421729
0.00420727
0.00434558
0.00437351
0.0044976
0.00471747
0.0047478
0.00451813
0.00463944
0.00458894
0.00475662
0.00468844
0.00467138
0.00437615
0.00430356
0.00453004
0.00465158
0.00440466
0.00464668
0.0045233
0.00443863
0.00463048
0.00443751
0.00472841
0.00483123
0.00472821
0.00459361
0.0043031
0.00440259
0.00447153
0.00481201
0.00453606
0.00451835
0.00449816
0.00457907
0.00490805
0.00500389
0.00477999
0.00472556
0.00471759
0.00456312
0.00481909
0.00471713
0.00483226
0.00494165
0.00489096
0.00493642
0.00498561
0.00473462
MomentY Data
-0.00638962
-0.00720024
-0.00629425
-0.00705719
-0.00658035
-0.00686646
-0.00705719
-0.00686646
-0.00677109
-0.00658035
-0.00686646
-0.00658035
-0.00677109
-0.00610352
-0.00677109
-0.00720024
-0.00677109
-0.00638962
-0.00658035
-0.00686646
-0.00610352
-0.00705719
-0.00686646
-0.00705719
-0.00705719
-0.00686646
-0.00734329
-0.00638962
-0.00658035
-0.00658035
-0.00686646
-0.00677109
-0.00753403
-0.00720024
-0.00720024
-0.00658035
-0.00686646
-0.00720024
-0.00720024
-0.00753403
-0.00686646
-0.00686646
-0.00658035
-0.00686646
-0.00705719
-0.00734329
-0.00686646
-0.00686646
-0.00658035
-0.00677109
-0.00705719
-0.00677109
-0.00705719
-0.00677109
-0.00734329
-0.00734329
-0.00734329
-0.00658035
-0.00705719
-0.00686646
-0.00686646
-0.00705719
-0.00686646
-0.00677109
-0.00720024
-0.00705719
-0.00677109
-0.00686646
-0.00677109
-0.00658035
-0.00686646
-0.00720024
-0.00705719
-0.00705719
-0.00720024
-0.00677109
-0.00753403
-0.00705719
-0.00705719
-0.00734329
-0.00686646
-0.00677109
-0.00638962
-0.00705719
-0.00686646
-0.00705719
-0.00629425
-0.00720024
-0.00753403
-0.00705719
-0.00705719
-0.00629425
-0.00705719
-0.00705719
-0.00658035
-0.00686646
-0.00658035
-0.00677109
-0.00677109
-0.00705719
-0.00677109
-0.00658035
-0.00658035
-0.00677109
-0.00686646
-0.00720024
-0.00686646
-0.00686646
-0.00677109
-0.00677109
-0.00686646
-0.00629425
-0.00658035
-0.00658035
-0.00734329
-0.00658035
-0.00686646
-0.00686646
-0.00705719
Field Data
-108.232
-97.3469
-80.4997
-61.2848
-40.1546
-15.2067
5.6382
28.0175
50.8753
73.9132
97.0692
119.36
143.515
166.069
190.128
217.724
238.354
259.976
282.619
305.412
328.524
348.738
372.793
396.353
419.718
446.839
467.728
489.014
511.245
534.082
557.403
578.593
602.552
625.677
649.224
671.917
696.946
718.842
741.154
763.834
787.023
807.829
831.217
854.622
878.01
900.792
925.626
946.741
969.25
992.742
1016.1
1040.73
1062.64
1084.88
1107.46
1130.56
1151.33
1173.91
1198.1
1221.24
1243.83
1270.17
1290.65
1312.93
1335.66
1358.86
1381.65
1403.54
1426.28
1449.31
1472.87
1499.13
1519.89
1541.89
1564.72
1587.56
1610.03
1631.6
1653.93
1677.38
1701.04
1727.05
1748.64
1770.76
1793.26
1815.71
1838.54
1858.99
1886.93
1909.38
1928.38
1954.89
1976.63
1998.8
2021.52
2044.36
2069.76
2090.98
2113.39
2134.94
2158.2
2180.83
2202.78
2225.8
2249.1
2272.37
2297.98
2319.01
2341.08
2362.79
2385.42
2411.98
2432.67
2455.04
2477.81
2500.51
2522.61
2543.84
2567.12
Time Data
0
0.1
0.2
0.3
0.4
0.5
0.6
0.7
0.8
0.9
1
1.1
1.2
1.3
1.4
1.5
1.6
1.7
1.8
1.9
2
2.1
2.2
2.3
2.4
2.5
2.6
2.7
2.8
2.9
3
3.1
3.2
3.3
3.4
3.5
3.6
3.7
3.8
3.9
4
4.1
4.2
4.3
4.4
4.5
4.6
4.7
4.8
4.9
5
5.1
5.2
5.3
5.4
5.5
5.6
5.7
5.8
5.9
5.99999999999999
6.09999999999999
6.19999999999999
6.29999999999999
6.39999999999999
6.49999999999999
6.59999999999999
6.69999999999999
6.79999999999999
6.89999999999999
6.99999999999999
7.09999999999999
7.19999999999999
7.29999999999999
7.39999999999999
7.49999999999999
7.59999999999999
7.69999999999999
7.79999999999999
7.89999999999999
7.99999999999999
8.09999999999999
8.19999999999999
8.29999999999999
8.39999999999999
8.49999999999999
8.59999999999999
8.69999999999999
8.79999999999998
8.89999999999998
8.99999999999998
9.09999999999998
9.19999999999998
9.29999999999998
9.39999999999998
9.49999999999998
9.59999999999998
9.69999999999998
9.79999999999998
9.89999999999998
9.99999999999998
10.1
10.2
10.3
10.4
10.5
10.6
10.7
10.8
10.9
11
11.1
11.2
11.3
11.4
11.5
11.6
11.7
11.8
Temperature Data
0
0
0
0
0
0
0
0
0
0
0
0
0
0
0
0
0
0
0
0
0
0
0
0
0
0
0
0
0
0
0
0
0
0
0
0
0
0
0
0
0
0
0
0
0
0
0
0
0
0
0
0
0
0
0
0
0
0
0
0
0
0
0
0
0
0
0
0
0
0
0
0
0
0
0
0
0
0
0
0
0
0
0
0
0
0
0
0
0
0
0
0
0
0
0
0
0
0
0
0
0
0
0
0
0
0
0
0
0
0
0
0
0
0
0
0
0
0
0
Angle Data
0
0
0
0
0
0
0
0
0
0
0
0
0
0
0
0
0
0
0
0
0
0
0
0
0
0
0
0
0
0
0
0
0
0
0
0
0
0
0
0
0
0
0
0
0
0
0
0
0
0
0
0
0
0
0
0
0
0
0
0
0
0
0
0
0
0
0
0
0
0
0
0
0
0
0
0
0
0
0
0
0
0
0
0
0
0
0
0
0
0
0
0
0
0
0
0
0
0
0
0
0
0
0
0
0
0
0
0
0
0
0
0
0
0
0
0
0
0
0
Bx Data
0
0
0
0
0
0
0
0
0
0
0
0
0
0
0
0
0
0
0
0
0
0
0
0
0
0
0
0
0
0
0
0
0
0
0
0
0
0
0
0
0
0
0
0
0
0
0
0
0
0
0
0
0
0
0
0
0
0
0
0
0
0
0
0
0
0
0
0
0
0
0
0
0
0
0
0
0
0
0
0
0
0
0
0
0
0
0
0
0
0
0
0
0
0
0
0
0
0
0
0
0
0
0
0
0
0
0
0
0
0
0
0
0
0
0
0
0
0
0
Hint Data
0
0
0
0
0
0
0
0
0
0
0
0
0
0
0
0
0
0
0
0
0
0
0
0
0
0
0
0
0
0
0
0
0
0
0
0
0
0
0
0
0
0
0
0
0
0
0
0
0
0
0
0
0
0
0
0
0
0
0
0
0
0
0
0
0
0
0
0
0
0
0
0
0
0
0
0
0
0
0
0
0
0
0
0
0
0
0
0
0
0
0
0
0
0
0
0
0
0
0
0
0
0
0
0
0
0
0
0
0
0
0
0
0
0
0
0
0
0
0
Torque Data
0.69156135184
0.700921043256
0.506685236725
0.432498477712
0.26423132211
0.104416197282
-0.039789848658
-0.19238104305
-0.344481235077
-0.48637472562
-0.666521779032
-0.785430576
-0.97175298135
-1.01360546288
-1.28737379952
-1.56766505376
-1.61391638586
-1.66114784912
-1.85973193665
-2.09709928152
-2.00515280448
-2.46111032622
-2.55976822278
-2.79713842807
-2.96202967242
-3.06820211994
-3.43466234512
-3.12461363468
-3.36417103575
-3.5144464887
-3.82738540338
-3.91770527637
-4.53964484456
-4.50502456248
-4.67456861376
-4.42144903095
-4.78555183116
-5.17583492208
-5.33648667696
-5.75474827102
-5.40406194858
-5.54692551534
-5.46969878595
-5.86822777812
-6.1962833919
-6.61477688568
-6.35577390396
-6.50075920686
-6.3780042375
-6.72194542878
-7.170810759
-7.0468764957
-7.4992523816
-7.3458201192
-8.1323999434
-8.3020299424
-8.4545500757
-7.7247386685
-8.455219339
-8.3855956104
-8.5407089418
-8.9638310223
-8.862196599
-8.8899671937
-9.6170725584
-9.5897332034
-9.3552764985
-9.6373512684
-9.6574702452
-9.5369670585
-10.1134029402
-10.7940957912
-10.7261525091
-10.8814106891
-11.2663595328
-10.7495116404
-12.1300143209
-11.514511204
-11.6720982567
-12.3174877802
-11.6801231184
-11.6940109845
-11.1731451168
-12.4965897644
-12.3133480596
-12.8138104549
-11.572230395
-13.3851741576
-14.2161872279
-13.4748574422
-13.6089440522
-12.3045663825
-13.9494534697
-14.105911372
-13.302309132
-14.0375161656
-13.619745216
-14.1582137682
-14.3099538951
-15.0666772186
-14.613366438
-14.3506246905
-14.495063373
-15.071092122
-15.443355186
-16.3616093688
-15.7789877508
-15.9233894046
-15.8516633772
-15.9986637411
-16.3793910132
-15.181605115
-16.0078200345
-16.155022464
-18.1952773949
-16.4542309785
-17.3214006606
-17.4671756064
-18.1166535928
dMdH Data
-2.65408677917522E-06
-2.58677999905029E-06
7.95996856606072E-06
4.78272803854199E-06
3.48285827664854E-06
9.21568345254713E-07
-6.76249927388257E-06
-5.78533367165694E-06
-3.39006593482912E-06
1.31762826049404E-05
3.49920146428122E-06
6.82384599461809E-06
-6.87239514055113E-08
-3.25075855189326E-06
2.6003768662125E-06
-1.49297140087252E-06
1.1203403940431E-05
2.42768184427859E-06
-2.77497477295661E-06
-6.58618899273105E-06
-7.90541209063029E-07
-6.20369985450009E-06
1.34070458404075E-05
8.21356730151936E-06
-6.95402086943696E-06
3.20934463114558E-06
-6.99097998684582E-06
1.48292924294904E-05
1.93282830494372E-06
-2.05222760602032E-06
-8.08824917413877E-06
2.86155515672605E-06
-5.78464864864863E-06
-1.17297320253112E-06
1.05688978980302E-05
2.99612449558512E-06
8.97195834855681E-06
1.89404804589461E-06
-2.29982363315697E-06
-8.49195739359177E-06
7.47909256945115E-06
3.15974003762613E-06
4.42597735526596E-06
-2.11219428766895E-07
-1.11320340619787E-05
6.37070145767899E-06
8.02746862420082E-06
-1.4260962281754E-07
-6.37238208751935E-07
-1.08999058138538E-06
6.2159967519286E-07
-4.21679598356915E-06
-1.38624100719424E-06
5.16829052258637E-06
2.64112554112556E-06
-1.19667790081849E-05
-2.98051372896367E-06
3.24596940884667E-06
-2.78305963699217E-07
3.57990261177511E-06
7.44267274107819E-06
-9.97070312500007E-07
-5.58034111310596E-06
-3.20721513418355E-07
6.8129310344828E-06
7.00307152259758E-06
-6.65189584285066E-06
4.70360598065082E-06
-7.53538862353452E-06
-3.8251273344652E-06
-3.81568926123391E-07
6.66233140655106E-06
1.26954545454545E-06
5.43539202803332E-06
9.62653239929949E-06
1.34979973297731E-06
-1.064765878535E-05
5.43260188087768E-06
-2.15351812366738E-06
7.08706677937451E-06
-2.62129950019221E-06
-7.9018063918481E-07
-1.33467450271249E-05
-3.22622222222222E-06
1.00881959910913E-05
5.32369689005695E-06
-1.20743276283618E-05
8.66213314244808E-06
-5.49576837416481E-06
-4.4563157894737E-06
7.23689173896644E-06
-8.87626494940201E-06
1.31213351375734E-05
4.52552816901408E-06
-4.51050788091069E-06
-5.29921259842514E-06
-1.36903864278983E-05
4.43953592146365E-06
3.19907192575403E-06
1.46380051590715E-05
-1.21939902783915E-05
-8.06833712984034E-07
-8.77063423110331E-07
3.47253218884124E-06
1.41375161151697E-05
3.74228816868412E-06
-1.06466951973371E-05
-2.4662437698233E-06
-3.67111929986198E-07
-6.82589482987179E-06
9.63742469879518E-06
-4.92798453359109E-06
5.14662494412161E-06
4.80412823891085E-06
-2.23303964757706E-06
2.05701357466067E-06
2.317004239284E-06
-1.07813573883162E-05
-1.07813573883162E-05
dMdT Data
0
0
0
0
0
0
0
0
0
0
0
0
0
0
0
0
0
0
0
0
0
0
0
0
0
0
0
0
0
0
0
0
0
0
0
0
0
0
0
0
0
0
0
0
0
0
0
0
0
0
0
0
0
0
0
0
0
0
0
0
0
0
0
0
0
0
0
0
0
0
0
0
0
0
0
0
0
0
0
0
0
0
0
0
0
0
0
0
0
0
0
0
0
0
0
0
0
0
0
0
0
0
0
0
0
0
0
0
0
0
0
0
0
0
0
0
0
0
0
 
*********************************************** Results ***************************************
 
TotalArea 0
AreaFirstQuad 0
AreaSecondQuad 0
AreaThirdQuad 0
AreaFourthQuad 0
Coercivity 0
PositiveCoercivity 0
NegativeCoercivity 0
Retentivity 2.84850566819739E-04
PositiveRetentivity 2.64993287971631E-03
NegativeRetentivity 3.21963401335579E-03
Magnetization 0.00500389
PositiveMagnetization 0.00500389
NegativeMagnetization 0.00286315
Flatness -10.3028878590691
Squareness 5.69258250720417E-02
SStar 0
SFD1 0
SFD2 0
Slope 0
Intercept 0
SlopeAtHc -1.07813573883162E-05
dH1 -53.6626324833769
dH2 115.1812
InitialSlope -2.65408677917522E-06
FieldAtHalfMs 2567.12
FieldAtMs 2297.98
MomentMean 4.13417008403361E-03
MomentRMS 5.56647263734292E-04
SFD3 0
dH3 -107.325264966754
UserField1 0
UserField2 0
CenterField 0
ExchangeField 0
ExchangeMoment 0
ExRegionOneIntercept 0
ExRegionOneSlope 0
ExRegionTwoIntercept 0
ExRegionTwoSlope 0
NegativeIntercept 0
NegativeSlope 0
AutoCenterOffset 0
PinningField 0
PinningMoment 0
PinRegionOneIntercept 0
PinRegionOneSlope 0
PinRegionTwoIntercept 0
PinRegionTwoSlope 0
PositiveIntercept 0
PositiveSlope 0
TotalOffset 0
BHMax 0
BCoercivity 0
BRetentivity 0
BNegativeCoercivity 0
BPositiveCoercivity 0
BNegativeRetentivity 0
BPositiveRetentivity 0
MomentYMean -6.87807655462185E-03
MomentYRMS 2.97588221633481E-04
YOffCorrection 0
Mrt 0
Ms1 0
Ms2 0
Ms3 0
Hc2 0
Hex2 0
HsatValue 0
HsatIntercept 0
HsatSlope 0
CenterH 0
Span .00214074
SpanAsPercentOfRange -40.391320754717
RMSAsPercentOfRange -10.5027785610244
SpanAsPercentOfMean 51.7816141205136
RMSAsPercentOfMean 13.4645467510902
