Version 1.25
******************************************** Units *******************************************
System CGS
TemperatureUnit K
MomentUnit emu
AppliedFieldUnit G
 
******************************************** Setup ********************************************
 
Experiment CustomField
Minor False
Acquisition Continuous
EditedPoint No
MaxField 15000
FieldIncrement 100
Points 85
MinField 0
RampRate 10
AverageTime 0.1
TimeInterval 0
TimeConstant 0.1
TimeConstantIndex 0
Sensitivity -0.0053
SensitivityIndex 5
SensitivityY -400
SensitivityIndexY 0
SaturationField 8000
ExperimentTime 100
Use735Domains True
AutoRangeEnabled False
NumberOfVertices 2
VertexPts
0
84
VertexField
282.6633
2217.3367
StartAngle 0
EndAngle 0
AngleIncrement 0
StartTemp 0
FinishTemp 0
TempIncrement 0
TempPoints 0
LengthofSetPointsArray 85
SetPointArray
282.66332
305.69514
328.72697
351.75879
374.79062
397.82245
420.85427
443.8861
466.91792
489.94975
512.98157
536.0134
559.04523
582.07705
605.10888
628.1407
651.17253
674.20436
697.23618
720.26801
743.29983
766.33166
789.36348
812.39531
835.42714
858.45896
881.49079
904.52261
927.55444
950.58626
973.61809
996.64992
1019.68174
1042.71357
1065.74539
1088.77722
1111.80905
1134.84087
1157.8727
1180.90452
1203.93635
1226.96817
1250
1273.03183
1296.06365
1319.09548
1342.1273
1365.15913
1388.19095
1411.22278
1434.25461
1457.28643
1480.31826
1503.35008
1526.38191
1549.41374
1572.44556
1595.47739
1618.50921
1641.54104
1664.57286
1687.60469
1710.63652
1733.66834
1756.70017
1779.73199
1802.76382
1825.79564
1848.82747
1871.8593
1894.89112
1917.92295
1940.95477
1963.9866
1987.01843
2010.05025
2033.08208
2056.1139
2079.14573
2102.17755
2125.20938
2148.24121
2171.27303
2194.30486
2217.33668
FieldDomainFile C:\IDEASVSM\Default UserID\Experiments\FORCexp0043B\fdomain.ini
TempDomainFile C:\IDEASVSM\Default UserID\Experiments\FORCexp0043B\tdomain.ini
NumSelectedResults 0
ResultsSelected 
UserName1 
UserValue1 
UserName2 
UserValue2 
LinearBackgroundCorrection Off
MaxLinearFieldCorrection 
MinLinearFieldCorrection 
AutoLinearCorrection Off
FitOneRegion Off
BackgroundMode Off
BackgroundFilename 
AutoCenter Off
OffsetCorrection 
SmoothDeriv Off
DerivOrder 0
DerivPoints 0
MinExFieldOne 
MaxExFieldOne 
MinExFieldTwo 
MaxExFieldTwo 
MinPinFieldOne 
MaxPinFieldOne 
MinPinFieldTwo 
MaxPinFieldTwo 
HCenterStart 
Mass 
Volume 
Density 
MolarWeight 
NumberOfMoles 
Demagnetization 
SampleArea 
Thickness 
MomentScaling 0
XAxis 0
YAxis 0
SimpleSpinValve False
HsatMax 0
HsatMin 0
FieldAutoRange False
 
*************************************************** Experiment Data ********************************************
 
DataPoints 85
MomentX Data
0.00352836
0.00350566
0.00344925
0.00360264
0.00371043
0.00371719
0.00343909
0.00354294
0.00369887
0.00368224
0.00381678
0.00411154
0.00408215
0.00403408
0.0039515
0.00373678
0.00400327
0.00385903
0.00393774
0.00402101
0.00413827
0.00405025
0.00426287
0.00394389
0.00416427
0.00419719
0.00388068
0.00394924
0.00382884
0.00378651
0.00379858
0.00413891
0.00426197
0.00424364
0.00410109
0.00405914
0.00429454
0.00411048
0.00434083
0.00408745
0.00400015
0.00409002
0.00421153
0.00431235
0.00442899
0.00441915
0.00415087
0.00431019
0.00417682
0.00417822
0.00443477
0.00457342
0.00450855
0.00439631
0.00427858
0.00433022
0.00454583
0.00437078
0.00446554
0.00445252
0.00430494
0.00432544
0.00434494
0.00454308
0.00454217
0.00440708
0.00441604
0.00460417
0.00463939
0.00463786
0.00464775
0.00459441
0.0045502
0.00453236
0.00461778
0.00474147
0.00452341
0.00448648
0.00461543
0.00491495
0.00495329
0.0047162
0.00472849
0.00480875
0.00483715
MomentY Data
-0.00638962
-0.00677109
-0.00705719
-0.00686646
-0.00720024
-0.00677109
-0.00677109
-0.00658035
-0.00677109
-0.00705719
-0.00677109
-0.00705719
-0.00705719
-0.00705719
-0.00686646
-0.00720024
-0.00686646
-0.00705719
-0.00677109
-0.00705719
-0.00658035
-0.00677109
-0.00658035
-0.00658035
-0.00705719
-0.00677109
-0.00705719
-0.00658035
-0.00686646
-0.00610352
-0.00677109
-0.00686646
-0.00705719
-0.00677109
-0.00686646
-0.00705719
-0.00658035
-0.00734329
-0.00677109
-0.00705719
-0.00705719
-0.00686646
-0.00720024
-0.00705719
-0.00734329
-0.00753403
-0.00686646
-0.00686646
-0.00686646
-0.00658035
-0.00753403
-0.00720024
-0.00720024
-0.00720024
-0.00705719
-0.00677109
-0.00720024
-0.00720024
-0.00734329
-0.00734329
-0.00658035
-0.00705719
-0.00720024
-0.00720024
-0.00753403
-0.00686646
-0.00629425
-0.00638962
-0.00720024
-0.00705719
-0.00705719
-0.00658035
-0.00677109
-0.00677109
-0.00677109
-0.00705719
-0.00686646
-0.00658035
-0.00658035
-0.00658035
-0.00686646
-0.00734329
-0.00705719
-0.00753403
-0.00720024
Field Data
282.722
284.549
295.073
310.236
329.956
351.312
371.263
394.948
418.292
442.038
464.424
490.192
512.444
535.224
557.788
580.955
605.789
628.024
650.387
672.849
695.531
716.531
738.864
762.991
786.611
809.784
836.162
856.896
878.911
901.271
924.062
946.741
968.319
990.195
1014.65
1038.05
1063.99
1085.66
1107.61
1129.73
1152.43
1175.36
1197.12
1219.36
1242.75
1265.99
1293
1314.06
1335.45
1357.78
1380.56
1403.56
1424.9
1447.62
1470.78
1494.09
1517.1
1541.94
1563.68
1585.77
1608.7
1631.8
1655.61
1677.51
1699.61
1722.49
1745.14
1766.21
1789.51
1812.21
1835.96
1883.16
1905.75
1927.93
1950.69
1973.16
1994.03
2016.9
2040.16
2066.48
2087.82
2107.97
2130.81
2154.27
2177.21
Time Data
0
0.1
0.2
0.3
0.4
0.5
0.6
0.7
0.8
0.9
1
1.1
1.2
1.3
1.4
1.5
1.6
1.7
1.8
1.9
2
2.1
2.2
2.3
2.4
2.5
2.6
2.7
2.8
2.9
3
3.1
3.2
3.3
3.4
3.5
3.6
3.7
3.8
3.9
4
4.1
4.2
4.3
4.4
4.5
4.6
4.7
4.8
4.9
5
5.1
5.2
5.3
5.4
5.5
5.6
5.7
5.8
5.9
5.99999999999999
6.09999999999999
6.19999999999999
6.29999999999999
6.39999999999999
6.49999999999999
6.59999999999999
6.69999999999999
6.79999999999999
6.89999999999999
6.99999999999999
7.09999999999999
7.19999999999999
7.29999999999999
7.39999999999999
7.49999999999999
7.59999999999999
7.69999999999999
7.79999999999999
7.89999999999999
7.99999999999999
8.09999999999999
8.19999999999999
8.29999999999999
8.39999999999999
Temperature Data
0
0
0
0
0
0
0
0
0
0
0
0
0
0
0
0
0
0
0
0
0
0
0
0
0
0
0
0
0
0
0
0
0
0
0
0
0
0
0
0
0
0
0
0
0
0
0
0
0
0
0
0
0
0
0
0
0
0
0
0
0
0
0
0
0
0
0
0
0
0
0
0
0
0
0
0
0
0
0
0
0
0
0
0
0
Angle Data
0
0
0
0
0
0
0
0
0
0
0
0
0
0
0
0
0
0
0
0
0
0
0
0
0
0
0
0
0
0
0
0
0
0
0
0
0
0
0
0
0
0
0
0
0
0
0
0
0
0
0
0
0
0
0
0
0
0
0
0
0
0
0
0
0
0
0
0
0
0
0
0
0
0
0
0
0
0
0
0
0
0
0
0
0
Bx Data
0
0
0
0
0
0
0
0
0
0
0
0
0
0
0
0
0
0
0
0
0
0
0
0
0
0
0
0
0
0
0
0
0
0
0
0
0
0
0
0
0
0
0
0
0
0
0
0
0
0
0
0
0
0
0
0
0
0
0
0
0
0
0
0
0
0
0
0
0
0
0
0
0
0
0
0
0
0
0
0
0
0
0
0
0
Hint Data
0
0
0
0
0
0
0
0
0
0
0
0
0
0
0
0
0
0
0
0
0
0
0
0
0
0
0
0
0
0
0
0
0
0
0
0
0
0
0
0
0
0
0
0
0
0
0
0
0
0
0
0
0
0
0
0
0
0
0
0
0
0
0
0
0
0
0
0
0
0
0
0
0
0
0
0
0
0
0
0
0
0
0
0
0
Torque Data
-1.80648614564
-1.92670688841
-2.08238622487
-2.13022308456
-2.37576238944
-2.37876517008
-2.51385518667
-2.5988960718
-2.83229277828
-3.11954615322
-3.14465670216
-3.45937808048
-3.61641467236
-3.77717746056
-3.83002899048
-4.1830154292
-4.15962593694
-4.43208469256
-4.40382891183
-4.74842323431
-4.57683741585
-4.85169588879
-4.8619837224
-5.02074782685
-5.55126328309
-5.48312034456
-5.90095410478
-5.6386755936
-6.03500722506
-5.50092557392
-6.25690696758
-6.50075920686
-6.83361116361
-6.70469946255
-6.967053639
-7.3257160795
-7.0014265965
-7.9723162214
-7.4997269949
-7.9727192587
-8.1329174717
-8.0705624256
-8.6195513088
-8.6052551984
-9.1258736475
-9.5380066397
-8.87833278
-9.0229404276
-9.169814007
-8.934667623
-10.4011804568
-10.1059688544
-10.259621976
-10.4232114288
-10.3795739082
-10.1166178581
-10.923484104
-11.1023380656
-11.4825557072
-11.6447689833
-10.585809045
-11.515922642
-11.9207893464
-12.0784746024
-12.8049127283
-11.8274086854
-10.984347445
-11.2854107402
-12.8849014824
-12.7891102899
-12.9567185524
-12.391851906
-12.9040047675
-13.0541875437
-13.2082975521
-13.9249650204
-13.6919272338
-13.271907915
-13.424966856
-13.598161668
-14.3359325172
-15.4794350213
-15.0375310239
-16.2303348081
-15.6764345304
dMdH Data
-1.2424740010947E-05
-5.36012922843023E-06
1.01160720174108E-05
5.46602434077078E-06
3.16538677655E-07
-1.39391509197534E-05
4.38463162339033E-06
6.67966072652501E-06
-7.00328476374972E-07
6.01000625390871E-06
1.14389941012108E-05
-1.32078015459288E-06
-2.11018437225635E-06
-3.65981209005494E-06
-9.26835585099495E-06
1.07308528630104E-05
-6.48706993478749E-06
3.51965299825608E-06
3.70714985308519E-06
5.16973811833174E-06
-4.19142857142858E-06
9.52044060359107E-06
-1.32208728810047E-05
9.33022861981372E-06
1.42061882363093E-06
-1.19990143301236E-05
3.3066460885502E-06
-5.46899841017487E-06
-1.89311270125224E-06
5.29595015576336E-07
1.50063935799639E-05
5.7030308647697E-06
-8.37904552934739E-07
-5.82907380903702E-06
-1.79273504273504E-06
9.07478797224363E-06
-8.49377018920166E-06
1.04943052391801E-05
-1.14547920433996E-05
-3.84581497797357E-06
3.91931966855649E-06
5.58409926470589E-06
4.53327338129499E-06
4.9867464728516E-06
-4.23407917383807E-07
-9.93261754905591E-06
7.56505223171892E-06
-6.23515661524073E-06
6.26959247648677E-08
1.12620719929763E-05
6.0282608695652E-06
-3.03983130271787E-06
-4.94014084507049E-06
-5.08333333333331E-06
2.21535821535824E-06
9.3702737940026E-06
-7.0471014492753E-06
4.35878564857402E-06
-5.89406971480304E-07
-6.43610989969469E-06
8.87445887445877E-07
8.18983620327613E-07
9.04748858447482E-06
-4.11764705882264E-08
-5.90428321678319E-06
3.95584988962496E-07
8.92880873279547E-06
1.51158798283262E-06
-6.74008810572886E-08
4.16421052631589E-07
-1.13008474576271E-06
-1.95706064630369E-06
-8.04328223624879E-07
3.75307557117751E-06
5.50467289719626E-06
-1.04484906564447E-05
-1.61477918670747E-06
5.54385210662081E-06
1.13799392097265E-05
1.79662605435798E-06
-1.17662531017372E-05
5.38091068301217E-07
3.42114236999145E-06
1.23801220575416E-06
1.23801220575416E-06
dMdT Data
0
0
0
0
0
0
0
0
0
0
0
0
0
0
0
0
0
0
0
0
0
0
0
0
0
0
0
0
0
0
0
0
0
0
0
0
0
0
0
0
0
0
0
0
0
0
0
0
0
0
0
0
0
0
0
0
0
0
0
0
0
0
0
0
0
0
0
0
0
0
0
0
0
0
0
0
0
0
0
0
0
0
0
0
0
 
*********************************************** Results ***************************************
 
TotalArea 0
AreaFirstQuad 0
AreaSecondQuad 0
AreaThirdQuad 0
AreaFourthQuad 0
Coercivity 0
PositiveCoercivity 0
NegativeCoercivity 0
Retentivity 7.04110734537494E-03
PositiveRetentivity 7.04110734537494E-03
NegativeRetentivity 0
Magnetization 0.00495329
PositiveMagnetization 0.00495329
NegativeMagnetization 0.00343909
Flatness 0.31301288806833
Squareness 1.42150113265626
SStar 0
SFD1 0
SFD2 0
Slope 0
Intercept 0
SlopeAtHc 1.23801220575416E-06
dH1 -283.350288986784
dH2 102.3615
InitialSlope -1.2424740010947E-05
FieldAtHalfMs 2177.21
FieldAtMs 2087.82
MomentMean 0.004220438
MomentRMS 3.60587512754235E-04
SFD3 0
dH3 -566.700577973567
UserField1 0
UserField2 0
CenterField 0
ExchangeField 0
ExchangeMoment 0
ExRegionOneIntercept 0
ExRegionOneSlope 0
ExRegionTwoIntercept 0
ExRegionTwoSlope 0
NegativeIntercept 0
NegativeSlope 0
AutoCenterOffset 0
PinningField 0
PinningMoment 0
PinRegionOneIntercept 0
PinRegionOneSlope 0
PinRegionTwoIntercept 0
PinRegionTwoSlope 0
PositiveIntercept 0
PositiveSlope 0
TotalOffset 0
BHMax 0
BCoercivity 0
BRetentivity 0
BNegativeCoercivity 0
BPositiveCoercivity 0
BNegativeRetentivity 0
BPositiveRetentivity 0
MomentYMean -0.006933774
MomentYRMS 2.90355778884162E-04
YOffCorrection 0
Mrt 0
Ms1 0
Ms2 0
Ms3 0
Hc2 0
Hex2 0
HsatValue 0
HsatIntercept 0
HsatSlope 0
CenterH 0
Span .0015142
SpanAsPercentOfRange -28.5698113207547
RMSAsPercentOfRange -6.80353797649501
SpanAsPercentOfMean 35.8777927788538
RMSAsPercentOfMean 8.54384101257347
