Version 1.25
******************************************** Units *******************************************
System CGS
TemperatureUnit K
MomentUnit emu
AppliedFieldUnit G
 
******************************************** Setup ********************************************
 
Experiment CustomField
Minor False
Acquisition Continuous
EditedPoint No
MaxField 15000
FieldIncrement 100
Points 147
MinField 0
RampRate 10
AverageTime 0.1
TimeInterval 0
TimeConstant 0.1
TimeConstantIndex 0
Sensitivity -0.0053
SensitivityIndex 5
SensitivityY -400
SensitivityIndexY 0
SaturationField 8000
ExperimentTime 100
Use735Domains True
AutoRangeEnabled False
NumberOfVertices 2
VertexPts
0
146
VertexField
-2665.4104
697.2362
StartAngle 0
EndAngle 0
AngleIncrement 0
StartTemp 0
FinishTemp 0
TempIncrement 0
TempPoints 0
LengthofSetPointsArray 147
SetPointArray
-2665.41039
-2642.37856
-2619.34673
-2596.31491
-2573.28308
-2550.25126
-2527.21943
-2504.1876
-2481.15578
-2458.12395
-2435.09213
-2412.0603
-2389.02848
-2365.99665
-2342.96482
-2319.933
-2296.90117
-2273.86935
-2250.83752
-2227.8057
-2204.77387
-2181.74204
-2158.71022
-2135.67839
-2112.64657
-2089.61474
-2066.58291
-2043.55109
-2020.51926
-1997.48744
-1974.45561
-1951.42379
-1928.39196
-1905.36013
-1882.32831
-1859.29648
-1836.26466
-1813.23283
-1790.20101
-1767.16918
-1744.13735
-1721.10553
-1698.0737
-1675.04188
-1652.01005
-1628.97822
-1605.9464
-1582.91457
-1559.88275
-1536.85092
-1513.8191
-1490.78727
-1467.75544
-1444.72362
-1421.69179
-1398.65997
-1375.62814
-1352.59631
-1329.56449
-1306.53266
-1283.50084
-1260.46901
-1237.43719
-1214.40536
-1191.37353
-1168.34171
-1145.30988
-1122.27806
-1099.24623
-1076.21441
-1053.18258
-1030.15075
-1007.11893
-984.0871
-961.05528
-938.02345
-914.99162
-891.9598
-868.92797
-845.89615
-822.86432
-799.8325
-776.80067
-753.76884
-730.73702
-707.70519
-684.67337
-661.64154
-638.60972
-615.57789
-592.54606
-569.51424
-546.48241
-523.45059
-500.41876
-477.38693
-454.35511
-431.32328
-408.29146
-385.25963
-362.22781
-339.19598
-316.16415
-293.13233
-270.1005
-247.06868
-224.03685
-201.00503
-177.9732
-154.94137
-131.90955
-108.87772
-85.8459
-62.81407
-39.78224
-16.75042
6.28141
29.31323
52.34506
75.37688
98.40871
121.44054
144.47236
167.50419
190.53601
213.56784
236.59966
259.63149
282.66332
305.69514
328.72697
351.75879
374.79062
397.82245
420.85427
443.8861
466.91792
489.94975
512.98157
536.0134
559.04523
582.07705
605.10888
628.1407
651.17253
674.20436
697.23618
FieldDomainFile C:\IDEASVSM\Default UserID\Experiments\FORCexp0171B\fdomain.ini
TempDomainFile C:\IDEASVSM\Default UserID\Experiments\FORCexp0171B\tdomain.ini
NumSelectedResults 0
ResultsSelected 
UserName1 
UserValue1 
UserName2 
UserValue2 
LinearBackgroundCorrection Off
MaxLinearFieldCorrection 
MinLinearFieldCorrection 
AutoLinearCorrection Off
FitOneRegion Off
BackgroundMode Off
BackgroundFilename 
AutoCenter Off
OffsetCorrection 
SmoothDeriv Off
DerivOrder 0
DerivPoints 0
MinExFieldOne 
MaxExFieldOne 
MinExFieldTwo 
MaxExFieldTwo 
MinPinFieldOne 
MaxPinFieldOne 
MinPinFieldTwo 
MaxPinFieldTwo 
HCenterStart 
Mass 
Volume 
Density 
MolarWeight 
NumberOfMoles 
Demagnetization 
SampleArea 
Thickness 
MomentScaling 0
XAxis 0
YAxis 0
SimpleSpinValve False
HsatMax 0
HsatMin 0
FieldAutoRange False
 
*************************************************** Experiment Data ********************************************
 
DataPoints 147
MomentX Data
-0.00485807
-0.00477584
-0.00456993
-0.00481424
-0.00497992
-0.00488912
-0.00491924
-0.00499131
-0.00486864
-0.00480596
-0.00467026
-0.00500656
-0.00517423
-0.00507745
-0.00473137
-0.00463623
-0.00473467
-0.00479514
-0.00497954
-0.00498217
-0.0046864
-0.00472513
-0.00476119
-0.00450519
-0.00480667
-0.00494644
-0.00486575
-0.00476511
-0.00453748
-0.00452432
-0.00471038
-0.00472421
-0.00497535
-0.00480081
-0.00454375
-0.00453019
-0.00463962
-0.00474002
-0.00483113
-0.00476463
-0.00469276
-0.00467267
-0.0046087
-0.00462735
-0.0047069
-0.00463567
-0.00458706
-0.00448133
-0.00441623
-0.00451943
-0.00442263
-0.00465058
-0.00436746
-0.00433564
-0.00456662
-0.0046705
-0.00459661
-0.00473906
-0.00459388
-0.00433175
-0.00445851
-0.00448184
-0.00460457
-0.0046308
-0.00444567
-0.00433011
-0.00420162
-0.00420763
-0.00434168
-0.00430587
-0.00419377
-0.00413375
-0.00400092
-0.00405268
-0.00423544
-0.00436265
-0.00431221
-0.00429102
-0.00403806
-0.00388451
-0.0041152
-0.00413197
-0.00412736
-0.00417019
-0.00397842
-0.00378726
-0.00401296
-0.00405427
-0.00415997
-0.00381232
-0.00358101
-0.00361873
-0.00389927
-0.00382899
-0.00375028
-0.00389332
-0.00371663
-0.00358943
-0.00367606
-0.00380053
-0.00379507
-0.00351126
-0.00360806
-0.0035773
-0.00348032
-0.00347913
-0.0037228
-0.00372782
-0.00363654
-0.00351801
-0.00370018
-0.00358819
-0.00358556
-0.00355668
-0.00359322
-0.00345814
-0.00313691
-0.00308369
-0.00328707
-0.00328597
-0.00324757
-0.00324692
-0.00293146
-0.00305096
-0.00288358
-0.00274943
-0.00296848
-0.00309507
-0.00287334
-0.00278107
-0.00270523
-0.0025365
-0.00264655
-0.00286551
-0.00290793
-0.00266469
-0.00217481
-0.00222449
-0.00194164
-0.00204823
-0.00203436
-0.0019547
-0.00187487
-0.00182758
-0.00186043
-0.00190056
-0.00167599
MomentY Data
-0.00553131
-0.00610352
-0.00567436
-0.00638962
-0.00581741
-0.00600815
-0.00581741
-0.00600815
-0.00567436
-0.00610352
-0.00610352
-0.00553131
-0.00600815
-0.00553131
-0.00581741
-0.00600815
-0.00610352
-0.00581741
-0.00629425
-0.00600815
-0.00629425
-0.00567436
-0.00629425
-0.00581741
-0.00629425
-0.00600815
-0.00610352
-0.00600815
-0.00600815
-0.00581741
-0.00581741
-0.00581741
-0.00610352
-0.00553131
-0.00600815
-0.00567436
-0.00600815
-0.00638962
-0.00677109
-0.00638962
-0.00581741
-0.00610352
-0.00638962
-0.00638962
-0.00638962
-0.00567436
-0.00600815
-0.00658035
-0.00600815
-0.00658035
-0.00581741
-0.00600815
-0.00600815
-0.00610352
-0.00610352
-0.00600815
-0.00600815
-0.00629425
-0.00567436
-0.00553131
-0.00600815
-0.00677109
-0.00638962
-0.00581741
-0.00610352
-0.00567436
-0.00629425
-0.00610352
-0.00686646
-0.00610352
-0.00638962
-0.00600815
-0.00629425
-0.00610352
-0.00553131
-0.00629425
-0.00600815
-0.00600815
-0.00600815
-0.00600815
-0.00600815
-0.00610352
-0.00610352
-0.00600815
-0.00567436
-0.00629425
-0.00610352
-0.00629425
-0.00600815
-0.00610352
-0.00658035
-0.00610352
-0.00638962
-0.00567436
-0.00600815
-0.00600815
-0.00600815
-0.00610352
-0.00600815
-0.00629425
-0.00610352
-0.00629425
-0.00610352
-0.00581741
-0.00610352
-0.00610352
-0.00610352
-0.00629425
-0.00638962
-0.00610352
-0.00638962
-0.00629425
-0.00610352
-0.00610352
-0.00600815
-0.00638962
-0.00610352
-0.00629425
-0.00581741
-0.00638962
-0.00629425
-0.00658035
-0.00610352
-0.00610352
-0.00638962
-0.00638962
-0.00600815
-0.00629425
-0.00610352
-0.00600815
-0.00638962
-0.00534058
-0.00638962
-0.00638962
-0.00629425
-0.00600815
-0.00629425
-0.00658035
-0.00629425
-0.00658035
-0.00629425
-0.00658035
-0.00658035
-0.00638962
-0.00658035
-0.00686646
-0.00629425
Field Data
-2665.4
-2663.05
-2652.8
-2636.96
-2618.2
-2593.04
-2574.96
-2553.22
-2530.43
-2507.28
-2483.58
-2462.03
-2438.65
-2414.56
-2391.16
-2363.8
-2342.82
-2320.83
-2298.11
-2274.97
-2252.36
-2230.16
-2207.44
-2184.16
-2160.3
-2132.96
-2112.19
-2090.45
-2067.89
-2044.87
-2018.2
-1998.28
-1976.14
-1952.65
-1929.97
-1907.04
-1885.27
-1862.6
-1839.37
-1816.01
-1788.54
-1767.91
-1746.35
-1723.01
-1700.31
-1677.3
-1656.65
-1633.15
-1609.5
-1586.22
-1563.59
-1537.23
-1516.4
-1494.11
-1471.23
-1448.22
-1425.63
-1403.49
-1380.41
-1357.65
-1335.07
-1307.7
-1287.09
-1264.56
-1242.07
-1219.05
-1196.47
-1174.81
-1152.02
-1128.88
-1105.23
-1078.65
-1058.04
-1035.8
-1013.18
-990.083
-964.306
-942.682
-920.542
-900.947
-873.8
-850.836
-829.294
-807.33
-784.407
-761.217
-734.143
-713.685
-692.3
-669.801
-646.624
-623.476
-602.441
-579.201
-555.817
-532.341
-509.173
-483.151
-463.002
-441.134
-417.773
-394.731
-372.471
-349.948
-326.765
-303.469
-280.379
-254.196
-234.747
-212.597
-189.282
-166.412
-140.228
-119.487
-97.2954
-74.2594
-51.9039
-26.0885
-5.0175
18.1824
41.0474
63.5397
86.5672
108.307
131.031
154.553
177.509
204.776
224.721
246.066
269.125
292.396
315.107
336.783
359.411
382.983
405.977
433.186
453.787
474.928
497.958
521.217
544.034
565.728
588.262
611.526
635.048
Time Data
0
0.1
0.2
0.3
0.4
0.5
0.6
0.7
0.8
0.9
1
1.1
1.2
1.3
1.4
1.5
1.6
1.7
1.8
1.9
2
2.1
2.2
2.3
2.4
2.5
2.6
2.7
2.8
2.9
3
3.1
3.2
3.3
3.4
3.5
3.6
3.7
3.8
3.9
4
4.1
4.2
4.3
4.4
4.5
4.6
4.7
4.8
4.9
5
5.1
5.2
5.3
5.4
5.5
5.6
5.7
5.8
5.9
5.99999999999999
6.09999999999999
6.19999999999999
6.29999999999999
6.39999999999999
6.49999999999999
6.59999999999999
6.69999999999999
6.79999999999999
6.89999999999999
6.99999999999999
7.09999999999999
7.19999999999999
7.29999999999999
7.39999999999999
7.49999999999999
7.59999999999999
7.69999999999999
7.79999999999999
7.89999999999999
7.99999999999999
8.09999999999999
8.19999999999999
8.29999999999999
8.39999999999999
8.49999999999999
8.59999999999999
8.69999999999999
8.79999999999998
8.89999999999998
8.99999999999998
9.09999999999998
9.19999999999998
9.29999999999998
9.39999999999998
9.49999999999998
9.59999999999998
9.69999999999998
9.79999999999998
9.89999999999998
9.99999999999998
10.1
10.2
10.3
10.4
10.5
10.6
10.7
10.8
10.9
11
11.1
11.2
11.3
11.4
11.5
11.6
11.7
11.8
11.9
12
12.1
12.2
12.3
12.4
12.5
12.6
12.7
12.8
12.9
13
13.1
13.2
13.3
13.4
13.5
13.6
13.7
13.8
13.9
14
14.1
14.2
14.3
14.4
14.5
14.6
Temperature Data
0
0
0
0
0
0
0
0
0
0
0
0
0
0
0
0
0
0
0
0
0
0
0
0
0
0
0
0
0
0
0
0
0
0
0
0
0
0
0
0
0
0
0
0
0
0
0
0
0
0
0
0
0
0
0
0
0
0
0
0
0
0
0
0
0
0
0
0
0
0
0
0
0
0
0
0
0
0
0
0
0
0
0
0
0
0
0
0
0
0
0
0
0
0
0
0
0
0
0
0
0
0
0
0
0
0
0
0
0
0
0
0
0
0
0
0
0
0
0
0
0
0
0
0
0
0
0
0
0
0
0
0
0
0
0
0
0
0
0
0
0
0
0
0
0
0
0
Angle Data
0
0
0
0
0
0
0
0
0
0
0
0
0
0
0
0
0
0
0
0
0
0
0
0
0
0
0
0
0
0
0
0
0
0
0
0
0
0
0
0
0
0
0
0
0
0
0
0
0
0
0
0
0
0
0
0
0
0
0
0
0
0
0
0
0
0
0
0
0
0
0
0
0
0
0
0
0
0
0
0
0
0
0
0
0
0
0
0
0
0
0
0
0
0
0
0
0
0
0
0
0
0
0
0
0
0
0
0
0
0
0
0
0
0
0
0
0
0
0
0
0
0
0
0
0
0
0
0
0
0
0
0
0
0
0
0
0
0
0
0
0
0
0
0
0
0
0
Bx Data
0
0
0
0
0
0
0
0
0
0
0
0
0
0
0
0
0
0
0
0
0
0
0
0
0
0
0
0
0
0
0
0
0
0
0
0
0
0
0
0
0
0
0
0
0
0
0
0
0
0
0
0
0
0
0
0
0
0
0
0
0
0
0
0
0
0
0
0
0
0
0
0
0
0
0
0
0
0
0
0
0
0
0
0
0
0
0
0
0
0
0
0
0
0
0
0
0
0
0
0
0
0
0
0
0
0
0
0
0
0
0
0
0
0
0
0
0
0
0
0
0
0
0
0
0
0
0
0
0
0
0
0
0
0
0
0
0
0
0
0
0
0
0
0
0
0
0
Hint Data
0
0
0
0
0
0
0
0
0
0
0
0
0
0
0
0
0
0
0
0
0
0
0
0
0
0
0
0
0
0
0
0
0
0
0
0
0
0
0
0
0
0
0
0
0
0
0
0
0
0
0
0
0
0
0
0
0
0
0
0
0
0
0
0
0
0
0
0
0
0
0
0
0
0
0
0
0
0
0
0
0
0
0
0
0
0
0
0
0
0
0
0
0
0
0
0
0
0
0
0
0
0
0
0
0
0
0
0
0
0
0
0
0
0
0
0
0
0
0
0
0
0
0
0
0
0
0
0
0
0
0
0
0
0
0
0
0
0
0
0
0
0
0
0
0
0
0
Torque Data
14.743153674
16.253978936
15.052942208
16.8491723552
15.231142862
15.579373276
14.9795980536
15.340128743
14.3585707748
15.3032336256
15.1585802016
13.6182511593
14.6517749975
13.3556798736
13.9103580956
14.20206497
14.2994487264
13.5012196503
14.4648788675
13.6683610055
14.17691693
12.6547306976
13.89417922
12.7061542256
13.597468275
12.815143624
12.8917939088
12.5597371675
12.4241933035
11.8958471867
11.740696862
11.6248140548
12.0614100128
10.8007124715
11.5955492555
10.8212314944
11.3269849505
11.901306212
12.4545398133
11.6036138162
10.4046704814
10.7904740432
11.158512887
11.0093791562
10.8643347822
9.517604028
9.9534016975
10.7466986025
9.670117425
10.437882777
9.0960441019
9.2359084245
9.11075866
9.1193302672
8.9796817296
8.701122993
8.5653988845
8.8339169325
7.8329432876
7.5095830215
8.0213008205
8.854554393
8.2240160058
7.3564639896
7.5809990864
6.917328558
7.5308812975
7.1704763312
7.9102992492
6.8901416576
7.0619997126
6.4806909975
6.65956827
6.322026016
5.6042126658
6.23182992275
5.7936950939
5.6637748583
5.5307544173
5.41302471805
5.24992147
5.19309454272
5.06161251488
4.8505597395
4.45100770452
4.79129010225
4.48085648336
4.49211181125
4.159442245
4.08814379952
4.2550122384
3.80539823552
3.84936906242
3.28659498636
3.33943190855
3.19838457915
3.05918775995
2.94892179152
2.7817854663
2.7766076795
2.54988586096
2.48453559675
2.27338419792
2.03579099468
1.9944167128
1.85222911088
1.71129883408
1.599973173
1.49994412614
1.29759004144
1.20944005284
1.047438731
0.85588440256
0.72929129424
0.58456535751
0.474489347428
0.316796491728
0.164207541125
0.029188854675
-0.116178626688
-0.25836259745
-0.418113464895
-0.528364636544
-0.66105394064
-0.83723829822
-0.98753493986
-1.06650069835
-1.288911338
-1.37158911792
-1.4784014379
-1.7196064825
-1.56156422968
-2.01341398934
-2.15191539246
-2.26222268675
-2.30101931145
-2.55532073225
-2.8505154951
-2.85624882475
-3.1251924648
-3.1342721415
-3.42979028595
-3.5799341319
-3.61478694336
-3.8709698517
-4.19901881796
-3.997150874
dMdH Data
3.49914893617035E-05
2.00887804878049E-05
-1.5423611111111E-05
-8.83155650319817E-06
3.60890302066772E-06
-1.66592920353982E-06
-3.31508739650409E-06
5.38262395787627E-06
2.70755939524842E-06
5.7257383966244E-06
-1.56055684454759E-05
-7.17151411462785E-06
4.01743462017433E-06
1.47897435897435E-05
3.47733918128661E-06
-4.69208770257388E-06
-2.74988631195995E-06
-8.11619718309868E-06
-1.13656006914432E-07
1.30813799203894E-05
-1.74459459459457E-06
-1.58714788732396E-06
1.09965635738831E-05
-1.26353730092206E-05
-5.11228968544255E-06
3.88493018777081E-06
4.62925482980675E-06
1.00899822695036E-05
5.71676802780188E-07
-6.97637795275595E-06
-6.94277108433746E-07
-1.13432700993677E-05
7.43039591315453E-06
1.13342151675485E-05
5.91365023986049E-07
-5.02664216812126E-06
-4.42876047640054E-06
-3.9220835126991E-06
2.8467465753425E-06
2.61630870040043E-06
9.73824527387282E-07
2.96706864564005E-06
-7.99057412167929E-07
-3.50440528634362E-06
3.09561060408519E-06
2.35399515738501E-06
4.49914893617018E-06
2.75264270613108E-06
-4.43298969072163E-06
4.27750773309761E-06
-8.64757207890744E-06
1.35919347095536E-05
1.42754598474652E-06
-1.00952797202798E-05
-4.51455888744024E-06
3.27091633466137E-06
-6.4340560072267E-06
6.29029462738303E-06
1.15171353251318E-05
-5.6138175376439E-06
-8.52393131165521E-07
-5.95487627365352E-06
-1.16422547714161E-06
8.23165851489552E-06
5.01998262380538E-06
5.69043401240038E-06
-2.77469990766423E-07
-5.88196577446246E-06
1.54753673292999E-06
4.73995771670186E-06
2.25808878856284E-06
6.44492964580299E-06
-2.32733812949643E-06
-8.07957559681696E-06
-5.50764168506733E-06
1.9567831788028E-06
9.79929707732145E-07
1.14254742547426E-05
7.83618269966826E-06
-8.49780822927027E-06
-7.30273471520612E-07
2.14000557051319E-07
-1.9500091058095E-06
8.3658334423941E-06
8.24320827943076E-06
-8.33641131713085E-06
-2.0192589695962E-06
-4.94271685761049E-06
1.54517978576826E-05
9.98015273762782E-06
-1.62951442889235E-06
-1.33368195864036E-05
3.02409638554216E-06
3.3659767362299E-06
-6.09303118078038E-06
7.62646754143647E-06
4.88817154715241E-06
-4.29946895627576E-06
-5.69187854399121E-06
2.33722871452407E-07
1.23170731707317E-05
-4.3486073674753E-06
1.36571504684102E-06
4.18323771729284E-06
5.10817307692253E-08
-1.05530532698138E-05
-1.91727456746748E-07
4.69330042675716E-06
5.35124153498873E-06
-7.81342483379799E-06
4.89680804547441E-06
1.00443018637352E-07
1.39241116628898E-06
-1.64656897204347E-06
5.86386525438443E-06
1.4369170897542E-05
2.0615601540166E-06
-9.65212851786816E-06
4.74139974741259E-08
1.67942269844741E-06
2.88987786931547E-08
1.36992726088373E-05
-5.49683069761452E-06
7.36578067241683E-06
5.70317149902219E-06
-9.54216762502177E-06
-4.64260828107236E-06
1.11170719478566E-05
4.32279222300303E-06
3.28895442126719E-06
7.25065532207467E-06
-4.84566949936154E-06
-1.01014947407271E-05
-1.87466855223617E-06
1.03190225691498E-05
2.13046881795251E-05
-1.82586644125105E-06
1.3729916023494E-05
-5.0418617851568E-06
6.02257924446375E-07
3.42491078722214E-06
3.49870710435202E-06
2.17986540057159E-06
-1.45779710659447E-06
-1.72498280605227E-06
9.54723237819911E-06
9.54723237819911E-06
dMdT Data
0
0
0
0
0
0
0
0
0
0
0
0
0
0
0
0
0
0
0
0
0
0
0
0
0
0
0
0
0
0
0
0
0
0
0
0
0
0
0
0
0
0
0
0
0
0
0
0
0
0
0
0
0
0
0
0
0
0
0
0
0
0
0
0
0
0
0
0
0
0
0
0
0
0
0
0
0
0
0
0
0
0
0
0
0
0
0
0
0
0
0
0
0
0
0
0
0
0
0
0
0
0
0
0
0
0
0
0
0
0
0
0
0
0
0
0
0
0
0
0
0
0
0
0
0
0
0
0
0
0
0
0
0
0
0
0
0
0
0
0
0
0
0
0
0
0
0
 
*********************************************** Results ***************************************
 
TotalArea 0
AreaFirstQuad 0
AreaSecondQuad 0
AreaThirdQuad 0
AreaFourthQuad 0
Coercivity 0
PositiveCoercivity 0
NegativeCoercivity 0
Retentivity 4.58475389224761E-02
PositiveRetentivity 8.84082457446844E-02
NegativeRetentivity -3.28683210026767E-03
Magnetization 0.00517423
PositiveMagnetization -0.00167599
NegativeMagnetization -0.00517423
Flatness 1.07169048061283
Squareness 8.86074622165541
SStar 0
SFD1 0
SFD2 0
Slope 0
Intercept 0
SlopeAtHc 9.54723237819911E-06
dH1 655.124142452965
dH2 3022.461
InitialSlope 3.49914893617035E-05
FieldAtHalfMs 635.048
FieldAtMs 635.048
MomentMean -3.97338666666667E-03
MomentRMS 8.59725648981636E-04
SFD3 0
dH3 1310.24828490593
UserField1 0
UserField2 0
CenterField 0
ExchangeField 0
ExchangeMoment 0
ExRegionOneIntercept 0
ExRegionOneSlope 0
ExRegionTwoIntercept 0
ExRegionTwoSlope 0
NegativeIntercept 0
NegativeSlope 0
AutoCenterOffset 0
PinningField 0
PinningMoment 0
PinRegionOneIntercept 0
PinRegionOneSlope 0
PinRegionTwoIntercept 0
PinRegionTwoSlope 0
PositiveIntercept 0
PositiveSlope 0
TotalOffset 0
BHMax 0
BCoercivity 0
BRetentivity 0
BNegativeCoercivity 0
BPositiveCoercivity 0
BNegativeRetentivity 0
BPositiveRetentivity 0
MomentYMean -6.11616741496598E-03
MomentYRMS 2.86718696443975E-04
YOffCorrection 0
Mrt 0
Ms1 0
Ms2 0
Ms3 0
Hc2 0
Hex2 0
HsatValue 0
HsatIntercept 0
HsatSlope 0
CenterH 0
Span .00349824
SpanAsPercentOfRange -66.0045283018868
RMSAsPercentOfRange -16.2212386600309
SpanAsPercentOfMean -88.0417712513926
RMSAsPercentOfMean -21.6371000636309
