Version 1.25
******************************************** Units *******************************************
System CGS
TemperatureUnit K
MomentUnit emu
AppliedFieldUnit G
 
******************************************** Setup ********************************************
 
Experiment CustomField
Minor False
Acquisition Continuous
EditedPoint No
MaxField 15000
FieldIncrement 100
Points 147
MinField 0
RampRate 10
AverageTime 0.1
TimeInterval 0
TimeConstant 0.1
TimeConstantIndex 0
Sensitivity -0.0053
SensitivityIndex 5
SensitivityY -400
SensitivityIndexY 0
SaturationField 8000
ExperimentTime 100
Use735Domains True
AutoRangeEnabled False
NumberOfVertices 2
VertexPts
0
146
VertexField
-753.7688
2608.8777
StartAngle 0
EndAngle 0
AngleIncrement 0
StartTemp 0
FinishTemp 0
TempIncrement 0
TempPoints 0
LengthofSetPointsArray 147
SetPointArray
-753.76884
-730.73702
-707.70519
-684.67337
-661.64154
-638.60972
-615.57789
-592.54606
-569.51424
-546.48241
-523.45059
-500.41876
-477.38693
-454.35511
-431.32328
-408.29146
-385.25963
-362.22781
-339.19598
-316.16415
-293.13233
-270.1005
-247.06868
-224.03685
-201.00503
-177.9732
-154.94137
-131.90955
-108.87772
-85.8459
-62.81407
-39.78224
-16.75042
6.28141
29.31323
52.34506
75.37688
98.40871
121.44054
144.47236
167.50419
190.53601
213.56784
236.59966
259.63149
282.66332
305.69514
328.72697
351.75879
374.79062
397.82245
420.85427
443.8861
466.91792
489.94975
512.98157
536.0134
559.04523
582.07705
605.10888
628.1407
651.17253
674.20436
697.23618
720.26801
743.29983
766.33166
789.36348
812.39531
835.42714
858.45896
881.49079
904.52261
927.55444
950.58626
973.61809
996.64992
1019.68174
1042.71357
1065.74539
1088.77722
1111.80905
1134.84087
1157.8727
1180.90452
1203.93635
1226.96817
1250
1273.03183
1296.06365
1319.09548
1342.1273
1365.15913
1388.19095
1411.22278
1434.25461
1457.28643
1480.31826
1503.35008
1526.38191
1549.41374
1572.44556
1595.47739
1618.50921
1641.54104
1664.57286
1687.60469
1710.63652
1733.66834
1756.70017
1779.73199
1802.76382
1825.79564
1848.82747
1871.8593
1894.89112
1917.92295
1940.95477
1963.9866
1987.01843
2010.05025
2033.08208
2056.1139
2079.14573
2102.17755
2125.20938
2148.24121
2171.27303
2194.30486
2217.33668
2240.36851
2263.40034
2286.43216
2309.46399
2332.49581
2355.52764
2378.55946
2401.59129
2424.62312
2447.65494
2470.68677
2493.71859
2516.75042
2539.78224
2562.81407
2585.8459
2608.87772
FieldDomainFile C:\IDEASVSM\Default UserID\Experiments\FORCexp0088B\fdomain.ini
TempDomainFile C:\IDEASVSM\Default UserID\Experiments\FORCexp0088B\tdomain.ini
NumSelectedResults 0
ResultsSelected 
UserName1 
UserValue1 
UserName2 
UserValue2 
LinearBackgroundCorrection Off
MaxLinearFieldCorrection 
MinLinearFieldCorrection 
AutoLinearCorrection Off
FitOneRegion Off
BackgroundMode Off
BackgroundFilename 
AutoCenter Off
OffsetCorrection 
SmoothDeriv Off
DerivOrder 0
DerivPoints 0
MinExFieldOne 
MaxExFieldOne 
MinExFieldTwo 
MaxExFieldTwo 
MinPinFieldOne 
MaxPinFieldOne 
MinPinFieldTwo 
MaxPinFieldTwo 
HCenterStart 
Mass 
Volume 
Density 
MolarWeight 
NumberOfMoles 
Demagnetization 
SampleArea 
Thickness 
MomentScaling 0
XAxis 0
YAxis 0
SimpleSpinValve False
HsatMax 0
HsatMin 0
FieldAutoRange False
 
*************************************************** Experiment Data ********************************************
 
DataPoints 147
MomentX Data
0.00012088
0.0000709767
0.000228063
0.000246241
0.000097987
0.000101904
0.0000876958
0.0000709462
0.0000722386
0.00024198
0.000238404
0.000561336
0.000569306
0.000603051
0.000536389
0.000495054
0.000815455
0.000714669
0.000743542
0.000862494
0.000934782
0.000930962
0.000771324
0.000919504
0.00110539
0.00119383
0.000908519
0.00108357
0.00102639
0.000950379
0.00106022
0.00122424
0.00145854
0.00141401
0.00120443
0.00118786
0.0013943
0.0014143
0.00165064
0.00149358
0.00153605
0.00150906
0.00156997
0.00150829
0.00176572
0.00193845
0.00185947
0.00188121
0.00207112
0.00229927
0.00238625
0.00225783
0.00224389
0.00220306
0.00198441
0.00193165
0.00230796
0.00235887
0.00257149
0.00230015
0.00219583
0.00238113
0.00272463
0.00283552
0.00295357
0.00291049
0.00289626
0.00330416
0.00324292
0.00336807
0.00324294
0.00361534
0.00372883
0.00368166
0.00357149
0.00369623
0.00399754
0.00371552
0.00376271
0.00405304
0.00401926
0.00411938
0.00398576
0.00411215
0.00407249
0.00401754
0.0040106
0.00433084
0.00427058
0.00414062
0.00426312
0.0042456
0.00446145
0.00432118
0.00418217
0.00420133
0.00441304
0.00456331
0.00448038
0.00448871
0.00452548
0.00464412
0.00441843
0.00449356
0.00425806
0.00428861
0.00443081
0.00458611
0.00441464
0.00441876
0.00436573
0.00436496
0.0046384
0.00467991
0.00486647
0.00495313
0.00467008
0.00445277
0.0043934
0.00447486
0.00445174
0.0045879
0.0045426
0.00461479
0.00448198
0.00446071
0.00485441
0.00510212
0.00508376
0.00472022
0.0046785
0.00471065
0.00488848
0.00506106
0.00502694
0.00492524
0.00460632
0.00453508
0.00460359
0.00438053
0.00448546
0.00456978
0.00457558
0.00461796
0.00464367
0.00486955
0.00494191
MomentY Data
-0.00677109
-0.00658035
-0.00686646
-0.00638962
-0.00638962
-0.00686646
-0.00629425
-0.00638962
-0.00686646
-0.00705719
-0.00658035
-0.00705719
-0.00658035
-0.00705719
-0.00658035
-0.00720024
-0.00686646
-0.00638962
-0.00677109
-0.00677109
-0.00658035
-0.00658035
-0.00638962
-0.00686646
-0.00638962
-0.00638962
-0.00658035
-0.00677109
-0.00658035
-0.00677109
-0.00677109
-0.00686646
-0.00677109
-0.00677109
-0.00638962
-0.00677109
-0.00677109
-0.00658035
-0.00686646
-0.00658035
-0.00629425
-0.00638962
-0.00629425
-0.00638962
-0.00629425
-0.00658035
-0.00686646
-0.00658035
-0.00686646
-0.00638962
-0.00734329
-0.00705719
-0.00638962
-0.00658035
-0.00581741
-0.00677109
-0.00658035
-0.00677109
-0.00677109
-0.00705719
-0.00705719
-0.00677109
-0.00686646
-0.00638962
-0.00677109
-0.00677109
-0.00686646
-0.00638962
-0.00686646
-0.00638962
-0.00600815
-0.00705719
-0.00705719
-0.00686646
-0.00686646
-0.00705719
-0.00658035
-0.00705719
-0.00658035
-0.00753403
-0.00638962
-0.00658035
-0.00705719
-0.00686646
-0.00686646
-0.00658035
-0.00720024
-0.00638962
-0.00705719
-0.00686646
-0.00705719
-0.00705719
-0.00734329
-0.00734329
-0.00720024
-0.00720024
-0.00705719
-0.00734329
-0.00686646
-0.00705719
-0.00686646
-0.00677109
-0.00734329
-0.00720024
-0.00686646
-0.00705719
-0.00705719
-0.00686646
-0.00677109
-0.00610352
-0.00720024
-0.00629425
-0.00677109
-0.00686646
-0.00705719
-0.00638962
-0.00686646
-0.00658035
-0.00610352
-0.00677109
-0.00677109
-0.00705719
-0.00720024
-0.00720024
-0.00677109
-0.00720024
-0.00677109
-0.00705719
-0.00720024
-0.00686646
-0.00677109
-0.00686646
-0.00705719
-0.00686646
-0.00720024
-0.00705719
-0.00734329
-0.00705719
-0.00686646
-0.00753403
-0.00705719
-0.00767708
-0.00753403
-0.00658035
-0.00734329
-0.00734329
-0.00677109
Field Data
-753.706
-752.171
-741.694
-725.872
-707.082
-685.758
-662.23
-640.474
-617.708
-589.987
-568.447
-548.534
-525.243
-501.704
-478.589
-455.064
-429.932
-407.394
-384.795
-361.678
-339.062
-316.353
-294.581
-272.274
-248.342
-224.564
-199.673
-177.273
-154.788
-131.943
-109.21
-86.6681
-65.1154
-42.4406
-18.8979
4.4013
30.8644
51.7556
74.0316
97.0023
119.211
143.067
164.988
188.28
211.474
234.611
261.51
282.289
302.755
325.43
349.021
376.694
397.202
418.678
441.358
464.224
487.789
509.804
531.689
554.3
578.161
605.629
625.214
647.012
670.029
693.252
716.068
737.218
760.465
783.473
806.614
830.034
855.301
877.496
899.943
922.637
945.429
966.24
989.387
1012.87
1035.3
1059.15
1084.25
1106.44
1128.86
1151.71
1174.34
1198.72
1219.85
1242.39
1265.84
1288.98
1310.1
1333.7
1357.04
1380.17
1402.88
1428.8
1448.77
1470.81
1494.35
1517.64
1538.75
1562.04
1585.6
1608.94
1631.8
1658.02
1677.47
1699.89
1722.91
1746.09
1766.98
1790.51
1813.92
1837.2
1860.11
1886.41
1906.74
1929.09
1951.36
1974.38
1995.59
2019.18
2042.73
2066.01
2088.97
2115.07
2135.24
2157.74
2179.52
2203.12
2226.21
2248.04
2270.89
2294.3
2317.36
2343.6
2364.01
2386.18
2408.8
2431.83
2457.44
2479.11
2501.56
2524.81
2543.87
Time Data
0
0.1
0.2
0.3
0.4
0.5
0.6
0.7
0.8
0.9
1
1.1
1.2
1.3
1.4
1.5
1.6
1.7
1.8
1.9
2
2.1
2.2
2.3
2.4
2.5
2.6
2.7
2.8
2.9
3
3.1
3.2
3.3
3.4
3.5
3.6
3.7
3.8
3.9
4
4.1
4.2
4.3
4.4
4.5
4.6
4.7
4.8
4.9
5
5.1
5.2
5.3
5.4
5.5
5.6
5.7
5.8
5.9
5.99999999999999
6.09999999999999
6.19999999999999
6.29999999999999
6.39999999999999
6.49999999999999
6.59999999999999
6.69999999999999
6.79999999999999
6.89999999999999
6.99999999999999
7.09999999999999
7.19999999999999
7.29999999999999
7.39999999999999
7.49999999999999
7.59999999999999
7.69999999999999
7.79999999999999
7.89999999999999
7.99999999999999
8.09999999999999
8.19999999999999
8.29999999999999
8.39999999999999
8.49999999999999
8.59999999999999
8.69999999999999
8.79999999999998
8.89999999999998
8.99999999999998
9.09999999999998
9.19999999999998
9.29999999999998
9.39999999999998
9.49999999999998
9.59999999999998
9.69999999999998
9.79999999999998
9.89999999999998
9.99999999999998
10.1
10.2
10.3
10.4
10.5
10.6
10.7
10.8
10.9
11
11.1
11.2
11.3
11.4
11.5
11.6
11.7
11.8
11.9
12
12.1
12.2
12.3
12.4
12.5
12.6
12.7
12.8
12.9
13
13.1
13.2
13.3
13.4
13.5
13.6
13.7
13.8
13.9
14
14.1
14.2
14.3
14.4
14.5
14.6
Temperature Data
0
0
0
0
0
0
0
0
0
0
0
0
0
0
0
0
0
0
0
0
0
0
0
0
0
0
0
0
0
0
0
0
0
0
0
0
0
0
0
0
0
0
0
0
0
0
0
0
0
0
0
0
0
0
0
0
0
0
0
0
0
0
0
0
0
0
0
0
0
0
0
0
0
0
0
0
0
0
0
0
0
0
0
0
0
0
0
0
0
0
0
0
0
0
0
0
0
0
0
0
0
0
0
0
0
0
0
0
0
0
0
0
0
0
0
0
0
0
0
0
0
0
0
0
0
0
0
0
0
0
0
0
0
0
0
0
0
0
0
0
0
0
0
0
0
0
0
Angle Data
0
0
0
0
0
0
0
0
0
0
0
0
0
0
0
0
0
0
0
0
0
0
0
0
0
0
0
0
0
0
0
0
0
0
0
0
0
0
0
0
0
0
0
0
0
0
0
0
0
0
0
0
0
0
0
0
0
0
0
0
0
0
0
0
0
0
0
0
0
0
0
0
0
0
0
0
0
0
0
0
0
0
0
0
0
0
0
0
0
0
0
0
0
0
0
0
0
0
0
0
0
0
0
0
0
0
0
0
0
0
0
0
0
0
0
0
0
0
0
0
0
0
0
0
0
0
0
0
0
0
0
0
0
0
0
0
0
0
0
0
0
0
0
0
0
0
0
Bx Data
0
0
0
0
0
0
0
0
0
0
0
0
0
0
0
0
0
0
0
0
0
0
0
0
0
0
0
0
0
0
0
0
0
0
0
0
0
0
0
0
0
0
0
0
0
0
0
0
0
0
0
0
0
0
0
0
0
0
0
0
0
0
0
0
0
0
0
0
0
0
0
0
0
0
0
0
0
0
0
0
0
0
0
0
0
0
0
0
0
0
0
0
0
0
0
0
0
0
0
0
0
0
0
0
0
0
0
0
0
0
0
0
0
0
0
0
0
0
0
0
0
0
0
0
0
0
0
0
0
0
0
0
0
0
0
0
0
0
0
0
0
0
0
0
0
0
0
Hint Data
0
0
0
0
0
0
0
0
0
0
0
0
0
0
0
0
0
0
0
0
0
0
0
0
0
0
0
0
0
0
0
0
0
0
0
0
0
0
0
0
0
0
0
0
0
0
0
0
0
0
0
0
0
0
0
0
0
0
0
0
0
0
0
0
0
0
0
0
0
0
0
0
0
0
0
0
0
0
0
0
0
0
0
0
0
0
0
0
0
0
0
0
0
0
0
0
0
0
0
0
0
0
0
0
0
0
0
0
0
0
0
0
0
0
0
0
0
0
0
0
0
0
0
0
0
0
0
0
0
0
0
0
0
0
0
0
0
0
0
0
0
0
0
0
0
0
0
Torque Data
5.10341115954
4.94954843985
5.09281218324
4.63804624864
4.51798528884
4.70872987668
4.1682411775
4.09238547988
4.24146727368
4.16365035653
3.74058021645
3.87110865946
3.45628277505
3.54062045176
3.14928312615
3.27657001536
2.95211088072
2.60309285028
2.60548157655
2.44895428902
2.2311466317
2.08171346355
1.88226064922
1.86955853004
1.58681101004
1.43487862568
1.31391822555
1.20033143757
1.0185592158
0.89339792787
0.7394707389
0.595103041926
0.440902233786
0.287369122254
0.120750399798
-0.029801598417
-0.208985630196
-0.34056996246
-0.508335020136
-0.638309084805
-0.75034383675
-0.91414376454
-1.038475719
-1.2030376536
-1.3310702245
-1.54382249385
-1.7956479546
-1.85756042115
-2.0788550973
-2.0793740366
-2.56296241909
-2.65840112986
-2.53796984324
-2.7550477773
-2.56756044278
-3.14330248416
-3.20982234615
-3.45192876636
-3.60011407101
-3.911800417
-4.08019202759
-4.10076846561
-4.29300692244
-4.13416081544
-4.53682666161
-4.69407168468
-4.91685227928
-4.71054287716
-5.2217025039
-5.00609475026
-4.8462579041
-5.85770764446
-6.03602166419
-6.02529118416
-6.17942261178
-6.51122461003
-6.22125372015
-6.8189392656
-6.51051274545
-7.6309929661
-6.615173586
-6.9695777025
-7.6517582575
-7.5973260024
-7.7512720356
-7.5786548985
-8.4555298416
-7.6593652864
-8.6087132215
-8.5308212394
-8.9332733896
-9.0965767662
-9.620444229
-9.793745873
-9.7710136896
-9.9375552408
-9.9003907072
-10.492092752
-9.9479212542
-10.3797856239
-10.260894501
-10.2760770276
-11.2994874875
-11.2470628896
-10.887458976
-11.3545952786
-11.515922642
-11.3847280092
-11.3583003423
-10.3753126128
-12.4053654984
-10.9903269825
-11.9643806082
-12.2944652946
-12.8011780848
-11.739009864
-12.7723709106
-12.4132380435
-11.6378257248
-13.0620420081
-13.2128341824
-13.9335747922
-14.3687269416
-14.5385806032
-13.8315086757
-14.8757678424
-14.1446038773
-14.9264508533
-15.3742404576
-14.8160354004
-14.7577260768
-15.1276353552
-15.7107869499
-15.4360767384
-16.3509530136
-16.191311017
-17.0170465144
-16.539230484
-16.2323801046
-17.9775517054
-16.999359272
-18.6693534564
-18.5144266832
-16.3134114885
-18.3696805324
-18.5404120249
-17.2247727183
dMdH Data
-3.25102931596098E-05
1.49934427794215E-05
1.14890658576665E-06
-7.890047897818E-06
1.83689739260928E-07
-6.03884733083985E-07
-7.69884169884171E-07
5.67688658525871E-08
6.12320623354136E-06
-1.66016713091923E-07
1.62171445789183E-05
3.42192263105924E-07
1.43357831683588E-06
-2.88392818516115E-06
-1.75706695005314E-06
1.27487267229031E-05
-4.4718253616115E-06
1.2776229036683E-06
5.14565038716096E-06
3.19632118853909E-06
-1.68215245057025E-07
-7.33226162042991E-06
6.64275787869278E-06
7.76725722881498E-06
3.71940449154681E-06
-1.14624161343458E-05
7.81477678571429E-06
-2.54302868579053E-06
-3.32724885095207E-06
4.83178638982976E-06
7.2762278246288E-06
1.0871027759863E-05
-1.96385414645333E-06
-8.90212252630327E-06
-7.11183216591129E-07
7.80105127517184E-06
9.57340889944094E-07
1.06096247082061E-05
-6.83740591274972E-06
1.91231364285167E-06
-1.13137156270959E-06
2.7786141143196E-06
-2.64811952601751E-06
1.10989911183927E-05
7.46553139992221E-06
-2.93616863080412E-06
1.04624861639155E-06
9.27929248509724E-06
1.00617420066152E-05
3.6869992793862E-06
-4.64062443537021E-06
-6.79734737663354E-07
-1.90119202831067E-06
-9.64065255731924E-06
-2.3073558995889E-06
1.59690218544451E-05
2.31251419486713E-06
9.71533013479553E-06
-1.20003538100924E-05
-4.37198776245756E-06
6.74603174603172E-06
1.75389328567781E-05
5.08716395999635E-06
5.12881783029934E-06
-1.85505748611291E-06
-6.23685133239833E-07
1.92860520094563E-05
-2.63431840667613E-06
5.43941237830322E-06
-5.4072857698457E-06
1.59009393680615E-05
4.49162939802904E-06
-2.12525343545844E-06
-4.90800552412348E-06
5.49660703269587E-06
1.32199894699895E-05
-1.35514871942722E-05
2.03870911997235E-06
1.23634118298343E-05
-1.50601872492197E-06
4.19790356394126E-06
-5.32350597609564E-06
5.69580892293827E-06
-1.76895628902768E-06
-2.40481400437634E-06
-3.06672558550617E-07
1.31353568498769E-05
-2.85186938002839E-06
-5.7657497781721E-06
5.22388059701494E-06
-7.57130509939459E-07
1.02201704545455E-05
-5.94364406779656E-06
-5.9558697514996E-06
8.28361435365315E-07
9.3223249669749E-06
5.79745370370374E-06
-4.15272909364046E-06
3.77949183303085E-07
1.56202209005948E-06
5.09403177329321E-06
-1.06911416390337E-05
3.22584800343494E-06
-9.99575551782683E-06
1.30891173950298E-06
6.22047244094492E-06
5.92295957284514E-06
-8.81593830334188E-06
1.83764495985718E-07
-2.30364900086881E-06
-3.32182916307062E-08
1.30895165150789E-05
1.76413089672758E-06
7.96924391285775E-06
3.72250859106528E-06
-1.23548668703624E-05
-8.2627376425855E-06
-2.92031480570584E-06
3.64474272930647E-06
-1.03816793893129E-06
5.91485664639438E-06
-2.13578500707215E-06
3.06019499788043E-06
-5.63949044585987E-06
-9.13659793814439E-07
1.71472125435543E-05
9.49080459770101E-06
-9.10262766484908E-07
-1.61573333333333E-05
-1.91551882460969E-06
1.36228813559322E-06
7.70160242529226E-06
7.90563444800737E-06
-1.49321663019696E-06
-4.3442973088423E-06
-1.38300086730269E-05
-2.71493902439024E-06
3.35668789808912E-06
-1.00613441587733E-05
4.63881520778067E-06
3.66131133304388E-06
2.26474033580641E-07
1.9556991232118E-06
1.14521158129177E-06
9.71526881720432E-06
3.79643231899265E-06
3.79643231899265E-06
dMdT Data
0
0
0
0
0
0
0
0
0
0
0
0
0
0
0
0
0
0
0
0
0
0
0
0
0
0
0
0
0
0
0
0
0
0
0
0
0
0
0
0
0
0
0
0
0
0
0
0
0
0
0
0
0
0
0
0
0
0
0
0
0
0
0
0
0
0
0
0
0
0
0
0
0
0
0
0
0
0
0
0
0
0
0
0
0
0
0
0
0
0
0
0
0
0
0
0
0
0
0
0
0
0
0
0
0
0
0
0
0
0
0
0
0
0
0
0
0
0
0
0
0
0
0
0
0
0
0
0
0
0
0
0
0
0
0
0
0
0
0
0
0
0
0
0
0
0
0
 
*********************************************** Results ***************************************
 
TotalArea 0
AreaFirstQuad 0
AreaSecondQuad 0
AreaThirdQuad 0
AreaFourthQuad 0
Coercivity 0
PositiveCoercivity 0
NegativeCoercivity 0
Retentivity 0.012786656573424
PositiveRetentivity -2.43823230161569E-02
NegativeRetentivity 1.19099013069118E-03
Magnetization 0.00510212
PositiveMagnetization 0.00510212
NegativeMagnetization 0.0000709462
Flatness 0.906856798424808
Squareness 2.5061457930084
SStar 0
SFD1 0
SFD2 0
Slope 0
Intercept 0
SlopeAtHc 3.79643231899265E-06
dH1 -196.655510158702
dH2 1730.6475
InitialSlope -3.25102931596098E-05
FieldAtHalfMs 529.586137851566
FieldAtMs 2115.07
MomentMean 2.98793035578231E-03
MomentRMS 1.64080485534962E-03
SFD3 0
dH3 -393.311020317403
UserField1 0
UserField2 0
CenterField 0
ExchangeField 0
ExchangeMoment 0
ExRegionOneIntercept 0
ExRegionOneSlope 0
ExRegionTwoIntercept 0
ExRegionTwoSlope 0
NegativeIntercept 0
NegativeSlope 0
AutoCenterOffset 0
PinningField 0
PinningMoment 0
PinRegionOneIntercept 0
PinRegionOneSlope 0
PinRegionTwoIntercept 0
PinRegionTwoSlope 0
PositiveIntercept 0
PositiveSlope 0
TotalOffset 0
BHMax 0
BCoercivity 0
BRetentivity 0
BNegativeCoercivity 0
BPositiveCoercivity 0
BNegativeRetentivity 0
BPositiveRetentivity 0
MomentYMean -6.81260925170068E-03
MomentYRMS 3.32255358576594E-04
YOffCorrection 0
Mrt 0
Ms1 0
Ms2 0
Ms3 0
Hc2 0
Hex2 0
HsatValue 0
HsatIntercept 0
HsatSlope 0
CenterH 0
Span .0050311738
SpanAsPercentOfRange -94.9278075471698
RMSAsPercentOfRange -30.9585821764079
SpanAsPercentOfMean 168.383235247219
RMSAsPercentOfMean 54.9144277132931
