Version 1.25
******************************************** Units *******************************************
System CGS
TemperatureUnit K
MomentUnit emu
AppliedFieldUnit G
 
******************************************** Setup ********************************************
 
Experiment CustomField
Minor False
Acquisition Continuous
EditedPoint No
MaxField 15000
FieldIncrement 100
Points 137
MinField 0
RampRate 10
AverageTime 0.1
TimeInterval 0
TimeConstant 0.1
TimeConstantIndex 0
Sensitivity -0.0053
SensitivityIndex 5
SensitivityY -400
SensitivityIndexY 0
SaturationField 8000
ExperimentTime 100
Use735Domains True
AutoRangeEnabled False
NumberOfVertices 2
VertexPts
0
136
VertexField
-316.1642
2816.1642
StartAngle 0
EndAngle 0
AngleIncrement 0
StartTemp 0
FinishTemp 0
TempIncrement 0
TempPoints 0
LengthofSetPointsArray 137
SetPointArray
-316.16415
-293.13233
-270.1005
-247.06868
-224.03685
-201.00503
-177.9732
-154.94137
-131.90955
-108.87772
-85.8459
-62.81407
-39.78224
-16.75042
6.28141
29.31323
52.34506
75.37688
98.40871
121.44054
144.47236
167.50419
190.53601
213.56784
236.59966
259.63149
282.66332
305.69514
328.72697
351.75879
374.79062
397.82245
420.85427
443.8861
466.91792
489.94975
512.98157
536.0134
559.04523
582.07705
605.10888
628.1407
651.17253
674.20436
697.23618
720.26801
743.29983
766.33166
789.36348
812.39531
835.42714
858.45896
881.49079
904.52261
927.55444
950.58626
973.61809
996.64992
1019.68174
1042.71357
1065.74539
1088.77722
1111.80905
1134.84087
1157.8727
1180.90452
1203.93635
1226.96817
1250
1273.03183
1296.06365
1319.09548
1342.1273
1365.15913
1388.19095
1411.22278
1434.25461
1457.28643
1480.31826
1503.35008
1526.38191
1549.41374
1572.44556
1595.47739
1618.50921
1641.54104
1664.57286
1687.60469
1710.63652
1733.66834
1756.70017
1779.73199
1802.76382
1825.79564
1848.82747
1871.8593
1894.89112
1917.92295
1940.95477
1963.9866
1987.01843
2010.05025
2033.08208
2056.1139
2079.14573
2102.17755
2125.20938
2148.24121
2171.27303
2194.30486
2217.33668
2240.36851
2263.40034
2286.43216
2309.46399
2332.49581
2355.52764
2378.55946
2401.59129
2424.62312
2447.65494
2470.68677
2493.71859
2516.75042
2539.78224
2562.81407
2585.8459
2608.87772
2631.90955
2654.94137
2677.9732
2701.00503
2724.03685
2747.06868
2770.1005
2793.13233
2816.16415
FieldDomainFile C:\IDEASVSM\Default UserID\Experiments\FORCexp0069B\fdomain.ini
TempDomainFile C:\IDEASVSM\Default UserID\Experiments\FORCexp0069B\tdomain.ini
NumSelectedResults 0
ResultsSelected 
UserName1 
UserValue1 
UserName2 
UserValue2 
LinearBackgroundCorrection Off
MaxLinearFieldCorrection 
MinLinearFieldCorrection 
AutoLinearCorrection Off
FitOneRegion Off
BackgroundMode Off
BackgroundFilename 
AutoCenter Off
OffsetCorrection 
SmoothDeriv Off
DerivOrder 0
DerivPoints 0
MinExFieldOne 
MaxExFieldOne 
MinExFieldTwo 
MaxExFieldTwo 
MinPinFieldOne 
MaxPinFieldOne 
MinPinFieldTwo 
MaxPinFieldTwo 
HCenterStart 
Mass 
Volume 
Density 
MolarWeight 
NumberOfMoles 
Demagnetization 
SampleArea 
Thickness 
MomentScaling 0
XAxis 0
YAxis 0
SimpleSpinValve False
HsatMax 0
HsatMin 0
FieldAutoRange False
 
*************************************************** Experiment Data ********************************************
 
DataPoints 137
MomentX Data
0.00256337
0.00243503
0.0025639
0.00249065
0.00262495
0.00279886
0.00295602
0.00288867
0.0027714
0.00261629
0.00297378
0.00299465
0.00280287
0.00281951
0.00284059
0.00276247
0.00283055
0.00283305
0.00294963
0.00294196
0.00307674
0.0032449
0.0032725
0.00326373
0.00334076
0.0034016
0.00338342
0.00336916
0.00331222
0.00346053
0.003216
0.00344039
0.00362907
0.00347936
0.0033917
0.00348784
0.0037203
0.00385374
0.00391328
0.00386541
0.00364916
0.00358716
0.00386875
0.00409789
0.00404343
0.00373128
0.00365161
0.00388605
0.0040127
0.00414089
0.00412176
0.0041193
0.00435455
0.00409341
0.00394706
0.00412086
0.00423177
0.00439636
0.00439213
0.00427727
0.00441968
0.00408926
0.00393964
0.0039781
0.00405314
0.00437739
0.0044331
0.00470474
0.0047329
0.00431796
0.00420091
0.00433524
0.00446517
0.0045182
0.00451787
0.00434041
0.00406739
0.00400975
0.00411066
0.00438489
0.00435448
0.00435488
0.00440249
0.00451147
0.00455355
0.00459879
0.00457097
0.00457905
0.00470123
0.00440845
0.00446978
0.00475136
0.00492922
0.00455902
0.00444971
0.00459025
0.00467523
0.00463687
0.0045553
0.00446327
0.00458266
0.00478172
0.00456144
0.00463806
0.00485523
0.00481092
0.00463209
0.00445259
0.00451359
0.0045745
0.00452607
0.00473025
0.00492902
0.00481668
0.00470151
0.00458224
0.0046549
0.00457433
0.00469435
0.00459907
0.00457221
0.00463319
0.00458051
0.00483825
0.00503792
0.00482129
0.00484064
0.00466369
0.0047659
0.00502929
0.00515984
0.00505246
0.00472575
0.00477842
0.00483652
0.00512189
0.00499593
MomentY Data
-0.00638962
-0.00686646
-0.00686646
-0.00686646
-0.00734329
-0.00677109
-0.00677109
-0.00658035
-0.00677109
-0.00705719
-0.00705719
-0.00677109
-0.00686646
-0.00720024
-0.00638962
-0.00677109
-0.00677109
-0.00705719
-0.00658035
-0.00705719
-0.00705719
-0.00720024
-0.00677109
-0.00705719
-0.00734329
-0.00658035
-0.00705719
-0.00686646
-0.00677109
-0.00658035
-0.00638962
-0.00677109
-0.00705719
-0.00686646
-0.00638962
-0.00720024
-0.00686646
-0.00720024
-0.00658035
-0.00705719
-0.00705719
-0.00686646
-0.00686646
-0.00686646
-0.00720024
-0.00686646
-0.00720024
-0.00677109
-0.00705719
-0.00720024
-0.00638962
-0.00629425
-0.00677109
-0.00720024
-0.00658035
-0.00705719
-0.00658035
-0.00638962
-0.00677109
-0.00686646
-0.00705719
-0.00677109
-0.00705719
-0.00753403
-0.00677109
-0.00720024
-0.00638962
-0.00658035
-0.00753403
-0.00705719
-0.00705719
-0.00705719
-0.00658035
-0.00686646
-0.00677109
-0.00705719
-0.00686646
-0.00705719
-0.00677109
-0.00705719
-0.00658035
-0.00677109
-0.00658035
-0.00658035
-0.00705719
-0.00734329
-0.00705719
-0.00658035
-0.00686646
-0.00705719
-0.00705719
-0.00658035
-0.00734329
-0.00720024
-0.00705719
-0.00686646
-0.00677109
-0.00782013
-0.00705719
-0.00686646
-0.00686646
-0.00686646
-0.00720024
-0.00686646
-0.00705719
-0.00658035
-0.00705719
-0.00705719
-0.00705719
-0.00638962
-0.00638962
-0.00638962
-0.00629425
-0.00658035
-0.00677109
-0.00705719
-0.00705719
-0.00705719
-0.00705719
-0.00753403
-0.00705719
-0.00677109
-0.00686646
-0.00610352
-0.00734329
-0.00767708
-0.00705719
-0.00720024
-0.00734329
-0.00686646
-0.00705719
-0.00658035
-0.00720024
-0.00720024
-0.00658035
-0.00734329
-0.00705719
Field Data
-316.157
-309.236
-296.147
-278.041
-257.608
-236.592
-215.038
-191.62
-167.978
-144.576
-118.684
-97.5529
-74.8463
-53.0984
-29.1777
-2.7041
18.2134
40.5172
63.4882
86.2172
109.255
130.665
154.615
178.574
201.929
228.645
249.922
271.215
293.776
315.725
343.533
364.199
385.772
408.339
431.472
454.271
475.319
498.504
522.18
545.325
568.79
594.926
614.562
637.126
660.802
683.681
706.296
728.032
751.091
774.536
798.038
823.757
844.97
867.031
889.89
912.785
935.273
956.594
980.296
1002.98
1029.37
1050.9
1072.05
1094.74
1117.99
1141.26
1167.17
1189.13
1210.92
1232.96
1254.98
1281.62
1302.45
1323.84
1347.03
1370.05
1395.85
1417.39
1438.66
1462
1485.34
1507.75
1529.61
1552.62
1576.16
1599.26
1625.38
1645.55
1667.85
1690.4
1713.55
1736.11
1757.51
1780.59
1804.21
1827.24
1852.33
1873.89
1896.86
1919.46
1942.21
1963.39
1986.89
2010.33
2033.55
2056.53
2080.89
2102.43
2125.25
2147.39
2173.56
2194.34
2215.64
2238.56
2261.7
2288.66
2309.09
2329.96
2353.48
2376.44
2399.45
2421.17
2443.62
2466.71
2490.35
2516.97
2537.94
2558.92
2581.87
2604.48
2627.28
2648.52
2671.62
2695.18
2718.5
2745.41
2766.33
Time Data
0
0.1
0.2
0.3
0.4
0.5
0.6
0.7
0.8
0.9
1
1.1
1.2
1.3
1.4
1.5
1.6
1.7
1.8
1.9
2
2.1
2.2
2.3
2.4
2.5
2.6
2.7
2.8
2.9
3
3.1
3.2
3.3
3.4
3.5
3.6
3.7
3.8
3.9
4
4.1
4.2
4.3
4.4
4.5
4.6
4.7
4.8
4.9
5
5.1
5.2
5.3
5.4
5.5
5.6
5.7
5.8
5.9
5.99999999999999
6.09999999999999
6.19999999999999
6.29999999999999
6.39999999999999
6.49999999999999
6.59999999999999
6.69999999999999
6.79999999999999
6.89999999999999
6.99999999999999
7.09999999999999
7.19999999999999
7.29999999999999
7.39999999999999
7.49999999999999
7.59999999999999
7.69999999999999
7.79999999999999
7.89999999999999
7.99999999999999
8.09999999999999
8.19999999999999
8.29999999999999
8.39999999999999
8.49999999999999
8.59999999999999
8.69999999999999
8.79999999999998
8.89999999999998
8.99999999999998
9.09999999999998
9.19999999999998
9.29999999999998
9.39999999999998
9.49999999999998
9.59999999999998
9.69999999999998
9.79999999999998
9.89999999999998
9.99999999999998
10.1
10.2
10.3
10.4
10.5
10.6
10.7
10.8
10.9
11
11.1
11.2
11.3
11.4
11.5
11.6
11.7
11.8
11.9
12
12.1
12.2
12.3
12.4
12.5
12.6
12.7
12.8
12.9
13
13.1
13.2
13.3
13.4
13.5
13.6
Temperature Data
0
0
0
0
0
0
0
0
0
0
0
0
0
0
0
0
0
0
0
0
0
0
0
0
0
0
0
0
0
0
0
0
0
0
0
0
0
0
0
0
0
0
0
0
0
0
0
0
0
0
0
0
0
0
0
0
0
0
0
0
0
0
0
0
0
0
0
0
0
0
0
0
0
0
0
0
0
0
0
0
0
0
0
0
0
0
0
0
0
0
0
0
0
0
0
0
0
0
0
0
0
0
0
0
0
0
0
0
0
0
0
0
0
0
0
0
0
0
0
0
0
0
0
0
0
0
0
0
0
0
0
0
0
0
0
0
0
Angle Data
0
0
0
0
0
0
0
0
0
0
0
0
0
0
0
0
0
0
0
0
0
0
0
0
0
0
0
0
0
0
0
0
0
0
0
0
0
0
0
0
0
0
0
0
0
0
0
0
0
0
0
0
0
0
0
0
0
0
0
0
0
0
0
0
0
0
0
0
0
0
0
0
0
0
0
0
0
0
0
0
0
0
0
0
0
0
0
0
0
0
0
0
0
0
0
0
0
0
0
0
0
0
0
0
0
0
0
0
0
0
0
0
0
0
0
0
0
0
0
0
0
0
0
0
0
0
0
0
0
0
0
0
0
0
0
0
0
Bx Data
0
0
0
0
0
0
0
0
0
0
0
0
0
0
0
0
0
0
0
0
0
0
0
0
0
0
0
0
0
0
0
0
0
0
0
0
0
0
0
0
0
0
0
0
0
0
0
0
0
0
0
0
0
0
0
0
0
0
0
0
0
0
0
0
0
0
0
0
0
0
0
0
0
0
0
0
0
0
0
0
0
0
0
0
0
0
0
0
0
0
0
0
0
0
0
0
0
0
0
0
0
0
0
0
0
0
0
0
0
0
0
0
0
0
0
0
0
0
0
0
0
0
0
0
0
0
0
0
0
0
0
0
0
0
0
0
0
Hint Data
0
0
0
0
0
0
0
0
0
0
0
0
0
0
0
0
0
0
0
0
0
0
0
0
0
0
0
0
0
0
0
0
0
0
0
0
0
0
0
0
0
0
0
0
0
0
0
0
0
0
0
0
0
0
0
0
0
0
0
0
0
0
0
0
0
0
0
0
0
0
0
0
0
0
0
0
0
0
0
0
0
0
0
0
0
0
0
0
0
0
0
0
0
0
0
0
0
0
0
0
0
0
0
0
0
0
0
0
0
0
0
0
0
0
0
0
0
0
0
0
0
0
0
0
0
0
0
0
0
0
0
0
0
0
0
0
0
Torque Data
2.02012309034
2.12335662456
2.03348152962
1.90915740486
1.89169025032
1.60198572528
1.45604165142
1.260926667
1.13739415602
1.02030030144
0.83757553796
0.660539465661
0.513929125098
0.382321223616
0.186434415474
0.018309704469
-0.123324570606
-0.285937578668
-0.41777457687
-0.608451161668
-0.77103329345
-0.9408193596
-1.04691208035
-1.26023064706
-1.48282320641
-1.50456412575
-1.76374703918
-1.8622869489
-1.98918373584
-2.07758100375
-2.19504532746
-2.46602420691
-2.72246630068
-2.80384340994
-2.75694212064
-3.27086022504
-3.26375890074
-3.58934844096
-3.436127163
-3.84846213675
-4.0140591001
-4.08503558196
-4.21986539052
-4.37480019396
-4.75793299248
-4.69446823926
-5.08550071104
-4.92957019488
-5.30059189429
-5.57684508864
-5.09915956556
-5.18493249725
-5.7213679173
-6.24283128744
-5.8557876615
-6.44169717415
-6.15442368555
-6.11227215428
-6.63767244264
-6.8869220508
-7.2644596703
-7.115738481
-7.5656605395
-8.2478040022
-7.5700109091
-8.2173459024
-7.4577727754
-7.8248915955
-9.1231076076
-8.7012329824
-8.8566323062
-9.0446358478
-8.5705768575
-9.0900944064
-9.1208613627
-9.6687031595
-9.584548191
-10.0027905341
-9.7412963394
-10.31761178
-9.774057069
-10.2091109475
-10.0653691635
-10.216783017
-11.1232605904
-11.7438299654
-11.4706154822
-10.8282949425
-11.452225311
-11.929473976
-12.0928479245
-11.4242114385
-12.9059056079
-12.8206753416
-12.7326527699
-12.5466703704
-12.5422931397
-14.6540634057
-13.3865014234
-13.1798953116
-13.3361072766
-13.4815388994
-14.3060848536
-13.8038505318
-14.3511487245
-13.5326871855
-14.6852360991
-14.8372479717
-14.9982930475
-13.7210060918
-13.8882224472
-14.0209987508
-13.94579207
-14.730508296
-15.314174253
-16.1515084654
-16.2956868571
-16.4429704124
-16.6089555212
-17.9041702532
-16.9333745455
-16.3939599753
-16.7790189852
-15.0556138192
-18.2873622515
-19.3229800476
-17.9107247886
-18.4248381408
-18.9594201523
-17.8835577408
-18.5412141432
-17.428188582
-19.2363051888
-19.4059428432
-17.888681475
-20.1603417989
-19.5225164127
dMdH Data
-1.85435630689207E-05
9.84567193826879E-06
-4.04562023638573E-06
6.57270102285519E-06
8.27512371526455E-06
7.29145402245525E-06
-2.87599282603127E-06
-4.96024025040183E-06
-6.62806597726689E-06
1.38069674030589E-05
9.876438046292E-07
-8.44600248385934E-06
7.6513134601502E-07
8.81245114064394E-07
-2.95086425722229E-06
3.25469104816541E-06
1.12088523031965E-07
5.07509468460232E-06
-3.37454353469136E-07
5.8503850194029E-06
7.8542737038767E-06
1.15240083507305E-06
-3.66041988396843E-07
3.2982230785699E-06
2.27728701901482E-06
-8.54443765568456E-07
-6.69703658479308E-07
-2.52382429856833E-06
6.75702765501845E-06
-8.79351265822784E-06
1.08579309009968E-05
8.74611783247577E-06
-6.63402313112066E-06
-3.78939177797951E-06
4.21685161629894E-06
1.10442797415432E-05
5.75544533103299E-06
2.51478290251732E-06
-2.06826528407862E-06
-9.21585339867893E-06
-2.37220691766146E-06
1.43404970462416E-05
1.01551143414288E-05
-2.30021963169454E-06
-1.36435158879321E-05
-3.52288304222861E-06
1.07857931542142E-05
5.49243245587408E-06
5.46769033909152E-06
-8.13973278869882E-07
-9.56491309926569E-08
1.10898977042379E-05
-1.18371787316985E-05
-6.4022923137495E-06
7.59117711290675E-06
4.9319637139808E-06
7.71961915482388E-06
-1.78465952240319E-07
-5.06348086757189E-06
5.39636225843125E-06
-1.53469577333951E-05
-7.07423167848703E-06
1.69501983252532E-06
3.22752688172044E-06
1.39342501074345E-05
2.15013508297952E-06
1.23697632058288E-05
1.29233593391465E-06
-1.88266787658802E-05
-5.3156221616712E-06
5.04241741741742E-06
6.2376380220835E-06
2.47919588592801E-06
-1.4230271668813E-08
-7.70894874022589E-06
-1.05821705426357E-05
-2.6759517177344E-06
4.74424071462154E-06
1.17493573264782E-05
-1.30291345329905E-06
1.78491744756905E-08
2.17795059469351E-06
4.73620165145588E-06
1.78759558198809E-06
1.95844155844158E-06
-1.06508422664626E-06
4.00594942984663E-07
5.47892376681613E-06
-1.29835920177382E-05
2.64924406047514E-06
1.24813829787234E-05
8.311214953271E-06
-1.60398613518198E-05
-4.62785774767146E-06
6.10247503256621E-06
3.38700677560783E-06
-1.77922077922074E-06
-3.55115367871141E-06
-4.07212389380528E-06
5.24791208791207E-06
9.39848914069875E-06
-9.37361702127659E-06
3.26877133105806E-06
9.35271317829456E-06
-1.92819843342037E-06
-7.34113300492619E-06
-8.33333333333335E-06
2.67309377738821E-06
2.75112917795846E-06
-1.85059228123803E-06
9.82579403272368E-06
9.33192488262923E-06
-4.90139616055844E-06
-4.97709593777014E-06
-4.42396142433235E-06
3.55653450807633E-06
-3.86056540488743E-06
5.1028911564626E-06
-4.1498257839721E-06
-1.16731855714908E-06
2.80755064456716E-06
-2.34654788418707E-06
1.11624079688176E-05
8.44627749576996E-06
-8.1378662659655E-06
9.2274678111589E-07
-8.4342230695901E-06
4.45359477124187E-06
1.16492702344095E-05
5.72587719298242E-06
-5.0555555555556E-06
-1.41432900432901E-05
2.23556876061122E-06
2.49142367066894E-06
1.06046079524341E-05
-6.02103250478008E-06
-6.02103250478008E-06
dMdT Data
0
0
0
0
0
0
0
0
0
0
0
0
0
0
0
0
0
0
0
0
0
0
0
0
0
0
0
0
0
0
0
0
0
0
0
0
0
0
0
0
0
0
0
0
0
0
0
0
0
0
0
0
0
0
0
0
0
0
0
0
0
0
0
0
0
0
0
0
0
0
0
0
0
0
0
0
0
0
0
0
0
0
0
0
0
0
0
0
0
0
0
0
0
0
0
0
0
0
0
0
0
0
0
0
0
0
0
0
0
0
0
0
0
0
0
0
0
0
0
0
0
0
0
0
0
0
0
0
0
0
0
0
0
0
0
0
0
 
*********************************************** Results ***************************************
 
TotalArea 0
AreaFirstQuad 0
AreaSecondQuad 0
AreaThirdQuad 0
AreaFourthQuad 0
Coercivity 0
PositiveCoercivity 0
NegativeCoercivity 0
Retentivity 3.03528913962206E-03
PositiveRetentivity -3.29930726918077E-03
NegativeRetentivity 2.77127101006334E-03
Magnetization 0.00515984
PositiveMagnetization 0.00515984
NegativeMagnetization 0.00243503
Flatness 8.69828597586547E-02
Squareness 0.58825256977388
SStar 0
SFD1 0
SFD2 0
Slope 0
Intercept 0
SlopeAtHc -6.02103250478008E-06
dH1 -81.8421230143532
dH2 495.6995
InitialSlope -1.85435630689207E-05
FieldAtHalfMs -264.459064705882
FieldAtMs 2627.28
MomentMean 4.07358343065693E-03
MomentRMS 7.137601803801E-04
SFD3 0
dH3 -163.684246028707
UserField1 0
UserField2 0
CenterField 0
ExchangeField 0
ExchangeMoment 0
ExRegionOneIntercept 0
ExRegionOneSlope 0
ExRegionTwoIntercept 0
ExRegionTwoSlope 0
NegativeIntercept 0
NegativeSlope 0
AutoCenterOffset 0
PinningField 0
PinningMoment 0
PinRegionOneIntercept 0
PinRegionOneSlope 0
PinRegionTwoIntercept 0
PinRegionTwoSlope 0
PositiveIntercept 0
PositiveSlope 0
TotalOffset 0
BHMax 0
BCoercivity 0
BRetentivity 0
BNegativeCoercivity 0
BPositiveCoercivity 0
BNegativeRetentivity 0
BPositiveRetentivity 0
MomentYMean -6.90509014598541E-03
MomentYRMS 3.01939964099764E-04
YOffCorrection 0
Mrt 0
Ms1 0
Ms2 0
Ms3 0
Hc2 0
Hex2 0
HsatValue 0
HsatIntercept 0
HsatSlope 0
CenterH 0
Span .00272481
SpanAsPercentOfRange -51.4115094339623
RMSAsPercentOfRange -13.4671732147189
SpanAsPercentOfMean 66.8897555772063
RMSAsPercentOfMean 17.5216782110927
