Version 1.25
******************************************** Units *******************************************
System CGS
TemperatureUnit K
MomentUnit emu
AppliedFieldUnit G
 
******************************************** Setup ********************************************
 
Experiment CustomField
Minor False
Acquisition Continuous
EditedPoint No
MaxField 15000
FieldIncrement 100
Points 147
MinField 0
RampRate 10
AverageTime 0.1
TimeInterval 0
TimeConstant 0.1
TimeConstantIndex 0
Sensitivity -0.0053
SensitivityIndex 5
SensitivityY -400
SensitivityIndexY 0
SaturationField 8000
ExperimentTime 100
Use735Domains True
AutoRangeEnabled False
NumberOfVertices 2
VertexPts
0
146
VertexField
-2964.8241
397.8224
StartAngle 0
EndAngle 0
AngleIncrement 0
StartTemp 0
FinishTemp 0
TempIncrement 0
TempPoints 0
LengthofSetPointsArray 147
SetPointArray
-2964.82412
-2941.79229
-2918.76047
-2895.72864
-2872.69682
-2849.66499
-2826.63317
-2803.60134
-2780.56951
-2757.53769
-2734.50586
-2711.47404
-2688.44221
-2665.41039
-2642.37856
-2619.34673
-2596.31491
-2573.28308
-2550.25126
-2527.21943
-2504.1876
-2481.15578
-2458.12395
-2435.09213
-2412.0603
-2389.02848
-2365.99665
-2342.96482
-2319.933
-2296.90117
-2273.86935
-2250.83752
-2227.8057
-2204.77387
-2181.74204
-2158.71022
-2135.67839
-2112.64657
-2089.61474
-2066.58291
-2043.55109
-2020.51926
-1997.48744
-1974.45561
-1951.42379
-1928.39196
-1905.36013
-1882.32831
-1859.29648
-1836.26466
-1813.23283
-1790.20101
-1767.16918
-1744.13735
-1721.10553
-1698.0737
-1675.04188
-1652.01005
-1628.97822
-1605.9464
-1582.91457
-1559.88275
-1536.85092
-1513.8191
-1490.78727
-1467.75544
-1444.72362
-1421.69179
-1398.65997
-1375.62814
-1352.59631
-1329.56449
-1306.53266
-1283.50084
-1260.46901
-1237.43719
-1214.40536
-1191.37353
-1168.34171
-1145.30988
-1122.27806
-1099.24623
-1076.21441
-1053.18258
-1030.15075
-1007.11893
-984.0871
-961.05528
-938.02345
-914.99162
-891.9598
-868.92797
-845.89615
-822.86432
-799.8325
-776.80067
-753.76884
-730.73702
-707.70519
-684.67337
-661.64154
-638.60972
-615.57789
-592.54606
-569.51424
-546.48241
-523.45059
-500.41876
-477.38693
-454.35511
-431.32328
-408.29146
-385.25963
-362.22781
-339.19598
-316.16415
-293.13233
-270.1005
-247.06868
-224.03685
-201.00503
-177.9732
-154.94137
-131.90955
-108.87772
-85.8459
-62.81407
-39.78224
-16.75042
6.28141
29.31323
52.34506
75.37688
98.40871
121.44054
144.47236
167.50419
190.53601
213.56784
236.59966
259.63149
282.66332
305.69514
328.72697
351.75879
374.79062
397.82245
FieldDomainFile C:\IDEASVSM\Default UserID\Experiments\FORCexp0184B\fdomain.ini
TempDomainFile C:\IDEASVSM\Default UserID\Experiments\FORCexp0184B\tdomain.ini
NumSelectedResults 0
ResultsSelected 
UserName1 
UserValue1 
UserName2 
UserValue2 
LinearBackgroundCorrection Off
MaxLinearFieldCorrection 
MinLinearFieldCorrection 
AutoLinearCorrection Off
FitOneRegion Off
BackgroundMode Off
BackgroundFilename 
AutoCenter Off
OffsetCorrection 
SmoothDeriv Off
DerivOrder 0
DerivPoints 0
MinExFieldOne 
MaxExFieldOne 
MinExFieldTwo 
MaxExFieldTwo 
MinPinFieldOne 
MaxPinFieldOne 
MinPinFieldTwo 
MaxPinFieldTwo 
HCenterStart 
Mass 
Volume 
Density 
MolarWeight 
NumberOfMoles 
Demagnetization 
SampleArea 
Thickness 
MomentScaling 0
XAxis 0
YAxis 0
SimpleSpinValve False
HsatMax 0
HsatMin 0
FieldAutoRange False
 
*************************************************** Experiment Data ********************************************
 
DataPoints 147
MomentX Data
-0.00489737
-0.00494841
-0.00485311
-0.00479272
-0.00469835
-0.00478836
-0.00498693
-0.00512005
-0.0050836
-0.0049298
-0.00512318
-0.00490246
-0.00456318
-0.00472917
-0.00504268
-0.00510116
-0.00483297
-0.00486707
-0.00471238
-0.00466426
-0.00495836
-0.00508343
-0.00501441
-0.0047166
-0.00476847
-0.00493051
-0.00503216
-0.00510328
-0.00501589
-0.00484595
-0.00460315
-0.00465531
-0.0049898
-0.00502059
-0.0047821
-0.00463207
-0.00464111
-0.00472077
-0.00481971
-0.0047463
-0.00447657
-0.00466287
-0.00464534
-0.00453707
-0.00476945
-0.00493413
-0.0047886
-0.0047687
-0.00465155
-0.00466348
-0.00483131
-0.00481846
-0.00455777
-0.00464583
-0.00451707
-0.00437987
-0.0044488
-0.004747
-0.00486239
-0.00495142
-0.00462716
-0.00468186
-0.00456052
-0.00455018
-0.00472288
-0.0047343
-0.00456762
-0.00440499
-0.00433231
-0.00461694
-0.00474992
-0.00472468
-0.00453623
-0.00477283
-0.00445706
-0.0042667
-0.00430191
-0.00426892
-0.00429268
-0.00440726
-0.00425424
-0.00427074
-0.00434433
-0.00425343
-0.00439471
-0.00450356
-0.00437861
-0.00422622
-0.00443247
-0.0042462
-0.00404784
-0.00417305
-0.00399828
-0.00399638
-0.00376115
-0.00384238
-0.00415399
-0.00431002
-0.00421268
-0.00409142
-0.00394627
-0.00385865
-0.00366165
-0.0039864
-0.00420165
-0.00415839
-0.00388073
-0.00367413
-0.0036676
-0.00382021
-0.00384148
-0.00359873
-0.00357751
-0.00365396
-0.00366316
-0.00376448
-0.00386439
-0.00381137
-0.00361612
-0.00350619
-0.00344205
-0.00339724
-0.00348364
-0.00329758
-0.00347798
-0.00339895
-0.00329078
-0.00337612
-0.00358799
-0.00336528
-0.00315562
-0.00297232
-0.00306268
-0.00328558
-0.0032258
-0.00317612
-0.00309563
-0.00326068
-0.00304048
-0.00294491
-0.00276334
-0.00308726
-0.00315973
-0.00268264
-0.00267317
-0.00279183
-0.00274692
MomentY Data
-0.00610352
-0.00610352
-0.00629425
-0.00581741
-0.00677109
-0.00567436
-0.00553131
-0.00553131
-0.00600815
-0.00567436
-0.00610352
-0.00610352
-0.00600815
-0.00600815
-0.00534058
-0.00629425
-0.00629425
-0.00600815
-0.00629425
-0.00629425
-0.00553131
-0.00553131
-0.00567436
-0.00581741
-0.00638962
-0.00610352
-0.00629425
-0.00610352
-0.00600815
-0.00581741
-0.00638962
-0.00581741
-0.00610352
-0.00567436
-0.00581741
-0.00581741
-0.00629425
-0.00638962
-0.00581741
-0.00581741
-0.00629425
-0.00629425
-0.00600815
-0.00553131
-0.00581741
-0.00581741
-0.00600815
-0.00553131
-0.00610352
-0.00553131
-0.00610352
-0.00581741
-0.00553131
-0.00581741
-0.00610352
-0.00610352
-0.00519753
-0.00600815
-0.00581741
-0.00600815
-0.00658035
-0.00629425
-0.00553131
-0.00600815
-0.00600815
-0.00581741
-0.00629425
-0.00581741
-0.00610352
-0.00600815
-0.00629425
-0.00600815
-0.00629425
-0.00567436
-0.00610352
-0.00567436
-0.00581741
-0.00638962
-0.00600815
-0.00610352
-0.00581741
-0.00629425
-0.00581741
-0.00600815
-0.00600815
-0.00600815
-0.00553131
-0.00581741
-0.00629425
-0.00567436
-0.00638962
-0.00610352
-0.00581741
-0.00567436
-0.00600815
-0.00629425
-0.00629425
-0.00610352
-0.00567436
-0.00629425
-0.00600815
-0.00629425
-0.00567436
-0.00553131
-0.00567436
-0.00610352
-0.00600815
-0.00553131
-0.00600815
-0.00610352
-0.00567436
-0.00600815
-0.00581741
-0.00610352
-0.00629425
-0.00581741
-0.00567436
-0.00553131
-0.00610352
-0.00553131
-0.00610352
-0.00600815
-0.00658035
-0.00600815
-0.00638962
-0.00638962
-0.00600815
-0.00600815
-0.00638962
-0.00658035
-0.00581741
-0.00638962
-0.00600815
-0.00658035
-0.00610352
-0.00629425
-0.00686646
-0.00658035
-0.00600815
-0.00567436
-0.00658035
-0.00600815
-0.00600815
-0.00610352
-0.00629425
-0.00629425
-0.00600815
Field Data
-2964.84
-2964.79
-2958.53
-2944.62
-2927.33
-2907.5
-2886.52
-2865.44
-2842.56
-2819.5
-2796.3
-2768.55
-2746.19
-2723.63
-2700.87
-2677.96
-2655.04
-2633.14
-2610.49
-2587.2
-2563.78
-2537.35
-2516.25
-2493.75
-2470.96
-2447.88
-2425.66
-2403.74
-2380.16
-2356.67
-2333.83
-2307.2
-2286.67
-2263.74
-2240.97
-2218.03
-2191.05
-2173.89
-2151.26
-2128.68
-2101.44
-2078.09
-2057.21
-2034.87
-2012.35
-1988.92
-1961.9
-1941.34
-1919.3
-1896.94
-1873.78
-1850.54
-1829.72
-1806.71
-1783.1
-1759.87
-1736.56
-1711.72
-1690.21
-1668.88
-1645.75
-1621.94
-1596.25
-1576.03
-1553.82
-1530.54
-1507.64
-1484.67
-1463.57
-1440.67
-1416.59
-1392.82
-1366.82
-1345.42
-1323.36
-1300.85
-1277.94
-1251.26
-1230.92
-1209.29
-1187.08
-1162.98
-1140.32
-1118.96
-1096.05
-1072.88
-1049.61
-1026.91
-1001.6
-979.718
-957.898
-934.347
-911.527
-890.356
-867.238
-843.821
-820.568
-797.512
-771.9
-750.75
-728.725
-705.722
-683.75
-660.036
-638.331
-614.741
-591.439
-568.364
-541.838
-520.813
-499.521
-477.508
-454.199
-430.725
-408.733
-386.185
-363.099
-339.659
-313.006
-292.058
-270.893
-248.29
-225.192
-201.959
-177.304
-158.189
-135.075
-111.939
-88.0789
-62.9941
-42.4921
-19.0932
3.79316
27.2864
52.9654
74.1655
95.8903
118.861
141.754
164.077
185.52
209.126
232.372
255.389
281.342
302.884
324.282
Time Data
0
0.1
0.2
0.3
0.4
0.5
0.6
0.7
0.8
0.9
1
1.1
1.2
1.3
1.4
1.5
1.6
1.7
1.8
1.9
2
2.1
2.2
2.3
2.4
2.5
2.6
2.7
2.8
2.9
3
3.1
3.2
3.3
3.4
3.5
3.6
3.7
3.8
3.9
4
4.1
4.2
4.3
4.4
4.5
4.6
4.7
4.8
4.9
5
5.1
5.2
5.3
5.4
5.5
5.6
5.7
5.8
5.9
5.99999999999999
6.09999999999999
6.19999999999999
6.29999999999999
6.39999999999999
6.49999999999999
6.59999999999999
6.69999999999999
6.79999999999999
6.89999999999999
6.99999999999999
7.09999999999999
7.19999999999999
7.29999999999999
7.39999999999999
7.49999999999999
7.59999999999999
7.69999999999999
7.79999999999999
7.89999999999999
7.99999999999999
8.09999999999999
8.19999999999999
8.29999999999999
8.39999999999999
8.49999999999999
8.59999999999999
8.69999999999999
8.79999999999998
8.89999999999998
8.99999999999998
9.09999999999998
9.19999999999998
9.29999999999998
9.39999999999998
9.49999999999998
9.59999999999998
9.69999999999998
9.79999999999998
9.89999999999998
9.99999999999998
10.1
10.2
10.3
10.4
10.5
10.6
10.7
10.8
10.9
11
11.1
11.2
11.3
11.4
11.5
11.6
11.7
11.8
11.9
12
12.1
12.2
12.3
12.4
12.5
12.6
12.7
12.8
12.9
13
13.1
13.2
13.3
13.4
13.5
13.6
13.7
13.8
13.9
14
14.1
14.2
14.3
14.4
14.5
14.6
Temperature Data
0
0
0
0
0
0
0
0
0
0
0
0
0
0
0
0
0
0
0
0
0
0
0
0
0
0
0
0
0
0
0
0
0
0
0
0
0
0
0
0
0
0
0
0
0
0
0
0
0
0
0
0
0
0
0
0
0
0
0
0
0
0
0
0
0
0
0
0
0
0
0
0
0
0
0
0
0
0
0
0
0
0
0
0
0
0
0
0
0
0
0
0
0
0
0
0
0
0
0
0
0
0
0
0
0
0
0
0
0
0
0
0
0
0
0
0
0
0
0
0
0
0
0
0
0
0
0
0
0
0
0
0
0
0
0
0
0
0
0
0
0
0
0
0
0
0
0
Angle Data
0
0
0
0
0
0
0
0
0
0
0
0
0
0
0
0
0
0
0
0
0
0
0
0
0
0
0
0
0
0
0
0
0
0
0
0
0
0
0
0
0
0
0
0
0
0
0
0
0
0
0
0
0
0
0
0
0
0
0
0
0
0
0
0
0
0
0
0
0
0
0
0
0
0
0
0
0
0
0
0
0
0
0
0
0
0
0
0
0
0
0
0
0
0
0
0
0
0
0
0
0
0
0
0
0
0
0
0
0
0
0
0
0
0
0
0
0
0
0
0
0
0
0
0
0
0
0
0
0
0
0
0
0
0
0
0
0
0
0
0
0
0
0
0
0
0
0
Bx Data
0
0
0
0
0
0
0
0
0
0
0
0
0
0
0
0
0
0
0
0
0
0
0
0
0
0
0
0
0
0
0
0
0
0
0
0
0
0
0
0
0
0
0
0
0
0
0
0
0
0
0
0
0
0
0
0
0
0
0
0
0
0
0
0
0
0
0
0
0
0
0
0
0
0
0
0
0
0
0
0
0
0
0
0
0
0
0
0
0
0
0
0
0
0
0
0
0
0
0
0
0
0
0
0
0
0
0
0
0
0
0
0
0
0
0
0
0
0
0
0
0
0
0
0
0
0
0
0
0
0
0
0
0
0
0
0
0
0
0
0
0
0
0
0
0
0
0
Hint Data
0
0
0
0
0
0
0
0
0
0
0
0
0
0
0
0
0
0
0
0
0
0
0
0
0
0
0
0
0
0
0
0
0
0
0
0
0
0
0
0
0
0
0
0
0
0
0
0
0
0
0
0
0
0
0
0
0
0
0
0
0
0
0
0
0
0
0
0
0
0
0
0
0
0
0
0
0
0
0
0
0
0
0
0
0
0
0
0
0
0
0
0
0
0
0
0
0
0
0
0
0
0
0
0
0
0
0
0
0
0
0
0
0
0
0
0
0
0
0
0
0
0
0
0
0
0
0
0
0
0
0
0
0
0
0
0
0
0
0
0
0
0
0
0
0
0
0
Torque Data
18.0959602368
18.0956550608
18.6217274525
17.1300618342
19.8212148897
16.4982017
15.9662369412
15.8496369264
17.078526864
15.99885802
17.067272976
16.897900296
16.4995214485
16.3639775845
14.4242123046
16.85574973
16.71148552
15.820300091
16.4310766825
16.2844836
14.1810619518
14.0348694285
14.27810835
14.5071661875
15.7884954352
14.9406845376
15.267710455
14.6712751648
14.300358304
13.7097156247
14.9122868446
13.421928352
13.9567360784
12.8452757064
13.0366412877
12.9031899023
13.7910164625
13.8903310218
12.5147614366
12.3834043188
13.22698872
13.0800179825
12.3600262615
11.2554967797
11.7066650135
11.5703630972
11.787389485
10.7381533554
11.714485936
10.4925631914
11.4366537056
10.7653499014
10.1207485332
10.5103728211
10.883186512
10.7414017424
9.0258226968
10.284270518
9.8326445561
10.026881372
10.8296110125
10.208895845
8.8293535875
9.4690246445
9.335583633
8.9037787014
9.48946307
8.6369341047
8.9329287664
8.6557614605
8.9163716075
8.368271483
8.603106785
7.6343974312
8.0771542272
7.381491206
7.4343009354
7.9950759212
7.395551998
7.3809257008
6.9057310628
7.320086865
6.6337089712
6.722879524
6.5852328075
6.446023972
5.8057182891
5.9739565031
6.3043208
5.55927263048
6.12060421876
5.70280560144
5.30272628507
5.05220047216
5.2104959897
5.31122032925
5.164860134
4.86763044224
4.380038484
4.7254081875
4.37828910875
4.4419906985
3.87984365
3.65086372716
3.62211989316
3.75208398832
3.55345422785
3.14379747684
3.2554439797
3.17879256176
2.83446198156
2.8689396902
2.64226180459
2.628938652
2.57266768525
2.24659648085
2.06035444164
1.87875922329
1.91043838112
1.61546333598
1.65340084336
1.4917635635
1.4818421772
1.21339996585
1.13290518448
1.01076759818
0.81155086125
0.67254630285
0.562790701018
0.414523225935
0.247193967461
0.121998292584
-0.022789874254
-0.17955406224
-0.323275378208
-0.466816198375
-0.658426909338
-0.78214698135
-0.8516792951
-0.93103196572
-1.220786532
-1.2564603769
-1.3961258318
-1.55877186928
-1.7708368835
-1.906427617
-1.9483348983
dMdH Data
-1.0207999999963E-03
1.52236421725246E-05
4.34148094895746E-06
5.45806824754199E-06
-4.5390821986889E-06
-9.46472831267871E-06
-6.31499051233401E-06
1.59309440559441E-06
6.66955767562881E-06
-8.33534482758627E-06
7.95387387387387E-06
1.51735241502682E-05
-7.35771276595748E-06
-1.37746045694199E-05
-2.55259711916198E-06
1.17011343804537E-05
-1.55707762557079E-06
6.8295805739514E-06
2.06612279948478E-06
-1.25576430401369E-05
-4.73212258796815E-06
3.27109004739336E-06
0.000013236
-2.27599824484427E-06
-7.0207972270364E-06
-4.57470747074702E-06
-3.24452554744525E-06
3.70610687022901E-06
7.23456790123465E-06
1.06304728546409E-05
-1.95869320315432E-06
-1.62927423283002E-05
-1.34278238116004E-06
1.0473869126043E-05
6.54010462074989E-06
-3.35063009636771E-07
-4.64219114219104E-06
-4.37207247017239E-06
3.25110717449062E-06
9.90198237885471E-06
-7.97858672376878E-06
8.39559386973175E-07
4.84646374216651E-06
-1.03188277087034E-05
-7.02859581732828E-06
5.38601036269432E-06
9.67898832684806E-07
5.31533575317605E-06
-5.33542039356008E-07
-7.24654576856646E-06
5.52925989672978E-07
1.25211335254563E-05
-3.82703172533681E-06
5.4536213468869E-06
5.90615583297458E-06
-2.95709995709997E-06
-1.20048309178744E-05
-5.36448163644816E-06
-4.17393342709797E-06
1.40190229139645E-05
-2.29735405291896E-06
4.72323861424679E-06
5.11374876360048E-07
-7.77577667717241E-06
-4.90549828178725E-07
7.27860262008741E-06
7.08010448410968E-06
3.44454976303317E-06
-1.24292576419215E-05
-5.52242524916942E-06
1.06184265881364E-06
7.24807692307695E-06
-1.10560747663552E-05
1.43141432456934E-05
8.45668591737005E-06
-1.53688345700568E-06
1.23650674662669E-06
-1.16814159292037E-06
-5.297272306981E-06
6.88968932913098E-06
-6.84647302904568E-07
-3.24757281553397E-06
4.25561797752813E-06
-6.16673941510254E-06
-4.69788519637468E-06
5.36957455951866E-06
6.71321585903087E-06
-8.14895298301064E-06
8.5124760076775E-06
9.09074243813022E-06
-5.31654706806507E-06
7.65863277826471E-06
8.97454064522218E-08
1.01751881650662E-05
-3.46884741854207E-06
-1.34008515030318E-05
-6.76743580846636E-06
3.80056223645169E-06
5.73333333333333E-06
6.59023836549377E-06
3.8090683823849E-06
8.96595667212818E-06
-1.36944421017121E-05
-9.91706979958539E-06
1.8338278931751E-06
1.19157153892369E-05
8.95341278439874E-06
2.46173565558313E-07
-7.25850178359097E-06
-9.9896674807439E-07
1.10275746150002E-05
9.10377965592698E-07
-3.25679475164012E-06
-4.18333939614405E-07
-4.4935249246053E-06
-4.32773109243697E-06
2.26194539249147E-06
7.32562938505984E-06
5.2477563490548E-06
3.03047484053864E-06
1.98248020174312E-06
-3.74058360031171E-06
8.00843627598674E-06
-7.31697424457513E-06
4.1344493852995E-06
4.67984771134377E-06
-3.68862378976486E-06
-8.87967778844181E-06
8.87828485776247E-06
1.02263193834748E-05
7.83370158426251E-06
-3.94820320924777E-06
-9.48783564974436E-06
2.3279722730636E-06
2.34338517271144E-06
3.70498232434823E-06
-7.18524032789598E-06
9.61866072598613E-06
4.28123460108409E-06
8.46756517278365E-06
-1.37219351012455E-05
-3.11752559580142E-06
2.07277229873572E-05
3.64890378761613E-07
-5.50830934917834E-06
2.09879427983924E-06
2.09879427983924E-06
dMdT Data
0
0
0
0
0
0
0
0
0
0
0
0
0
0
0
0
0
0
0
0
0
0
0
0
0
0
0
0
0
0
0
0
0
0
0
0
0
0
0
0
0
0
0
0
0
0
0
0
0
0
0
0
0
0
0
0
0
0
0
0
0
0
0
0
0
0
0
0
0
0
0
0
0
0
0
0
0
0
0
0
0
0
0
0
0
0
0
0
0
0
0
0
0
0
0
0
0
0
0
0
0
0
0
0
0
0
0
0
0
0
0
0
0
0
0
0
0
0
0
0
0
0
0
0
0
0
0
0
0
0
0
0
0
0
0
0
0
0
0
0
0
0
0
0
0
0
0
 
*********************************************** Results ***************************************
 
TotalArea 0
AreaFirstQuad 0
AreaSecondQuad 0
AreaThirdQuad 0
AreaFourthQuad 0
Coercivity 0
PositiveCoercivity 0
NegativeCoercivity 0
Retentivity 1.51417916907775
PositiveRetentivity -3.03140604198902
NegativeRetentivity -3.04770383351481E-03
Magnetization 0.00512318
PositiveMagnetization -0.00267317
NegativeMagnetization -0.00512318
Flatness 1.00201277622606
Squareness 295.554551875544
SStar 0
SFD1 0
SFD2 0
Slope 0
Intercept 0
SlopeAtHc 2.09879427983924E-06
dH1 -741.662994260994
dH2 1728.831
InitialSlope -1.0207999999963E-03
FieldAtHalfMs 324.282
FieldAtMs 281.342
MomentMean -4.24380204081633E-03
MomentRMS 6.5384329067041E-04
SFD3 0
dH3 -1483.32598852199
UserField1 0
UserField2 0
CenterField 0
ExchangeField 0
ExchangeMoment 0
ExRegionOneIntercept 0
ExRegionOneSlope 0
ExRegionTwoIntercept 0
ExRegionTwoSlope 0
NegativeIntercept 0
NegativeSlope 0
AutoCenterOffset 0
PinningField 0
PinningMoment 0
PinRegionOneIntercept 0
PinRegionOneSlope 0
PinRegionTwoIntercept 0
PinRegionTwoSlope 0
PositiveIntercept 0
PositiveSlope 0
TotalOffset 0
BHMax 0
BCoercivity 0
BRetentivity 0
BNegativeCoercivity 0
BPositiveCoercivity 0
BNegativeRetentivity 0
BPositiveRetentivity 0
MomentYMean -6.00847285714285E-03
MomentYRMS 3.02584224928106E-04
YOffCorrection 0
Mrt 0
Ms1 0
Ms2 0
Ms3 0
Hc2 0
Hex2 0
HsatValue 0
HsatIntercept 0
HsatSlope 0
CenterH 0
Span .00245001
SpanAsPercentOfRange -46.2266037735849
RMSAsPercentOfRange -12.3366658617059
SpanAsPercentOfMean -57.7314864462604
RMSAsPercentOfMean -15.4070167359795
