Version 1.25
******************************************** Units *******************************************
System CGS
TemperatureUnit K
MomentUnit emu
AppliedFieldUnit G
 
******************************************** Setup ********************************************
 
Experiment CustomField
Minor False
Acquisition Continuous
EditedPoint No
MaxField 15000
FieldIncrement 100
Points 147
MinField 0
RampRate 10
AverageTime 0.1
TimeInterval 0
TimeConstant 0.1
TimeConstantIndex 0
Sensitivity -0.0053
SensitivityIndex 5
SensitivityY -400
SensitivityIndexY 0
SaturationField 8000
ExperimentTime 100
Use735Domains True
AutoRangeEnabled False
NumberOfVertices 2
VertexPts
0
146
VertexField
-2734.5059
628.1407
StartAngle 0
EndAngle 0
AngleIncrement 0
StartTemp 0
FinishTemp 0
TempIncrement 0
TempPoints 0
LengthofSetPointsArray 147
SetPointArray
-2734.50586
-2711.47404
-2688.44221
-2665.41039
-2642.37856
-2619.34673
-2596.31491
-2573.28308
-2550.25126
-2527.21943
-2504.1876
-2481.15578
-2458.12395
-2435.09213
-2412.0603
-2389.02848
-2365.99665
-2342.96482
-2319.933
-2296.90117
-2273.86935
-2250.83752
-2227.8057
-2204.77387
-2181.74204
-2158.71022
-2135.67839
-2112.64657
-2089.61474
-2066.58291
-2043.55109
-2020.51926
-1997.48744
-1974.45561
-1951.42379
-1928.39196
-1905.36013
-1882.32831
-1859.29648
-1836.26466
-1813.23283
-1790.20101
-1767.16918
-1744.13735
-1721.10553
-1698.0737
-1675.04188
-1652.01005
-1628.97822
-1605.9464
-1582.91457
-1559.88275
-1536.85092
-1513.8191
-1490.78727
-1467.75544
-1444.72362
-1421.69179
-1398.65997
-1375.62814
-1352.59631
-1329.56449
-1306.53266
-1283.50084
-1260.46901
-1237.43719
-1214.40536
-1191.37353
-1168.34171
-1145.30988
-1122.27806
-1099.24623
-1076.21441
-1053.18258
-1030.15075
-1007.11893
-984.0871
-961.05528
-938.02345
-914.99162
-891.9598
-868.92797
-845.89615
-822.86432
-799.8325
-776.80067
-753.76884
-730.73702
-707.70519
-684.67337
-661.64154
-638.60972
-615.57789
-592.54606
-569.51424
-546.48241
-523.45059
-500.41876
-477.38693
-454.35511
-431.32328
-408.29146
-385.25963
-362.22781
-339.19598
-316.16415
-293.13233
-270.1005
-247.06868
-224.03685
-201.00503
-177.9732
-154.94137
-131.90955
-108.87772
-85.8459
-62.81407
-39.78224
-16.75042
6.28141
29.31323
52.34506
75.37688
98.40871
121.44054
144.47236
167.50419
190.53601
213.56784
236.59966
259.63149
282.66332
305.69514
328.72697
351.75879
374.79062
397.82245
420.85427
443.8861
466.91792
489.94975
512.98157
536.0134
559.04523
582.07705
605.10888
628.1407
FieldDomainFile C:\IDEASVSM\Default UserID\Experiments\FORCexp0174B\fdomain.ini
TempDomainFile C:\IDEASVSM\Default UserID\Experiments\FORCexp0174B\tdomain.ini
NumSelectedResults 0
ResultsSelected 
UserName1 
UserValue1 
UserName2 
UserValue2 
LinearBackgroundCorrection Off
MaxLinearFieldCorrection 
MinLinearFieldCorrection 
AutoLinearCorrection Off
FitOneRegion Off
BackgroundMode Off
BackgroundFilename 
AutoCenter Off
OffsetCorrection 
SmoothDeriv Off
DerivOrder 0
DerivPoints 0
MinExFieldOne 
MaxExFieldOne 
MinExFieldTwo 
MaxExFieldTwo 
MinPinFieldOne 
MaxPinFieldOne 
MinPinFieldTwo 
MaxPinFieldTwo 
HCenterStart 
Mass 
Volume 
Density 
MolarWeight 
NumberOfMoles 
Demagnetization 
SampleArea 
Thickness 
MomentScaling 0
XAxis 0
YAxis 0
SimpleSpinValve False
HsatMax 0
HsatMin 0
FieldAutoRange False
 
*************************************************** Experiment Data ********************************************
 
DataPoints 147
MomentX Data
-0.00497469
-0.00497517
-0.0051961
-0.0050416
-0.00474979
-0.00466616
-0.00440814
-0.00456766
-0.00492833
-0.00509721
-0.00488734
-0.00491007
-0.00469973
-0.00499822
-0.00516031
-0.00485531
-0.00500509
-0.0049689
-0.00473036
-0.00462268
-0.00479802
-0.00466489
-0.00488106
-0.00496027
-0.00504378
-0.00475567
-0.00468712
-0.00465237
-0.00482961
-0.00492899
-0.00475731
-0.00505718
-0.00468379
-0.004563
-0.00452076
-0.00482822
-0.00504468
-0.00490249
-0.00457128
-0.00476691
-0.00493509
-0.00475641
-0.0046149
-0.00453134
-0.00439651
-0.00442959
-0.00463411
-0.00473144
-0.00467179
-0.00456186
-0.00446698
-0.00452412
-0.00457711
-0.00456997
-0.0045978
-0.00454331
-0.00448423
-0.0043833
-0.00428813
-0.00440821
-0.00457222
-0.00451934
-0.00446558
-0.00431513
-0.00427733
-0.00438348
-0.00444426
-0.00443262
-0.00418038
-0.00438615
-0.00449962
-0.00457333
-0.00457463
-0.00435382
-0.00416045
-0.00403902
-0.00409108
-0.0041611
-0.00416766
-0.00402832
-0.00386257
-0.00409838
-0.00406673
-0.00418667
-0.00423701
-0.00418143
-0.00410142
-0.00387337
-0.00378175
-0.00387362
-0.00398619
-0.00422193
-0.00413142
-0.00384823
-0.0036156
-0.00380621
-0.0036776
-0.00367961
-0.00376053
-0.00361263
-0.00355945
-0.00362797
-0.00362532
-0.00361814
-0.00370661
-0.00370731
-0.0036818
-0.00382181
-0.0036256
-0.00376921
-0.00372612
-0.00360964
-0.0036256
-0.00338787
-0.00327421
-0.00334681
-0.00333671
-0.00317178
-0.00336189
-0.00324594
-0.00308301
-0.00322296
-0.00310404
-0.00322313
-0.00325108
-0.00297173
-0.00298973
-0.00330845
-0.00312381
-0.00298549
-0.0026909
-0.00255263
-0.00248776
-0.00246217
-0.002804
-0.00268965
-0.00277732
-0.00266975
-0.00251533
-0.00225288
-0.00215789
-0.00208064
-0.00217094
-0.00195831
-0.00170533
-0.00162723
-0.00151922
MomentY Data
-0.00610352
-0.00610352
-0.00567436
-0.00629425
-0.00610352
-0.00534058
-0.00567436
-0.00638962
-0.00610352
-0.00581741
-0.00610352
-0.00600815
-0.00581741
-0.00534058
-0.00581741
-0.00629425
-0.00610352
-0.00610352
-0.00567436
-0.00600815
-0.00629425
-0.00567436
-0.00629425
-0.00638962
-0.00600815
-0.00610352
-0.00600815
-0.00658035
-0.00600815
-0.00600815
-0.00610352
-0.00553131
-0.00600815
-0.00600815
-0.00581741
-0.00519753
-0.00534058
-0.00567436
-0.00581741
-0.00581741
-0.00581741
-0.00638962
-0.00581741
-0.00567436
-0.00581741
-0.00567436
-0.00610352
-0.00629425
-0.00553131
-0.00629425
-0.00610352
-0.00610352
-0.00610352
-0.00629425
-0.00629425
-0.00581741
-0.00600815
-0.00567436
-0.00658035
-0.00600815
-0.00610352
-0.00581741
-0.00600815
-0.00553131
-0.00638962
-0.00567436
-0.00629425
-0.00600815
-0.00638962
-0.00600815
-0.00610352
-0.00567436
-0.00629425
-0.00600815
-0.00567436
-0.00610352
-0.00629425
-0.00629425
-0.00629425
-0.00677109
-0.00629425
-0.00638962
-0.00610352
-0.00686646
-0.00567436
-0.00610352
-0.00638962
-0.00638962
-0.00629425
-0.00629425
-0.00658035
-0.00600815
-0.00629425
-0.00581741
-0.00638962
-0.00610352
-0.00567436
-0.00600815
-0.00610352
-0.00629425
-0.00638962
-0.00629425
-0.00600815
-0.00610352
-0.00581741
-0.00567436
-0.00581741
-0.00629425
-0.00629425
-0.00553131
-0.00629425
-0.00581741
-0.00629425
-0.00600815
-0.00610352
-0.00567436
-0.00629425
-0.00629425
-0.00638962
-0.00519753
-0.00600815
-0.00638962
-0.00610352
-0.00610352
-0.00581741
-0.00600815
-0.00638962
-0.00638962
-0.00534058
-0.00567436
-0.00629425
-0.00629425
-0.00677109
-0.00686646
-0.00629425
-0.00610352
-0.00610352
-0.00610352
-0.00581741
-0.00600815
-0.00600815
-0.00629425
-0.00629425
-0.00658035
-0.00610352
-0.00581741
-0.00629425
Field Data
-2733.28
-2722.02
-2706
-2686.78
-2666.03
-2644.88
-2623.47
-2599.55
-2576.12
-2552.56
-2526.71
-2504.65
-2481.71
-2459.96
-2436.9
-2408.96
-2389.69
-2367.67
-2344.97
-2321.58
-2298.93
-2276.38
-2253.48
-2229.99
-2207.11
-2179.28
-2158.6
-2136.76
-2114.14
-2091.19
-2068.57
-2046.89
-2023.74
-2000.05
-1977.08
-1950.46
-1929.02
-1906.82
-1884.23
-1861.95
-1838.58
-1816.59
-1790.73
-1767.79
-1748.82
-1721.22
-1700.14
-1678.58
-1655.87
-1633.22
-1605.35
-1584.44
-1562.78
-1540.05
-1517.29
-1494.34
-1473.42
-1450.01
-1426.63
-1403.2
-1380.36
-1355.89
-1333.47
-1310.56
-1288.06
-1244.24
-1221.29
-1197.54
-1174.62
-1151.8
-1124.71
-1104.14
-1081.93
-1059.25
-1036.19
-1013.67
-992.112
-969.159
-945.865
-922.561
-895.992
-874.707
-852.382
-829.913
-807.145
-781.378
-763.524
-740.458
-717.012
-693.443
-667.103
-645.861
-623.693
-601.174
-578.006
-552.397
-531.094
-509.327
-486.342
-464.505
-439.352
-417.773
-395.256
-372.337
-349.124
-326.456
-304.808
-282.233
-259.092
-235.314
-208.148
-187.521
-165.887
-143.443
-120.466
-97.4705
-77.0706
-54.4782
-30.609
-6.313
17.1002
41.9123
63.6221
86.3356
108.771
131.978
152.411
179.27
198.989
222.24
270.489
292.448
314.793
337.601
360.389
385.469
407.521
429.805
451.775
474.774
496.594
519.025
542.387
565.749
588.843
611.392
622.008
Time Data
0
0.1
0.2
0.3
0.4
0.5
0.6
0.7
0.8
0.9
1
1.1
1.2
1.3
1.4
1.5
1.6
1.7
1.8
1.9
2
2.1
2.2
2.3
2.4
2.5
2.6
2.7
2.8
2.9
3
3.1
3.2
3.3
3.4
3.5
3.6
3.7
3.8
3.9
4
4.1
4.2
4.3
4.4
4.5
4.6
4.7
4.8
4.9
5
5.1
5.2
5.3
5.4
5.5
5.6
5.7
5.8
5.9
5.99999999999999
6.09999999999999
6.19999999999999
6.29999999999999
6.39999999999999
6.49999999999999
6.59999999999999
6.69999999999999
6.79999999999999
6.89999999999999
6.99999999999999
7.09999999999999
7.19999999999999
7.29999999999999
7.39999999999999
7.49999999999999
7.59999999999999
7.69999999999999
7.79999999999999
7.89999999999999
7.99999999999999
8.09999999999999
8.19999999999999
8.29999999999999
8.39999999999999
8.49999999999999
8.59999999999999
8.69999999999999
8.79999999999998
8.89999999999998
8.99999999999998
9.09999999999998
9.19999999999998
9.29999999999998
9.39999999999998
9.49999999999998
9.59999999999998
9.69999999999998
9.79999999999998
9.89999999999998
9.99999999999998
10.1
10.2
10.3
10.4
10.5
10.6
10.7
10.8
10.9
11
11.1
11.2
11.3
11.4
11.5
11.6
11.7
11.8
11.9
12
12.1
12.2
12.3
12.4
12.5
12.6
12.7
12.8
12.9
13
13.1
13.2
13.3
13.4
13.5
13.6
13.7
13.8
13.9
14
14.1
14.2
14.3
14.4
14.5
14.6
Temperature Data
0
0
0
0
0
0
0
0
0
0
0
0
0
0
0
0
0
0
0
0
0
0
0
0
0
0
0
0
0
0
0
0
0
0
0
0
0
0
0
0
0
0
0
0
0
0
0
0
0
0
0
0
0
0
0
0
0
0
0
0
0
0
0
0
0
0
0
0
0
0
0
0
0
0
0
0
0
0
0
0
0
0
0
0
0
0
0
0
0
0
0
0
0
0
0
0
0
0
0
0
0
0
0
0
0
0
0
0
0
0
0
0
0
0
0
0
0
0
0
0
0
0
0
0
0
0
0
0
0
0
0
0
0
0
0
0
0
0
0
0
0
0
0
0
0
0
0
Angle Data
0
0
0
0
0
0
0
0
0
0
0
0
0
0
0
0
0
0
0
0
0
0
0
0
0
0
0
0
0
0
0
0
0
0
0
0
0
0
0
0
0
0
0
0
0
0
0
0
0
0
0
0
0
0
0
0
0
0
0
0
0
0
0
0
0
0
0
0
0
0
0
0
0
0
0
0
0
0
0
0
0
0
0
0
0
0
0
0
0
0
0
0
0
0
0
0
0
0
0
0
0
0
0
0
0
0
0
0
0
0
0
0
0
0
0
0
0
0
0
0
0
0
0
0
0
0
0
0
0
0
0
0
0
0
0
0
0
0
0
0
0
0
0
0
0
0
0
Bx Data
0
0
0
0
0
0
0
0
0
0
0
0
0
0
0
0
0
0
0
0
0
0
0
0
0
0
0
0
0
0
0
0
0
0
0
0
0
0
0
0
0
0
0
0
0
0
0
0
0
0
0
0
0
0
0
0
0
0
0
0
0
0
0
0
0
0
0
0
0
0
0
0
0
0
0
0
0
0
0
0
0
0
0
0
0
0
0
0
0
0
0
0
0
0
0
0
0
0
0
0
0
0
0
0
0
0
0
0
0
0
0
0
0
0
0
0
0
0
0
0
0
0
0
0
0
0
0
0
0
0
0
0
0
0
0
0
0
0
0
0
0
0
0
0
0
0
0
Hint Data
0
0
0
0
0
0
0
0
0
0
0
0
0
0
0
0
0
0
0
0
0
0
0
0
0
0
0
0
0
0
0
0
0
0
0
0
0
0
0
0
0
0
0
0
0
0
0
0
0
0
0
0
0
0
0
0
0
0
0
0
0
0
0
0
0
0
0
0
0
0
0
0
0
0
0
0
0
0
0
0
0
0
0
0
0
0
0
0
0
0
0
0
0
0
0
0
0
0
0
0
0
0
0
0
0
0
0
0
0
0
0
0
0
0
0
0
0
0
0
0
0
0
0
0
0
0
0
0
0
0
0
0
0
0
0
0
0
0
0
0
0
0
0
0
0
0
0
Torque Data
16.6826291456
16.6139035104
15.35481816
16.911265015
16.2721674256
14.1251932304
14.8865132292
16.610136671
15.7233999424
14.8492880696
15.4218250192
15.0483128975
14.4371245711
13.1376131768
14.176446429
15.16259648
14.5855207088
14.4511211984
13.3062039692
13.948400877
14.4700401525
12.9169996168
14.18396649
14.2487887038
13.2606479465
13.3012790656
12.96919259
14.060628666
12.702070241
12.5641831985
12.6255583664
11.3219831259
12.158933481
12.0166004075
11.5014849628
10.1375743638
10.3020856316
10.8199831352
10.9613384443
10.8317265495
10.6957736778
11.6073197958
10.4174106093
10.0310768644
10.1736029562
9.7668219192
10.3768384928
10.565402165
9.1591302897
10.279894985
9.798285832
9.6706612288
9.5384589856
9.6934597125
9.5502025825
8.6931884594
8.852528373
8.2278787436
9.3877247205
8.43063608
8.4250548672
7.8877680449
8.0116877805
7.2491136336
8.2302139372
7.0602656864
7.6871045825
7.194999951
7.5053754444
6.92018717
6.8646899792
6.2652878504
6.8099379025
6.3641328875
5.8797150884
6.1869551184
6.244600956
6.10012903575
5.95351077625
6.24674356149
5.639597646
5.58904534134
5.20253058464
5.69856441798
4.5800313022
4.76915625056
4.87862822088
4.73124524596
4.513052781
4.36470360275
4.38977122605
3.88042976715
3.92567966525
3.49727563934
3.69323869772
3.37156613744
3.01361854984
3.06011301505
2.96839812384
2.92371059625
2.80729232624
2.62956770525
2.3747573364
2.27256632624
2.03099744884
1.85242886816
1.77319310728
1.77644506025
1.630789821
1.30159468134
1.310135549
1.09088654061
1.04413424975
0.86182706045
0.73526664032
0.55308270638
0.48510162405
0.34289941035
0.19557987858
0.03281200689
-0.10274056663
-0.267803670326
-0.388318759792
-0.526951061312
-0.63276550311
-0.7929436207
-0.97384837382
-1.1454671774
-1.06271667362
-1.2610697664
-1.70252538825
-1.840740824
-2.13149173437
-2.31812376246
-2.26837846325
-2.35271775088
-2.48731257392
-2.6233234136
-2.62816040275
-2.8525134081
-2.9836112411
-3.26687310625
-3.41391937475
-3.72282643215
-3.59401502736
-3.55671793472
-3.915073854
dMdH Data
-4.26287744227124E-08
-1.379088639201E-05
8.03850156087418E-06
1.40631325301205E-05
3.95413711583924E-06
1.20513778608125E-05
-6.66889632107037E-06
-1.53935125906955E-05
-7.16808149405773E-06
8.11876208897488E-06
-1.03037171350863E-06
9.16913687881427E-06
-1.37236781609195E-05
-7.02905464006941E-06
1.09162491052255E-05
-7.77270368448368E-06
1.6435059037239E-06
1.05083700440527E-05
4.60367678495089E-06
-7.74128035320087E-06
5.90376940133047E-06
-9.43973799126637E-06
-3.37207322264789E-06
-3.64991258741265E-06
1.03524973050665E-05
3.31479690522238E-06
1.59111721611724E-06
-7.83554376657811E-06
-4.33028322440093E-06
7.58974358974365E-06
-1.38316420664206E-05
1.61291576673865E-05
5.09877585479104E-06
1.83892033086634E-06
-1.154996243426E-05
-1.00960820895522E-05
6.40495495495496E-06
1.46617972554228E-05
-8.7805206463196E-06
-7.19640564826695E-06
8.12551159618006E-06
5.47215777262183E-06
3.64254577157802E-06
7.10753821823931E-06
-1.19855072463767E-06
-9.70208728652757E-06
-4.51437847866414E-06
2.62659621312195E-06
4.85342163355412E-06
3.40437746681019E-06
-2.73266379722626E-06
-2.44644506001843E-06
3.14122305323365E-07
-1.22275922671355E-06
2.37429193899781E-06
2.82409177820272E-06
4.31140538231523E-06
4.07057313943541E-06
-5.12505335040544E-06
-7.18082311733796E-06
2.16101348590112E-06
2.39785905441569E-06
6.56700130947182E-06
1.68000000000001E-06
-2.4224098585121E-06
-2.64836601307188E-06
4.90105263157906E-07
1.10052356020942E-05
-9.01709027169153E-06
-4.18863049095609E-06
-3.58337384540591E-06
-5.85321927059921E-08
9.73589065255726E-06
8.38551604509976E-06
5.39209591474245E-06
-2.41488078671493E-06
-3.0505816233172E-06
-2.81617583927195E-07
5.97923103329901E-06
6.23847340885994E-06
-1.10786939159033E-05
1.41769316909295E-06
-5.33802127375496E-06
-2.21099789177794E-06
2.15702254822061E-06
4.48134871737426E-06
9.88684644064854E-06
3.90770280644886E-06
-3.89791675505962E-06
-4.27372817008351E-06
-1.10978250635534E-05
4.08291230602668E-06
1.25756028242817E-05
1.00410048342541E-05
-7.44308641493227E-06
6.03717786227292E-06
-9.23416180456548E-08
-3.52055688492497E-06
6.77290836653388E-06
2.11426072436687E-06
-3.17530932851383E-06
1.17688857307806E-07
3.13277193594828E-07
-3.81122646792745E-06
-3.08805364390409E-08
1.17839985218035E-06
-6.20199335548174E-06
8.47889028131887E-06
-6.03961645218268E-06
1.58617389383788E-06
5.6469675667814E-06
-7.37727650919858E-07
1.05921404384245E-05
4.94668581625102E-06
-3.15713944032528E-06
4.95100466178749E-07
7.30024255944478E-06
-7.96465738273592E-06
4.77239051695753E-06
6.95889498231766E-06
-5.64039319525553E-06
5.47771052704308E-06
-5.24313734122877E-06
-1.24579904971608E-06
1.20373163269703E-05
-8.80927910732628E-07
-1.1866413492684E-05
9.36355798975609E-06
5.94899144122833E-06
6.10561876930092E-06
6.29673482399015E-06
2.90311031550683E-06
1.12197474570325E-06
-1.5000438827453E-05
4.55940988835726E-06
-3.97560311989841E-06
4.82723029976665E-06
7.02867546654529E-06
1.14113657115527E-05
4.35334555453713E-06
3.44389461013776E-06
-3.86525126273437E-06
9.10153240304766E-06
1.09543604399411E-05
3.46356822918975E-06
1.01742652599849E-05
1.01742652599849E-05
dMdT Data
0
0
0
0
0
0
0
0
0
0
0
0
0
0
0
0
0
0
0
0
0
0
0
0
0
0
0
0
0
0
0
0
0
0
0
0
0
0
0
0
0
0
0
0
0
0
0
0
0
0
0
0
0
0
0
0
0
0
0
0
0
0
0
0
0
0
0
0
0
0
0
0
0
0
0
0
0
0
0
0
0
0
0
0
0
0
0
0
0
0
0
0
0
0
0
0
0
0
0
0
0
0
0
0
0
0
0
0
0
0
0
0
0
0
0
0
0
0
0
0
0
0
0
0
0
0
0
0
0
0
0
0
0
0
0
0
0
0
0
0
0
0
0
0
0
0
0
 
*********************************************** Results ***************************************
 
TotalArea 0
AreaFirstQuad 0
AreaSecondQuad 0
AreaThirdQuad 0
AreaFourthQuad 0
Coercivity 0
PositiveCoercivity 0
NegativeCoercivity 0
Retentivity 9.44598940288741E-04
PositiveRetentivity -5.09120637655411E-03
NegativeRetentivity -3.20200849597663E-03
Magnetization 0.0051961
PositiveMagnetization -0.00151922
NegativeMagnetization -0.0051961
Flatness 4.38980741921842
Squareness 0.181789984851858
SStar 0
SFD1 0
SFD2 0
Slope 0
Intercept 0
SlopeAtHc 1.01742652599849E-05
dH1 -11079.3584038093
dH2 58.5549999999998
InitialSlope -4.26287744227124E-08
FieldAtHalfMs 622.008
FieldAtMs 622.008
MomentMean -4.01966020408163E-03
MomentRMS 8.43629578092275E-04
SFD3 0
dH3 -22158.7168076186
UserField1 0
UserField2 0
CenterField 0
ExchangeField 0
ExchangeMoment 0
ExRegionOneIntercept 0
ExRegionOneSlope 0
ExRegionTwoIntercept 0
ExRegionTwoSlope 0
NegativeIntercept 0
NegativeSlope 0
AutoCenterOffset 0
PinningField 0
PinningMoment 0
PinRegionOneIntercept 0
PinRegionOneSlope 0
PinRegionTwoIntercept 0
PinRegionTwoSlope 0
PositiveIntercept 0
PositiveSlope 0
TotalOffset 0
BHMax 0
BCoercivity 0
BRetentivity 0
BNegativeCoercivity 0
BPositiveCoercivity 0
BNegativeRetentivity 0
BPositiveRetentivity 0
MomentYMean -6.05875204081632E-03
MomentYRMS 3.18859541884199E-04
YOffCorrection 0
Mrt 0
Ms1 0
Ms2 0
Ms3 0
Hc2 0
Hex2 0
HsatValue 0
HsatIntercept 0
HsatSlope 0
CenterH 0
Span .00367688
SpanAsPercentOfRange -69.3750943396226
RMSAsPercentOfRange -15.9175392092882
SpanAsPercentOfMean -91.4724084455306
RMSAsPercentOfMean -20.9875844041653
