Version 1.25
******************************************** Units *******************************************
System CGS
TemperatureUnit K
MomentUnit emu
AppliedFieldUnit G
 
******************************************** Setup ********************************************
 
Experiment CustomField
Minor False
Acquisition Continuous
EditedPoint No
MaxField 15000
FieldIncrement 100
Points 147
MinField 0
RampRate 10
AverageTime 0.1
TimeInterval 0
TimeConstant 0.1
TimeConstantIndex 0
Sensitivity -0.0053
SensitivityIndex 5
SensitivityY -400
SensitivityIndexY 0
SaturationField 8000
ExperimentTime 100
Use735Domains True
AutoRangeEnabled False
NumberOfVertices 2
VertexPts
0
146
VertexField
-2342.9648
1019.6817
StartAngle 0
EndAngle 0
AngleIncrement 0
StartTemp 0
FinishTemp 0
TempIncrement 0
TempPoints 0
LengthofSetPointsArray 147
SetPointArray
-2342.96482
-2319.933
-2296.90117
-2273.86935
-2250.83752
-2227.8057
-2204.77387
-2181.74204
-2158.71022
-2135.67839
-2112.64657
-2089.61474
-2066.58291
-2043.55109
-2020.51926
-1997.48744
-1974.45561
-1951.42379
-1928.39196
-1905.36013
-1882.32831
-1859.29648
-1836.26466
-1813.23283
-1790.20101
-1767.16918
-1744.13735
-1721.10553
-1698.0737
-1675.04188
-1652.01005
-1628.97822
-1605.9464
-1582.91457
-1559.88275
-1536.85092
-1513.8191
-1490.78727
-1467.75544
-1444.72362
-1421.69179
-1398.65997
-1375.62814
-1352.59631
-1329.56449
-1306.53266
-1283.50084
-1260.46901
-1237.43719
-1214.40536
-1191.37353
-1168.34171
-1145.30988
-1122.27806
-1099.24623
-1076.21441
-1053.18258
-1030.15075
-1007.11893
-984.0871
-961.05528
-938.02345
-914.99162
-891.9598
-868.92797
-845.89615
-822.86432
-799.8325
-776.80067
-753.76884
-730.73702
-707.70519
-684.67337
-661.64154
-638.60972
-615.57789
-592.54606
-569.51424
-546.48241
-523.45059
-500.41876
-477.38693
-454.35511
-431.32328
-408.29146
-385.25963
-362.22781
-339.19598
-316.16415
-293.13233
-270.1005
-247.06868
-224.03685
-201.00503
-177.9732
-154.94137
-131.90955
-108.87772
-85.8459
-62.81407
-39.78224
-16.75042
6.28141
29.31323
52.34506
75.37688
98.40871
121.44054
144.47236
167.50419
190.53601
213.56784
236.59966
259.63149
282.66332
305.69514
328.72697
351.75879
374.79062
397.82245
420.85427
443.8861
466.91792
489.94975
512.98157
536.0134
559.04523
582.07705
605.10888
628.1407
651.17253
674.20436
697.23618
720.26801
743.29983
766.33166
789.36348
812.39531
835.42714
858.45896
881.49079
904.52261
927.55444
950.58626
973.61809
996.64992
1019.68174
FieldDomainFile C:\IDEASVSM\Default UserID\Experiments\FORCexp0157B\fdomain.ini
TempDomainFile C:\IDEASVSM\Default UserID\Experiments\FORCexp0157B\tdomain.ini
NumSelectedResults 0
ResultsSelected 
UserName1 
UserValue1 
UserName2 
UserValue2 
LinearBackgroundCorrection Off
MaxLinearFieldCorrection 
MinLinearFieldCorrection 
AutoLinearCorrection Off
FitOneRegion Off
BackgroundMode Off
BackgroundFilename 
AutoCenter Off
OffsetCorrection 
SmoothDeriv Off
DerivOrder 0
DerivPoints 0
MinExFieldOne 
MaxExFieldOne 
MinExFieldTwo 
MaxExFieldTwo 
MinPinFieldOne 
MaxPinFieldOne 
MinPinFieldTwo 
MaxPinFieldTwo 
HCenterStart 
Mass 
Volume 
Density 
MolarWeight 
NumberOfMoles 
Demagnetization 
SampleArea 
Thickness 
MomentScaling 0
XAxis 0
YAxis 0
SimpleSpinValve False
HsatMax 0
HsatMin 0
FieldAutoRange False
 
*************************************************** Experiment Data ********************************************
 
DataPoints 147
MomentX Data
-0.00476696
-0.00472354
-0.0046155
-0.00494244
-0.00478141
-0.00462939
-0.00466377
-0.00464765
-0.00490609
-0.00497454
-0.00471541
-0.00474877
-0.00458645
-0.00496617
-0.00510915
-0.00500132
-0.00472767
-0.00467784
-0.00449655
-0.00448576
-0.00462761
-0.00471472
-0.00466203
-0.00456515
-0.00456704
-0.0047091
-0.00481656
-0.00486796
-0.00478577
-0.00466627
-0.00477445
-0.00485926
-0.0048258
-0.00472395
-0.00443473
-0.00433317
-0.00454526
-0.00448939
-0.00430463
-0.00428371
-0.0044501
-0.00459201
-0.00453503
-0.00442718
-0.00434547
-0.00429019
-0.00456785
-0.00461143
-0.00466934
-0.00454606
-0.00450187
-0.00437986
-0.00428995
-0.00423415
-0.00430664
-0.00422397
-0.00405601
-0.00395201
-0.00408983
-0.00428557
-0.00440333
-0.00426323
-0.00411292
-0.0040545
-0.00413479
-0.00421964
-0.00427656
-0.00420866
-0.0041461
-0.00395901
-0.00421965
-0.00431467
-0.00408599
-0.0040835
-0.0038833
-0.00375496
-0.00382927
-0.00397519
-0.00403614
-0.00378662
-0.00388667
-0.00382206
-0.00394731
-0.00375977
-0.00383648
-0.00385227
-0.00379564
-0.00365611
-0.00349789
-0.00350081
-0.00369362
-0.00370615
-0.00340593
-0.00344193
-0.00338147
-0.00338127
-0.00362656
-0.00345827
-0.0034078
-0.00341121
-0.00323927
-0.00320459
-0.00329016
-0.00319374
-0.00322907
-0.00327443
-0.00316958
-0.00303331
-0.0029192
-0.00286281
-0.00276814
-0.00291022
-0.00279406
-0.00269703
-0.00261579
-0.00268712
-0.0028261
-0.00302771
-0.0029165
-0.00244544
-0.00230335
-0.00226972
-0.00260489
-0.00249878
-0.00235646
-0.00218658
-0.00203244
-0.00185394
-0.00201072
-0.00187322
-0.00175629
-0.00168984
-0.00158395
-0.00128835
-0.000978975
-0.000947929
-0.0010821
-0.000608114
-0.000314888
-0.000113477
0.000329239
0.00062693
0.000669072
0.000715932
0.00086155
0.00122671
0.00183174
MomentY Data
-0.00610352
-0.00610352
-0.00553131
-0.00610352
-0.00600815
-0.00600815
-0.00534058
-0.00553131
-0.00567436
-0.00553131
-0.00567436
-0.00581741
-0.00567436
-0.00553131
-0.00581741
-0.00567436
-0.00567436
-0.00581741
-0.00567436
-0.00581741
-0.00629425
-0.00638962
-0.00600815
-0.00581741
-0.00610352
-0.00610352
-0.00567436
-0.00600815
-0.00610352
-0.00629425
-0.00567436
-0.00553131
-0.00610352
-0.00553131
-0.00553131
-0.00600815
-0.00638962
-0.00581741
-0.00567436
-0.00553131
-0.00600815
-0.00600815
-0.00567436
-0.00629425
-0.00519753
-0.00600815
-0.00567436
-0.00610352
-0.00581741
-0.00600815
-0.00610352
-0.00610352
-0.00567436
-0.00629425
-0.00581741
-0.00610352
-0.00629425
-0.00638962
-0.00638962
-0.00581741
-0.00600815
-0.00581741
-0.00638962
-0.00629425
-0.00581741
-0.00600815
-0.00610352
-0.00629425
-0.00600815
-0.00581741
-0.00600815
-0.00600815
-0.00600815
-0.00629425
-0.00600815
-0.00629425
-0.00629425
-0.00610352
-0.00610352
-0.00581741
-0.00610352
-0.00581741
-0.00567436
-0.00629425
-0.00638962
-0.00600815
-0.00638962
-0.00610352
-0.00610352
-0.00610352
-0.00638962
-0.00629425
-0.00553131
-0.00658035
-0.00581741
-0.00638962
-0.00581741
-0.00610352
-0.00629425
-0.00610352
-0.00658035
-0.00600815
-0.00610352
-0.00629425
-0.00638962
-0.00600815
-0.00610352
-0.00610352
-0.00638962
-0.00629425
-0.00629425
-0.00600815
-0.00638962
-0.00677109
-0.00600815
-0.00677109
-0.00610352
-0.00629425
-0.00658035
-0.00600815
-0.00600815
-0.00610352
-0.00610352
-0.00581741
-0.00638962
-0.00600815
-0.00629425
-0.00629425
-0.00610352
-0.00638962
-0.00638962
-0.00638962
-0.00658035
-0.00677109
-0.00658035
-0.00658035
-0.00658035
-0.00638962
-0.00658035
-0.00686646
-0.00658035
-0.00677109
-0.00686646
-0.00638962
-0.00638962
-0.00686646
-0.00734329
Field Data
-2343
-2337.55
-2323.36
-2303.44
-2284.15
-2262.61
-2241.34
-2219.32
-2196.25
-2172.71
-2144.95
-2124.24
-2102.15
-2079.5
-2055.94
-2032.89
-2012.03
-1988.1
-1964.47
-1940.98
-1918.3
-1891.58
-1871.88
-1848.74
-1825.8
-1802.3
-1779.92
-1757.66
-1734.81
-1711.18
-1688.65
-1662.52
-1641.24
-1618.92
-1595.91
-1573.01
-1547.09
-1527.1
-1504.85
-1481.58
-1458.53
-1432.33
-1411.61
-1389.57
-1366.42
-1343.01
-1320.15
-1298.64
-1275.65
-1252.15
-1229.75
-1203.07
-1181.53
-1159.99
-1136.93
-1113.92
-1091.58
-1069.9
-1046.61
-1022.93
-1000.07
-972.569
-952.696
-930.638
-907.932
-885.03
-862.19
-840.277
-817.89
-794.349
-771.746
-744.414
-723.059
-701.447
-678.897
-656.008
-633.077
-608.354
-586.752
-564.656
-541.787
-518.032
-496.267
-473.143
-449.978
-426.987
-404.059
-377.743
-357.115
-337.949
-314.056
-290.328
-264.256
-243.065
-220.187
-197.541
-174.831
-147.863
-127.367
-105.966
-83.4758
-62.1394
-35.6753
-14.5795
7.5554
30.9262
53.5677
76.9712
98.6805
121.574
143.814
168
191.338
216.293
238.107
260.692
283.216
306.246
331.562
351.714
374.26
397.47
417.284
444.647
465.85
488.448
511.6
534.658
560.542
582.046
600.854
624.478
651.231
673.132
694.07
717.118
740.31
763.454
788.854
810.797
832.812
855.157
878.041
900.689
921.989
945.63
968.998
Time Data
0
0.1
0.2
0.3
0.4
0.5
0.6
0.7
0.8
0.9
1
1.1
1.2
1.3
1.4
1.5
1.6
1.7
1.8
1.9
2
2.1
2.2
2.3
2.4
2.5
2.6
2.7
2.8
2.9
3
3.1
3.2
3.3
3.4
3.5
3.6
3.7
3.8
3.9
4
4.1
4.2
4.3
4.4
4.5
4.6
4.7
4.8
4.9
5
5.1
5.2
5.3
5.4
5.5
5.6
5.7
5.8
5.9
5.99999999999999
6.09999999999999
6.19999999999999
6.29999999999999
6.39999999999999
6.49999999999999
6.59999999999999
6.69999999999999
6.79999999999999
6.89999999999999
6.99999999999999
7.09999999999999
7.19999999999999
7.29999999999999
7.39999999999999
7.49999999999999
7.59999999999999
7.69999999999999
7.79999999999999
7.89999999999999
7.99999999999999
8.09999999999999
8.19999999999999
8.29999999999999
8.39999999999999
8.49999999999999
8.59999999999999
8.69999999999999
8.79999999999998
8.89999999999998
8.99999999999998
9.09999999999998
9.19999999999998
9.29999999999998
9.39999999999998
9.49999999999998
9.59999999999998
9.69999999999998
9.79999999999998
9.89999999999998
9.99999999999998
10.1
10.2
10.3
10.4
10.5
10.6
10.7
10.8
10.9
11
11.1
11.2
11.3
11.4
11.5
11.6
11.7
11.8
11.9
12
12.1
12.2
12.3
12.4
12.5
12.6
12.7
12.8
12.9
13
13.1
13.2
13.3
13.4
13.5
13.6
13.7
13.8
13.9
14
14.1
14.2
14.3
14.4
14.5
14.6
Temperature Data
0
0
0
0
0
0
0
0
0
0
0
0
0
0
0
0
0
0
0
0
0
0
0
0
0
0
0
0
0
0
0
0
0
0
0
0
0
0
0
0
0
0
0
0
0
0
0
0
0
0
0
0
0
0
0
0
0
0
0
0
0
0
0
0
0
0
0
0
0
0
0
0
0
0
0
0
0
0
0
0
0
0
0
0
0
0
0
0
0
0
0
0
0
0
0
0
0
0
0
0
0
0
0
0
0
0
0
0
0
0
0
0
0
0
0
0
0
0
0
0
0
0
0
0
0
0
0
0
0
0
0
0
0
0
0
0
0
0
0
0
0
0
0
0
0
0
0
Angle Data
0
0
0
0
0
0
0
0
0
0
0
0
0
0
0
0
0
0
0
0
0
0
0
0
0
0
0
0
0
0
0
0
0
0
0
0
0
0
0
0
0
0
0
0
0
0
0
0
0
0
0
0
0
0
0
0
0
0
0
0
0
0
0
0
0
0
0
0
0
0
0
0
0
0
0
0
0
0
0
0
0
0
0
0
0
0
0
0
0
0
0
0
0
0
0
0
0
0
0
0
0
0
0
0
0
0
0
0
0
0
0
0
0
0
0
0
0
0
0
0
0
0
0
0
0
0
0
0
0
0
0
0
0
0
0
0
0
0
0
0
0
0
0
0
0
0
0
Bx Data
0
0
0
0
0
0
0
0
0
0
0
0
0
0
0
0
0
0
0
0
0
0
0
0
0
0
0
0
0
0
0
0
0
0
0
0
0
0
0
0
0
0
0
0
0
0
0
0
0
0
0
0
0
0
0
0
0
0
0
0
0
0
0
0
0
0
0
0
0
0
0
0
0
0
0
0
0
0
0
0
0
0
0
0
0
0
0
0
0
0
0
0
0
0
0
0
0
0
0
0
0
0
0
0
0
0
0
0
0
0
0
0
0
0
0
0
0
0
0
0
0
0
0
0
0
0
0
0
0
0
0
0
0
0
0
0
0
0
0
0
0
0
0
0
0
0
0
Hint Data
0
0
0
0
0
0
0
0
0
0
0
0
0
0
0
0
0
0
0
0
0
0
0
0
0
0
0
0
0
0
0
0
0
0
0
0
0
0
0
0
0
0
0
0
0
0
0
0
0
0
0
0
0
0
0
0
0
0
0
0
0
0
0
0
0
0
0
0
0
0
0
0
0
0
0
0
0
0
0
0
0
0
0
0
0
0
0
0
0
0
0
0
0
0
0
0
0
0
0
0
0
0
0
0
0
0
0
0
0
0
0
0
0
0
0
0
0
0
0
0
0
0
0
0
0
0
0
0
0
0
0
0
0
0
0
0
0
0
0
0
0
0
0
0
0
0
0
Torque Data
14.30054736
14.267283176
12.8512244016
14.0590921088
13.7235158225
13.5941002715
11.9700555772
12.2757469092
12.46231315
12.0179325501
12.171218482
12.3575750184
11.928355874
11.502359145
11.9602459154
11.5353497004
11.4169825508
11.565592821
11.1471099892
11.2914764618
12.074259775
12.0864773996
11.246535822
10.7548785634
11.143806816
11.000374096
10.0999068512
10.560284929
10.5884475312
10.770594715
9.582008014
9.1959135012
10.0173411648
8.9547483852
8.8274729421
9.4508800315
9.8853172058
8.883766811
8.539060646
8.1950782698
8.7630670195
8.6056534895
8.0099833196
8.7463009725
7.1020089426
8.0690055315
7.491006354
7.9262752128
7.4209790665
7.5231050225
7.50580372
7.3429618064
6.7044265708
7.3012670575
6.6139879513
6.7988329984
6.870677415
6.836254438
6.6874401882
5.9508032113
6.0085705705
5.65783262629
6.08736541552
5.8576682315
5.28181269612
5.3173929945
5.2623939088
5.28891350725
4.9140058035
4.62105381609
4.6367657299
4.4725509741
4.34424693085
4.41508277975
4.07891501055
4.129078354
3.98474490725
3.71310080608
3.58125256704
3.28483546096
3.30680779024
3.01360453712
2.81599761412
2.97808032775
2.87518842836
2.56540194405
2.58178346758
2.30556195536
2.1796585448
2.06267848048
2.00669849872
1.827397014
1.46168185536
1.59945277275
1.28091805567
1.26221192442
1.01706360771
0.90248477776
0.80167973975
0.64676560032
0.54929998053
0.37334283611
0.217744907056
0.091767017875
-0.048276134948
-0.18580924853
-0.326951528304
-0.469795258624
-0.63053089641
-0.7652171495
-0.9052012695
-1.0093692
-1.22257711156
-1.46453936937
-1.43058257205
-1.76516899428
-1.72861452032
-1.9275888855
-2.1817940067
-2.1131504691
-2.248610219
-2.4259660944
-2.54690123968
-2.58669390427
-2.976604477
-2.9346688512
-3.2201383
-3.3652711165
-3.42127930784
-3.71905276252
-3.83922873548
-3.99017711836
-4.28532791085
-4.55783735388
-4.5672235245
-4.7188874313
-4.8714989085
-4.87818094748
-5.1909354189
-5.56730516862
-5.4801944442
-5.79034501113
-6.02903340486
-5.75506044818
-5.89115935418
-6.4931305698
-7.11563332342
dMdH Data
7.96697247706444E-06
7.61381254404509E-06
-1.64126506024096E-05
8.34784862623124E-06
7.05756731662026E-06
-1.61636107193232E-06
7.32061762034539E-07
-1.12024273948851E-05
-2.90781648258285E-06
9.3346541786743E-06
-1.61081603090297E-06
7.34812132186522E-06
-1.67646799116997E-05
-6.06876061120545E-06
4.67809110629067E-06
1.31184084372003E-05
2.0823234433765E-06
7.67202708421501E-06
4.59344401873142E-07
-6.25440917107581E-06
-3.26010479041918E-06
2.67461928934014E-06
4.18668971477961E-06
-8.23888404533586E-08
-6.04510638297874E-06
-4.80160857908851E-06
-2.30907457322552E-06
3.59693654266957E-06
5.05713076597547E-06
-4.80159786950734E-06
-3.24569460390352E-06
1.57236842105263E-06
4.56317204301075E-06
1.25693176879618E-05
4.43493449781656E-06
-8.18248456790121E-06
2.79489744872434E-06
8.3038202247191E-06
8.99011602922247E-07
-7.21865509761392E-06
-5.41641221374043E-06
2.74999999999999E-06
4.89337568058075E-06
3.52958963282941E-06
2.36138402392137E-06
-1.2146106736658E-05
-2.02603440260343E-06
-2.51892127011746E-06
5.24595744680851E-06
1.97276785714287E-06
4.57308845577209E-06
4.17409470752091E-06
2.59052924791087E-06
-3.14353859496964E-06
3.59278574532812E-06
7.51835273052815E-06
4.79704797047974E-06
-5.91756118505793E-06
-8.26604729729731E-06
-5.15135608048995E-06
5.09436020508343E-06
7.56352840537414E-06
2.64847220962916E-06
-3.53606976129658E-06
-3.7049166011702E-06
-2.49211908931701E-06
3.09861725916123E-06
2.79447893866978E-06
7.9474109001317E-06
-1.15312126708844E-05
-3.47651104931946E-06
1.07084991805197E-05
1.15213770127705E-07
8.87804878048783E-06
5.60706015990214E-06
-3.2405913392351E-06
-5.9021963353962E-06
-2.82149800944355E-06
1.12925416364953E-05
-4.37491801128166E-06
2.71984845295728E-06
-5.75465196416263E-06
8.11018854869399E-06
-3.3114612562055E-06
-6.86790483232565E-07
2.46990579204467E-06
5.30209758321932E-06
7.67015706806284E-06
-1.52353125326099E-07
-8.06972753526136E-06
-5.28068105192185E-07
1.15150352868978E-05
-1.69883441083479E-06
2.64271352390944E-06
8.83158173629397E-09
-1.08009687362395E-05
6.24035894393356E-06
2.46243169398907E-06
-1.59338348675302E-07
7.64510764688621E-06
1.62539134999342E-06
-3.23343699577917E-06
4.57057802974999E-06
-1.59612196124672E-06
-1.94088349564413E-06
4.63087692953206E-06
5.82263336680411E-06
5.25627265734041E-06
2.46314456068316E-06
4.25674460431654E-06
-5.87447283552467E-06
4.97729025623446E-06
3.88819875776398E-06
3.72421380764646E-06
-3.1582909010405E-06
-6.17030722784585E-06
-8.75423360833697E-06
4.39287407173329E-06
2.33753473600635E-05
6.30222655903487E-06
1.44894442050841E-06
-1.69158170990209E-05
3.87786426926872E-06
6.71225769938215E-06
7.51747942295779E-06
6.65774015203869E-06
7.74134790528233E-06
-6.05702364394993E-06
6.39415922619047E-06
6.21703530412591E-06
2.81281747375551E-06
3.95806077823047E-06
1.34971005890142E-05
1.47757665488585E-05
1.34701492537313E-06
-5.78522766471199E-06
2.04798651918424E-05
1.15443307086614E-05
9.17882696076198E-06
2.01097433568022E-05
1.33224882524054E-05
1.84154868030065E-06
2.06905687036383E-06
6.83652582159622E-06
1.54460471215262E-05
2.58913899349537E-05
2.58913899349537E-05
dMdT Data
0
0
0
0
0
0
0
0
0
0
0
0
0
0
0
0
0
0
0
0
0
0
0
0
0
0
0
0
0
0
0
0
0
0
0
0
0
0
0
0
0
0
0
0
0
0
0
0
0
0
0
0
0
0
0
0
0
0
0
0
0
0
0
0
0
0
0
0
0
0
0
0
0
0
0
0
0
0
0
0
0
0
0
0
0
0
0
0
0
0
0
0
0
0
0
0
0
0
0
0
0
0
0
0
0
0
0
0
0
0
0
0
0
0
0
0
0
0
0
0
0
0
0
0
0
0
0
0
0
0
0
0
0
0
0
0
0
0
0
0
0
0
0
0
0
0
0
 
*********************************************** Results ***************************************
 
TotalArea 0
AreaFirstQuad 0
AreaSecondQuad 0
AreaThirdQuad 0
AreaFourthQuad 0
Coercivity 0
PositiveCoercivity 0
NegativeCoercivity 0
Retentivity 8.55833358694799E-03
PositiveRetentivity 0.013899656513762
NegativeRetentivity -0.003217010660134
Magnetization 0.003470445
PositiveMagnetization 0.00183174
NegativeMagnetization -0.00510915
Flatness 1.37589217894476
Squareness 2.46606230236987
SStar 0
SFD1 0
SFD2 0
Slope 0
Intercept 0
SlopeAtHc 2.58913899349537E-05
dH1 537.113289369706
dH2 1207.793
InitialSlope 7.96697247706444E-06
FieldAtHalfMs 925.505757366634
FieldAtMs 968.998
MomentMean -3.4999443537415E-03
MomentRMS 1.45117739274832E-03
SFD3 0
dH3 1074.22657873941
UserField1 0
UserField2 0
CenterField 0
ExchangeField 0
ExchangeMoment 0
ExRegionOneIntercept 0
ExRegionOneSlope 0
ExRegionTwoIntercept 0
ExRegionTwoSlope 0
NegativeIntercept 0
NegativeSlope 0
AutoCenterOffset 0
PinningField 0
PinningMoment 0
PinRegionOneIntercept 0
PinRegionOneSlope 0
PinRegionTwoIntercept 0
PinRegionTwoSlope 0
PositiveIntercept 0
PositiveSlope 0
TotalOffset 0
BHMax 0
BCoercivity 0
BRetentivity 0
BNegativeCoercivity 0
BPositiveCoercivity 0
BNegativeRetentivity 0
BPositiveRetentivity 0
MomentYMean -6.10351632653061E-03
MomentYRMS 3.4830783052187E-04
YOffCorrection 0
Mrt 0
Ms1 0
Ms2 0
Ms3 0
Hc2 0
Hex2 0
HsatValue 0
HsatIntercept 0
HsatSlope 0
CenterH 0
Span .00694089
SpanAsPercentOfRange -130.960188679245
RMSAsPercentOfRange -27.3807055235533
SpanAsPercentOfMean -198.314295842449
RMSAsPercentOfMean -41.4628704366968
