Version 1.25
******************************************** Units *******************************************
System CGS
TemperatureUnit K
MomentUnit emu
AppliedFieldUnit G
 
******************************************** Setup ********************************************
 
Experiment CustomField
Minor False
Acquisition Continuous
EditedPoint No
MaxField 15000
FieldIncrement 100
Points 147
MinField 0
RampRate 10
AverageTime 0.1
TimeInterval 0
TimeConstant 0.1
TimeConstantIndex 0
Sensitivity -0.0053
SensitivityIndex 5
SensitivityY -400
SensitivityIndexY 0
SaturationField 8000
ExperimentTime 100
Use735Domains True
AutoRangeEnabled False
NumberOfVertices 2
VertexPts
0
146
VertexField
-477.3869
2885.2596
StartAngle 0
EndAngle 0
AngleIncrement 0
StartTemp 0
FinishTemp 0
TempIncrement 0
TempPoints 0
LengthofSetPointsArray 147
SetPointArray
-477.38693
-454.35511
-431.32328
-408.29146
-385.25963
-362.22781
-339.19598
-316.16415
-293.13233
-270.1005
-247.06868
-224.03685
-201.00503
-177.9732
-154.94137
-131.90955
-108.87772
-85.8459
-62.81407
-39.78224
-16.75042
6.28141
29.31323
52.34506
75.37688
98.40871
121.44054
144.47236
167.50419
190.53601
213.56784
236.59966
259.63149
282.66332
305.69514
328.72697
351.75879
374.79062
397.82245
420.85427
443.8861
466.91792
489.94975
512.98157
536.0134
559.04523
582.07705
605.10888
628.1407
651.17253
674.20436
697.23618
720.26801
743.29983
766.33166
789.36348
812.39531
835.42714
858.45896
881.49079
904.52261
927.55444
950.58626
973.61809
996.64992
1019.68174
1042.71357
1065.74539
1088.77722
1111.80905
1134.84087
1157.8727
1180.90452
1203.93635
1226.96817
1250
1273.03183
1296.06365
1319.09548
1342.1273
1365.15913
1388.19095
1411.22278
1434.25461
1457.28643
1480.31826
1503.35008
1526.38191
1549.41374
1572.44556
1595.47739
1618.50921
1641.54104
1664.57286
1687.60469
1710.63652
1733.66834
1756.70017
1779.73199
1802.76382
1825.79564
1848.82747
1871.8593
1894.89112
1917.92295
1940.95477
1963.9866
1987.01843
2010.05025
2033.08208
2056.1139
2079.14573
2102.17755
2125.20938
2148.24121
2171.27303
2194.30486
2217.33668
2240.36851
2263.40034
2286.43216
2309.46399
2332.49581
2355.52764
2378.55946
2401.59129
2424.62312
2447.65494
2470.68677
2493.71859
2516.75042
2539.78224
2562.81407
2585.8459
2608.87772
2631.90955
2654.94137
2677.9732
2701.00503
2724.03685
2747.06868
2770.1005
2793.13233
2816.16415
2839.19598
2862.22781
2885.25963
FieldDomainFile C:\IDEASVSM\Default UserID\Experiments\FORCexp0076B\fdomain.ini
TempDomainFile C:\IDEASVSM\Default UserID\Experiments\FORCexp0076B\tdomain.ini
NumSelectedResults 0
ResultsSelected 
UserName1 
UserValue1 
UserName2 
UserValue2 
LinearBackgroundCorrection Off
MaxLinearFieldCorrection 
MinLinearFieldCorrection 
AutoLinearCorrection Off
FitOneRegion Off
BackgroundMode Off
BackgroundFilename 
AutoCenter Off
OffsetCorrection 
SmoothDeriv Off
DerivOrder 0
DerivPoints 0
MinExFieldOne 
MaxExFieldOne 
MinExFieldTwo 
MaxExFieldTwo 
MinPinFieldOne 
MaxPinFieldOne 
MinPinFieldTwo 
MaxPinFieldTwo 
HCenterStart 
Mass 
Volume 
Density 
MolarWeight 
NumberOfMoles 
Demagnetization 
SampleArea 
Thickness 
MomentScaling 0
XAxis 0
YAxis 0
SimpleSpinValve False
HsatMax 0
HsatMin 0
FieldAutoRange False
 
*************************************************** Experiment Data ********************************************
 
DataPoints 147
MomentX Data
0.00203298
0.00196784
0.00206835
0.00204628
0.00202607
0.00204225
0.00207042
0.00219224
0.0023883
0.00237989
0.00239079
0.00235231
0.00228758
0.00247525
0.00264411
0.00263672
0.00268876
0.00257051
0.00270906
0.00281388
0.00285299
0.00263684
0.00287871
0.00269164
0.00267665
0.00302399
0.00317877
0.0030752
0.0029568
0.00309647
0.00297379
0.0032213
0.00288487
0.00320437
0.00338783
0.00321217
0.0030628
0.00310355
0.00320578
0.00332704
0.00360554
0.00327485
0.00335224
0.00323378
0.00328096
0.00356823
0.00364805
0.00362941
0.00357828
0.00377943
0.00382944
0.00389538
0.00374253
0.00381076
0.0037932
0.00365882
0.0036522
0.00357854
0.00373925
0.00383555
0.00384542
0.0041237
0.00388584
0.00407689
0.00421856
0.00418294
0.00403213
0.00413375
0.00424431
0.00402921
0.00396126
0.00424643
0.00427792
0.00419153
0.00413491
0.00416013
0.00432154
0.00421221
0.00424092
0.00408642
0.00407189
0.00414041
0.00423511
0.00423439
0.0043308
0.00465999
0.00459081
0.00438445
0.00424184
0.00444106
0.00455308
0.00448526
0.00457243
0.0044568
0.00427865
0.0043193
0.00461787
0.0045285
0.00454813
0.00454289
0.00442715
0.00479221
0.0046075
0.00478093
0.00479152
0.00470482
0.00460312
0.00485776
0.00477255
0.00487669
0.00469292
0.00444026
0.00455571
0.00445
0.00445337
0.00463459
0.00485174
0.00487355
0.00470363
0.00468256
0.00456574
0.00472133
0.00495027
0.0050051
0.00493927
0.00500638
0.00482351
0.00469646
0.00488828
0.00493657
0.00508715
0.00478252
0.00463178
0.0044126
0.00444707
0.00488446
0.00509325
0.00491547
0.00469711
0.00498945
0.00499588
0.00479655
0.00468135
0.0049593
0.00501138
0.00497022
0.00504749
MomentY Data
-0.00638962
-0.00677109
-0.00677109
-0.00638962
-0.00705719
-0.00720024
-0.00677109
-0.00610352
-0.00734329
-0.00677109
-0.00686646
-0.00677109
-0.00677109
-0.00658035
-0.00705719
-0.00677109
-0.00677109
-0.00677109
-0.00705719
-0.00705719
-0.00677109
-0.00705719
-0.00677109
-0.00638962
-0.00638962
-0.00686646
-0.00686646
-0.00720024
-0.00753403
-0.00705719
-0.00734329
-0.00677109
-0.00686646
-0.00686646
-0.00705719
-0.00686646
-0.00686646
-0.00720024
-0.00677109
-0.00677109
-0.00705719
-0.00734329
-0.00658035
-0.00734329
-0.00658035
-0.00638962
-0.00686646
-0.00686646
-0.00753403
-0.00677109
-0.00753403
-0.00753403
-0.00767708
-0.00658035
-0.00753403
-0.00638962
-0.00686646
-0.00677109
-0.00705719
-0.00686646
-0.00686646
-0.00677109
-0.00705719
-0.00753403
-0.00686646
-0.00629425
-0.00658035
-0.00734329
-0.00686646
-0.00705719
-0.00720024
-0.00686646
-0.00734329
-0.00677109
-0.00705719
-0.00720024
-0.00686646
-0.00720024
-0.00753403
-0.00734329
-0.00705719
-0.00720024
-0.00720024
-0.00705719
-0.00677109
-0.00720024
-0.00734329
-0.00686646
-0.00677109
-0.00677109
-0.00734329
-0.00686646
-0.00734329
-0.00686646
-0.00677109
-0.00686646
-0.00720024
-0.00720024
-0.00638962
-0.00720024
-0.00686646
-0.00686646
-0.00658035
-0.00705719
-0.00610352
-0.00686646
-0.00705719
-0.00658035
-0.00686646
-0.00686646
-0.00720024
-0.00677109
-0.00705719
-0.00677109
-0.00705719
-0.00638962
-0.00686646
-0.00705719
-0.00686646
-0.00658035
-0.00720024
-0.00686646
-0.00686646
-0.00705719
-0.00658035
-0.00638962
-0.00677109
-0.00686646
-0.00705719
-0.00705719
-0.00720024
-0.00686646
-0.00686646
-0.00638962
-0.00720024
-0.00629425
-0.00686646
-0.00686646
-0.00686646
-0.00705719
-0.00686646
-0.00720024
-0.00677109
-0.00705719
-0.00705719
-0.00705719
-0.00705719
Field Data
-477.364
-475.593
-464.773
-448.763
-429.695
-408.815
-387.73
-365.334
-341.523
-319.01
-290.616
-268.997
-246.93
-224.162
-200.878
-178.077
-155.963
-133.251
-110.508
-86.5651
-62.8808
-38.3938
-16.2246
6.15358
28.8978
52.1366
77.7692
99.2314
121.373
143.433
166.533
190.128
212.519
235.492
258.885
281.692
308.125
328.323
350.617
373.261
396.343
419.141
440.828
464.244
487.871
510.869
538.065
558.519
580.42
602.104
625.631
648.627
670.723
693.072
716.732
739.873
766.011
787.259
809.058
832.226
855.368
880.29
902.166
924.443
947.086
969.744
992.294
1013.84
1037.41
1064.4
1085.36
1106.47
1127.83
1151.24
1174.53
1198.07
1225.06
1245.55
1267.58
1289.68
1313.23
1336.14
1358.09
1380.8
1404.01
1427.19
1454.48
1474.66
1496.21
1518.83
1541.9
1565.05
1586.96
1609.23
1632.7
1656.13
1682.64
1702.83
1724.65
1747.13
1770.27
1797.48
1818.23
1839.82
1862.32
1885.05
1908.18
1929.81
1952.72
1975.66
1998.26
2025.94
2046.98
2068.38
2091.1
2113.87
2136.74
2157.18
2184.04
2205.48
2227.99
2251.06
2271.92
2295.18
2318.96
2342.03
2365.1
2391.01
2411.1
2433.22
2456.69
2479.54
2502.07
2524.1
2546.66
2570.17
2593.59
2619.66
2639.27
2660.88
2684.12
2707.12
2733.64
2753.78
2776.25
2798.89
2821.98
Time Data
0
0.1
0.2
0.3
0.4
0.5
0.6
0.7
0.8
0.9
1
1.1
1.2
1.3
1.4
1.5
1.6
1.7
1.8
1.9
2
2.1
2.2
2.3
2.4
2.5
2.6
2.7
2.8
2.9
3
3.1
3.2
3.3
3.4
3.5
3.6
3.7
3.8
3.9
4
4.1
4.2
4.3
4.4
4.5
4.6
4.7
4.8
4.9
5
5.1
5.2
5.3
5.4
5.5
5.6
5.7
5.8
5.9
5.99999999999999
6.09999999999999
6.19999999999999
6.29999999999999
6.39999999999999
6.49999999999999
6.59999999999999
6.69999999999999
6.79999999999999
6.89999999999999
6.99999999999999
7.09999999999999
7.19999999999999
7.29999999999999
7.39999999999999
7.49999999999999
7.59999999999999
7.69999999999999
7.79999999999999
7.89999999999999
7.99999999999999
8.09999999999999
8.19999999999999
8.29999999999999
8.39999999999999
8.49999999999999
8.59999999999999
8.69999999999999
8.79999999999998
8.89999999999998
8.99999999999998
9.09999999999998
9.19999999999998
9.29999999999998
9.39999999999998
9.49999999999998
9.59999999999998
9.69999999999998
9.79999999999998
9.89999999999998
9.99999999999998
10.1
10.2
10.3
10.4
10.5
10.6
10.7
10.8
10.9
11
11.1
11.2
11.3
11.4
11.5
11.6
11.7
11.8
11.9
12
12.1
12.2
12.3
12.4
12.5
12.6
12.7
12.8
12.9
13
13.1
13.2
13.3
13.4
13.5
13.6
13.7
13.8
13.9
14
14.1
14.2
14.3
14.4
14.5
14.6
Temperature Data
0
0
0
0
0
0
0
0
0
0
0
0
0
0
0
0
0
0
0
0
0
0
0
0
0
0
0
0
0
0
0
0
0
0
0
0
0
0
0
0
0
0
0
0
0
0
0
0
0
0
0
0
0
0
0
0
0
0
0
0
0
0
0
0
0
0
0
0
0
0
0
0
0
0
0
0
0
0
0
0
0
0
0
0
0
0
0
0
0
0
0
0
0
0
0
0
0
0
0
0
0
0
0
0
0
0
0
0
0
0
0
0
0
0
0
0
0
0
0
0
0
0
0
0
0
0
0
0
0
0
0
0
0
0
0
0
0
0
0
0
0
0
0
0
0
0
0
Angle Data
0
0
0
0
0
0
0
0
0
0
0
0
0
0
0
0
0
0
0
0
0
0
0
0
0
0
0
0
0
0
0
0
0
0
0
0
0
0
0
0
0
0
0
0
0
0
0
0
0
0
0
0
0
0
0
0
0
0
0
0
0
0
0
0
0
0
0
0
0
0
0
0
0
0
0
0
0
0
0
0
0
0
0
0
0
0
0
0
0
0
0
0
0
0
0
0
0
0
0
0
0
0
0
0
0
0
0
0
0
0
0
0
0
0
0
0
0
0
0
0
0
0
0
0
0
0
0
0
0
0
0
0
0
0
0
0
0
0
0
0
0
0
0
0
0
0
0
Bx Data
0
0
0
0
0
0
0
0
0
0
0
0
0
0
0
0
0
0
0
0
0
0
0
0
0
0
0
0
0
0
0
0
0
0
0
0
0
0
0
0
0
0
0
0
0
0
0
0
0
0
0
0
0
0
0
0
0
0
0
0
0
0
0
0
0
0
0
0
0
0
0
0
0
0
0
0
0
0
0
0
0
0
0
0
0
0
0
0
0
0
0
0
0
0
0
0
0
0
0
0
0
0
0
0
0
0
0
0
0
0
0
0
0
0
0
0
0
0
0
0
0
0
0
0
0
0
0
0
0
0
0
0
0
0
0
0
0
0
0
0
0
0
0
0
0
0
0
Hint Data
0
0
0
0
0
0
0
0
0
0
0
0
0
0
0
0
0
0
0
0
0
0
0
0
0
0
0
0
0
0
0
0
0
0
0
0
0
0
0
0
0
0
0
0
0
0
0
0
0
0
0
0
0
0
0
0
0
0
0
0
0
0
0
0
0
0
0
0
0
0
0
0
0
0
0
0
0
0
0
0
0
0
0
0
0
0
0
0
0
0
0
0
0
0
0
0
0
0
0
0
0
0
0
0
0
0
0
0
0
0
0
0
0
0
0
0
0
0
0
0
0
0
0
0
0
0
0
0
0
0
0
0
0
0
0
0
0
0
0
0
0
0
0
0
0
0
0
Torque Data
3.05017456168
3.22028300637
3.14701981257
2.86742504006
3.03243925705
2.9435661156
2.6253547257
2.22982337568
2.50790243067
2.1600454209
1.99550313936
1.82140289673
1.6719852537
1.4750644167
1.41763421282
1.20577539393
1.05603950967
0.90225451359
0.77987595252
0.610906358069
0.425771556072
0.270952341422
0.109858226814
-0.0393190378396
-0.184645960836
-0.357993878436
-0.533999101032
-0.714489895536
-0.91442782319
-1.01223393327
-1.22290011357
-1.28737379952
-1.45925321274
-1.61699639832
-1.82700063315
-1.93422685032
-2.1157279875
-2.36400439752
-2.37405926253
-2.52738382449
-2.79706785617
-3.07787391389
-2.9008025298
-3.40907832276
-3.21036193485
-3.26425877978
-3.6946017999
-3.83504837274
-4.3729016926
-4.07690037336
-4.71352272293
-4.88677527681
-5.14919412884
-4.5606563352
-5.39988038996
-4.72750731826
-5.25978389106
-5.33060154231
-5.70967602702
-5.71444653996
-5.87335015728
-5.9605228161
-6.36675687354
-6.96478129529
-6.50312813556
-6.103811172
-6.5296418229
-7.4449211336
-7.1233342686
-7.511673036
-7.8148524864
-7.5975319962
-8.2819827607
-7.7951496516
-8.2888813707
-8.6263915368
-8.4118254876
-8.968258932
-9.5499857474
-9.4704942472
-9.2677136237
-9.6205286736
-9.7785739416
-9.744567952
-9.5066780709
-10.2761105256
-10.6806684392
-10.1256939036
-10.1309725689
-10.2841346247
-11.322618851
-10.746353223
-11.6535074984
-11.0497134258
-11.055158643
-11.3717503998
-12.1154118336
-12.2607846792
-11.019858133
-12.5797553112
-12.1554881442
-12.3423245208
-11.9645897805
-12.9839593058
-11.3667073664
-12.943620423
-13.4663888142
-12.6988252335
-13.4082737712
-13.5657903636
-14.3879515824
-13.7178220746
-14.4459267862
-14.0051871342
-14.757290009
-13.5068260294
-14.6718397404
-15.2236291242
-14.9966232984
-14.512830318
-16.0420627176
-15.4568134476
-15.6000478032
-16.1975213442
-15.259568436
-14.9646817286
-16.014304959
-16.4177745246
-17.015590809
-17.1716958518
-17.6887576056
-17.0256622284
-17.1803635722
-16.128039842
-18.3365631984
-16.1772925225
-17.8087819914
-17.9877906036
-18.1224418842
-18.7783357272
-18.4304026152
-19.4919137088
-18.5097224676
-19.4339486782
-19.5925237375
-19.7522985191
-19.9152490362
dMdH Data
-3.67814793901759E-05
9.28927911275415E-06
-1.3785134291068E-06
-1.05989091671912E-06
7.74904214559375E-07
1.33602086791559E-06
5.4393641721736E-06
8.23400949141154E-06
-3.73561941989069E-07
3.83883919137842E-07
-1.77991581479255E-06
-2.93333937553812E-06
8.24270906535488E-06
7.25219034530148E-06
-3.24108591728429E-07
2.35326037804107E-06
-5.20649876717156E-06
6.091984346832E-06
4.37791579132018E-06
1.65130487284827E-06
-8.82713276432393E-06
1.09101816935207E-05
-8.35948231715002E-06
-6.59068545766787E-07
1.49465548995645E-05
6.03840421962658E-06
-4.82569354493015E-06
-5.34740036853706E-06
6.33136899365368E-06
-5.31082251082251E-06
1.04899343081161E-05
-1.50252333526863E-05
1.39076306969051E-05
7.84251699226266E-06
-7.70202130924717E-06
-5.6508909317898E-06
2.01752648777107E-06
4.5855387099668E-06
5.35506094329623E-06
1.20656788839789E-05
-1.45052197561189E-05
3.56849725642089E-06
-5.05893406217969E-06
1.99686799001143E-06
1.24910861814071E-05
2.93499043977055E-06
-9.11313190573968E-07
-2.33459659376284E-06
9.27642501383504E-06
2.12564287839504E-06
2.86745520960167E-06
-6.91754163649529E-06
3.05293301713722E-06
-7.42180896027042E-07
-5.80700920444231E-06
-2.53271099548557E-07
-3.46667921686747E-06
7.37235653011607E-06
4.15659530386741E-06
4.26497277676947E-07
1.11660380386807E-05
-1.08731029438654E-05
8.57610988912331E-06
6.25667976858189E-06
-1.57207167446377E-06
-6.68780487804877E-06
4.71642068133296E-06
4.69070852778955E-06
-7.96961837717674E-06
-3.24188931297712E-06
1.35087636191377E-05
1.47425093632961E-06
-3.69030328919266E-06
-2.43108630313437E-06
1.07136788445197E-06
5.98036309744349E-06
-5.3357735480722E-06
1.30322287789376E-06
-6.99095022624427E-06
-6.16985138004266E-07
2.9908336970755E-06
4.31435079726657E-06
-3.1704095112288E-08
4.15381301163291E-06
1.42014667817083E-05
-2.53499450348114E-06
-1.02259663032705E-05
-6.61763341067285E-06
8.80725022104337E-06
4.85565669700907E-06
-2.92958963282941E-06
3.97854860794157E-06
-5.19218679838345E-06
-7.5905411163187E-06
1.73495518565939E-06
1.12625424368163E-05
-4.42644873699851E-06
8.9963336388632E-07
-2.33096085409257E-07
-5.00172860847019E-06
1.34163910327085E-05
-8.90168674698796E-06
8.03288559518301E-06
4.70666666666647E-07
-3.8143422789265E-06
-4.39688715953308E-06
1.17725381414703E-05
-3.71933653426448E-06
4.53966870095901E-06
-8.1314159292036E-06
-9.12789017341038E-06
5.48716730038026E-06
-4.93971962616821E-06
1.48327464788731E-07
7.95871761089154E-06
9.49497157848715E-06
1.06702544031309E-06
-6.32613551749809E-06
-9.8274253731346E-07
-5.1896934695691E-06
6.74425661031637E-06
1.09750719079577E-05
2.35726569217545E-06
-2.76829268292682E-06
2.90897269180754E-06
-7.92674469007382E-06
-4.90351215746807E-06
9.54803384768555E-06
2.18309222423149E-06
6.41585002130372E-06
-1.33317286652079E-05
-6.69063470927646E-06
-9.94916023604189E-06
1.5279255319149E-06
1.86044236495107E-05
8.91502988898373E-06
-6.81933256616808E-06
-1.11351351351351E-05
1.35279962980101E-05
2.76678141135974E-07
-8.66652173913044E-06
-4.34389140271494E-06
1.38008937437932E-05
2.31775700934583E-06
-1.81802120141344E-06
3.34647033347767E-06
3.34647033347767E-06
dMdT Data
0
0
0
0
0
0
0
0
0
0
0
0
0
0
0
0
0
0
0
0
0
0
0
0
0
0
0
0
0
0
0
0
0
0
0
0
0
0
0
0
0
0
0
0
0
0
0
0
0
0
0
0
0
0
0
0
0
0
0
0
0
0
0
0
0
0
0
0
0
0
0
0
0
0
0
0
0
0
0
0
0
0
0
0
0
0
0
0
0
0
0
0
0
0
0
0
0
0
0
0
0
0
0
0
0
0
0
0
0
0
0
0
0
0
0
0
0
0
0
0
0
0
0
0
0
0
0
0
0
0
0
0
0
0
0
0
0
0
0
0
0
0
0
0
0
0
0
 
*********************************************** Results ***************************************
 
TotalArea 0
AreaFirstQuad 0
AreaSecondQuad 0
AreaThirdQuad 0
AreaFourthQuad 0
Coercivity 0
PositiveCoercivity 0
NegativeCoercivity 0
Retentivity 9.13412743540455E-03
PositiveRetentivity -1.55251741276119E-02
NegativeRetentivity 2.74308074319717E-03
Magnetization 0.00509325
PositiveMagnetization 0.00509325
NegativeMagnetization 0.00196784
Flatness 0.699688803052519
Squareness 1.7933789693034
SStar 0
SFD1 0
SFD2 0
Slope 0
Intercept 0
SlopeAtHc 3.34647033347767E-06
dH1 -124.167483021961
dH2 1684.18919
InitialSlope -3.67814793901759E-05
FieldAtHalfMs -214.320145801255
FieldAtMs 2593.59
MomentMean 3.91326387755102E-03
MomentRMS 8.80699105085979E-04
SFD3 0
dH3 -248.334966043922
UserField1 0
UserField2 0
CenterField 0
ExchangeField 0
ExchangeMoment 0
ExRegionOneIntercept 0
ExRegionOneSlope 0
ExRegionTwoIntercept 0
ExRegionTwoSlope 0
NegativeIntercept 0
NegativeSlope 0
AutoCenterOffset 0
PinningField 0
PinningMoment 0
PinRegionOneIntercept 0
PinRegionOneSlope 0
PinRegionTwoIntercept 0
PinRegionTwoSlope 0
PositiveIntercept 0
PositiveSlope 0
TotalOffset 0
BHMax 0
BCoercivity 0
BRetentivity 0
BNegativeCoercivity 0
BPositiveCoercivity 0
BNegativeRetentivity 0
BPositiveRetentivity 0
MomentYMean -6.92484482993198E-03
MomentYRMS 3.039845781582E-04
YOffCorrection 0
Mrt 0
Ms1 0
Ms2 0
Ms3 0
Hc2 0
Hex2 0
HsatValue 0
HsatIntercept 0
HsatSlope 0
CenterH 0
Span .00312541
SpanAsPercentOfRange -58.97
RMSAsPercentOfRange -16.6169642469053
SpanAsPercentOfMean 79.8670904338792
RMSAsPercentOfMean 22.5054873027662
