Version 1.25
******************************************** Units *******************************************
System CGS
TemperatureUnit K
MomentUnit emu
AppliedFieldUnit G
 
******************************************** Setup ********************************************
 
Experiment CustomField
Minor False
Acquisition Continuous
EditedPoint No
MaxField 15000
FieldIncrement 100
Points 133
MinField 0
RampRate 10
AverageTime 0.1
TimeInterval 0
TimeConstant 0.1
TimeConstantIndex 0
Sensitivity -0.0053
SensitivityIndex 5
SensitivityY -400
SensitivityIndexY 0
SaturationField 8000
ExperimentTime 100
Use735Domains True
AutoRangeEnabled False
NumberOfVertices 2
VertexPts
0
132
VertexField
-270.1005
2770.1005
StartAngle 0
EndAngle 0
AngleIncrement 0
StartTemp 0
FinishTemp 0
TempIncrement 0
TempPoints 0
LengthofSetPointsArray 133
SetPointArray
-270.1005
-247.06868
-224.03685
-201.00503
-177.9732
-154.94137
-131.90955
-108.87772
-85.8459
-62.81407
-39.78224
-16.75042
6.28141
29.31323
52.34506
75.37688
98.40871
121.44054
144.47236
167.50419
190.53601
213.56784
236.59966
259.63149
282.66332
305.69514
328.72697
351.75879
374.79062
397.82245
420.85427
443.8861
466.91792
489.94975
512.98157
536.0134
559.04523
582.07705
605.10888
628.1407
651.17253
674.20436
697.23618
720.26801
743.29983
766.33166
789.36348
812.39531
835.42714
858.45896
881.49079
904.52261
927.55444
950.58626
973.61809
996.64992
1019.68174
1042.71357
1065.74539
1088.77722
1111.80905
1134.84087
1157.8727
1180.90452
1203.93635
1226.96817
1250
1273.03183
1296.06365
1319.09548
1342.1273
1365.15913
1388.19095
1411.22278
1434.25461
1457.28643
1480.31826
1503.35008
1526.38191
1549.41374
1572.44556
1595.47739
1618.50921
1641.54104
1664.57286
1687.60469
1710.63652
1733.66834
1756.70017
1779.73199
1802.76382
1825.79564
1848.82747
1871.8593
1894.89112
1917.92295
1940.95477
1963.9866
1987.01843
2010.05025
2033.08208
2056.1139
2079.14573
2102.17755
2125.20938
2148.24121
2171.27303
2194.30486
2217.33668
2240.36851
2263.40034
2286.43216
2309.46399
2332.49581
2355.52764
2378.55946
2401.59129
2424.62312
2447.65494
2470.68677
2493.71859
2516.75042
2539.78224
2562.81407
2585.8459
2608.87772
2631.90955
2654.94137
2677.9732
2701.00503
2724.03685
2747.06868
2770.1005
FieldDomainFile C:\IDEASVSM\Default UserID\Experiments\FORCexp0067B\fdomain.ini
TempDomainFile C:\IDEASVSM\Default UserID\Experiments\FORCexp0067B\tdomain.ini
NumSelectedResults 0
ResultsSelected 
UserName1 
UserValue1 
UserName2 
UserValue2 
LinearBackgroundCorrection Off
MaxLinearFieldCorrection 
MinLinearFieldCorrection 
AutoLinearCorrection Off
FitOneRegion Off
BackgroundMode Off
BackgroundFilename 
AutoCenter Off
OffsetCorrection 
SmoothDeriv Off
DerivOrder 0
DerivPoints 0
MinExFieldOne 
MaxExFieldOne 
MinExFieldTwo 
MaxExFieldTwo 
MinPinFieldOne 
MaxPinFieldOne 
MinPinFieldTwo 
MaxPinFieldTwo 
HCenterStart 
Mass 
Volume 
Density 
MolarWeight 
NumberOfMoles 
Demagnetization 
SampleArea 
Thickness 
MomentScaling 0
XAxis 0
YAxis 0
SimpleSpinValve False
HsatMax 0
HsatMin 0
FieldAutoRange False
 
*************************************************** Experiment Data ********************************************
 
DataPoints 133
MomentX Data
0.00267586
0.00273272
0.00282745
0.00279621
0.00262468
0.0026298
0.00265238
0.00267
0.00292918
0.00306981
0.00286375
0.00303909
0.00304929
0.00296591
0.00318476
0.00327501
0.00301153
0.00312505
0.00326239
0.00324762
0.00334445
0.00347006
0.00353826
0.00333954
0.00322353
0.00329869
0.00356655
0.00332954
0.00331665
0.00346775
0.00355179
0.0035132
0.00338544
0.00348446
0.00375768
0.0038164
0.00355882
0.00355481
0.00350919
0.00364648
0.00378501
0.00383432
0.00366408
0.00361151
0.00372835
0.00393438
0.00415321
0.0041236
0.00395391
0.00406279
0.00398756
0.00406587
0.00420809
0.00417637
0.00403876
0.00397071
0.00418873
0.00419469
0.00424307
0.00424409
0.00419651
0.00406516
0.00407452
0.00437126
0.00438578
0.00425817
0.00410737
0.00410322
0.0043323
0.00413639
0.00411457
0.00447325
0.00470655
0.00445984
0.00411569
0.00420757
0.0042142
0.00446807
0.00462174
0.0045503
0.00436267
0.00427092
0.00417488
0.0042867
0.00454843
0.00469717
0.00468095
0.00458549
0.00449499
0.00466554
0.00480832
0.00484521
0.0048585
0.00465599
0.00446826
0.00448699
0.00441723
0.00478429
0.00493747
0.00464523
0.00455205
0.00461789
0.00467472
0.00482554
0.00485445
0.00479479
0.00466465
0.00458771
0.00473825
0.00484983
0.00487627
0.00485429
0.00472076
0.0045987
0.00469292
0.00497349
0.00464808
0.00438326
0.00462554
0.00465652
0.00455657
0.00462685
0.00468138
0.00488695
0.00504044
0.00484752
0.00468093
0.0047772
0.0047503
0.00491664
0.00498812
0.00492915
0.00508027
MomentY Data
-0.00720024
-0.00677109
-0.00677109
-0.00686646
-0.00658035
-0.00677109
-0.00629425
-0.00686646
-0.00677109
-0.00686646
-0.00638962
-0.00686646
-0.00686646
-0.00686646
-0.00677109
-0.00753403
-0.00705719
-0.00686646
-0.00677109
-0.00686646
-0.00734329
-0.00658035
-0.00686646
-0.00686646
-0.00753403
-0.00705719
-0.00686646
-0.00677109
-0.00677109
-0.00658035
-0.00686646
-0.00686646
-0.00658035
-0.00677109
-0.00705719
-0.00677109
-0.00677109
-0.00677109
-0.00686646
-0.00677109
-0.00638962
-0.00677109
-0.00720024
-0.00686646
-0.00720024
-0.00720024
-0.00677109
-0.00734329
-0.00720024
-0.00734329
-0.00686646
-0.00720024
-0.00658035
-0.00677109
-0.00677109
-0.00677109
-0.00686646
-0.00734329
-0.00720024
-0.00705719
-0.00705719
-0.00705719
-0.00767708
-0.00734329
-0.00677109
-0.00720024
-0.00629425
-0.00720024
-0.00753403
-0.00720024
-0.00686646
-0.00686646
-0.00686646
-0.00677109
-0.00734329
-0.00720024
-0.00658035
-0.00734329
-0.00686646
-0.00686646
-0.00686646
-0.00686646
-0.00686646
-0.00658035
-0.00658035
-0.00720024
-0.00658035
-0.00658035
-0.00705719
-0.00686646
-0.00686646
-0.00720024
-0.00686646
-0.00720024
-0.00705719
-0.00705719
-0.00705719
-0.00705719
-0.00658035
-0.00677109
-0.00686646
-0.00753403
-0.00705719
-0.00677109
-0.00677109
-0.00677109
-0.00686646
-0.00686646
-0.00658035
-0.00720024
-0.00686646
-0.00686646
-0.00705719
-0.00686646
-0.00705719
-0.00686646
-0.00705719
-0.00705719
-0.00638962
-0.00686646
-0.00720024
-0.00720024
-0.00677109
-0.00734329
-0.00658035
-0.00705719
-0.00658035
-0.00686646
-0.00705719
-0.00677109
-0.00705719
-0.00720024
-0.00658035
Field Data
-270.079
-264.184
-250.424
-232.356
-212.422
-186.357
-166.175
-144.154
-121.279
-98.2223
-75.0317
-52.7998
-30.6193
-6.54948
16.7188
40.337
64.9349
87.7307
109.569
133.97
156.715
179.053
200.317
223.99
247.229
270.571
296.5
318.361
339.846
363.051
385.175
408.391
430.371
453.339
476.585
499.95
526.085
546.905
568.821
591.797
614.562
640.703
658.327
681.561
705.334
728.526
755.078
775.781
797.21
820.881
843.894
870.257
889.972
913.412
935.86
958.986
979.535
1002.96
1025.86
1049.64
1097.65
1119.47
1142.21
1164.75
1187.77
1208.92
1231.16
1254.64
1278.09
1304.08
1323.6
1346.38
1369.81
1393.11
1416.09
1442.25
1463.29
1484.7
1507.7
1530.76
1551.86
1575.23
1598.7
1621.71
1645.13
1670.89
1690.8
1712.58
1735.79
1758.86
1784.88
1806.3
1828.99
1851.31
1870.93
1898.29
1920.07
1941.64
1964.54
1987.17
2014.43
2035.33
2056.76
2079.01
2102.15
2125.07
2146.25
2169.06
2191.43
2215.54
2239.2
2263.94
2285.65
2308.23
2331.03
2353.63
2375.46
2399.27
2422
2444.59
2467.62
2490.18
2511.76
2534.63
2557.98
2580.39
2607.58
2627.13
2650.1
2673.14
2696.12
2721.7
2742.77
Time Data
0
0.1
0.2
0.3
0.4
0.5
0.6
0.7
0.8
0.9
1
1.1
1.2
1.3
1.4
1.5
1.6
1.7
1.8
1.9
2
2.1
2.2
2.3
2.4
2.5
2.6
2.7
2.8
2.9
3
3.1
3.2
3.3
3.4
3.5
3.6
3.7
3.8
3.9
4
4.1
4.2
4.3
4.4
4.5
4.6
4.7
4.8
4.9
5
5.1
5.2
5.3
5.4
5.5
5.6
5.7
5.8
5.9
5.99999999999999
6.09999999999999
6.19999999999999
6.29999999999999
6.39999999999999
6.49999999999999
6.59999999999999
6.69999999999999
6.79999999999999
6.89999999999999
6.99999999999999
7.09999999999999
7.19999999999999
7.29999999999999
7.39999999999999
7.49999999999999
7.59999999999999
7.69999999999999
7.79999999999999
7.89999999999999
7.99999999999999
8.09999999999999
8.19999999999999
8.29999999999999
8.39999999999999
8.49999999999999
8.59999999999999
8.69999999999999
8.79999999999998
8.89999999999998
8.99999999999998
9.09999999999998
9.19999999999998
9.29999999999998
9.39999999999998
9.49999999999998
9.59999999999998
9.69999999999998
9.79999999999998
9.89999999999998
9.99999999999998
10.1
10.2
10.3
10.4
10.5
10.6
10.7
10.8
10.9
11
11.1
11.2
11.3
11.4
11.5
11.6
11.7
11.8
11.9
12
12.1
12.2
12.3
12.4
12.5
12.6
12.7
12.8
12.9
13
13.1
13.2
Temperature Data
0
0
0
0
0
0
0
0
0
0
0
0
0
0
0
0
0
0
0
0
0
0
0
0
0
0
0
0
0
0
0
0
0
0
0
0
0
0
0
0
0
0
0
0
0
0
0
0
0
0
0
0
0
0
0
0
0
0
0
0
0
0
0
0
0
0
0
0
0
0
0
0
0
0
0
0
0
0
0
0
0
0
0
0
0
0
0
0
0
0
0
0
0
0
0
0
0
0
0
0
0
0
0
0
0
0
0
0
0
0
0
0
0
0
0
0
0
0
0
0
0
0
0
0
0
0
0
0
0
0
0
0
0
Angle Data
0
0
0
0
0
0
0
0
0
0
0
0
0
0
0
0
0
0
0
0
0
0
0
0
0
0
0
0
0
0
0
0
0
0
0
0
0
0
0
0
0
0
0
0
0
0
0
0
0
0
0
0
0
0
0
0
0
0
0
0
0
0
0
0
0
0
0
0
0
0
0
0
0
0
0
0
0
0
0
0
0
0
0
0
0
0
0
0
0
0
0
0
0
0
0
0
0
0
0
0
0
0
0
0
0
0
0
0
0
0
0
0
0
0
0
0
0
0
0
0
0
0
0
0
0
0
0
0
0
0
0
0
0
Bx Data
0
0
0
0
0
0
0
0
0
0
0
0
0
0
0
0
0
0
0
0
0
0
0
0
0
0
0
0
0
0
0
0
0
0
0
0
0
0
0
0
0
0
0
0
0
0
0
0
0
0
0
0
0
0
0
0
0
0
0
0
0
0
0
0
0
0
0
0
0
0
0
0
0
0
0
0
0
0
0
0
0
0
0
0
0
0
0
0
0
0
0
0
0
0
0
0
0
0
0
0
0
0
0
0
0
0
0
0
0
0
0
0
0
0
0
0
0
0
0
0
0
0
0
0
0
0
0
0
0
0
0
0
0
Hint Data
0
0
0
0
0
0
0
0
0
0
0
0
0
0
0
0
0
0
0
0
0
0
0
0
0
0
0
0
0
0
0
0
0
0
0
0
0
0
0
0
0
0
0
0
0
0
0
0
0
0
0
0
0
0
0
0
0
0
0
0
0
0
0
0
0
0
0
0
0
0
0
0
0
0
0
0
0
0
0
0
0
0
0
0
0
0
0
0
0
0
0
0
0
0
0
0
0
0
0
0
0
0
0
0
0
0
0
0
0
0
0
0
0
0
0
0
0
0
0
0
0
0
0
0
0
0
0
0
0
0
0
0
0
Torque Data
1.94463361896
1.78881364056
1.69564344216
1.59546317976
1.3978111077
1.26184001913
1.04594699375
0.98982767484
0.82119102411
0.674439494058
0.479424050954
0.362547714708
0.210246198678
0.0449717424408
-0.113204499492
-0.30390016811
-0.458257926931
-0.602399342322
-0.74190156021
-0.9198996462
-1.15080369235
-1.17823140855
-1.37546866782
-1.5380183754
-1.86263070287
-1.90947095549
-2.03590539
-2.15565098349
-2.30112785214
-2.38900264785
-2.6447887305
-2.80420046586
-2.83199180985
-3.06959916951
-3.36335089615
-3.3852064455
-3.56216888265
-3.70314297645
-3.90578664366
-4.00711074873
-3.92681764644
-4.33825767627
-4.74011239848
-4.67991134406
-5.07857408016
-5.24556204624
-5.11270109502
-5.69678485949
-5.7401033304
-6.02796723849
-5.79456439524
-6.26605926168
-5.8563272502
-6.18479485908
-6.3367922874
-6.49338051474
-6.7259378961
-7.3650261384
-7.3864382064
-7.4075089116
-7.7463246035
-7.9003124893
-8.7688375468
-8.5530970275
-8.0424975693
-8.7045141408
-7.74922883
-9.0337091136
-9.6291684027
-9.3896889792
-9.088446456
-9.2448644148
-9.4057455726
-9.4328731899
-10.3987595361
-10.38454614
-9.6289603515
-10.902582663
-10.352561742
-10.5109023096
-10.6557846156
-10.8162537858
-10.977409602
-10.6714193985
-10.8255311955
-12.0308090136
-11.12605578
-11.269375803
-12.2497998301
-12.0771418356
-12.2558071248
-13.005793512
-12.5586866754
-13.3298763144
-13.2035084867
-13.3965932051
-13.5502988033
-13.7025223916
-12.927360789
-13.4553069153
-13.8320030178
-15.3342372799
-14.5149461044
-14.0771638209
-14.2338468435
-14.3890402263
-14.737139775
-14.8937637276
-14.4203764005
-15.9524197296
-15.375377232
-15.5452534524
-16.1302663235
-15.8493689658
-16.4505216057
-16.1611062498
-16.7640725574
-16.9321042513
-15.47565964
-16.7856794514
-17.7674562288
-17.9298936432
-17.0073530184
-18.6125231327
-16.832403693
-18.2103025041
-17.158789053
-18.0390830598
-18.702259219
-18.1000715226
-19.0270311028
-19.596893208
-18.0483865695
dMdH Data
9.64546225614934E-06
6.88444767441859E-06
-1.72902368828869E-06
-8.60489615731916E-06
1.96431996930748E-07
1.11881874938065E-06
8.00145315834879E-07
1.13302732240437E-05
6.09931169681698E-06
-8.88549670987383E-06
7.88686527017484E-06
4.59863393521343E-07
-3.46408905425965E-06
9.40550827134623E-06
3.82120568036514E-06
-1.0711483500624E-05
4.97986471192061E-06
6.28895106304063E-06
-6.0530306134994E-07
4.25719938448011E-06
5.62315337093742E-06
3.20729872084274E-06
-8.3943733367127E-06
-4.99203924437369E-06
3.2199468768743E-06
1.03305179528713E-05
-1.08416815333242E-05
-5.99953455899474E-07
6.51152768799828E-06
3.79858976676912E-06
-1.66221571330116E-06
-5.81255686988173E-06
4.31121560431905E-06
1.1753419943216E-05
2.51316071046439E-06
-9.85574899559976E-06
-1.926032660903E-07
-2.08158423069901E-06
5.97536559888579E-06
6.0852185372282E-06
1.88630886347117E-06
-9.65955515206535E-06
-2.2626323491435E-06
4.91481933285662E-06
8.88366678164885E-06
8.24156372401324E-06
-1.43022750326041E-06
-7.91870829250079E-06
4.59972117781254E-06
-3.26902185721113E-06
2.97045101088647E-06
7.2137966015724E-06
-1.3532423208191E-06
-6.13016749821814E-06
-2.94257545619649E-06
1.06097620322157E-05
2.54429028815375E-07
2.11266375545852E-06
4.28931875525654E-08
-9.9104353259738E-07
-6.01970669110908E-06
4.11609498680735E-07
1.31650399290151E-05
6.30755864465667E-07
-6.03356973995266E-06
-6.78057553956836E-06
-1.76746166950581E-07
9.76886993603417E-06
-7.53789919199691E-06
-1.11782786885249E-06
1.57453906935907E-05
9.95731967562963E-06
-1.05884120171674E-05
-1.49760661444734E-05
3.51223241590213E-06
3.1511406844109E-07
1.18575432041102E-05
6.68130434782608E-06
-3.09800520381613E-06
-8.89241706161142E-06
-3.92597347026099E-06
-4.09203238176396E-06
4.85962624945677E-06
1.11754910333048E-05
5.77406832298135E-06
-8.14665996986442E-07
-4.38292011019282E-06
-3.89918138733305E-06
7.39271781534463E-06
5.48731744811677E-06
1.72222222222225E-06
5.85720581754075E-07
-9.07302867383517E-06
-9.56829765545354E-06
6.84576023391808E-07
-3.20293847566573E-06
1.7017153453871E-05
6.68908296943236E-06
-1.29138311975253E-05
-3.41819515774028E-06
3.15023923444979E-06
2.65188987400836E-06
6.77842696629211E-06
1.24935177182369E-06
-2.60296684118671E-06
-6.14447592067993E-06
-3.37308198158704E-06
6.72954850245869E-06
4.62795520530898E-06
1.11749788672866E-06
-8.88439773645927E-07
-6.15062183325654E-06
-5.40566873339241E-06
4.13245614035084E-06
1.24146017699116E-05
-1.49065506184151E-05
-1.11222175556489E-05
1.06590409150902E-05
1.37140327578573E-06
-4.33999131567524E-06
3.11524822695035E-06
2.52687673772005E-06
8.98863139484046E-06
6.57344753747326E-06
-8.60865684962076E-06
-6.12688488414858E-06
4.92429667519176E-06
-1.17109272964737E-06
7.21961805555557E-06
3.1105308964317E-06
-2.30531665363567E-06
7.17228286663494E-06
7.17228286663494E-06
dMdT Data
0
0
0
0
0
0
0
0
0
0
0
0
0
0
0
0
0
0
0
0
0
0
0
0
0
0
0
0
0
0
0
0
0
0
0
0
0
0
0
0
0
0
0
0
0
0
0
0
0
0
0
0
0
0
0
0
0
0
0
0
0
0
0
0
0
0
0
0
0
0
0
0
0
0
0
0
0
0
0
0
0
0
0
0
0
0
0
0
0
0
0
0
0
0
0
0
0
0
0
0
0
0
0
0
0
0
0
0
0
0
0
0
0
0
0
0
0
0
0
0
0
0
0
0
0
0
0
0
0
0
0
0
0
 
*********************************************** Results ***************************************
 
TotalArea 0
AreaFirstQuad 0
AreaSecondQuad 0
AreaThirdQuad 0
AreaFourthQuad 0
Coercivity 0
PositiveCoercivity 0
NegativeCoercivity 0
Retentivity 1.12669280618277E-03
PositiveRetentivity 5.28089680067856E-03
NegativeRetentivity 3.02751118831302E-03
Magnetization 0.00508027
PositiveMagnetization 0.00508027
NegativeMagnetization 0.00262468
Flatness -1.68707776574008
Squareness 0.221778135056359
SStar 0
SFD1 0
SFD2 0
Slope 0
Intercept 0
SlopeAtHc 7.17228286663494E-06
dH1 58.4053296908845
dH2 100.9565
InitialSlope 9.64546225614934E-06
FieldAtHalfMs 2742.77
FieldAtMs 2742.77
MomentMean 4.08319248120301E-03
MomentRMS 6.6979456626347E-04
SFD3 0
dH3 116.810659381769
UserField1 0
UserField2 0
CenterField 0
ExchangeField 0
ExchangeMoment 0
ExRegionOneIntercept 0
ExRegionOneSlope 0
ExRegionTwoIntercept 0
ExRegionTwoSlope 0
NegativeIntercept 0
NegativeSlope 0
AutoCenterOffset 0
PinningField 0
PinningMoment 0
PinRegionOneIntercept 0
PinRegionOneSlope 0
PinRegionTwoIntercept 0
PinRegionTwoSlope 0
PositiveIntercept 0
PositiveSlope 0
TotalOffset 0
BHMax 0
BCoercivity 0
BRetentivity 0
BNegativeCoercivity 0
BPositiveCoercivity 0
BNegativeRetentivity 0
BPositiveRetentivity 0
MomentYMean -6.92346180451128E-03
MomentYRMS 2.65780460453436E-04
YOffCorrection 0
Mrt 0
Ms1 0
Ms2 0
Ms3 0
Hc2 0
Hex2 0
HsatValue 0
HsatIntercept 0
HsatSlope 0
CenterH 0
Span .00245559
SpanAsPercentOfRange -46.3318867924528
RMSAsPercentOfRange -12.6376333257258
SpanAsPercentOfMean 60.1389724169095
RMSAsPercentOfMean 16.4036980707344
