Version 1.25
******************************************** Units *******************************************
System CGS
TemperatureUnit K
MomentUnit emu
AppliedFieldUnit G
 
******************************************** Setup ********************************************
 
Experiment CustomField
Minor False
Acquisition Continuous
EditedPoint No
MaxField 15000
FieldIncrement 100
Points 147
MinField 0
RampRate 10
AverageTime 0.1
TimeInterval 0
TimeConstant 0.1
TimeConstantIndex 0
Sensitivity -0.0053
SensitivityIndex 5
SensitivityY -400
SensitivityIndexY 0
SaturationField 8000
ExperimentTime 100
Use735Domains True
AutoRangeEnabled False
NumberOfVertices 2
VertexPts
0
146
VertexField
-1260.469
2102.1776
StartAngle 0
EndAngle 0
AngleIncrement 0
StartTemp 0
FinishTemp 0
TempIncrement 0
TempPoints 0
LengthofSetPointsArray 147
SetPointArray
-1260.46901
-1237.43719
-1214.40536
-1191.37353
-1168.34171
-1145.30988
-1122.27806
-1099.24623
-1076.21441
-1053.18258
-1030.15075
-1007.11893
-984.0871
-961.05528
-938.02345
-914.99162
-891.9598
-868.92797
-845.89615
-822.86432
-799.8325
-776.80067
-753.76884
-730.73702
-707.70519
-684.67337
-661.64154
-638.60972
-615.57789
-592.54606
-569.51424
-546.48241
-523.45059
-500.41876
-477.38693
-454.35511
-431.32328
-408.29146
-385.25963
-362.22781
-339.19598
-316.16415
-293.13233
-270.1005
-247.06868
-224.03685
-201.00503
-177.9732
-154.94137
-131.90955
-108.87772
-85.8459
-62.81407
-39.78224
-16.75042
6.28141
29.31323
52.34506
75.37688
98.40871
121.44054
144.47236
167.50419
190.53601
213.56784
236.59966
259.63149
282.66332
305.69514
328.72697
351.75879
374.79062
397.82245
420.85427
443.8861
466.91792
489.94975
512.98157
536.0134
559.04523
582.07705
605.10888
628.1407
651.17253
674.20436
697.23618
720.26801
743.29983
766.33166
789.36348
812.39531
835.42714
858.45896
881.49079
904.52261
927.55444
950.58626
973.61809
996.64992
1019.68174
1042.71357
1065.74539
1088.77722
1111.80905
1134.84087
1157.8727
1180.90452
1203.93635
1226.96817
1250
1273.03183
1296.06365
1319.09548
1342.1273
1365.15913
1388.19095
1411.22278
1434.25461
1457.28643
1480.31826
1503.35008
1526.38191
1549.41374
1572.44556
1595.47739
1618.50921
1641.54104
1664.57286
1687.60469
1710.63652
1733.66834
1756.70017
1779.73199
1802.76382
1825.79564
1848.82747
1871.8593
1894.89112
1917.92295
1940.95477
1963.9866
1987.01843
2010.05025
2033.08208
2056.1139
2079.14573
2102.17755
FieldDomainFile C:\IDEASVSM\Default UserID\Experiments\FORCexp0110B\fdomain.ini
TempDomainFile C:\IDEASVSM\Default UserID\Experiments\FORCexp0110B\tdomain.ini
NumSelectedResults 0
ResultsSelected 
UserName1 
UserValue1 
UserName2 
UserValue2 
LinearBackgroundCorrection Off
MaxLinearFieldCorrection 
MinLinearFieldCorrection 
AutoLinearCorrection Off
FitOneRegion Off
BackgroundMode Off
BackgroundFilename 
AutoCenter Off
OffsetCorrection 
SmoothDeriv Off
DerivOrder 0
DerivPoints 0
MinExFieldOne 
MaxExFieldOne 
MinExFieldTwo 
MaxExFieldTwo 
MinPinFieldOne 
MaxPinFieldOne 
MinPinFieldTwo 
MaxPinFieldTwo 
HCenterStart 
Mass 
Volume 
Density 
MolarWeight 
NumberOfMoles 
Demagnetization 
SampleArea 
Thickness 
MomentScaling 0
XAxis 0
YAxis 0
SimpleSpinValve False
HsatMax 0
HsatMin 0
FieldAutoRange False
 
*************************************************** Experiment Data ********************************************
 
DataPoints 147
MomentX Data
-0.0037094
-0.00374016
-0.0038874
-0.00375494
-0.00361475
-0.00366388
-0.00366468
-0.00377733
-0.00376314
-0.00365435
-0.00376616
-0.00365195
-0.00361161
-0.00367643
-0.0035895
-0.00341199
-0.00340952
-0.00327949
-0.00336795
-0.00347617
-0.00354392
-0.00345335
-0.00338308
-0.00323889
-0.00346909
-0.0035155
-0.00343152
-0.00341413
-0.00309762
-0.00292864
-0.00292963
-0.00309234
-0.00341915
-0.00323652
-0.002963
-0.0028973
-0.00308279
-0.00308729
-0.00318543
-0.00289946
-0.00301313
-0.0031616
-0.00289751
-0.00276234
-0.00295574
-0.00301682
-0.00284393
-0.00263672
-0.00255158
-0.00247967
-0.00263886
-0.00274026
-0.00266977
-0.00247447
-0.0023207
-0.00239577
-0.00262313
-0.00261681
-0.00263184
-0.00266256
-0.00228254
-0.00206373
-0.00239851
-0.00255603
-0.00231599
-0.00214507
-0.00199689
-0.00200039
-0.00209096
-0.00202415
-0.00171998
-0.0016895
-0.00188855
-0.00175073
-0.00161097
-0.00165946
-0.00173749
-0.00163396
-0.00129317
-0.00125077
-0.00118874
-0.00116185
-0.000944107
-0.000959725
-0.00072945
-0.000481321
-0.000363262
-0.000318028
-0.000391778
-0.0000621519
0.000452848
0.00063925
0.000835371
0.00106149
0.000985056
0.00114433
0.00159774
0.00185752
0.00208369
0.00219713
0.00232532
0.0024947
0.00300623
0.00283569
0.00320226
0.00366559
0.00351051
0.00336914
0.0033798
0.00378243
0.00404972
0.00422814
0.00395284
0.00428616
0.0040364
0.00399881
0.00427668
0.00438822
0.00440165
0.00441091
0.00419136
0.00432929
0.00472729
0.00471268
0.00478852
0.00466227
0.00432514
0.00453929
0.00458536
0.00458052
0.00457536
0.00439475
0.00440394
0.00456301
0.00466726
0.00482436
0.00467651
0.00459966
0.00448017
0.00449637
0.0045664
0.00461601
0.00476095
0.0047755
0.00460621
0.00440764
0.00465108
MomentY Data
-0.00677109
-0.00581741
-0.00553131
-0.00610352
-0.00658035
-0.00581741
-0.00629425
-0.00534058
-0.00629425
-0.00567436
-0.00610352
-0.00600815
-0.00600815
-0.00600815
-0.00534058
-0.00610352
-0.00629425
-0.00610352
-0.00600815
-0.00600815
-0.00610352
-0.00629425
-0.00581741
-0.00638962
-0.00610352
-0.00581741
-0.00638962
-0.00600815
-0.00686646
-0.00658035
-0.00600815
-0.00658035
-0.00581741
-0.00638962
-0.00658035
-0.00610352
-0.00629425
-0.00629425
-0.00610352
-0.00600815
-0.00610352
-0.00567436
-0.00534058
-0.00600815
-0.00658035
-0.00705719
-0.00638962
-0.00677109
-0.00638962
-0.00629425
-0.00629425
-0.00600815
-0.00629425
-0.00629425
-0.00629425
-0.00581741
-0.00629425
-0.00553131
-0.00610352
-0.00629425
-0.00581741
-0.00638962
-0.00581741
-0.00638962
-0.00658035
-0.00600815
-0.00581741
-0.00581741
-0.00629425
-0.00610352
-0.00629425
-0.00638962
-0.00629425
-0.00629425
-0.00686646
-0.00638962
-0.00677109
-0.00600815
-0.00705719
-0.00629425
-0.00638962
-0.00610352
-0.00686646
-0.00677109
-0.00629425
-0.00638962
-0.00638962
-0.00658035
-0.00610352
-0.00638962
-0.00658035
-0.00629425
-0.00638962
-0.00658035
-0.00638962
-0.00686646
-0.00658035
-0.00705719
-0.00686646
-0.00658035
-0.00720024
-0.00705719
-0.00658035
-0.00658035
-0.00686646
-0.00677109
-0.00705719
-0.00734329
-0.00686646
-0.00720024
-0.00686646
-0.00720024
-0.00677109
-0.00686646
-0.00720024
-0.00686646
-0.00734329
-0.00677109
-0.00677109
-0.00658035
-0.00705719
-0.00677109
-0.00638962
-0.00686646
-0.00686646
-0.00734329
-0.00629425
-0.00720024
-0.00658035
-0.00686646
-0.00677109
-0.00686646
-0.00658035
-0.00658035
-0.00658035
-0.00686646
-0.00638962
-0.00705719
-0.00720024
-0.00705719
-0.00753403
-0.00677109
-0.00686646
-0.00686646
-0.00686646
-0.00686646
-0.00734329
Field Data
-1260.38
-1256.13
-1241.42
-1223.21
-1203.31
-1177.66
-1156.9
-1135.04
-1112.22
-1088.98
-1066.41
-1043.62
-1020.42
-993.349
-970.652
-948.369
-926.96
-904.481
-881.27
-858.048
-830.829
-809.926
-789.064
-765.688
-742.508
-719.474
-697.491
-674.787
-651.547
-628.236
-601.04
-580.952
-558.897
-535.781
-512.727
-489.75
-468.757
-445.468
-421.798
-399.426
-376.487
-350.452
-328.052
-305.457
-282.923
-260.009
-239.57
-216.284
-192.948
-169.473
-146.4
-119.755
-99.0255
-76.8852
-54.5915
-31.4431
-9.17133
12.7504
36.0125
59.8845
82.871
109.569
129.785
152.591
175.331
198.17
225.118
245.582
266.463
289.837
312.095
335.49
356.368
380.008
403.352
426.686
449.665
475.772
495.894
518.243
540.612
564.416
586.981
609.313
632.012
655.42
678.499
704.789
725.104
746.99
770.199
793.557
816.133
837.808
861.063
884.359
907.496
933.632
953.363
975.609
999.169
1022.3
1045.02
1066.54
1089.95
1113.55
1136.36
1162.59
1183.75
1205.05
1228.09
1251.17
1277.08
1298.46
1320.31
1343.07
1365.8
1388.24
1409.52
1433.44
1456.8
1479.66
1505.45
1527.01
1549.25
1572.22
1594.8
1616.77
1638.88
1661.07
1684.59
1708.08
1735.02
1755.98
1777.36
1800.02
1822.95
1845.76
1867.28
1889.65
1913.13
1936.54
1963.61
1984.74
2006.03
2028.65
2051.7
Time Data
0
0.1
0.2
0.3
0.4
0.5
0.6
0.7
0.8
0.9
1
1.1
1.2
1.3
1.4
1.5
1.6
1.7
1.8
1.9
2
2.1
2.2
2.3
2.4
2.5
2.6
2.7
2.8
2.9
3
3.1
3.2
3.3
3.4
3.5
3.6
3.7
3.8
3.9
4
4.1
4.2
4.3
4.4
4.5
4.6
4.7
4.8
4.9
5
5.1
5.2
5.3
5.4
5.5
5.6
5.7
5.8
5.9
5.99999999999999
6.09999999999999
6.19999999999999
6.29999999999999
6.39999999999999
6.49999999999999
6.59999999999999
6.69999999999999
6.79999999999999
6.89999999999999
6.99999999999999
7.09999999999999
7.19999999999999
7.29999999999999
7.39999999999999
7.49999999999999
7.59999999999999
7.69999999999999
7.79999999999999
7.89999999999999
7.99999999999999
8.09999999999999
8.19999999999999
8.29999999999999
8.39999999999999
8.49999999999999
8.59999999999999
8.69999999999999
8.79999999999998
8.89999999999998
8.99999999999998
9.09999999999998
9.19999999999998
9.29999999999998
9.39999999999998
9.49999999999998
9.59999999999998
9.69999999999998
9.79999999999998
9.89999999999998
9.99999999999998
10.1
10.2
10.3
10.4
10.5
10.6
10.7
10.8
10.9
11
11.1
11.2
11.3
11.4
11.5
11.6
11.7
11.8
11.9
12
12.1
12.2
12.3
12.4
12.5
12.6
12.7
12.8
12.9
13
13.1
13.2
13.3
13.4
13.5
13.6
13.7
13.8
13.9
14
14.1
14.2
14.3
14.4
14.5
14.6
Temperature Data
0
0
0
0
0
0
0
0
0
0
0
0
0
0
0
0
0
0
0
0
0
0
0
0
0
0
0
0
0
0
0
0
0
0
0
0
0
0
0
0
0
0
0
0
0
0
0
0
0
0
0
0
0
0
0
0
0
0
0
0
0
0
0
0
0
0
0
0
0
0
0
0
0
0
0
0
0
0
0
0
0
0
0
0
0
0
0
0
0
0
0
0
0
0
0
0
0
0
0
0
0
0
0
0
0
0
0
0
0
0
0
0
0
0
0
0
0
0
0
0
0
0
0
0
0
0
0
0
0
0
0
0
0
0
0
0
0
0
0
0
0
0
0
0
0
0
0
Angle Data
0
0
0
0
0
0
0
0
0
0
0
0
0
0
0
0
0
0
0
0
0
0
0
0
0
0
0
0
0
0
0
0
0
0
0
0
0
0
0
0
0
0
0
0
0
0
0
0
0
0
0
0
0
0
0
0
0
0
0
0
0
0
0
0
0
0
0
0
0
0
0
0
0
0
0
0
0
0
0
0
0
0
0
0
0
0
0
0
0
0
0
0
0
0
0
0
0
0
0
0
0
0
0
0
0
0
0
0
0
0
0
0
0
0
0
0
0
0
0
0
0
0
0
0
0
0
0
0
0
0
0
0
0
0
0
0
0
0
0
0
0
0
0
0
0
0
0
Bx Data
0
0
0
0
0
0
0
0
0
0
0
0
0
0
0
0
0
0
0
0
0
0
0
0
0
0
0
0
0
0
0
0
0
0
0
0
0
0
0
0
0
0
0
0
0
0
0
0
0
0
0
0
0
0
0
0
0
0
0
0
0
0
0
0
0
0
0
0
0
0
0
0
0
0
0
0
0
0
0
0
0
0
0
0
0
0
0
0
0
0
0
0
0
0
0
0
0
0
0
0
0
0
0
0
0
0
0
0
0
0
0
0
0
0
0
0
0
0
0
0
0
0
0
0
0
0
0
0
0
0
0
0
0
0
0
0
0
0
0
0
0
0
0
0
0
0
0
Hint Data
0
0
0
0
0
0
0
0
0
0
0
0
0
0
0
0
0
0
0
0
0
0
0
0
0
0
0
0
0
0
0
0
0
0
0
0
0
0
0
0
0
0
0
0
0
0
0
0
0
0
0
0
0
0
0
0
0
0
0
0
0
0
0
0
0
0
0
0
0
0
0
0
0
0
0
0
0
0
0
0
0
0
0
0
0
0
0
0
0
0
0
0
0
0
0
0
0
0
0
0
0
0
0
0
0
0
0
0
0
0
0
0
0
0
0
0
0
0
0
0
0
0
0
0
0
0
0
0
0
0
0
0
0
0
0
0
0
0
0
0
0
0
0
0
0
0
0
Torque Data
8.5341464142
7.3074232233
6.8666788602
7.4658866992
7.9182009585
6.8509310606
7.281817825
6.0617719232
7.000590735
6.1792645528
6.5088547632
6.270225503
6.130836423
5.96818979435
5.18384465816
5.78838915888
5.83451798
5.52051787312
5.2948023505
5.1552810912
5.07098141808
5.0978767255
4.59030880424
4.89245535856
4.53191242816
4.18547524234
4.45670244342
4.05422151405
4.47382141362
4.1340127626
3.611138476
3.8228674932
3.25133299677
3.42343699322
3.37392311445
2.98919892
2.95047374725
2.803886959
2.57445252896
2.3998113219
2.29789593424
1.98859081072
1.75198795016
1.83523147455
1.86173236305
1.83493291471
1.5307612634
1.46447842956
1.23286439976
1.06670543025
0.9214782
0.71950600325
0.623291253375
0.4839346701
0.343612548875
0.182917404371
0.0577266438525
-0.070526415024
-0.219803014
-0.376928014125
-0.48209458411
-0.70010427378
-0.75501255685
-0.97499850542
-1.15373934585
-1.1906350855
-1.30960370438
-1.42865118262
-1.67718473775
-1.76902592624
-1.96440395375
-2.1436536138
-2.243069284
-2.391865354
-2.76960037392
-2.72636139932
-3.04472218485
-2.8585095418
-3.49961817786
-3.26195100275
-3.45430524744
-3.44492434432
-4.03048155726
-4.12571316117
-3.978041531
-4.1878847404
-4.33535078038
-4.63775829615
-4.42568676608
-4.7729822438
-5.06817898965
-4.99484614725
-5.21477973946
-5.5130698728
-5.50186536606
-6.07241569914
-5.9716413036
-6.58881841408
-6.54622890498
-6.41984868315
-7.19425660056
-7.214565337
-6.876597357
-7.018206489
-7.484098077
-7.5399472695
-8.0195084284
-8.5372355211
-8.128172025
-8.676649212
-8.4326308614
-9.0087242808
-8.6472236172
-8.9158236516
-9.5065488744
-9.2221364322
-10.029465482
-9.3998979816
-9.5439867768
-9.432536904
-10.280914392
-10.0189110294
-9.619253429
-10.4851530846
-10.637863155
-11.5452674038
-10.0380699
-11.6411320248
-10.784404008
-11.4056707122
-11.4065105031
-11.7284629968
-11.417038857
-11.554962993
-11.695650876
-12.3597653292
-11.647957779
-13.0258790144
-13.4448641472
-13.3356190835
-14.4135788139
-13.1124866286
-13.4830495206
-13.6281378204
-13.7743247538
-13.929644079
-15.066228093
dMdH Data
-7.23764705882361E-06
-1.00095173351461E-05
7.27402526084568E-06
7.04472361809043E-06
-1.91539961013647E-06
-3.85356454720626E-08
-5.15324794144554E-06
6.21822962313775E-07
4.68115318416523E-06
-4.95392113424903E-06
5.01140851250544E-06
1.73879310344829E-06
-2.3944442392228E-06
3.83002158875623E-06
7.96616254543821E-06
1.15372039796351E-07
5.78450998709907E-06
-3.81112403601742E-06
-4.66023598311946E-06
-2.48907013483227E-06
4.33287087977804E-06
3.36832518454605E-06
6.16829226557154E-06
-9.93097497842972E-06
-2.0148476165668E-06
3.82022471910111E-06
7.65944326990838E-07
1.36191910499139E-05
7.2489382694865E-06
-3.64024121194204E-08
-8.09986061330148E-06
-1.48179551122195E-05
7.90058833708251E-06
1.18643185564327E-05
2.85938112025069E-06
-8.83580241032727E-06
-1.93224268968171E-07
-4.1461765948458E-06
1.27824959771142E-05
-4.9553162735952E-06
-5.70270789322066E-06
1.17897321428572E-05
5.98229696835582E-06
-8.58258631401439E-06
-2.66561927206074E-06
8.45882870981944E-06
8.89847977325432E-06
3.64844017826535E-06
3.0632587859425E-06
-6.89940623239284E-06
-3.80559204353538E-06
3.40046793217395E-06
8.82101868538368E-06
6.89746430605955E-06
-3.24298871628277E-06
-1.0208438754531E-05
2.88298414404347E-07
-6.46115355019542E-07
-1.28686327077749E-06
1.65323124442608E-05
8.19574499962543E-06
-1.65601503759398E-05
-6.90695431026922E-06
1.05558487247142E-05
7.48369017907965E-06
5.49873831082084E-06
-1.71032056293981E-07
-4.33743594655429E-06
2.85830409857107E-06
1.3665648306227E-05
1.30284248771105E-06
-9.53395919149344E-06
5.82994923857868E-06
5.98697738176834E-06
-2.07808348332905E-06
-3.39570912572348E-06
3.96560309495538E-06
1.69361892456018E-05
1.89717660745447E-06
2.77303410970541E-06
1.12964207696185E-06
9.64959007312212E-06
-6.99355185384203E-07
1.01447200317195E-05
1.06001794258373E-05
5.11542961133497E-06
1.72057816660327E-06
-3.63032242185576E-06
1.50610481586403E-05
2.21896634926107E-05
7.98022090932441E-06
8.68714564138908E-06
1.04322491349481E-05
-3.2867770371963E-06
6.83696771978021E-06
1.95967497947012E-05
9.93954698500154E-06
1.14626729511935E-05
5.0993437022386E-06
5.44100169779289E-06
7.32264061216549E-06
2.25145246478873E-05
-7.92472118959108E-06
1.56586928662964E-05
1.96326271186441E-05
-6.7987724682157E-06
-5.38963019443385E-06
5.03780718336482E-07
1.89028169014085E-05
1.16011284722222E-05
7.73050259965334E-06
-1.06252412196064E-05
1.55902712815715E-05
-1.14306636155607E-05
-1.65158172231985E-06
1.22248130224373E-05
4.97058823529412E-06
6.31109022556394E-07
3.87123745819382E-07
-9.39854452054798E-06
6.03368328958879E-06
1.54323381155487E-05
-6.77643784786642E-07
3.41007194244603E-06
-5.49629952111451E-06
-1.49304694419841E-05
9.74738279472005E-06
2.08367254635912E-06
-2.18116268589451E-07
-2.19387755102066E-07
-7.68880374627498E-06
3.41128433556052E-07
7.58921755725189E-06
4.87605238540696E-06
6.9329214474845E-06
-6.44788486698645E-06
-3.3691363437089E-06
-5.5525092936803E-06
7.24184175234689E-07
2.98253833049402E-06
2.11917983767623E-06
5.35426671592168E-06
6.88594415522965E-07
-7.95162047909818E-06
-8.77851458885939E-06
1.05613882863342E-05
1.05613882863342E-05
dMdT Data
0
0
0
0
0
0
0
0
0
0
0
0
0
0
0
0
0
0
0
0
0
0
0
0
0
0
0
0
0
0
0
0
0
0
0
0
0
0
0
0
0
0
0
0
0
0
0
0
0
0
0
0
0
0
0
0
0
0
0
0
0
0
0
0
0
0
0
0
0
0
0
0
0
0
0
0
0
0
0
0
0
0
0
0
0
0
0
0
0
0
0
0
0
0
0
0
0
0
0
0
0
0
0
0
0
0
0
0
0
0
0
0
0
0
0
0
0
0
0
0
0
0
0
0
0
0
0
0
0
0
0
0
0
0
0
0
0
0
0
0
0
0
0
0
0
0
0
 
*********************************************** Results ***************************************
 
TotalArea 0
AreaFirstQuad 0
AreaSecondQuad 0
AreaThirdQuad 0
AreaFourthQuad 0
Coercivity 0
PositiveCoercivity 0
NegativeCoercivity 0
Retentivity 5.10554983994854E-03
PositiveRetentivity -1.28315856000001E-02
NegativeRetentivity -2.62048592010302E-03
Magnetization 0.00435588
PositiveMagnetization 0.00482436
NegativeMagnetization -0.0038874
Flatness 1.51326223467626
Squareness 1.17210525541304
SStar 0
SFD1 0
SFD2 0
Slope 0
Intercept 0
SlopeAtHc 1.05613882863342E-05
dH1 -352.707848175895
dH2 108.532
InitialSlope -7.23764705882361E-06
FieldAtHalfMs 1011.0308411855
FieldAtMs 1800.02
MomentMean -1.74009441496598E-04
MomentRMS 3.26689756722945E-03
SFD3 0
dH3 -705.41569635179
UserField1 0
UserField2 0
CenterField 0
ExchangeField 0
ExchangeMoment 0
ExRegionOneIntercept 0
ExRegionOneSlope 0
ExRegionTwoIntercept 0
ExRegionTwoSlope 0
NegativeIntercept 0
NegativeSlope 0
AutoCenterOffset 0
PinningField 0
PinningMoment 0
PinRegionOneIntercept 0
PinRegionOneSlope 0
PinRegionTwoIntercept 0
PinRegionTwoSlope 0
PositiveIntercept 0
PositiveSlope 0
TotalOffset 0
BHMax 0
BCoercivity 0
BRetentivity 0
BNegativeCoercivity 0
BPositiveCoercivity 0
BNegativeRetentivity 0
BPositiveRetentivity 0
MomentYMean -6.45449462585034E-03
MomentYRMS 4.56955708384336E-04
YOffCorrection 0
Mrt 0
Ms1 0
Ms2 0
Ms3 0
Hc2 0
Hex2 0
HsatValue 0
HsatIntercept 0
HsatSlope 0
CenterH 0
Span .00871176
SpanAsPercentOfRange -164.372830188679
RMSAsPercentOfRange -61.6395767401783
SpanAsPercentOfMean -5006.48696132406
RMSAsPercentOfMean -1877.42546561379
