Version 1.25
******************************************** Units *******************************************
System CGS
TemperatureUnit K
MomentUnit emu
AppliedFieldUnit G
 
******************************************** Setup ********************************************
 
Experiment CustomField
Minor False
Acquisition Continuous
EditedPoint No
MaxField 15000
FieldIncrement 100
Points 147
MinField 0
RampRate 10
AverageTime 0.1
TimeInterval 0
TimeConstant 0.1
TimeConstantIndex 0
Sensitivity -0.0053
SensitivityIndex 5
SensitivityY -400
SensitivityIndexY 0
SaturationField 8000
ExperimentTime 100
Use735Domains True
AutoRangeEnabled False
NumberOfVertices 2
VertexPts
0
146
VertexField
-3079.9832
282.6633
StartAngle 0
EndAngle 0
AngleIncrement 0
StartTemp 0
FinishTemp 0
TempIncrement 0
TempPoints 0
LengthofSetPointsArray 147
SetPointArray
-3079.98325
-3056.95142
-3033.9196
-3010.88777
-2987.85595
-2964.82412
-2941.79229
-2918.76047
-2895.72864
-2872.69682
-2849.66499
-2826.63317
-2803.60134
-2780.56951
-2757.53769
-2734.50586
-2711.47404
-2688.44221
-2665.41039
-2642.37856
-2619.34673
-2596.31491
-2573.28308
-2550.25126
-2527.21943
-2504.1876
-2481.15578
-2458.12395
-2435.09213
-2412.0603
-2389.02848
-2365.99665
-2342.96482
-2319.933
-2296.90117
-2273.86935
-2250.83752
-2227.8057
-2204.77387
-2181.74204
-2158.71022
-2135.67839
-2112.64657
-2089.61474
-2066.58291
-2043.55109
-2020.51926
-1997.48744
-1974.45561
-1951.42379
-1928.39196
-1905.36013
-1882.32831
-1859.29648
-1836.26466
-1813.23283
-1790.20101
-1767.16918
-1744.13735
-1721.10553
-1698.0737
-1675.04188
-1652.01005
-1628.97822
-1605.9464
-1582.91457
-1559.88275
-1536.85092
-1513.8191
-1490.78727
-1467.75544
-1444.72362
-1421.69179
-1398.65997
-1375.62814
-1352.59631
-1329.56449
-1306.53266
-1283.50084
-1260.46901
-1237.43719
-1214.40536
-1191.37353
-1168.34171
-1145.30988
-1122.27806
-1099.24623
-1076.21441
-1053.18258
-1030.15075
-1007.11893
-984.0871
-961.05528
-938.02345
-914.99162
-891.9598
-868.92797
-845.89615
-822.86432
-799.8325
-776.80067
-753.76884
-730.73702
-707.70519
-684.67337
-661.64154
-638.60972
-615.57789
-592.54606
-569.51424
-546.48241
-523.45059
-500.41876
-477.38693
-454.35511
-431.32328
-408.29146
-385.25963
-362.22781
-339.19598
-316.16415
-293.13233
-270.1005
-247.06868
-224.03685
-201.00503
-177.9732
-154.94137
-131.90955
-108.87772
-85.8459
-62.81407
-39.78224
-16.75042
6.28141
29.31323
52.34506
75.37688
98.40871
121.44054
144.47236
167.50419
190.53601
213.56784
236.59966
259.63149
282.66332
FieldDomainFile C:\IDEASVSM\Default UserID\Experiments\FORCexp0189B\fdomain.ini
TempDomainFile C:\IDEASVSM\Default UserID\Experiments\FORCexp0189B\tdomain.ini
NumSelectedResults 0
ResultsSelected 
UserName1 
UserValue1 
UserName2 
UserValue2 
LinearBackgroundCorrection Off
MaxLinearFieldCorrection 
MinLinearFieldCorrection 
AutoLinearCorrection Off
FitOneRegion Off
BackgroundMode Off
BackgroundFilename 
AutoCenter Off
OffsetCorrection 
SmoothDeriv Off
DerivOrder 0
DerivPoints 0
MinExFieldOne 
MaxExFieldOne 
MinExFieldTwo 
MaxExFieldTwo 
MinPinFieldOne 
MaxPinFieldOne 
MinPinFieldTwo 
MaxPinFieldTwo 
HCenterStart 
Mass 
Volume 
Density 
MolarWeight 
NumberOfMoles 
Demagnetization 
SampleArea 
Thickness 
MomentScaling 0
XAxis 0
YAxis 0
SimpleSpinValve False
HsatMax 0
HsatMin 0
FieldAutoRange False
 
*************************************************** Experiment Data ********************************************
 
DataPoints 147
MomentX Data
-0.00498385
-0.005007
-0.00510203
-0.00500411
-0.00494136
-0.00482908
-0.00490654
-0.00483818
-0.00491187
-0.00512311
-0.00499867
-0.00490358
-0.00489544
-0.00499497
-0.00498976
-0.00518289
-0.004937
-0.00508388
-0.00505715
-0.00507168
-0.00498234
-0.0048752
-0.00460133
-0.00476294
-0.00480383
-0.00471997
-0.00485092
-0.00478974
-0.00484587
-0.00485959
-0.00484616
-0.00472087
-0.00456801
-0.00475882
-0.00490561
-0.00493385
-0.00489352
-0.00479774
-0.0047202
-0.00469773
-0.00475632
-0.00473037
-0.0050346
-0.0048035
-0.00460389
-0.00469504
-0.00489442
-0.00498954
-0.00486706
-0.00472082
-0.00464042
-0.00485059
-0.00483448
-0.00492064
-0.00485387
-0.00455655
-0.00448958
-0.00462796
-0.00448208
-0.0046772
-0.0047485
-0.00459802
-0.00484985
-0.00456867
-0.00440133
-0.00450375
-0.00464732
-0.00477704
-0.00444401
-0.00421427
-0.00425758
-0.00454732
-0.00443914
-0.00467292
-0.00467063
-0.00441923
-0.00435028
-0.00438465
-0.0041033
-0.00418268
-0.00421407
-0.00404528
-0.00426415
-0.00411882
-0.00410992
-0.00439469
-0.00451263
-0.00421028
-0.00435145
-0.00411144
-0.00407307
-0.00419549
-0.00399685
-0.00409593
-0.00415946
-0.00404294
-0.00395838
-0.00427041
-0.00434322
-0.00401483
-0.00409841
-0.00414119
-0.00413579
-0.00408701
-0.00405675
-0.00406545
-0.00397396
-0.00389815
-0.0039171
-0.00396079
-0.00407962
-0.00407443
-0.00396331
-0.00397497
-0.00383254
-0.00367463
-0.00380233
-0.00369322
-0.003825
-0.00378112
-0.00366674
-0.00343497
-0.00357537
-0.00354176
-0.00366938
-0.00393092
-0.00345557
-0.00333404
-0.00315335
-0.00338907
-0.00352376
-0.00335327
-0.00310974
-0.00304051
-0.00317577
-0.00325107
-0.00327334
-0.00318348
-0.0029963
-0.003098
-0.00293898
-0.00299491
-0.00284501
-0.00306348
-0.00316196
-0.00294765
-0.00306763
MomentY Data
-0.00610352
-0.00581741
-0.00553131
-0.00600815
-0.00553131
-0.00553131
-0.00629425
-0.00581741
-0.00600815
-0.00534058
-0.00600815
-0.00534058
-0.00553131
-0.00677109
-0.00610352
-0.00658035
-0.00600815
-0.00677109
-0.00629425
-0.00638962
-0.00610352
-0.00610352
-0.00610352
-0.00581741
-0.00610352
-0.00553131
-0.00610352
-0.00567436
-0.00610352
-0.00534058
-0.00610352
-0.00600815
-0.00629425
-0.00638962
-0.00638962
-0.00600815
-0.00629425
-0.00600815
-0.00629425
-0.00677109
-0.00581741
-0.00600815
-0.00553131
-0.00600815
-0.00567436
-0.00553131
-0.00629425
-0.00600815
-0.00686646
-0.00610352
-0.00600815
-0.00610352
-0.00610352
-0.00553131
-0.00610352
-0.00629425
-0.00519753
-0.00581741
-0.00610352
-0.00629425
-0.00629425
-0.00658035
-0.00567436
-0.00610352
-0.00553131
-0.00610352
-0.00629425
-0.00581741
-0.00629425
-0.00629425
-0.00610352
-0.00567436
-0.00638962
-0.00638962
-0.00638962
-0.00567436
-0.00534058
-0.00600815
-0.00600815
-0.00629425
-0.00629425
-0.00677109
-0.00629425
-0.00610352
-0.00629425
-0.00600815
-0.00581741
-0.00600815
-0.00581741
-0.00581741
-0.00610352
-0.00610352
-0.00567436
-0.00610352
-0.00553131
-0.00600815
-0.00534058
-0.00567436
-0.00629425
-0.00567436
-0.00610352
-0.00600815
-0.00600815
-0.00600815
-0.00629425
-0.00610352
-0.00553131
-0.00581741
-0.00610352
-0.00600815
-0.00610352
-0.00600815
-0.00629425
-0.00629425
-0.00638962
-0.00638962
-0.00638962
-0.00610352
-0.00629425
-0.00638962
-0.00629425
-0.00629425
-0.00600815
-0.00581741
-0.00553131
-0.00581741
-0.00629425
-0.00610352
-0.00600815
-0.00658035
-0.00629425
-0.00638962
-0.00629425
-0.00610352
-0.00581741
-0.00677109
-0.00581741
-0.00581741
-0.00658035
-0.00600815
-0.00629425
-0.00629425
-0.00638962
-0.00629425
-0.00581741
-0.00600815
-0.00658035
Field Data
-3079.94
-3074.36
-3060.37
-3042.87
-3023.11
-3001.75
-2980.21
-2957.88
-2934.25
-2906.96
-2884.57
-2863.75
-2840.85
-2814.61
-2792.93
-2770.33
-2748.62
-2725.82
-2702.21
-2679.73
-2651.38
-2630.84
-2609.13
-2586.36
-2563.33
-2540.18
-2518.26
-2495.66
-2472.1
-2449.22
-2421.64
-2401.58
-2379.72
-2356.54
-2333.41
-2310.94
-2288.4
-2266.06
-2243.26
-2219.43
-2191.86
-2171.93
-2150.11
-2126.9
-2103.82
-2081.14
-2056.46
-2034.44
-2011.94
-1989.68
-1966.47
-1943.51
-1921.73
-1898.45
-1875.28
-1852.15
-1826.06
-1804.48
-1781.95
-1760.46
-1736.99
-1714.08
-1692.72
-1669.32
-1645.7
-1622.75
-1596.65
-1575.46
-1553.93
-1530.95
-1507.53
-1484.87
-1463.57
-1440.17
-1416.56
-1393.63
-1366.33
-1346.13
-1324.67
-1302.72
-1278.95
-1256.01
-1233.78
-1211.51
-1188.16
-1165.1
-1141.64
-1117.16
-1095.04
-1072.42
-1049.67
-1026.99
-1005.79
-982.469
-958.908
-935.645
-912.547
-888.564
-866.002
-843.965
-820.898
-793.751
-773.106
-751.955
-728.952
-706.289
-683.399
-663.188
-640.062
-613.515
-591.491
-568.982
-546.938
-524.625
-500.994
-478.085
-451.718
-430.096
-408.795
-385.979
-362.955
-340.081
-317.959
-295.601
-272.398
-249.043
-222.38
-201.671
-180.158
-157.158
-133.962
-111.228
-90.0458
-67.0822
-43.6042
-20.3887
2.39134
27.9557
50.1442
72.4357
95.5866
118.413
144.262
164.139
186.138
209.178
231.584
Time Data
0
0.1
0.2
0.3
0.4
0.5
0.6
0.7
0.8
0.9
1
1.1
1.2
1.3
1.4
1.5
1.6
1.7
1.8
1.9
2
2.1
2.2
2.3
2.4
2.5
2.6
2.7
2.8
2.9
3
3.1
3.2
3.3
3.4
3.5
3.6
3.7
3.8
3.9
4
4.1
4.2
4.3
4.4
4.5
4.6
4.7
4.8
4.9
5
5.1
5.2
5.3
5.4
5.5
5.6
5.7
5.8
5.9
5.99999999999999
6.09999999999999
6.19999999999999
6.29999999999999
6.39999999999999
6.49999999999999
6.59999999999999
6.69999999999999
6.79999999999999
6.89999999999999
6.99999999999999
7.09999999999999
7.19999999999999
7.29999999999999
7.39999999999999
7.49999999999999
7.59999999999999
7.69999999999999
7.79999999999999
7.89999999999999
7.99999999999999
8.09999999999999
8.19999999999999
8.29999999999999
8.39999999999999
8.49999999999999
8.59999999999999
8.69999999999999
8.79999999999998
8.89999999999998
8.99999999999998
9.09999999999998
9.19999999999998
9.29999999999998
9.39999999999998
9.49999999999998
9.59999999999998
9.69999999999998
9.79999999999998
9.89999999999998
9.99999999999998
10.1
10.2
10.3
10.4
10.5
10.6
10.7
10.8
10.9
11
11.1
11.2
11.3
11.4
11.5
11.6
11.7
11.8
11.9
12
12.1
12.2
12.3
12.4
12.5
12.6
12.7
12.8
12.9
13
13.1
13.2
13.3
13.4
13.5
13.6
13.7
13.8
13.9
14
14.1
14.2
14.3
14.4
14.5
14.6
Temperature Data
0
0
0
0
0
0
0
0
0
0
0
0
0
0
0
0
0
0
0
0
0
0
0
0
0
0
0
0
0
0
0
0
0
0
0
0
0
0
0
0
0
0
0
0
0
0
0
0
0
0
0
0
0
0
0
0
0
0
0
0
0
0
0
0
0
0
0
0
0
0
0
0
0
0
0
0
0
0
0
0
0
0
0
0
0
0
0
0
0
0
0
0
0
0
0
0
0
0
0
0
0
0
0
0
0
0
0
0
0
0
0
0
0
0
0
0
0
0
0
0
0
0
0
0
0
0
0
0
0
0
0
0
0
0
0
0
0
0
0
0
0
0
0
0
0
0
0
Angle Data
0
0
0
0
0
0
0
0
0
0
0
0
0
0
0
0
0
0
0
0
0
0
0
0
0
0
0
0
0
0
0
0
0
0
0
0
0
0
0
0
0
0
0
0
0
0
0
0
0
0
0
0
0
0
0
0
0
0
0
0
0
0
0
0
0
0
0
0
0
0
0
0
0
0
0
0
0
0
0
0
0
0
0
0
0
0
0
0
0
0
0
0
0
0
0
0
0
0
0
0
0
0
0
0
0
0
0
0
0
0
0
0
0
0
0
0
0
0
0
0
0
0
0
0
0
0
0
0
0
0
0
0
0
0
0
0
0
0
0
0
0
0
0
0
0
0
0
Bx Data
0
0
0
0
0
0
0
0
0
0
0
0
0
0
0
0
0
0
0
0
0
0
0
0
0
0
0
0
0
0
0
0
0
0
0
0
0
0
0
0
0
0
0
0
0
0
0
0
0
0
0
0
0
0
0
0
0
0
0
0
0
0
0
0
0
0
0
0
0
0
0
0
0
0
0
0
0
0
0
0
0
0
0
0
0
0
0
0
0
0
0
0
0
0
0
0
0
0
0
0
0
0
0
0
0
0
0
0
0
0
0
0
0
0
0
0
0
0
0
0
0
0
0
0
0
0
0
0
0
0
0
0
0
0
0
0
0
0
0
0
0
0
0
0
0
0
0
Hint Data
0
0
0
0
0
0
0
0
0
0
0
0
0
0
0
0
0
0
0
0
0
0
0
0
0
0
0
0
0
0
0
0
0
0
0
0
0
0
0
0
0
0
0
0
0
0
0
0
0
0
0
0
0
0
0
0
0
0
0
0
0
0
0
0
0
0
0
0
0
0
0
0
0
0
0
0
0
0
0
0
0
0
0
0
0
0
0
0
0
0
0
0
0
0
0
0
0
0
0
0
0
0
0
0
0
0
0
0
0
0
0
0
0
0
0
0
0
0
0
0
0
0
0
0
0
0
0
0
0
0
0
0
0
0
0
0
0
0
0
0
0
0
0
0
0
0
0
Torque Data
18.7984753888
17.8848126076
16.9278551847
18.2820193905
16.7217585741
16.6036097925
18.7581867925
17.2072006908
17.6294141375
15.5248524368
17.3309292455
15.294085975
15.7136220135
19.0579776249
17.0467041136
18.2297410155
16.514121253
18.4567725438
17.0083852925
17.1224564026
16.1827508576
16.0573845568
15.9248771376
15.0459165276
15.6453359216
14.0505230358
15.3702502752
14.1612732776
15.088511792
13.0802553476
14.7805281728
14.429052877
14.97855261
15.0573951148
14.9096032042
13.884474161
14.4037617
13.614828389
14.119639255
15.0279602787
12.7509482826
13.0492812295
11.8929249441
12.778734235
11.9378320552
11.5114304934
12.943873355
12.223220686
13.8149055324
12.1440516736
11.8148467305
11.8622521552
11.7293174896
10.5009154695
11.4458089856
11.6578951375
9.4910016318
10.4973999968
10.876167464
11.080775355
10.9330493075
11.279246328
9.6051026592
10.1887280064
9.102876867
9.90448708
10.0497142625
9.1650967586
9.7808239025
9.6361820375
9.2012395056
8.4256869332
9.3516561434
9.2021390354
9.0512801072
7.9079583268
7.2969946714
8.0877509595
7.9588160605
8.19964536
8.0500310375
8.5045567509
7.765719765
7.3944755152
7.47857608
7.000095565
6.6413879524
6.712064854
6.3702966464
6.2387068322
6.4066818384
6.2682540048
5.7072145444
5.99651919088
5.30401740948
5.62149550675
4.87353025726
5.04203201904
5.4508330885
4.7889612374
5.01036736096
4.76897507065
4.6449368139
4.51785843325
4.588206126
4.31084903728
3.78009172269
3.85803650308
3.90663121824
3.68609014725
3.61017714832
3.4185292033
3.4425645065
3.30212090625
3.20116128228
3.0547814777
2.88630636716
2.62509953792
2.57305792875
2.46625913798
2.28452950875
2.14055483425
1.91034536585
1.71963221341
1.50671778138
1.44878523863
1.399715315
1.23090298192
1.0824162877
1.0341546453
0.8431903185
0.71070465336
0.56677077665
0.409437549344
0.253663509122
0.138053722683
-0.0139114052294
-0.162629768737
-0.32996638647
-0.435204550955
-0.60164595705
-0.74532102525
-0.92177936044
-1.03313190075
-1.08284106258
-1.2567728007
-1.5239037744
dMdH Data
-4.14874551971339E-06
-6.79270907791264E-06
5.59542857142855E-06
3.17560728744945E-06
5.25655430711604E-06
-3.59610027855152E-06
3.06135244066279E-06
-3.11849344054165E-06
-7.74056430927083E-06
5.55783832067891E-06
4.56724303554271E-06
3.55458515283851E-07
-3.79306402439026E-06
2.40313653136501E-07
-8.54557522123896E-06
1.13261169967756E-05
-6.44210526315795E-06
1.13214739517153E-06
-6.46352313167279E-07
3.15132275132277E-06
5.21616358325222E-06
1.26149239981575E-05
-7.09749670619238E-06
-1.77551020408162E-06
3.62246220302374E-06
-5.97399635036504E-06
2.70707964601766E-06
-2.38242784380309E-06
-5.99650349650311E-07
4.86947063089166E-07
6.24576271186443E-06
6.99268069533392E-06
-8.23166522864546E-06
-6.34630350194549E-06
-1.25678682688028E-06
1.78926353149955E-06
4.28737690241717E-06
3.4008771929825E-06
9.42929080990339E-07
-2.12513601741025E-06
1.30205720020065E-06
-1.39427131072412E-05
9.95691512279191E-06
8.64861351819757E-06
-4.01895943562605E-06
-8.07860615883311E-06
-4.31970935513169E-06
5.44355555555553E-06
6.56963162623543E-06
3.46402412753121E-06
-9.15374564459929E-06
7.39669421487592E-07
-3.70103092783506E-06
2.88174363400952E-06
1.28543017725897E-05
2.56688386354925E-06
-6.41241890639485E-06
6.47492232578785E-06
-9.07957189390414E-06
-3.03792074989347E-06
6.56831078131817E-06
-1.17897940074907E-05
1.20162393162393E-05
7.08467400508048E-06
-4.4627450980392E-06
-5.50076628352492E-06
-6.12175554506841E-06
1.54681839294008E-05
9.99738903394255E-06
-1.84927412467977E-06
-1.27864077669902E-05
5.0788732394366E-06
-9.99059829059832E-06
9.6992799661135E-08
1.09638028783254E-05
2.52564102564101E-06
-1.7014851485149E-06
1.31104380242311E-05
-3.61640091116174E-06
-1.32057214976862E-06
7.35789014821272E-06
-9.84570400359875E-06
6.52581948810063E-06
3.81156316916455E-07
-1.23490893321768E-05
-5.02728047740841E-06
1.23508986928104E-05
-6.382007233273E-06
1.06105216622458E-05
1.68659340659342E-06
-5.39770723104054E-06
9.36981132075469E-06
-4.24853136657952E-06
-2.69640507618522E-06
5.00881227700641E-06
3.66092302363842E-06
-1.30104657465704E-05
-3.22710752592857E-06
1.49017561374053E-05
-3.62335804395893E-06
-1.57586473643497E-06
2.61564543472997E-07
2.30627393503854E-06
1.31548058948836E-06
-3.83885628557577E-07
3.99694189602445E-06
3.75092771263175E-06
-8.19424024907023E-07
-1.64576034956868E-06
-5.39547766073376E-06
2.30574436891889E-07
5.04082743603703E-06
-5.2256532066509E-07
6.02725233803057E-06
6.89292417827054E-06
-4.8431751810976E-06
5.04624919063916E-06
-6.18656401107928E-06
1.92321178120617E-06
4.9678596247394E-06
1.01324648072047E-05
-6.346623270952E-06
1.50326505054119E-06
-5.50015084256346E-06
-1.11984585741811E-05
1.78280763604996E-05
5.86846298710705E-06
8.39910751638543E-06
-1.02486956521739E-05
-5.80660458699775E-06
7.49934019530218E-06
1.14969172229514E-05
3.01477120312146E-06
-5.76113808671948E-06
-3.24352264650772E-06
-9.77610223687053E-07
3.51504985847485E-06
8.43590148049665E-06
-4.56227710113721E-06
6.86884743141736E-06
-2.45023306347037E-06
5.79906379357036E-06
-1.09910952356996E-05
-4.47656711668713E-06
9.30164930555556E-06
-5.35481567437293E-06
-5.35481567437293E-06
dMdT Data
0
0
0
0
0
0
0
0
0
0
0
0
0
0
0
0
0
0
0
0
0
0
0
0
0
0
0
0
0
0
0
0
0
0
0
0
0
0
0
0
0
0
0
0
0
0
0
0
0
0
0
0
0
0
0
0
0
0
0
0
0
0
0
0
0
0
0
0
0
0
0
0
0
0
0
0
0
0
0
0
0
0
0
0
0
0
0
0
0
0
0
0
0
0
0
0
0
0
0
0
0
0
0
0
0
0
0
0
0
0
0
0
0
0
0
0
0
0
0
0
0
0
0
0
0
0
0
0
0
0
0
0
0
0
0
0
0
0
0
0
0
0
0
0
0
0
0
 
*********************************************** Results ***************************************
 
TotalArea 0
AreaFirstQuad 0
AreaSecondQuad 0
AreaThirdQuad 0
AreaFourthQuad 0
Coercivity 0
PositiveCoercivity 0
NegativeCoercivity 0
Retentivity 7.24536753720919E-03
PositiveRetentivity -1.77617372759861E-02
NegativeRetentivity -3.27100220156769E-03
Magnetization 0.00518289
PositiveMagnetization -0.00284501
NegativeMagnetization -0.00518289
Flatness 1.45146118326906
Squareness 1.39793967018578
SStar 0
SFD1 0
SFD2 0
Slope 0
Intercept 0
SlopeAtHc -5.35481567437293E-06
dH1 -873.199802540519
dH2 96.3999999999999
InitialSlope -4.14874551971339E-06
FieldAtHalfMs 231.584
FieldAtMs 144.262
MomentMean -4.29388380952381E-03
MomentRMS 6.14495804052165E-04
SFD3 0
dH3 -1746.39960508104
UserField1 0
UserField2 0
CenterField 0
ExchangeField 0
ExchangeMoment 0
ExRegionOneIntercept 0
ExRegionOneSlope 0
ExRegionTwoIntercept 0
ExRegionTwoSlope 0
NegativeIntercept 0
NegativeSlope 0
AutoCenterOffset 0
PinningField 0
PinningMoment 0
PinRegionOneIntercept 0
PinRegionOneSlope 0
PinRegionTwoIntercept 0
PinRegionTwoSlope 0
PositiveIntercept 0
PositiveSlope 0
TotalOffset 0
BHMax 0
BCoercivity 0
BRetentivity 0
BNegativeCoercivity 0
BPositiveCoercivity 0
BNegativeRetentivity 0
BPositiveRetentivity 0
MomentYMean -6.05907653061224E-03
MomentYRMS 3.34795510529573E-04
YOffCorrection 0
Mrt 0
Ms1 0
Ms2 0
Ms3 0
Hc2 0
Hex2 0
HsatValue 0
HsatIntercept 0
HsatSlope 0
CenterH 0
Span .00233788
SpanAsPercentOfRange -44.1109433962264
RMSAsPercentOfRange -11.5942604538144
SpanAsPercentOfMean -54.4467457366824
RMSAsPercentOfMean -14.310955566362
