Version 1.25
******************************************** Units *******************************************
System CGS
TemperatureUnit K
MomentUnit emu
AppliedFieldUnit G
 
******************************************** Setup ********************************************
 
Experiment CustomField
Minor False
Acquisition Continuous
EditedPoint No
MaxField 15000
FieldIncrement 100
Points 147
MinField 0
RampRate 10
AverageTime 0.1
TimeInterval 0
TimeConstant 0.1
TimeConstantIndex 0
Sensitivity -0.0053
SensitivityIndex 5
SensitivityY -400
SensitivityIndexY 0
SaturationField 8000
ExperimentTime 100
Use735Domains True
AutoRangeEnabled False
NumberOfVertices 2
VertexPts
0
146
VertexField
-3149.0787
213.5678
StartAngle 0
EndAngle 0
AngleIncrement 0
StartTemp 0
FinishTemp 0
TempIncrement 0
TempPoints 0
LengthofSetPointsArray 147
SetPointArray
-3149.07873
-3126.0469
-3103.01508
-3079.98325
-3056.95142
-3033.9196
-3010.88777
-2987.85595
-2964.82412
-2941.79229
-2918.76047
-2895.72864
-2872.69682
-2849.66499
-2826.63317
-2803.60134
-2780.56951
-2757.53769
-2734.50586
-2711.47404
-2688.44221
-2665.41039
-2642.37856
-2619.34673
-2596.31491
-2573.28308
-2550.25126
-2527.21943
-2504.1876
-2481.15578
-2458.12395
-2435.09213
-2412.0603
-2389.02848
-2365.99665
-2342.96482
-2319.933
-2296.90117
-2273.86935
-2250.83752
-2227.8057
-2204.77387
-2181.74204
-2158.71022
-2135.67839
-2112.64657
-2089.61474
-2066.58291
-2043.55109
-2020.51926
-1997.48744
-1974.45561
-1951.42379
-1928.39196
-1905.36013
-1882.32831
-1859.29648
-1836.26466
-1813.23283
-1790.20101
-1767.16918
-1744.13735
-1721.10553
-1698.0737
-1675.04188
-1652.01005
-1628.97822
-1605.9464
-1582.91457
-1559.88275
-1536.85092
-1513.8191
-1490.78727
-1467.75544
-1444.72362
-1421.69179
-1398.65997
-1375.62814
-1352.59631
-1329.56449
-1306.53266
-1283.50084
-1260.46901
-1237.43719
-1214.40536
-1191.37353
-1168.34171
-1145.30988
-1122.27806
-1099.24623
-1076.21441
-1053.18258
-1030.15075
-1007.11893
-984.0871
-961.05528
-938.02345
-914.99162
-891.9598
-868.92797
-845.89615
-822.86432
-799.8325
-776.80067
-753.76884
-730.73702
-707.70519
-684.67337
-661.64154
-638.60972
-615.57789
-592.54606
-569.51424
-546.48241
-523.45059
-500.41876
-477.38693
-454.35511
-431.32328
-408.29146
-385.25963
-362.22781
-339.19598
-316.16415
-293.13233
-270.1005
-247.06868
-224.03685
-201.00503
-177.9732
-154.94137
-131.90955
-108.87772
-85.8459
-62.81407
-39.78224
-16.75042
6.28141
29.31323
52.34506
75.37688
98.40871
121.44054
144.47236
167.50419
190.53601
213.56784
FieldDomainFile C:\IDEASVSM\Default UserID\Experiments\FORCexp0192B\fdomain.ini
TempDomainFile C:\IDEASVSM\Default UserID\Experiments\FORCexp0192B\tdomain.ini
NumSelectedResults 0
ResultsSelected 
UserName1 
UserValue1 
UserName2 
UserValue2 
LinearBackgroundCorrection Off
MaxLinearFieldCorrection 
MinLinearFieldCorrection 
AutoLinearCorrection Off
FitOneRegion Off
BackgroundMode Off
BackgroundFilename 
AutoCenter Off
OffsetCorrection 
SmoothDeriv Off
DerivOrder 0
DerivPoints 0
MinExFieldOne 
MaxExFieldOne 
MinExFieldTwo 
MaxExFieldTwo 
MinPinFieldOne 
MaxPinFieldOne 
MinPinFieldTwo 
MaxPinFieldTwo 
HCenterStart 
Mass 
Volume 
Density 
MolarWeight 
NumberOfMoles 
Demagnetization 
SampleArea 
Thickness 
MomentScaling 0
XAxis 0
YAxis 0
SimpleSpinValve False
HsatMax 0
HsatMin 0
FieldAutoRange False
 
*************************************************** Experiment Data ********************************************
 
DataPoints 147
MomentX Data
-0.00499528
-0.0049699
-0.00483655
-0.00483148
-0.0049323
-0.00502758
-0.00505058
-0.00516318
-0.0049579
-0.00484114
-0.00487962
-0.00512884
-0.00526585
-0.00490315
-0.00485564
-0.00478188
-0.00506183
-0.0049717
-0.0051306
-0.00519687
-0.005274
-0.00513555
-0.00494122
-0.00459786
-0.00485557
-0.00497148
-0.00487554
-0.00488678
-0.00465734
-0.00468163
-0.00495818
-0.00507605
-0.00476337
-0.00462207
-0.00461924
-0.0047198
-0.00498925
-0.0050867
-0.0051214
-0.00500171
-0.00470005
-0.00458577
-0.00467831
-0.00482779
-0.00481851
-0.00470129
-0.0045534
-0.00446051
-0.00476989
-0.00484287
-0.00490796
-0.00485788
-0.00484209
-0.00471142
-0.00472947
-0.00482199
-0.0048002
-0.0048041
-0.00472349
-0.00461441
-0.00487485
-0.0048877
-0.00484321
-0.00485681
-0.00468675
-0.00453319
-0.00445994
-0.00449335
-0.00458161
-0.00450616
-0.00455941
-0.00441632
-0.00446314
-0.00430108
-0.00451612
-0.00466426
-0.00454189
-0.00449942
-0.00454503
-0.00471079
-0.00457108
-0.00465417
-0.00443456
-0.00440894
-0.00421008
-0.00408506
-0.00433293
-0.00432141
-0.004206
-0.00404634
-0.00397336
-0.00408818
-0.00416956
-0.0042699
-0.00435119
-0.00434823
-0.00411569
-0.0041405
-0.00414291
-0.00402923
-0.00426113
-0.00425271
-0.00422402
-0.00405331
-0.00391881
-0.00402578
-0.00421625
-0.00416129
-0.00416871
-0.00401378
-0.00417628
-0.00396153
-0.00384841
-0.00399555
-0.00401127
-0.00381586
-0.00361974
-0.00367245
-0.00395569
-0.00398056
-0.00401001
-0.00376196
-0.00371595
-0.00362777
-0.00369219
-0.00381964
-0.00382764
-0.00383932
-0.00364046
-0.00355474
-0.00348843
-0.00367361
-0.00353024
-0.00356126
-0.00337243
-0.00313811
-0.00322033
-0.00329615
-0.00351433
-0.00370952
-0.00340688
-0.00312056
-0.00340959
-0.00309253
-0.00314257
-0.00319287
-0.00312319
MomentY Data
-0.00567436
-0.00581741
-0.00600815
-0.00600815
-0.00553131
-0.00581741
-0.00600815
-0.00610352
-0.00553131
-0.00581741
-0.00610352
-0.00581741
-0.00610352
-0.00600815
-0.00629425
-0.00600815
-0.00600815
-0.00600815
-0.00610352
-0.00553131
-0.00567436
-0.00629425
-0.00610352
-0.00638962
-0.00600815
-0.00610352
-0.00600815
-0.00600815
-0.00600815
-0.00658035
-0.00629425
-0.00581741
-0.00610352
-0.00629425
-0.00581741
-0.00600815
-0.00658035
-0.00581741
-0.00629425
-0.00567436
-0.00600815
-0.00629425
-0.00567436
-0.00600815
-0.00610352
-0.00610352
-0.00610352
-0.00638962
-0.00638962
-0.00610352
-0.00581741
-0.00629425
-0.00581741
-0.00629425
-0.00600815
-0.00629425
-0.00600815
-0.00677109
-0.00581741
-0.00629425
-0.00629425
-0.00534058
-0.00629425
-0.00581741
-0.00600815
-0.00553131
-0.00553131
-0.00553131
-0.00600815
-0.00629425
-0.00567436
-0.00658035
-0.00600815
-0.00600815
-0.00534058
-0.00658035
-0.00567436
-0.00600815
-0.00581741
-0.00567436
-0.00581741
-0.00600815
-0.00638962
-0.00600815
-0.00610352
-0.00600815
-0.00638962
-0.00600815
-0.00600815
-0.00600815
-0.00600815
-0.00629425
-0.00581741
-0.00638962
-0.00600815
-0.00658035
-0.00600815
-0.00658035
-0.00600815
-0.00629425
-0.00638962
-0.00610352
-0.00581741
-0.00581741
-0.00519753
-0.00686646
-0.00638962
-0.00581741
-0.00600815
-0.00600815
-0.00638962
-0.00638962
-0.00581741
-0.00629425
-0.00553131
-0.00658035
-0.00629425
-0.00629425
-0.00638962
-0.00610352
-0.00629425
-0.00629425
-0.00629425
-0.00638962
-0.00629425
-0.00610352
-0.00677109
-0.00658035
-0.00686646
-0.00629425
-0.00638962
-0.00610352
-0.00629425
-0.00658035
-0.00581741
-0.00629425
-0.00638962
-0.00581741
-0.00658035
-0.00600815
-0.00600815
-0.00658035
-0.00629425
-0.00658035
-0.00610352
-0.00553131
-0.00629425
Field Data
-3149.14
-3147.13
-3137.65
-3122.14
-3103.35
-3078.77
-3058.73
-3036.84
-3014.13
-2990.86
-2967.5
-2946.11
-2922.37
-2895.63
-2872.36
-2849.68
-2829.17
-2805.76
-2782.55
-2759.41
-2736.46
-2711.23
-2689.52
-2667.19
-2643.53
-2620.25
-2599.4
-2575.77
-2552.52
-2529.04
-2506.12
-2479.71
-2459.83
-2437.1
-2414.23
-2391.34
-2368.57
-2346.31
-2323.45
-2299.98
-2276.88
-2250.52
-2230.75
-2207.62
-2184.61
-2161.7
-2139.15
-2116.88
-2094.7
-2070.53
-2047.17
-2021.1
-2001.43
-1978.46
-1955.26
-1932.27
-1909.74
-1887.87
-1865.67
-1841.24
-1814.46
-1793.33
-1771.5
-1748.51
-1725.66
-1702.73
-1676.03
-1655.61
-1634.31
-1611.67
-1588.66
-1565.54
-1543.61
-1521.04
-1497.44
-1474.45
-1447.09
-1426.57
-1405.72
-1383.28
-1359.52
-1336.39
-1314.3
-1291.87
-1268.66
-1245.36
-1218.11
-1197.41
-1176.82
-1154.26
-1130.73
-1107.28
-1085.67
-1062.65
-1039.67
-1016.29
-989.351
-968.541
-947.575
-924.653
-901.72
-878.519
-856.451
-834.116
-810.699
-787.374
-764.359
-740.026
-717.713
-694.813
-672.768
-649.848
-624.403
-602.503
-579.995
-557.332
-534.617
-511.81
-490.46
-467.779
-444.511
-420.964
-394.453
-373.841
-351.647
-328.876
-306.075
-283.644
-261.689
-239.272
-215.954
-191.815
-165.866
-144.504
-122.36
-99.8184
-77.0706
-55.1887
-32.998
-10.5902
13.3482
36.723
64.106
84.8838
106.264
129.08
151.855
Time Data
0
0.1
0.2
0.3
0.4
0.5
0.6
0.7
0.8
0.9
1
1.1
1.2
1.3
1.4
1.5
1.6
1.7
1.8
1.9
2
2.1
2.2
2.3
2.4
2.5
2.6
2.7
2.8
2.9
3
3.1
3.2
3.3
3.4
3.5
3.6
3.7
3.8
3.9
4
4.1
4.2
4.3
4.4
4.5
4.6
4.7
4.8
4.9
5
5.1
5.2
5.3
5.4
5.5
5.6
5.7
5.8
5.9
5.99999999999999
6.09999999999999
6.19999999999999
6.29999999999999
6.39999999999999
6.49999999999999
6.59999999999999
6.69999999999999
6.79999999999999
6.89999999999999
6.99999999999999
7.09999999999999
7.19999999999999
7.29999999999999
7.39999999999999
7.49999999999999
7.59999999999999
7.69999999999999
7.79999999999999
7.89999999999999
7.99999999999999
8.09999999999999
8.19999999999999
8.29999999999999
8.39999999999999
8.49999999999999
8.59999999999999
8.69999999999999
8.79999999999998
8.89999999999998
8.99999999999998
9.09999999999998
9.19999999999998
9.29999999999998
9.39999999999998
9.49999999999998
9.59999999999998
9.69999999999998
9.79999999999998
9.89999999999998
9.99999999999998
10.1
10.2
10.3
10.4
10.5
10.6
10.7
10.8
10.9
11
11.1
11.2
11.3
11.4
11.5
11.6
11.7
11.8
11.9
12
12.1
12.2
12.3
12.4
12.5
12.6
12.7
12.8
12.9
13
13.1
13.2
13.3
13.4
13.5
13.6
13.7
13.8
13.9
14
14.1
14.2
14.3
14.4
14.5
14.6
Temperature Data
0
0
0
0
0
0
0
0
0
0
0
0
0
0
0
0
0
0
0
0
0
0
0
0
0
0
0
0
0
0
0
0
0
0
0
0
0
0
0
0
0
0
0
0
0
0
0
0
0
0
0
0
0
0
0
0
0
0
0
0
0
0
0
0
0
0
0
0
0
0
0
0
0
0
0
0
0
0
0
0
0
0
0
0
0
0
0
0
0
0
0
0
0
0
0
0
0
0
0
0
0
0
0
0
0
0
0
0
0
0
0
0
0
0
0
0
0
0
0
0
0
0
0
0
0
0
0
0
0
0
0
0
0
0
0
0
0
0
0
0
0
0
0
0
0
0
0
Angle Data
0
0
0
0
0
0
0
0
0
0
0
0
0
0
0
0
0
0
0
0
0
0
0
0
0
0
0
0
0
0
0
0
0
0
0
0
0
0
0
0
0
0
0
0
0
0
0
0
0
0
0
0
0
0
0
0
0
0
0
0
0
0
0
0
0
0
0
0
0
0
0
0
0
0
0
0
0
0
0
0
0
0
0
0
0
0
0
0
0
0
0
0
0
0
0
0
0
0
0
0
0
0
0
0
0
0
0
0
0
0
0
0
0
0
0
0
0
0
0
0
0
0
0
0
0
0
0
0
0
0
0
0
0
0
0
0
0
0
0
0
0
0
0
0
0
0
0
Bx Data
0
0
0
0
0
0
0
0
0
0
0
0
0
0
0
0
0
0
0
0
0
0
0
0
0
0
0
0
0
0
0
0
0
0
0
0
0
0
0
0
0
0
0
0
0
0
0
0
0
0
0
0
0
0
0
0
0
0
0
0
0
0
0
0
0
0
0
0
0
0
0
0
0
0
0
0
0
0
0
0
0
0
0
0
0
0
0
0
0
0
0
0
0
0
0
0
0
0
0
0
0
0
0
0
0
0
0
0
0
0
0
0
0
0
0
0
0
0
0
0
0
0
0
0
0
0
0
0
0
0
0
0
0
0
0
0
0
0
0
0
0
0
0
0
0
0
0
Hint Data
0
0
0
0
0
0
0
0
0
0
0
0
0
0
0
0
0
0
0
0
0
0
0
0
0
0
0
0
0
0
0
0
0
0
0
0
0
0
0
0
0
0
0
0
0
0
0
0
0
0
0
0
0
0
0
0
0
0
0
0
0
0
0
0
0
0
0
0
0
0
0
0
0
0
0
0
0
0
0
0
0
0
0
0
0
0
0
0
0
0
0
0
0
0
0
0
0
0
0
0
0
0
0
0
0
0
0
0
0
0
0
0
0
0
0
0
0
0
0
0
0
0
0
0
0
0
0
0
0
0
0
0
0
0
0
0
0
0
0
0
0
0
0
0
0
0
0
Torque Data
17.8693540504
18.3081455333
18.8514718475
18.758285441
17.1655908885
17.9104673857
18.3773086495
18.5354136768
16.6720874103
17.3990588726
18.1121956
17.1387297751
17.8367437424
17.3973793845
18.07935193
17.121304892
16.9980777355
16.857426944
16.983349576
15.2631521271
15.5276591656
17.0651594275
16.4155391104
17.0423305678
15.8827247695
15.99274828
15.61758511
15.4756125255
15.335923038
16.641968364
15.77414581
14.4254897511
15.0136216016
15.339716675
14.0445657443
14.367529421
15.5860195995
13.6494472571
14.6243751625
13.0509145128
13.679836572
14.16533551
12.65807857
13.263712103
13.3338108272
13.193979184
13.056344808
13.5260587856
13.384337014
12.6375212656
11.9092272297
12.721308675
11.6431388963
12.452921855
11.747495369
12.1621904475
11.474004381
12.7829376783
10.8533673147
11.58922487
11.420664855
9.5774223314
11.150263875
10.1717995591
10.368024129
9.4183274763
9.2706414993
9.1576921491
9.8191796265
10.1442538975
9.0146287576
10.301801139
9.2742404215
9.138636476
7.9971981152
9.7023970575
8.2113096124
8.5710465455
8.1776495852
7.8492287008
7.9088852432
8.0292315785
8.397877566
7.7617487405
7.7432916832
7.482309684
7.7832600182
7.1942188915
7.070511083
6.934967219
6.7935954495
6.96949714
6.3157875147
6.789929693
6.2464933105
6.6875439015
5.94416921065
6.37333876935
5.69317273625
5.81999714525
5.7616481464
5.36205828688
4.98232661191
4.85239475956
4.21363237347
5.40647207604
4.88396355358
4.30503465266
4.31212736095
4.17454072595
4.29873186816
4.15228177776
3.63240825623
3.79230450775
3.20813214345
3.6674396262
3.36501305225
3.2214600925
3.1338530252
2.85509848208
2.79786336175
2.649652657
2.48278579525
2.38870193042
2.21335412975
2.00730124352
2.07246137175
1.8664767954
1.79687705094
1.506037786
1.37986399748
1.1707466888
1.0440020705
0.9508868964
0.7118182876
0.6282819642
0.492451847172
0.321055295267
0.2171383893
0.06362751013
-0.08019798783
-0.24165019305
-0.4034991905
-0.55856511333
-0.64858444928
-0.7139814948
-0.95581333375
dMdH Data
1.26268656716434E-05
1.40664556962025E-05
3.26885880077381E-07
-5.36562001064396E-06
-3.87632221318148E-06
-1.14770459081834E-06
-5.14390132480588E-06
9.03918978423598E-06
5.01761925225615E-06
-1.64726027397261E-06
-1.16512388966807E-05
-5.7712721145745E-06
1.35639491398655E-05
2.04168457241086E-06
3.25220458553788E-06
-1.36494392979036E-05
3.85006407518157E-06
-6.84618698836707E-06
-2.86387208297318E-06
-3.36078431372551E-06
5.48751486325802E-06
8.95117457392907E-06
1.53766233766234E-05
-1.0892223161454E-05
-4.97895189003434E-06
4.60143884892089E-06
-4.75666525603046E-07
9.86838709677419E-06
-1.03449744463372E-06
-1.20658813263525E-05
-4.46308216584629E-06
1.57283702213279E-05
6.21645402551695E-06
1.23742894621762E-07
-4.39318479685453E-06
-1.18335529205095E-05
-4.37780772686432E-06
-1.51793525809271E-06
5.09970174691097E-06
1.30588744588745E-05
4.33535660091043E-06
-4.6808295397066E-06
-6.4626026805015E-06
4.0330291177751E-07
5.11654299432553E-06
6.55831485587593E-06
4.17108217332735E-06
-1.39486023444543E-05
-3.01944559371127E-06
-2.78638698630137E-06
1.92098197161487E-06
8.0274529740722E-07
5.68872442316065E-06
-7.78017241379324E-07
-4.02435841670289E-06
9.67154904571676E-07
-1.78326474622782E-07
3.63108108108111E-06
4.46500204666393E-06
-9.72516803584765E-06
-6.08140085186935E-07
2.0380210719194E-06
-5.91561548499343E-07
7.44245076586435E-06
6.69690361971213E-06
2.74344569288391E-06
-1.63614103819785E-06
-4.14366197183098E-06
3.33259717314487E-06
-2.31421121251628E-06
6.18901384083043E-06
-2.13497492020065E-06
7.18032786885249E-06
-9.11186440677972E-06
-6.4436711613745E-06
4.47258771929823E-06
2.0696881091618E-06
-2.18752997601922E-06
-7.38680926916219E-06
5.88005050505052E-06
-3.59230436662345E-06
9.9416025350837E-06
1.14222024074898E-06
8.56785868160284E-06
5.36566523605146E-06
-9.09614678899082E-06
5.56521739130403E-07
5.60514813016027E-06
7.07712765957448E-06
3.10157246068846E-06
-4.8963752665245E-06
-3.76584914391486E-06
-4.35881841876629E-06
-3.5374238468233E-06
1.26603934987158E-07
8.6320947325439E-06
-1.19221528111486E-06
-1.14948011065514E-07
4.95942762411655E-06
-1.01120655823486E-05
3.62915391577962E-07
1.300072503172E-06
7.64316095813745E-06
5.74369048127428E-06
-4.58606645230439E-06
-8.27590701716276E-06
2.25866107754902E-06
-3.3254156769597E-07
6.76550218340613E-06
-7.37128600589706E-06
9.36954624781846E-06
4.44566712517197E-06
-6.7187214611872E-06
-6.98418340145739E-07
8.62242421568195E-06
8.63394232885756E-06
-2.31113254702503E-06
-1.32665105386417E-05
-1.09651249944887E-06
-1.26568678012719E-06
1.05342506476409E-05
1.73550601637056E-06
4.27809043275761E-06
-2.90258628458141E-06
-5.59703131175617E-06
-3.50861804306837E-07
-5.2070794882081E-07
9.0576178547028E-06
3.82388365972253E-06
2.84372587700489E-06
-7.67140312357595E-06
5.52506840340668E-06
-1.45211122554068E-06
8.52736632947977E-06
1.03950030166448E-05
-3.61441545995657E-06
-3.46496419415132E-06
-9.83204675832669E-06
-8.71080605860459E-06
1.26424489523109E-05
1.22490887622568E-05
-1.05550889237848E-05
1.52595558721328E-05
-2.34048325085827E-06
-2.20459326788219E-06
3.05949506037322E-06
3.05949506037322E-06
dMdT Data
0
0
0
0
0
0
0
0
0
0
0
0
0
0
0
0
0
0
0
0
0
0
0
0
0
0
0
0
0
0
0
0
0
0
0
0
0
0
0
0
0
0
0
0
0
0
0
0
0
0
0
0
0
0
0
0
0
0
0
0
0
0
0
0
0
0
0
0
0
0
0
0
0
0
0
0
0
0
0
0
0
0
0
0
0
0
0
0
0
0
0
0
0
0
0
0
0
0
0
0
0
0
0
0
0
0
0
0
0
0
0
0
0
0
0
0
0
0
0
0
0
0
0
0
0
0
0
0
0
0
0
0
0
0
0
0
0
0
0
0
0
0
0
0
0
0
0
 
*********************************************** Results ***************************************
 
TotalArea 0
AreaFirstQuad 0
AreaSecondQuad 0
AreaThirdQuad 0
AreaFourthQuad 0
Coercivity 0
PositiveCoercivity 0
NegativeCoercivity 0
Retentivity 1.91720608491521E-02
PositiveRetentivity 0.034768487761199
NegativeRetentivity -3.57563393710524E-03
Magnetization 0.005274
PositiveMagnetization -0.00309253
NegativeMagnetization -0.005274
Flatness 1.18650232571442
Squareness 3.63520304307018
SStar 0
SFD1 0
SFD2 0
Slope 0
Intercept 0
SlopeAtHc 3.05949506037322E-06
dH1 759.177350409593
dH2 88.4000000000001
InitialSlope 1.26268656716434E-05
FieldAtHalfMs 151.855
FieldAtMs 84.8838
MomentMean -4.38111408163265E-03
MomentRMS 5.55469506872716E-04
SFD3 0
dH3 1518.35470081919
UserField1 0
UserField2 0
CenterField 0
ExchangeField 0
ExchangeMoment 0
ExRegionOneIntercept 0
ExRegionOneSlope 0
ExRegionTwoIntercept 0
ExRegionTwoSlope 0
NegativeIntercept 0
NegativeSlope 0
AutoCenterOffset 0
PinningField 0
PinningMoment 0
PinRegionOneIntercept 0
PinRegionOneSlope 0
PinRegionTwoIntercept 0
PinRegionTwoSlope 0
PositiveIntercept 0
PositiveSlope 0
TotalOffset 0
BHMax 0
BCoercivity 0
BRetentivity 0
BNegativeCoercivity 0
BPositiveCoercivity 0
BNegativeRetentivity 0
BPositiveRetentivity 0
MomentYMean -6.09443340136054E-03
MomentYRMS 3.17837324662516E-04
YOffCorrection 0
Mrt 0
Ms1 0
Ms2 0
Ms3 0
Hc2 0
Hex2 0
HsatValue 0
HsatIntercept 0
HsatSlope 0
CenterH 0
Span .00218147
SpanAsPercentOfRange -41.1598113207547
RMSAsPercentOfRange -10.4805567334475
SpanAsPercentOfMean -49.7925860717843
RMSAsPercentOfMean -12.6787272945359
