Version 1.25
******************************************** Units *******************************************
System CGS
TemperatureUnit K
MomentUnit emu
AppliedFieldUnit G
 
******************************************** Setup ********************************************
 
Experiment CustomField
Minor False
Acquisition Continuous
EditedPoint No
MaxField 15000
FieldIncrement 100
Points 147
MinField 0
RampRate 10
AverageTime 0.1
TimeInterval 0
TimeConstant 0.1
TimeConstantIndex 0
Sensitivity -0.0053
SensitivityIndex 5
SensitivityY -400
SensitivityIndexY 0
SaturationField 8000
ExperimentTime 100
Use735Domains True
AutoRangeEnabled False
NumberOfVertices 2
VertexPts
0
146
VertexField
-2273.8693
1088.7772
StartAngle 0
EndAngle 0
AngleIncrement 0
StartTemp 0
FinishTemp 0
TempIncrement 0
TempPoints 0
LengthofSetPointsArray 147
SetPointArray
-2273.86935
-2250.83752
-2227.8057
-2204.77387
-2181.74204
-2158.71022
-2135.67839
-2112.64657
-2089.61474
-2066.58291
-2043.55109
-2020.51926
-1997.48744
-1974.45561
-1951.42379
-1928.39196
-1905.36013
-1882.32831
-1859.29648
-1836.26466
-1813.23283
-1790.20101
-1767.16918
-1744.13735
-1721.10553
-1698.0737
-1675.04188
-1652.01005
-1628.97822
-1605.9464
-1582.91457
-1559.88275
-1536.85092
-1513.8191
-1490.78727
-1467.75544
-1444.72362
-1421.69179
-1398.65997
-1375.62814
-1352.59631
-1329.56449
-1306.53266
-1283.50084
-1260.46901
-1237.43719
-1214.40536
-1191.37353
-1168.34171
-1145.30988
-1122.27806
-1099.24623
-1076.21441
-1053.18258
-1030.15075
-1007.11893
-984.0871
-961.05528
-938.02345
-914.99162
-891.9598
-868.92797
-845.89615
-822.86432
-799.8325
-776.80067
-753.76884
-730.73702
-707.70519
-684.67337
-661.64154
-638.60972
-615.57789
-592.54606
-569.51424
-546.48241
-523.45059
-500.41876
-477.38693
-454.35511
-431.32328
-408.29146
-385.25963
-362.22781
-339.19598
-316.16415
-293.13233
-270.1005
-247.06868
-224.03685
-201.00503
-177.9732
-154.94137
-131.90955
-108.87772
-85.8459
-62.81407
-39.78224
-16.75042
6.28141
29.31323
52.34506
75.37688
98.40871
121.44054
144.47236
167.50419
190.53601
213.56784
236.59966
259.63149
282.66332
305.69514
328.72697
351.75879
374.79062
397.82245
420.85427
443.8861
466.91792
489.94975
512.98157
536.0134
559.04523
582.07705
605.10888
628.1407
651.17253
674.20436
697.23618
720.26801
743.29983
766.33166
789.36348
812.39531
835.42714
858.45896
881.49079
904.52261
927.55444
950.58626
973.61809
996.64992
1019.68174
1042.71357
1065.74539
1088.77722
FieldDomainFile C:\IDEASVSM\Default UserID\Experiments\FORCexp0154B\fdomain.ini
TempDomainFile C:\IDEASVSM\Default UserID\Experiments\FORCexp0154B\tdomain.ini
NumSelectedResults 0
ResultsSelected 
UserName1 
UserValue1 
UserName2 
UserValue2 
LinearBackgroundCorrection Off
MaxLinearFieldCorrection 
MinLinearFieldCorrection 
AutoLinearCorrection Off
FitOneRegion Off
BackgroundMode Off
BackgroundFilename 
AutoCenter Off
OffsetCorrection 
SmoothDeriv Off
DerivOrder 0
DerivPoints 0
MinExFieldOne 
MaxExFieldOne 
MinExFieldTwo 
MaxExFieldTwo 
MinPinFieldOne 
MaxPinFieldOne 
MinPinFieldTwo 
MaxPinFieldTwo 
HCenterStart 
Mass 
Volume 
Density 
MolarWeight 
NumberOfMoles 
Demagnetization 
SampleArea 
Thickness 
MomentScaling 0
XAxis 0
YAxis 0
SimpleSpinValve False
HsatMax 0
HsatMin 0
FieldAutoRange False
 
*************************************************** Experiment Data ********************************************
 
DataPoints 147
MomentX Data
-0.00474543
-0.00475936
-0.00474474
-0.00450387
-0.00444943
-0.00443061
-0.0045211
-0.00469454
-0.00481113
-0.004864
-0.00476982
-0.00486919
-0.00470272
-0.00451825
-0.0042777
-0.00453628
-0.00462913
-0.00451031
-0.00442595
-0.00448371
-0.00463936
-0.00448354
-0.00464359
-0.00473031
-0.00478704
-0.00476739
-0.0046398
-0.00451758
-0.00449258
-0.00474177
-0.00477046
-0.00464704
-0.00460747
-0.00447888
-0.00449164
-0.00471031
-0.00467815
-0.00449465
-0.00436832
-0.00428662
-0.00454718
-0.00422543
-0.00415573
-0.00439074
-0.00437133
-0.00419
-0.00414558
-0.00423547
-0.00444356
-0.00446158
-0.00437106
-0.00425631
-0.00423269
-0.00437916
-0.00437126
-0.0045062
-0.00444562
-0.00433736
-0.00409824
-0.00403806
-0.00438454
-0.00446688
-0.0043214
-0.00427214
-0.00411765
-0.00397135
-0.00399391
-0.0040126
-0.00415786
-0.00412454
-0.00397805
-0.00385146
-0.00410897
-0.00384312
-0.00397023
-0.00400167
-0.00384227
-0.00382754
-0.00366341
-0.00376545
-0.00360553
-0.00363844
-0.00356402
-0.00346629
-0.00345491
-0.00370867
-0.00379893
-0.00361918
-0.00369095
-0.00347443
-0.00354957
-0.00361721
-0.00368475
-0.0037576
-0.00380072
-0.00348553
-0.00305619
-0.00303349
-0.00287521
-0.00290469
-0.00307794
-0.00314501
-0.00303736
-0.00298487
-0.0030222
-0.00339154
-0.00334567
-0.00292273
-0.00287095
-0.00278904
-0.00275144
-0.00255412
-0.00267762
-0.00262303
-0.00264863
-0.00229063
-0.00231934
-0.00252765
-0.00247782
-0.00226882
-0.0019457
-0.00178045
-0.0019882
-0.00197334
-0.00218909
-0.0022506
-0.00182642
-0.00147721
-0.00118939
-0.00149132
-0.0011659
-0.00111674
-0.00105062
-0.000735449
-0.000507825
-0.000234669
-0.000282558
-0.000246552
-0.000191627
0.00032836
0.000797589
0.00091986
0.00124243
0.00138274
0.00158377
0.00184469
0.00218507
MomentY Data
-0.00600815
-0.00567436
-0.00610352
-0.00567436
-0.00600815
-0.00581741
-0.00610352
-0.00629425
-0.00581741
-0.00519753
-0.00553131
-0.00567436
-0.00567436
-0.00581741
-0.00629425
-0.00567436
-0.00534058
-0.00581741
-0.00600815
-0.00610352
-0.00629425
-0.00567436
-0.00638962
-0.00629425
-0.00638962
-0.00567436
-0.00553131
-0.00581741
-0.00567436
-0.00600815
-0.00658035
-0.00638962
-0.00581741
-0.00629425
-0.00638962
-0.00600815
-0.00581741
-0.00610352
-0.00581741
-0.00629425
-0.00638962
-0.00638962
-0.00610352
-0.00610352
-0.00629425
-0.00638962
-0.00658035
-0.00581741
-0.00638962
-0.00567436
-0.00600815
-0.00610352
-0.00567436
-0.00610352
-0.00658035
-0.00610352
-0.00629425
-0.00600815
-0.00581741
-0.00600815
-0.00629425
-0.00581741
-0.00638962
-0.00600815
-0.00638962
-0.00581741
-0.00600815
-0.00567436
-0.00567436
-0.00600815
-0.00610352
-0.00610352
-0.00600815
-0.00638962
-0.00638962
-0.00600815
-0.00638962
-0.00629425
-0.00581741
-0.00581741
-0.00581741
-0.00610352
-0.00534058
-0.00600815
-0.00600815
-0.00638962
-0.00600815
-0.00610352
-0.00610352
-0.00581741
-0.00600815
-0.00600815
-0.00629425
-0.00658035
-0.00581741
-0.00553131
-0.00629425
-0.00658035
-0.00600815
-0.00600815
-0.00581741
-0.00610352
-0.00629425
-0.00638962
-0.00600815
-0.00567436
-0.00553131
-0.00581741
-0.00610352
-0.00567436
-0.00553131
-0.00629425
-0.00600815
-0.00638962
-0.00629425
-0.00638962
-0.00658035
-0.00629425
-0.00610352
-0.00610352
-0.00638962
-0.00658035
-0.00677109
-0.00629425
-0.00581741
-0.00638962
-0.00629425
-0.00677109
-0.00610352
-0.00677109
-0.00567436
-0.00658035
-0.00638962
-0.00677109
-0.00638962
-0.00610352
-0.00658035
-0.00677109
-0.00658035
-0.00658035
-0.00658035
-0.00705719
-0.00686646
-0.00720024
-0.00658035
-0.00638962
-0.00686646
Field Data
-2273.95
-2273.67
-2262.57
-2246.84
-2227.26
-2206.27
-2181.06
-2160.53
-2137.73
-2114.88
-2091.5
-2069.01
-2046.39
-2022.79
-1999.56
-1975.99
-1949.33
-1928.64
-1905.97
-1883.31
-1860.02
-1834.25
-1812.88
-1790.88
-1768.34
-1745.33
-1719.36
-1698.72
-1676.04
-1653.24
-1630.54
-1607.89
-1586.61
-1562.59
-1538.92
-1515.67
-1489.42
-1468.58
-1446.23
-1423.53
-1401.16
-1378.64
-1355.81
-1332.45
-1309.35
-1286.26
-1260.03
-1238.94
-1216.58
-1194.16
-1170.94
-1146.62
-1124.76
-1102.53
-1080.71
-1057.57
-1031.43
-1009.65
-987.456
-964.698
-942.434
-919.749
-897.805
-874.552
-850.836
-827.883
-800.551
-780.183
-758.445
-735.854
-713.489
-690.064
-668.699
-646.047
-621.983
-598.815
-571.475
-550.996
-529.425
-507.164
-484.386
-460.994
-440.083
-416.969
-393.207
-370.02
-346.662
-320.534
-299.679
-278.093
-255.113
-232.17
-209.054
-187.366
-164.372
-140.949
-117.871
-91.6523
-70.7068
-49.3089
-26.2532
-3.16678
24.3772
44.6717
66.016
88.5286
112.029
134.686
155.644
178.734
202.593
225.571
249.036
273.645
295.573
318.047
340.794
363.736
385.124
407.109
430.319
454.235
477.682
502.713
524.469
547.106
569.768
592.481
614.83
635.552
658.44
682.754
706.579
732.664
753.421
775.447
798.238
821.031
843.725
865.091
888.398
911.653
934.162
961.456
982.19
1004.06
1027.13
Time Data
0
0.1
0.2
0.3
0.4
0.5
0.6
0.7
0.8
0.9
1
1.1
1.2
1.3
1.4
1.5
1.6
1.7
1.8
1.9
2
2.1
2.2
2.3
2.4
2.5
2.6
2.7
2.8
2.9
3
3.1
3.2
3.3
3.4
3.5
3.6
3.7
3.8
3.9
4
4.1
4.2
4.3
4.4
4.5
4.6
4.7
4.8
4.9
5
5.1
5.2
5.3
5.4
5.5
5.6
5.7
5.8
5.9
5.99999999999999
6.09999999999999
6.19999999999999
6.29999999999999
6.39999999999999
6.49999999999999
6.59999999999999
6.69999999999999
6.79999999999999
6.89999999999999
6.99999999999999
7.09999999999999
7.19999999999999
7.29999999999999
7.39999999999999
7.49999999999999
7.59999999999999
7.69999999999999
7.79999999999999
7.89999999999999
7.99999999999999
8.09999999999999
8.19999999999999
8.29999999999999
8.39999999999999
8.49999999999999
8.59999999999999
8.69999999999999
8.79999999999998
8.89999999999998
8.99999999999998
9.09999999999998
9.19999999999998
9.29999999999998
9.39999999999998
9.49999999999998
9.59999999999998
9.69999999999998
9.79999999999998
9.89999999999998
9.99999999999998
10.1
10.2
10.3
10.4
10.5
10.6
10.7
10.8
10.9
11
11.1
11.2
11.3
11.4
11.5
11.6
11.7
11.8
11.9
12
12.1
12.2
12.3
12.4
12.5
12.6
12.7
12.8
12.9
13
13.1
13.2
13.3
13.4
13.5
13.6
13.7
13.8
13.9
14
14.1
14.2
14.3
14.4
14.5
14.6
Temperature Data
0
0
0
0
0
0
0
0
0
0
0
0
0
0
0
0
0
0
0
0
0
0
0
0
0
0
0
0
0
0
0
0
0
0
0
0
0
0
0
0
0
0
0
0
0
0
0
0
0
0
0
0
0
0
0
0
0
0
0
0
0
0
0
0
0
0
0
0
0
0
0
0
0
0
0
0
0
0
0
0
0
0
0
0
0
0
0
0
0
0
0
0
0
0
0
0
0
0
0
0
0
0
0
0
0
0
0
0
0
0
0
0
0
0
0
0
0
0
0
0
0
0
0
0
0
0
0
0
0
0
0
0
0
0
0
0
0
0
0
0
0
0
0
0
0
0
0
Angle Data
0
0
0
0
0
0
0
0
0
0
0
0
0
0
0
0
0
0
0
0
0
0
0
0
0
0
0
0
0
0
0
0
0
0
0
0
0
0
0
0
0
0
0
0
0
0
0
0
0
0
0
0
0
0
0
0
0
0
0
0
0
0
0
0
0
0
0
0
0
0
0
0
0
0
0
0
0
0
0
0
0
0
0
0
0
0
0
0
0
0
0
0
0
0
0
0
0
0
0
0
0
0
0
0
0
0
0
0
0
0
0
0
0
0
0
0
0
0
0
0
0
0
0
0
0
0
0
0
0
0
0
0
0
0
0
0
0
0
0
0
0
0
0
0
0
0
0
Bx Data
0
0
0
0
0
0
0
0
0
0
0
0
0
0
0
0
0
0
0
0
0
0
0
0
0
0
0
0
0
0
0
0
0
0
0
0
0
0
0
0
0
0
0
0
0
0
0
0
0
0
0
0
0
0
0
0
0
0
0
0
0
0
0
0
0
0
0
0
0
0
0
0
0
0
0
0
0
0
0
0
0
0
0
0
0
0
0
0
0
0
0
0
0
0
0
0
0
0
0
0
0
0
0
0
0
0
0
0
0
0
0
0
0
0
0
0
0
0
0
0
0
0
0
0
0
0
0
0
0
0
0
0
0
0
0
0
0
0
0
0
0
0
0
0
0
0
0
Hint Data
0
0
0
0
0
0
0
0
0
0
0
0
0
0
0
0
0
0
0
0
0
0
0
0
0
0
0
0
0
0
0
0
0
0
0
0
0
0
0
0
0
0
0
0
0
0
0
0
0
0
0
0
0
0
0
0
0
0
0
0
0
0
0
0
0
0
0
0
0
0
0
0
0
0
0
0
0
0
0
0
0
0
0
0
0
0
0
0
0
0
0
0
0
0
0
0
0
0
0
0
0
0
0
0
0
0
0
0
0
0
0
0
0
0
0
0
0
0
0
0
0
0
0
0
0
0
0
0
0
0
0
0
0
0
0
0
0
0
0
0
0
0
0
0
0
0
0
Torque Data
13.6622326925
12.9016221012
13.8096412464
12.7493790224
13.381712169
12.8347771607
13.3121433312
13.5989159525
12.4360518793
10.9921522464
11.568734865
11.7403075836
11.6119535604
11.7673987739
12.58573053
11.2124786164
10.4105528114
11.2196896224
11.4513536555
11.4948202512
11.707430885
10.40819483
11.5836143056
11.27224644
11.2990206308
9.9036307388
9.5103131616
9.8821507152
9.5104543344
9.932913906
10.729523889
10.2738061018
9.2299608801
9.8353321075
9.8331140104
9.1063727105
8.6645668022
8.9635074016
8.4133128643
8.9600537025
8.9528799592
8.8089857168
8.2752134512
8.132635224
8.2413762375
8.2187126212
8.2914384105
7.2074219454
7.7734838996
6.7760937376
7.035183161
6.9984181024
6.3822931536
6.7293139056
7.1114500485
6.4548996464
6.4920782775
6.0661286475
5.74443640896
5.7960502887
5.9319152045
5.35055703009
5.7366327841
5.2544395988
5.43651872232
4.81613484303
4.80983049065
4.42703920788
4.3036899702
4.4211212101
4.35479438128
4.21181942528
4.01764389685
4.12799483214
3.97423501646
3.59777034225
3.6515080895
3.468106573
3.07988228925
2.95038092524
2.81787196026
2.81368609888
2.35029846814
2.50521229735
2.36244663705
2.3642871924
2.0827972953
1.95638567968
1.82909677008
1.61778099913
1.53275717095
1.3949121855
1.3158381395
1.2329338581
0.95621931652
0.77963261319
0.74190954175
0.603104212305
0.42481706042
0.296255267535
0.152725628212
0.0193285050656
-0.1534361911
-0.285435187754
-0.3966340304
-0.502343146696
-0.61966712799
-0.78352368326
-0.94997626688
-1.01420106024
-1.12060468683
-1.41980026675
-1.4962456434
-1.7484875649
-1.86041035525
-2.03219947214
-2.2425437979
-2.289445318
-2.35061203648
-2.48479792368
-2.74957488878
-2.98902528225
-3.23442781338
-3.16420130025
-3.05105120529
-3.49579943972
-3.586262234
-4.01174217429
-3.7526272016
-4.30337979168
-3.7362255984
-4.4927602839
-4.51477130998
-4.96093388376
-4.81407389002
-4.73295627344
-5.2526854233
-5.55927479379
-5.55200580375
-5.69260156185
-5.8459697793
-6.43370843507
-6.41438600652
-6.92271394944
-6.4631539665
-6.4155618572
-7.0527470598
dMdH Data
-4.97500000000441E-05
1.31711711711712E-06
1.53127781309599E-05
2.78038815117469E-06
8.96617436874698E-07
-3.58944863149545E-06
-8.44812469556754E-06
-5.11359649122806E-06
-2.31378555798688E-06
4.02822925577415E-06
-4.41840818141399E-06
7.35941644562331E-06
7.81652542372877E-06
1.03551442100732E-05
-1.09707254985151E-05
-3.4827456864216E-06
5.74287095215086E-06
3.72121746801941E-06
-2.54898499558695E-06
-6.68312580506657E-06
6.046565774156E-06
-7.48947122133837E-06
-3.94181818181815E-06
-2.51685891748004E-06
8.53976531942651E-07
4.91297651135924E-06
5.92151162790702E-06
1.10229276895943E-06
-1.09293859649123E-05
-1.26387665198236E-06
5.44900662251659E-06
1.85949248120299E-06
5.3534554537885E-06
-5.3907900295732E-07
-9.40516129032257E-06
1.22514285714285E-06
8.80518234165059E-06
5.65234899328861E-06
3.59911894273129E-06
-1.16477425122933E-05
1.42873001776199E-05
3.05300043802012E-06
-1.00603595890411E-05
8.40259740259739E-07
7.85318319618883E-06
1.69348074723598E-06
-4.26220957799905E-06
-9.30635062611802E-06
-8.03746654772515E-07
3.8983634797588E-06
4.71833881578945E-06
1.08051235132664E-06
-6.58884390463338E-06
3.62053162236478E-07
-5.83146067415728E-06
2.3175210405509E-06
4.97061524334249E-06
1.07740830855186E-05
2.64434484576855E-06
-1.55623427955444E-05
-3.6297112629491E-06
6.62960262486326E-06
2.11843633079606E-06
6.51416765053129E-06
6.37389448002438E-06
-8.25406117371564E-07
-9.17615868028279E-07
-6.68230747998899E-06
1.47492364215838E-06
6.54996646545942E-06
5.40405549626467E-06
-1.20528902410484E-05
1.17362705279887E-05
-5.28216422872338E-06
-1.35704419889502E-06
5.83028529626918E-06
7.19273402021588E-07
7.60882666543042E-06
-4.58380126678945E-06
7.02080955307754E-06
-1.40689124487005E-06
3.55889244895031E-06
4.22817340140175E-06
4.78915916168676E-07
-1.09440634838487E-05
-3.86420070211491E-06
6.87959277403551E-06
-3.44138096379765E-06
1.00305753729269E-05
-3.26979982593559E-06
-2.9481759142222E-06
-2.92178577608583E-06
-3.35900036886757E-06
-1.87527181003741E-06
1.34564317124194E-05
1.86038651529595E-05
8.65794261347819E-07
7.55675443412665E-06
-1.37770528883676E-06
-7.51441075308925E-06
-2.90517109192331E-06
3.90829502490201E-06
2.58641503855723E-06
-1.74894468312383E-06
-1.64059237937866E-05
1.95188167009925E-06
1.8667078607053E-05
2.4706555969081E-06
3.54742312689477E-06
1.57592522737751E-06
8.58734441639829E-06
-5.26315789473684E-06
2.21829412003738E-06
-1.16745713243341E-06
1.59295185547744E-05
-1.26214445860993E-06
-9.07985354371895E-06
2.32981110903311E-06
9.50648169206279E-06
1.39215855234812E-05
6.90960026760328E-06
-8.86040858105514E-06
5.93663856817538E-07
-9.91680455966168E-06
-2.71723284887575E-06
1.87176771688289E-05
1.53748954343328E-05
1.28784285650364E-05
-1.45705047775311E-05
1.42179307934288E-05
2.02188039812455E-06
2.77523609653726E-06
1.20824611845888E-05
1.09661319073083E-05
1.24015254698992E-05
-2.10122416743451E-06
1.57969552055456E-06
2.42024323609764E-06
2.43371244032575E-05
2.01325352898271E-05
5.25783702429585E-06
1.43307121595806E-05
5.14069026159595E-06
9.69566894955145E-06
1.19304983996343E-05
1.47542262678803E-05
1.47542262678803E-05
dMdT Data
0
0
0
0
0
0
0
0
0
0
0
0
0
0
0
0
0
0
0
0
0
0
0
0
0
0
0
0
0
0
0
0
0
0
0
0
0
0
0
0
0
0
0
0
0
0
0
0
0
0
0
0
0
0
0
0
0
0
0
0
0
0
0
0
0
0
0
0
0
0
0
0
0
0
0
0
0
0
0
0
0
0
0
0
0
0
0
0
0
0
0
0
0
0
0
0
0
0
0
0
0
0
0
0
0
0
0
0
0
0
0
0
0
0
0
0
0
0
0
0
0
0
0
0
0
0
0
0
0
0
0
0
0
0
0
0
0
0
0
0
0
0
0
0
0
0
0
 
*********************************************** Results ***************************************
 
TotalArea 0
AreaFirstQuad 0
AreaSecondQuad 0
AreaThirdQuad 0
AreaFourthQuad 0
Coercivity 0
PositiveCoercivity 0
NegativeCoercivity 0
Retentivity 5.73709046053096E-02
PositiveRetentivity -0.1178744425001
NegativeRetentivity -3.13263328948104E-03
Magnetization 0.00352713
PositiveMagnetization 0.00218507
NegativeMagnetization -0.00486919
Flatness 1.05460317056237
Squareness 16.2656053520311
SStar 0
SFD1 0
SFD2 0
Slope 0
Intercept 0
SlopeAtHc 1.47542262678803E-05
dH1 -576.592006083003
dH2 2075.61
InitialSlope -4.97500000000441E-05
FieldAtHalfMs 923.702296509285
FieldAtMs 1027.13
MomentMean -3.33315129931973E-03
MomentRMS 1.59442925154443E-03
SFD3 0
dH3 -1153.18401216601
UserField1 0
UserField2 0
CenterField 0
ExchangeField 0
ExchangeMoment 0
ExRegionOneIntercept 0
ExRegionOneSlope 0
ExRegionTwoIntercept 0
ExRegionTwoSlope 0
NegativeIntercept 0
NegativeSlope 0
AutoCenterOffset 0
PinningField 0
PinningMoment 0
PinRegionOneIntercept 0
PinRegionOneSlope 0
PinRegionTwoIntercept 0
PinRegionTwoSlope 0
PositiveIntercept 0
PositiveSlope 0
TotalOffset 0
BHMax 0
BCoercivity 0
BRetentivity 0
BNegativeCoercivity 0
BPositiveCoercivity 0
BNegativeRetentivity 0
BPositiveRetentivity 0
MomentYMean -6.1258981632653E-03
MomentYRMS 3.61356454480266E-04
YOffCorrection 0
Mrt 0
Ms1 0
Ms2 0
Ms3 0
Hc2 0
Hex2 0
HsatValue 0
HsatIntercept 0
HsatSlope 0
CenterH 0
Span .00705426
SpanAsPercentOfRange -133.099245283019
RMSAsPercentOfRange -30.0835707838571
SpanAsPercentOfMean -211.639357668514
RMSAsPercentOfMean -47.835489852196
