Version 1.25
******************************************** Units *******************************************
System CGS
TemperatureUnit K
MomentUnit emu
AppliedFieldUnit G
 
******************************************** Setup ********************************************
 
Experiment CustomField
Minor False
Acquisition Continuous
EditedPoint No
MaxField 15000
FieldIncrement 100
Points 111
MinField 0
RampRate 10
AverageTime 0.1
TimeInterval 0
TimeConstant 0.1
TimeConstantIndex 0
Sensitivity -0.0053
SensitivityIndex 5
SensitivityY -400
SensitivityIndexY 0
SaturationField 8000
ExperimentTime 100
Use735Domains True
AutoRangeEnabled False
NumberOfVertices 2
VertexPts
0
110
VertexField
-16.7504
2516.7504
StartAngle 0
EndAngle 0
AngleIncrement 0
StartTemp 0
FinishTemp 0
TempIncrement 0
TempPoints 0
LengthofSetPointsArray 111
SetPointArray
-16.75042
6.28141
29.31323
52.34506
75.37688
98.40871
121.44054
144.47236
167.50419
190.53601
213.56784
236.59966
259.63149
282.66332
305.69514
328.72697
351.75879
374.79062
397.82245
420.85427
443.8861
466.91792
489.94975
512.98157
536.0134
559.04523
582.07705
605.10888
628.1407
651.17253
674.20436
697.23618
720.26801
743.29983
766.33166
789.36348
812.39531
835.42714
858.45896
881.49079
904.52261
927.55444
950.58626
973.61809
996.64992
1019.68174
1042.71357
1065.74539
1088.77722
1111.80905
1134.84087
1157.8727
1180.90452
1203.93635
1226.96817
1250
1273.03183
1296.06365
1319.09548
1342.1273
1365.15913
1388.19095
1411.22278
1434.25461
1457.28643
1480.31826
1503.35008
1526.38191
1549.41374
1572.44556
1595.47739
1618.50921
1641.54104
1664.57286
1687.60469
1710.63652
1733.66834
1756.70017
1779.73199
1802.76382
1825.79564
1848.82747
1871.8593
1894.89112
1917.92295
1940.95477
1963.9866
1987.01843
2010.05025
2033.08208
2056.1139
2079.14573
2102.17755
2125.20938
2148.24121
2171.27303
2194.30486
2217.33668
2240.36851
2263.40034
2286.43216
2309.46399
2332.49581
2355.52764
2378.55946
2401.59129
2424.62312
2447.65494
2470.68677
2493.71859
2516.75042
FieldDomainFile C:\IDEASVSM\Default UserID\Experiments\FORCexp0056B\fdomain.ini
TempDomainFile C:\IDEASVSM\Default UserID\Experiments\FORCexp0056B\tdomain.ini
NumSelectedResults 0
ResultsSelected 
UserName1 
UserValue1 
UserName2 
UserValue2 
LinearBackgroundCorrection Off
MaxLinearFieldCorrection 
MinLinearFieldCorrection 
AutoLinearCorrection Off
FitOneRegion Off
BackgroundMode Off
BackgroundFilename 
AutoCenter Off
OffsetCorrection 
SmoothDeriv Off
DerivOrder 0
DerivPoints 0
MinExFieldOne 
MaxExFieldOne 
MinExFieldTwo 
MaxExFieldTwo 
MinPinFieldOne 
MaxPinFieldOne 
MinPinFieldTwo 
MaxPinFieldTwo 
HCenterStart 
Mass 
Volume 
Density 
MolarWeight 
NumberOfMoles 
Demagnetization 
SampleArea 
Thickness 
MomentScaling 0
XAxis 0
YAxis 0
SimpleSpinValve False
HsatMax 0
HsatMin 0
FieldAutoRange False
 
*************************************************** Experiment Data ********************************************
 
DataPoints 111
MomentX Data
0.00313482
0.0030498
0.0030667
0.00321197
0.00316087
0.00311449
0.00340297
0.00334916
0.00337963
0.003427
0.00303621
0.00304473
0.00335689
0.00362664
0.00368518
0.00335046
0.00345932
0.00352985
0.0034791
0.00360954
0.00375143
0.00373919
0.0037918
0.00369032
0.00362864
0.00355782
0.0035394
0.00375014
0.00377308
0.0035357
0.00369101
0.0036044
0.00362383
0.0038234
0.00400062
0.00415172
0.00409141
0.00385062
0.00383675
0.00390282
0.00419061
0.00444988
0.00436066
0.00414239
0.00403767
0.00407029
0.00382381
0.00386356
0.00401628
0.00401276
0.0039517
0.00408368
0.00422332
0.00439877
0.00442724
0.0041657
0.00421258
0.00411376
0.00420957
0.00413318
0.0040747
0.0039818
0.00404583
0.00440806
0.00460201
0.00438256
0.00433474
0.00449071
0.00441161
0.00458049
0.00432127
0.00444214
0.00433579
0.00438017
0.0044682
0.00471738
0.00485227
0.00462909
0.0045626
0.00452128
0.00466104
0.00445198
0.00456258
0.00436009
0.0043754
0.0046019
0.00450493
0.00450432
0.00471599
0.00471317
0.00467629
0.00437082
0.00448349
0.00477576
0.00490929
0.00481174
0.00500285
0.00469334
0.00462709
0.00442797
0.00446266
0.00483535
0.00487796
0.00481747
0.00474361
0.00482032
0.00498368
0.00493946
0.00493687
0.00480481
0.00471076
MomentY Data
-0.00638962
-0.00638962
-0.00686646
-0.00720024
-0.00686646
-0.00705719
-0.00677109
-0.00677109
-0.00658035
-0.00705719
-0.00705719
-0.00677109
-0.00686646
-0.00658035
-0.00720024
-0.00638962
-0.00677109
-0.00658035
-0.00686646
-0.00720024
-0.00686646
-0.00720024
-0.00658035
-0.00705719
-0.00658035
-0.00686646
-0.00720024
-0.00705719
-0.00686646
-0.00686646
-0.00705719
-0.00705719
-0.00658035
-0.00705719
-0.00734329
-0.00734329
-0.00705719
-0.00686646
-0.00677109
-0.00720024
-0.00677109
-0.00686646
-0.00638962
-0.00677109
-0.00677109
-0.00677109
-0.00734329
-0.00638962
-0.00686646
-0.00686646
-0.00720024
-0.00686646
-0.00720024
-0.00677109
-0.00705719
-0.00686646
-0.00677109
-0.00686646
-0.00705719
-0.00629425
-0.00705719
-0.00686646
-0.00720024
-0.00638962
-0.00720024
-0.00705719
-0.00705719
-0.00677109
-0.00720024
-0.00705719
-0.00705719
-0.00658035
-0.00638962
-0.00686646
-0.00686646
-0.00686646
-0.00705719
-0.00686646
-0.00734329
-0.00734329
-0.00734329
-0.00658035
-0.00705719
-0.00720024
-0.00677109
-0.00720024
-0.00686646
-0.00686646
-0.00686646
-0.00686646
-0.00705719
-0.00734329
-0.00677109
-0.00734329
-0.00677109
-0.00677109
-0.00658035
-0.00705719
-0.00658035
-0.00677109
-0.00686646
-0.00658035
-0.00677109
-0.00677109
-0.00753403
-0.00677109
-0.00705719
-0.00720024
-0.00677109
-0.00705719
-0.00677109
Field Data
-16.7901
-14.4973
-4.07158
11.8742
30.5606
51.2768
71.4576
95.8594
119.092
143.211
191.935
214.465
236.707
259.796
282.552
303.903
327.474
350.978
374.404
396.909
426.12
444.698
466.648
488.931
512.181
534.627
556.476
579.54
602.449
625.399
652.415
673.502
695.748
718.579
741.437
763.634
785.33
808.292
831.763
854.524
881.231
902.634
925.241
947.621
970.3
992.69
1014.07
1036.38
1060.7
1084.17
1110.88
1131.67
1153.3
1175.72
1198.5
1225.69
1244.95
1268.96
1290.85
1313.13
1335.16
1357.44
1380.9
1404.09
1427.35
1453.96
1474.38
1494.92
1517.64
1541.1
1564.7
1586.7
1609.08
1632.13
1655.58
1681.12
1702.32
1723.55
1747.15
1770.04
1792.56
1817.04
1839.94
1862.05
1884.57
1907.12
1928.71
1950.99
1974.65
1996.85
2023.49
2045.07
2067.47
2089.85
2112.84
2134.86
2156.27
2179.41
2205.55
2227.08
2249.23
2270.11
2293.07
2316.72
2340.1
2365.98
2386.58
2408.14
2431.59
2454.56
2477.49
Time Data
0
0.1
0.2
0.3
0.4
0.5
0.6
0.7
0.8
0.9
1
1.1
1.2
1.3
1.4
1.5
1.6
1.7
1.8
1.9
2
2.1
2.2
2.3
2.4
2.5
2.6
2.7
2.8
2.9
3
3.1
3.2
3.3
3.4
3.5
3.6
3.7
3.8
3.9
4
4.1
4.2
4.3
4.4
4.5
4.6
4.7
4.8
4.9
5
5.1
5.2
5.3
5.4
5.5
5.6
5.7
5.8
5.9
5.99999999999999
6.09999999999999
6.19999999999999
6.29999999999999
6.39999999999999
6.49999999999999
6.59999999999999
6.69999999999999
6.79999999999999
6.89999999999999
6.99999999999999
7.09999999999999
7.19999999999999
7.29999999999999
7.39999999999999
7.49999999999999
7.59999999999999
7.69999999999999
7.79999999999999
7.89999999999999
7.99999999999999
8.09999999999999
8.19999999999999
8.29999999999999
8.39999999999999
8.49999999999999
8.59999999999999
8.69999999999999
8.79999999999998
8.89999999999998
8.99999999999998
9.09999999999998
9.19999999999998
9.29999999999998
9.39999999999998
9.49999999999998
9.59999999999998
9.69999999999998
9.79999999999998
9.89999999999998
9.99999999999998
10.1
10.2
10.3
10.4
10.5
10.6
10.7
10.8
10.9
11
Temperature Data
0
0
0
0
0
0
0
0
0
0
0
0
0
0
0
0
0
0
0
0
0
0
0
0
0
0
0
0
0
0
0
0
0
0
0
0
0
0
0
0
0
0
0
0
0
0
0
0
0
0
0
0
0
0
0
0
0
0
0
0
0
0
0
0
0
0
0
0
0
0
0
0
0
0
0
0
0
0
0
0
0
0
0
0
0
0
0
0
0
0
0
0
0
0
0
0
0
0
0
0
0
0
0
0
0
0
0
0
0
0
0
Angle Data
0
0
0
0
0
0
0
0
0
0
0
0
0
0
0
0
0
0
0
0
0
0
0
0
0
0
0
0
0
0
0
0
0
0
0
0
0
0
0
0
0
0
0
0
0
0
0
0
0
0
0
0
0
0
0
0
0
0
0
0
0
0
0
0
0
0
0
0
0
0
0
0
0
0
0
0
0
0
0
0
0
0
0
0
0
0
0
0
0
0
0
0
0
0
0
0
0
0
0
0
0
0
0
0
0
0
0
0
0
0
0
Bx Data
0
0
0
0
0
0
0
0
0
0
0
0
0
0
0
0
0
0
0
0
0
0
0
0
0
0
0
0
0
0
0
0
0
0
0
0
0
0
0
0
0
0
0
0
0
0
0
0
0
0
0
0
0
0
0
0
0
0
0
0
0
0
0
0
0
0
0
0
0
0
0
0
0
0
0
0
0
0
0
0
0
0
0
0
0
0
0
0
0
0
0
0
0
0
0
0
0
0
0
0
0
0
0
0
0
0
0
0
0
0
0
Hint Data
0
0
0
0
0
0
0
0
0
0
0
0
0
0
0
0
0
0
0
0
0
0
0
0
0
0
0
0
0
0
0
0
0
0
0
0
0
0
0
0
0
0
0
0
0
0
0
0
0
0
0
0
0
0
0
0
0
0
0
0
0
0
0
0
0
0
0
0
0
0
0
0
0
0
0
0
0
0
0
0
0
0
0
0
0
0
0
0
0
0
0
0
0
0
0
0
0
0
0
0
0
0
0
0
0
0
0
0
0
0
0
Torque Data
0.107282358762
0.092632238026
0.0279573412068
-0.085497089808
-0.209843137476
-0.361870120192
-0.483845840784
-0.649072624746
-0.7836670422
-1.01066723709
-1.35452176265
-1.45216181685
-1.62533914722
-1.7095486086
-2.03444221248
-1.94182468686
-2.21735592666
-2.3095580823
-2.57083008984
-2.85784005816
-2.9259359352
-3.20193232752
-3.0707071668
-3.45047896389
-3.37033024335
-3.67099491042
-4.00676075424
-4.0899238926
-4.13669196054
-4.29427721754
-4.60421661385
-4.75303157938
-4.5782653518
-5.07114853301
-5.44458690773
-5.60758591586
-5.5422230227
-5.55010468632
-5.63194213167
-6.15277788576
-5.96689441179
-6.19790025564
-5.91193839842
-6.41642707689
-6.569988627
-6.7215933321
-7.4466100903
-6.6220743756
-7.283254122
-7.4444099382
-7.9986026112
-7.7705667882
-8.304036792
-7.9609059348
-8.458042215
-8.4161513574
-8.4296684955
-8.7132630816
-9.1097737115
-8.2651685025
-9.4224778004
-9.3208074624
-9.942811416
-8.9716015458
-10.277262564
-10.2608719724
-10.4049797922
-10.1222378628
-10.9273722336
-10.875835509
-11.042385193
-10.441041345
-10.2814097496
-11.2069553598
-11.3679738468
-11.5433432352
-12.0135956808
-11.834687133
-12.8298291235
-12.9979170316
-13.1632879224
-11.956759164
-12.9848061686
-13.407206892
-12.7605930813
-13.7317217088
-13.2434100666
-13.3963947954
-13.558855239
-13.711290651
-14.2801533931
-15.0175420803
-13.9990254423
-15.3463746065
-14.3062297956
-14.4553291974
-14.1890112945
-15.3805104579
-14.5132909425
-15.0797591172
-15.4442478258
-14.9381183385
-15.5265833463
-15.6867196248
-17.630383603
-16.0202635182
-16.8425485102
-17.3391859536
-16.4645147331
-17.3222962864
-16.7753077641
dMdH Data
-3.70812979762735E-05
1.62099116415939E-06
9.11024735070974E-06
-2.7346091274938E-06
-2.23882758420946E-06
1.42947752319036E-05
-2.20516519273169E-06
1.31151915842393E-06
1.96401177494921E-06
-8.02048271898859E-06
3.78162450066565E-07
1.40347091088931E-05
1.16830525358396E-05
2.5725083494463E-06
-1.56770174699077E-05
4.61838700097579E-06
3.00076582709326E-06
-2.16639631179032E-06
5.79604532326149E-06
4.8574167265756E-06
-6.58843793734535E-07
2.39681093394078E-06
-4.55414441502492E-06
-2.65290322580645E-06
-3.15512786242537E-06
-8.43059178909803E-07
9.13718348942076E-06
1.00135317997293E-06
-1.03433551198257E-05
5.74881551673084E-06
-4.10726988191779E-06
8.73415445473358E-07
8.74118523060753E-06
7.75308425934026E-06
6.80722620173899E-06
-2.77977507374631E-06
-1.04864558836338E-05
-5.90942013548636E-07
2.90277228592769E-06
1.07758265623245E-05
1.21137223753679E-05
-3.94656522316098E-06
-9.75290437890972E-06
-4.61748754354249E-06
1.45690040196514E-06
-1.15285313376988E-05
1.78171223666516E-06
6.2796052631579E-06
-1.49978696207921E-07
-2.28603519281168E-06
6.34824434824437E-06
6.45584835876101E-06
7.82560214094555E-06
1.24978050921862E-06
-9.61897756528134E-06
2.43406022845275E-06
-4.115785089546E-06
4.37688442211058E-06
-3.42863554757627E-06
-2.65456196096235E-06
-4.16965888689408E-06
2.729326513214E-06
1.56200948684779E-05
8.33834909716251E-06
-8.24689966178126E-06
-2.34182174338881E-06
7.59347614410907E-06
-3.48151408450705E-06
7.19863597612967E-06
-1.09838983050847E-05
5.49409090909089E-06
-4.75201072386061E-06
1.92537960954446E-06
3.75394456289983E-06
9.75646045418952E-06
6.36273584905657E-06
-1.05124823363165E-05
-2.81737288135591E-06
-1.80515508955877E-06
6.20603907637656E-06
-8.54003267973854E-06
4.82969432314408E-06
-9.15829941203082E-06
6.79840142095922E-07
1.00443458980045E-05
-4.49143121815653E-06
-2.73788150807831E-08
8.94632290786133E-06
-1.27027027027016E-07
-1.38438438438439E-06
-1.41552363299352E-05
5.02991071428573E-06
1.30594280607685E-05
5.80817746846448E-06
-4.43006357856495E-06
8.92620270901452E-06
-1.3375540190147E-05
-2.53442999234884E-06
-9.24849047840236E-06
1.56613995485329E-06
1.78491379310344E-05
1.85583623693377E-06
-2.55771670190278E-06
-3.15911035072711E-06
2.96406491499229E-06
7.93009708737865E-06
-2.05102040816328E-06
-1.10447761194001E-07
-5.74923813670012E-06
-4.1016136066289E-06
-4.1016136066289E-06
dMdT Data
0
0
0
0
0
0
0
0
0
0
0
0
0
0
0
0
0
0
0
0
0
0
0
0
0
0
0
0
0
0
0
0
0
0
0
0
0
0
0
0
0
0
0
0
0
0
0
0
0
0
0
0
0
0
0
0
0
0
0
0
0
0
0
0
0
0
0
0
0
0
0
0
0
0
0
0
0
0
0
0
0
0
0
0
0
0
0
0
0
0
0
0
0
0
0
0
0
0
0
0
0
0
0
0
0
0
0
0
0
0
0
 
*********************************************** Results ***************************************
 
TotalArea 0
AreaFirstQuad 0
AreaSecondQuad 0
AreaThirdQuad 0
AreaFourthQuad 0
Coercivity 0
PositiveCoercivity 0
NegativeCoercivity 0
Retentivity 2.95785901029816E-04
PositiveRetentivity 2.51222129884857E-03
NegativeRetentivity 3.1037931009082E-03
Magnetization 0.00500285
PositiveMagnetization 0.00500285
NegativeMagnetization 0.00303621
Flatness -9.49337743990485
Squareness 5.91234798224644E-02
SStar 0
SFD1 0
SFD2 0
Slope 0
Intercept 0
SlopeAtHc -4.1016136066289E-06
dH1 -3.98834341261564
dH2 1269.669
InitialSlope -3.70812979762735E-05
FieldAtHalfMs 2477.49
FieldAtMs 2156.27
MomentMean 4.12975252252252E-03
MomentRMS 5.29677978927623E-04
SFD3 0
dH3 -7.97668682523127
UserField1 0
UserField2 0
CenterField 0
ExchangeField 0
ExchangeMoment 0
ExRegionOneIntercept 0
ExRegionOneSlope 0
ExRegionTwoIntercept 0
ExRegionTwoSlope 0
NegativeIntercept 0
NegativeSlope 0
AutoCenterOffset 0
PinningField 0
PinningMoment 0
PinRegionOneIntercept 0
PinRegionOneSlope 0
PinRegionTwoIntercept 0
PinRegionTwoSlope 0
PositiveIntercept 0
PositiveSlope 0
TotalOffset 0
BHMax 0
BCoercivity 0
BRetentivity 0
BNegativeCoercivity 0
BPositiveCoercivity 0
BNegativeRetentivity 0
BPositiveRetentivity 0
MomentYMean -6.90425954954955E-03
MomentYRMS 2.60866312778255E-04
YOffCorrection 0
Mrt 0
Ms1 0
Ms2 0
Ms3 0
Hc2 0
Hex2 0
HsatValue 0
HsatIntercept 0
HsatSlope 0
CenterH 0
Span .00196664
SpanAsPercentOfRange -37.1064150943396
RMSAsPercentOfRange -9.99392413070988
SpanAsPercentOfMean 47.621255493507
RMSAsPercentOfMean 12.8259012141504
