Version 1.25
******************************************** Units *******************************************
System CGS
TemperatureUnit K
MomentUnit emu
AppliedFieldUnit G
 
******************************************** Setup ********************************************
 
Experiment CustomField
Minor False
Acquisition Continuous
EditedPoint No
MaxField 15000
FieldIncrement 100
Points 147
MinField 0
RampRate 10
AverageTime 0.1
TimeInterval 0
TimeConstant 0.1
TimeConstantIndex 0
Sensitivity -0.0053
SensitivityIndex 5
SensitivityY -400
SensitivityIndexY 0
SaturationField 8000
ExperimentTime 100
Use735Domains True
AutoRangeEnabled False
NumberOfVertices 2
VertexPts
0
146
VertexField
-3172.1106
190.536
StartAngle 0
EndAngle 0
AngleIncrement 0
StartTemp 0
FinishTemp 0
TempIncrement 0
TempPoints 0
LengthofSetPointsArray 147
SetPointArray
-3172.11055
-3149.07873
-3126.0469
-3103.01508
-3079.98325
-3056.95142
-3033.9196
-3010.88777
-2987.85595
-2964.82412
-2941.79229
-2918.76047
-2895.72864
-2872.69682
-2849.66499
-2826.63317
-2803.60134
-2780.56951
-2757.53769
-2734.50586
-2711.47404
-2688.44221
-2665.41039
-2642.37856
-2619.34673
-2596.31491
-2573.28308
-2550.25126
-2527.21943
-2504.1876
-2481.15578
-2458.12395
-2435.09213
-2412.0603
-2389.02848
-2365.99665
-2342.96482
-2319.933
-2296.90117
-2273.86935
-2250.83752
-2227.8057
-2204.77387
-2181.74204
-2158.71022
-2135.67839
-2112.64657
-2089.61474
-2066.58291
-2043.55109
-2020.51926
-1997.48744
-1974.45561
-1951.42379
-1928.39196
-1905.36013
-1882.32831
-1859.29648
-1836.26466
-1813.23283
-1790.20101
-1767.16918
-1744.13735
-1721.10553
-1698.0737
-1675.04188
-1652.01005
-1628.97822
-1605.9464
-1582.91457
-1559.88275
-1536.85092
-1513.8191
-1490.78727
-1467.75544
-1444.72362
-1421.69179
-1398.65997
-1375.62814
-1352.59631
-1329.56449
-1306.53266
-1283.50084
-1260.46901
-1237.43719
-1214.40536
-1191.37353
-1168.34171
-1145.30988
-1122.27806
-1099.24623
-1076.21441
-1053.18258
-1030.15075
-1007.11893
-984.0871
-961.05528
-938.02345
-914.99162
-891.9598
-868.92797
-845.89615
-822.86432
-799.8325
-776.80067
-753.76884
-730.73702
-707.70519
-684.67337
-661.64154
-638.60972
-615.57789
-592.54606
-569.51424
-546.48241
-523.45059
-500.41876
-477.38693
-454.35511
-431.32328
-408.29146
-385.25963
-362.22781
-339.19598
-316.16415
-293.13233
-270.1005
-247.06868
-224.03685
-201.00503
-177.9732
-154.94137
-131.90955
-108.87772
-85.8459
-62.81407
-39.78224
-16.75042
6.28141
29.31323
52.34506
75.37688
98.40871
121.44054
144.47236
167.50419
190.53601
FieldDomainFile C:\IDEASVSM\Default UserID\Experiments\FORCexp0193B\fdomain.ini
TempDomainFile C:\IDEASVSM\Default UserID\Experiments\FORCexp0193B\tdomain.ini
NumSelectedResults 0
ResultsSelected 
UserName1 
UserValue1 
UserName2 
UserValue2 
LinearBackgroundCorrection Off
MaxLinearFieldCorrection 
MinLinearFieldCorrection 
AutoLinearCorrection Off
FitOneRegion Off
BackgroundMode Off
BackgroundFilename 
AutoCenter Off
OffsetCorrection 
SmoothDeriv Off
DerivOrder 0
DerivPoints 0
MinExFieldOne 
MaxExFieldOne 
MinExFieldTwo 
MaxExFieldTwo 
MinPinFieldOne 
MaxPinFieldOne 
MinPinFieldTwo 
MaxPinFieldTwo 
HCenterStart 
Mass 
Volume 
Density 
MolarWeight 
NumberOfMoles 
Demagnetization 
SampleArea 
Thickness 
MomentScaling 0
XAxis 0
YAxis 0
SimpleSpinValve False
HsatMax 0
HsatMin 0
FieldAutoRange False
 
*************************************************** Experiment Data ********************************************
 
DataPoints 147
MomentX Data
-0.00500886
-0.00498116
-0.00491595
-0.00489303
-0.0048513
-0.00490602
-0.00496725
-0.00514344
-0.00519677
-0.0050273
-0.00504684
-0.0050415
-0.0047584
-0.00484258
-0.00495734
-0.00509112
-0.00501564
-0.00488426
-0.00478388
-0.00477423
-0.00476842
-0.00497102
-0.00498621
-0.00488185
-0.00479515
-0.00490132
-0.00503817
-0.00499775
-0.00508173
-0.0048987
-0.00481537
-0.00489262
-0.00486735
-0.00486942
-0.00487606
-0.00468997
-0.00462995
-0.00469252
-0.00468904
-0.00474109
-0.00486583
-0.0047689
-0.00465012
-0.00451583
-0.00466877
-0.00490046
-0.00488929
-0.00483429
-0.00479169
-0.00456996
-0.00451916
-0.00481122
-0.00480706
-0.00498332
-0.00476237
-0.00459752
-0.00466551
-0.00464452
-0.00474582
-0.0048437
-0.00478347
-0.00474495
-0.00490536
-0.0047834
-0.00483367
-0.00491012
-0.0047613
-0.0047516
-0.00489574
-0.0048618
-0.00466957
-0.00474106
-0.00457725
-0.00443949
-0.00439228
-0.0043635
-0.00446662
-0.00473371
-0.00475324
-0.00484066
-0.00484593
-0.00469707
-0.00467492
-0.00471759
-0.00470247
-0.00452052
-0.00444908
-0.00424012
-0.00453828
-0.00456934
-0.00466518
-0.00434471
-0.00406478
-0.00419857
-0.0041884
-0.00436258
-0.0044822
-0.00445513
-0.00411947
-0.00418562
-0.00415955
-0.00434301
-0.00448402
-0.00454851
-0.00450263
-0.00409263
-0.00386819
-0.00400807
-0.00405277
-0.00415624
-0.00415715
-0.00408289
-0.00396224
-0.00385326
-0.00384261
-0.00417258
-0.00418011
-0.00389499
-0.00410123
-0.00396193
-0.00385448
-0.00376006
-0.0038764
-0.00371703
-0.00355226
-0.00356032
-0.00368368
-0.00360707
-0.0033807
-0.00345941
-0.00366988
-0.0035879
-0.0037513
-0.00352187
-0.00361307
-0.00352475
-0.0033452
-0.0032053
-0.0034259
-0.00343895
-0.00339652
-0.00309204
-0.00294316
-0.00321531
-0.00321077
-0.00290223
-0.00316047
MomentY Data
-0.00629425
-0.00581741
-0.00610352
-0.00553131
-0.00600815
-0.00581741
-0.00629425
-0.00610352
-0.00581741
-0.00610352
-0.00600815
-0.00629425
-0.00519753
-0.00629425
-0.00581741
-0.00600815
-0.00600815
-0.00581741
-0.00581741
-0.00567436
-0.00629425
-0.00610352
-0.00600815
-0.00629425
-0.00600815
-0.00567436
-0.00610352
-0.00534058
-0.00610352
-0.00610352
-0.00629425
-0.00638962
-0.00553131
-0.00567436
-0.00553131
-0.00600815
-0.00534058
-0.00600815
-0.00600815
-0.00629425
-0.00600815
-0.00629425
-0.00610352
-0.00567436
-0.00600815
-0.00610352
-0.00600815
-0.00600815
-0.00638962
-0.00600815
-0.00610352
-0.00610352
-0.00581741
-0.00567436
-0.00567436
-0.00567436
-0.00600815
-0.00553131
-0.00581741
-0.00600815
-0.00610352
-0.00610352
-0.00534058
-0.00600815
-0.00581741
-0.00600815
-0.00610352
-0.00567436
-0.00567436
-0.00581741
-0.00610352
-0.00567436
-0.00610352
-0.00553131
-0.00567436
-0.00600815
-0.00638962
-0.00600815
-0.00610352
-0.00638962
-0.00567436
-0.00581741
-0.00581741
-0.00638962
-0.00600815
-0.00610352
-0.00567436
-0.00553131
-0.00519753
-0.00581741
-0.00553131
-0.00610352
-0.00638962
-0.00629425
-0.00567436
-0.00600815
-0.00600815
-0.00581741
-0.00629425
-0.00600815
-0.00629425
-0.00581741
-0.00600815
-0.00629425
-0.00581741
-0.00581741
-0.00534058
-0.00553131
-0.00567436
-0.00629425
-0.00567436
-0.00629425
-0.00567436
-0.00629425
-0.00581741
-0.00610352
-0.00629425
-0.00581741
-0.00610352
-0.00567436
-0.00581741
-0.00600815
-0.00600815
-0.00581741
-0.00567436
-0.00629425
-0.00610352
-0.00600815
-0.00629425
-0.00629425
-0.00629425
-0.00600815
-0.00567436
-0.00629425
-0.00610352
-0.00610352
-0.00581741
-0.00581741
-0.00567436
-0.00567436
-0.00553131
-0.00600815
-0.00658035
-0.00610352
-0.00629425
-0.00638962
-0.00658035
Field Data
-3172.17
-3171.96
-3166.46
-3153.35
-3135.92
-3116.12
-3091.62
-3071.11
-3048.72
-3025.84
-3003.18
-2980.3
-2957.23
-2933.29
-2909.51
-2886.32
-2858.93
-2838.19
-2816.33
-2793.73
-2770.64
-2747.56
-2725.7
-2703.29
-2676.05
-2653.52
-2631.27
-2610.11
-2587.48
-2564.93
-2541.11
-2513.5
-2493.06
-2471.91
-2448.93
-2425.9
-2402.8
-2381.03
-2358.46
-2335.66
-2311.64
-2288.3
-2263.87
-2241.58
-2218.67
-2196.04
-2173.26
-2151.52
-2128.76
-2105.48
-2082.23
-2055.04
-2034.87
-2013.4
-1990.14
-1967.07
-1943.92
-1923.01
-1900.3
-1876.08
-1852.63
-1829.78
-1804.57
-1782.96
-1760.03
-1737.38
-1714.53
-1690.13
-1668.88
-1645.69
-1623.51
-1600.15
-1577.15
-1555.2
-1532.04
-1509.08
-1485.76
-1459.86
-1439.64
-1417.21
-1394.53
-1371
-1348.26
-1326.59
-1303.51
-1280.27
-1256.97
-1230.92
-1209.96
-1188.53
-1165.03
-1141.83
-1119.36
-1097.67
-1074.23
-1051
-1028.03
-1001.94
-981.47
-959.444
-935.676
-912.754
-890.274
-868.855
-845.376
-822.134
-798.676
-771.9
-751.337
-730.033
-707.03
-685.315
-661.56
-639.412
-616.791
-593.376
-570.043
-543.353
-522.462
-501.138
-478.26
-455.743
-428.346
-407.734
-386.237
-363.665
-340.709
-318.413
-296.929
-273.675
-250.31
-226.883
-203.638
-178.788
-156.581
-134.076
-111.702
-88.8512
-68.1016
-46.2197
-21.7254
1.69043
25.4228
50.6436
72.8321
95.4373
117.131
Time Data
0
0.1
0.2
0.3
0.4
0.5
0.6
0.7
0.8
0.9
1
1.1
1.2
1.3
1.4
1.5
1.6
1.7
1.8
1.9
2
2.1
2.2
2.3
2.4
2.5
2.6
2.7
2.8
2.9
3
3.1
3.2
3.3
3.4
3.5
3.6
3.7
3.8
3.9
4
4.1
4.2
4.3
4.4
4.5
4.6
4.7
4.8
4.9
5
5.1
5.2
5.3
5.4
5.5
5.6
5.7
5.8
5.9
5.99999999999999
6.09999999999999
6.19999999999999
6.29999999999999
6.39999999999999
6.49999999999999
6.59999999999999
6.69999999999999
6.79999999999999
6.89999999999999
6.99999999999999
7.09999999999999
7.19999999999999
7.29999999999999
7.39999999999999
7.49999999999999
7.59999999999999
7.69999999999999
7.79999999999999
7.89999999999999
7.99999999999999
8.09999999999999
8.19999999999999
8.29999999999999
8.39999999999999
8.49999999999999
8.59999999999999
8.69999999999999
8.79999999999998
8.89999999999998
8.99999999999998
9.09999999999998
9.19999999999998
9.29999999999998
9.39999999999998
9.49999999999998
9.59999999999998
9.69999999999998
9.79999999999998
9.89999999999998
9.99999999999998
10.1
10.2
10.3
10.4
10.5
10.6
10.7
10.8
10.9
11
11.1
11.2
11.3
11.4
11.5
11.6
11.7
11.8
11.9
12
12.1
12.2
12.3
12.4
12.5
12.6
12.7
12.8
12.9
13
13.1
13.2
13.3
13.4
13.5
13.6
13.7
13.8
13.9
14
14.1
14.2
14.3
14.4
14.5
14.6
Temperature Data
0
0
0
0
0
0
0
0
0
0
0
0
0
0
0
0
0
0
0
0
0
0
0
0
0
0
0
0
0
0
0
0
0
0
0
0
0
0
0
0
0
0
0
0
0
0
0
0
0
0
0
0
0
0
0
0
0
0
0
0
0
0
0
0
0
0
0
0
0
0
0
0
0
0
0
0
0
0
0
0
0
0
0
0
0
0
0
0
0
0
0
0
0
0
0
0
0
0
0
0
0
0
0
0
0
0
0
0
0
0
0
0
0
0
0
0
0
0
0
0
0
0
0
0
0
0
0
0
0
0
0
0
0
0
0
0
0
0
0
0
0
0
0
0
0
0
0
Angle Data
0
0
0
0
0
0
0
0
0
0
0
0
0
0
0
0
0
0
0
0
0
0
0
0
0
0
0
0
0
0
0
0
0
0
0
0
0
0
0
0
0
0
0
0
0
0
0
0
0
0
0
0
0
0
0
0
0
0
0
0
0
0
0
0
0
0
0
0
0
0
0
0
0
0
0
0
0
0
0
0
0
0
0
0
0
0
0
0
0
0
0
0
0
0
0
0
0
0
0
0
0
0
0
0
0
0
0
0
0
0
0
0
0
0
0
0
0
0
0
0
0
0
0
0
0
0
0
0
0
0
0
0
0
0
0
0
0
0
0
0
0
0
0
0
0
0
0
Bx Data
0
0
0
0
0
0
0
0
0
0
0
0
0
0
0
0
0
0
0
0
0
0
0
0
0
0
0
0
0
0
0
0
0
0
0
0
0
0
0
0
0
0
0
0
0
0
0
0
0
0
0
0
0
0
0
0
0
0
0
0
0
0
0
0
0
0
0
0
0
0
0
0
0
0
0
0
0
0
0
0
0
0
0
0
0
0
0
0
0
0
0
0
0
0
0
0
0
0
0
0
0
0
0
0
0
0
0
0
0
0
0
0
0
0
0
0
0
0
0
0
0
0
0
0
0
0
0
0
0
0
0
0
0
0
0
0
0
0
0
0
0
0
0
0
0
0
0
Hint Data
0
0
0
0
0
0
0
0
0
0
0
0
0
0
0
0
0
0
0
0
0
0
0
0
0
0
0
0
0
0
0
0
0
0
0
0
0
0
0
0
0
0
0
0
0
0
0
0
0
0
0
0
0
0
0
0
0
0
0
0
0
0
0
0
0
0
0
0
0
0
0
0
0
0
0
0
0
0
0
0
0
0
0
0
0
0
0
0
0
0
0
0
0
0
0
0
0
0
0
0
0
0
0
0
0
0
0
0
0
0
0
0
0
0
0
0
0
0
0
0
0
0
0
0
0
0
0
0
0
0
0
0
0
0
0
0
0
0
0
0
0
0
0
0
0
0
0
Torque Data
19.9664310225
18.4525918236
19.3265519392
17.4421563885
18.841077748
18.1277476492
19.459429185
18.7445813072
17.7356542152
18.4682749568
18.043555917
18.758753275
15.3702916419
18.4628605825
16.9258125691
17.341443508
17.1768802795
16.5109148879
16.3837463053
15.8526297628
17.43910082
16.7697874112
16.376414455
17.0151830825
16.0781098075
15.0570277472
16.0600090704
13.9395012638
15.7927359296
15.6551015536
15.9943816175
16.06030987
13.7898877086
14.0265072276
13.5457909983
14.575171085
12.832345624
14.3055853945
14.169981449
14.701227955
13.888679866
14.403132275
13.8175758224
12.7195318888
13.3301021605
13.4035740608
13.057272069
12.926654888
13.6019674712
12.650039662
12.7089324496
12.5429777408
11.8376730867
11.424756424
11.2927708104
11.1618633252
11.679362948
10.6367644431
11.054824223
11.271770052
11.3075642576
11.1680988256
9.6374504506
10.712291124
10.2388161223
10.438439647
10.4646681456
9.5904060668
9.4698259168
9.5736534629
9.9091257552
9.079827154
9.626166568
8.602293312
8.6933464944
9.066779002
9.4934418112
8.771057859
8.7868715328
9.0554333602
7.9130652508
7.97566911
7.8433812066
8.4764059958
7.8316836065
7.8141535504
7.1325002892
6.8086001052
6.2888033988
6.9141663073
6.4441420893
6.9691822416
7.1522850432
6.9090093975
6.0955677428
6.31456565
6.1765584445
5.8286957754
6.1776175475
5.7644834686
5.889378663
5.30986424714
5.3488997331
5.46879058375
4.91789879616
4.78269055294
4.26539307208
4.269618189
4.26335661932
4.59501021025
4.0119427508
4.31354393875
3.7539296016
4.024618981
3.58812613131
3.62168228352
3.58799315275
3.16090717573
3.18885726624
2.84363742168
2.7822345066
2.73817230545
2.5735670199
2.37195584894
2.19164778332
2.28899842625
2.07952419568
1.91307306595
1.86894535825
1.72257886875
1.5755137175
1.36314709645
1.15551532168
1.125336369
0.95569526512
0.81833554752
0.64981633182
0.516883859392
0.386432994976
0.262267216892
0.120169922274
-0.0101563570045
-0.16729092198
-0.309104225472
-0.458423445425
-0.609808080826
-0.77076297585
dMdH Data
1.3190476190474E-04
1.18563636363637E-05
1.7482837528604E-06
2.39414802065403E-06
-2.76363636363631E-06
-2.49918367346941E-06
-8.59044368600691E-06
-2.3818669048682E-06
7.40690559440569E-06
-8.62312444836713E-07
2.33391608391628E-07
1.22713480710879E-05
-3.51629072681702E-06
-4.82590412111024E-06
-5.76886589047002E-06
2.75575027382254E-06
6.33461909353914E-06
4.5919487648673E-06
4.26991150442477E-07
2.51624079688183E-07
-8.77816291161181E-06
-6.94876486733756E-07
4.65684962070505E-06
3.18281938325995E-06
-4.71238348868172E-06
-6.15056179775281E-06
1.91020793950853E-06
-3.71100309323904E-06
8.11662971175159E-06
3.49832073887492E-06
-2.79789931184352E-06
1.23630136986301E-06
-9.78723404255244E-08
-2.88946910356814E-07
8.08033000434225E-06
2.59826839826841E-06
-2.87413872301335E-06
1.54186973859111E-07
-2.28289473684207E-06
-5.19317235636969E-06
4.15295629820054E-06
4.8620548505935E-06
6.02467474203678E-06
-6.67568747271937E-06
-1.02381794078656E-05
4.90342405618951E-07
2.52989880404783E-06
1.87170474516695E-06
9.52448453608242E-06
2.18494623655911E-06
-1.07414490621552E-05
2.062469013386E-07
-8.20959478341881E-06
9.49914015477215E-06
7.14564369310789E-06
-2.93693304535641E-06
1.00382592061215E-06
-4.46059004843682E-06
-4.0412881915772E-06
2.56844349680175E-06
1.6857768052516E-06
-6.36295120983735E-06
5.64368347987045E-06
-2.19232446576536E-06
-3.37527593818985E-06
6.51291028446382E-06
3.9754098360658E-07
-6.78305882352941E-06
1.46356188012072E-06
8.6668169522092E-06
-3.06035958904113E-06
7.12217391304349E-06
6.27608200455579E-06
2.03842832469774E-06
1.25348432055749E-06
-4.42195540308749E-06
-1.03123552123552E-05
-9.6587537091986E-07
-3.8974587605885E-06
-2.32363315696645E-07
6.32639184020399E-06
9.74054529463513E-07
-1.96908167974157E-06
6.55112651646429E-07
7.82917383820999E-06
3.06609442060086E-06
8.02149712092133E-06
-1.42251908396946E-05
-1.44937004199721E-06
-4.07829787234042E-06
1.38133620689655E-05
1.24579439252336E-05
-6.16828031350862E-06
4.33873720136531E-07
-7.49806284976321E-06
-5.20766216804531E-06
1.03756228440018E-06
1.63976551050317E-05
-3.00326886406973E-06
1.09685291147764E-06
-8.00366460169268E-06
-6.27268683274023E-06
-3.01087819225923E-06
1.9540866306061E-06
1.76404784441959E-05
9.56773808508825E-06
-5.22408126680607E-06
-2.17380732383407E-06
-4.85683439729631E-06
-3.95600573838107E-08
3.41975592908131E-06
5.07893075142073E-06
4.92053458551563E-06
4.70801467662775E-07
-1.40922485586162E-05
-3.22718895984208E-07
1.06826526789059E-05
-9.87219376765115E-06
6.53254548865129E-06
4.69665180522772E-06
4.19327619132211E-06
-4.24645034127824E-06
7.73190374539102E-06
7.6647904358748E-06
-3.57079567605895E-07
-5.37375849451123E-06
3.43604233943308E-06
1.05366784583876E-05
-3.38479401393309E-06
-9.00791782580783E-06
3.49938105604643E-06
-7.02946870294686E-06
9.23259557344065E-06
-4.10681316701941E-06
3.92446123083758E-06
8.02493966210781E-06
6.12232394489471E-06
-1.06315302463662E-05
-5.96383312235232E-07
1.73223974557346E-06
1.30031692235552E-05
6.27328833993403E-06
-1.07906965679122E-05
2.04610496428327E-07
1.36490718949622E-05
-1.19039168053398E-05
-1.19039168053398E-05
dMdT Data
0
0
0
0
0
0
0
0
0
0
0
0
0
0
0
0
0
0
0
0
0
0
0
0
0
0
0
0
0
0
0
0
0
0
0
0
0
0
0
0
0
0
0
0
0
0
0
0
0
0
0
0
0
0
0
0
0
0
0
0
0
0
0
0
0
0
0
0
0
0
0
0
0
0
0
0
0
0
0
0
0
0
0
0
0
0
0
0
0
0
0
0
0
0
0
0
0
0
0
0
0
0
0
0
0
0
0
0
0
0
0
0
0
0
0
0
0
0
0
0
0
0
0
0
0
0
0
0
0
0
0
0
0
0
0
0
0
0
0
0
0
0
0
0
0
0
0
 
*********************************************** Results ***************************************
 
TotalArea 0
AreaFirstQuad 0
AreaSecondQuad 0
AreaThirdQuad 0
AreaFourthQuad 0
Coercivity 0
PositiveCoercivity 0
NegativeCoercivity 0
Retentivity 0.208264744759356
PositiveRetentivity 0.413415468571361
NegativeRetentivity -3.11402094735057E-03
Magnetization 0.00519677
PositiveMagnetization -0.00290223
NegativeMagnetization -0.00519677
Flatness 1.01495222319528
Squareness 40.0758056945671
SStar 0
SFD1 0
SFD2 0
Slope 0
Intercept 0
SlopeAtHc -1.19039168053398E-05
dH1 789.451198546422
dH2 3289.301
InitialSlope 1.3190476190474E-04
FieldAtHalfMs 117.131
FieldAtMs 95.4373
MomentMean -4.42256673469388E-03
MomentRMS 5.54861550329873E-04
SFD3 0
dH3 1578.90239709284
UserField1 0
UserField2 0
CenterField 0
ExchangeField 0
ExchangeMoment 0
ExRegionOneIntercept 0
ExRegionOneSlope 0
ExRegionTwoIntercept 0
ExRegionTwoSlope 0
NegativeIntercept 0
NegativeSlope 0
AutoCenterOffset 0
PinningField 0
PinningMoment 0
PinRegionOneIntercept 0
PinRegionOneSlope 0
PinRegionTwoIntercept 0
PinRegionTwoSlope 0
PositiveIntercept 0
PositiveSlope 0
TotalOffset 0
BHMax 0
BCoercivity 0
BRetentivity 0
BNegativeCoercivity 0
BPositiveCoercivity 0
BNegativeRetentivity 0
BPositiveRetentivity 0
MomentYMean -5.95689666666666E-03
MomentYRMS 2.84634335336606E-04
YOffCorrection 0
Mrt 0
Ms1 0
Ms2 0
Ms3 0
Hc2 0
Hex2 0
HsatValue 0
HsatIntercept 0
HsatSlope 0
CenterH 0
Span .00229454
SpanAsPercentOfRange -43.2932075471698
RMSAsPercentOfRange -10.4690858552806
SpanAsPercentOfMean -51.882541014021
RMSAsPercentOfMean -12.5461430796992
