Version 1.25
******************************************** Units *******************************************
System CGS
TemperatureUnit K
MomentUnit emu
AppliedFieldUnit G
 
******************************************** Setup ********************************************
 
Experiment CustomField
Minor False
Acquisition Continuous
EditedPoint No
MaxField 15000
FieldIncrement 100
Points 147
MinField 0
RampRate 10
AverageTime 0.1
TimeInterval 0
TimeConstant 0.1
TimeConstantIndex 0
Sensitivity -0.0053
SensitivityIndex 5
SensitivityY -400
SensitivityIndexY 0
SaturationField 8000
ExperimentTime 100
Use735Domains True
AutoRangeEnabled False
NumberOfVertices 2
VertexPts
0
146
VertexField
-1283.5008
2079.1457
StartAngle 0
EndAngle 0
AngleIncrement 0
StartTemp 0
FinishTemp 0
TempIncrement 0
TempPoints 0
LengthofSetPointsArray 147
SetPointArray
-1283.50084
-1260.46901
-1237.43719
-1214.40536
-1191.37353
-1168.34171
-1145.30988
-1122.27806
-1099.24623
-1076.21441
-1053.18258
-1030.15075
-1007.11893
-984.0871
-961.05528
-938.02345
-914.99162
-891.9598
-868.92797
-845.89615
-822.86432
-799.8325
-776.80067
-753.76884
-730.73702
-707.70519
-684.67337
-661.64154
-638.60972
-615.57789
-592.54606
-569.51424
-546.48241
-523.45059
-500.41876
-477.38693
-454.35511
-431.32328
-408.29146
-385.25963
-362.22781
-339.19598
-316.16415
-293.13233
-270.1005
-247.06868
-224.03685
-201.00503
-177.9732
-154.94137
-131.90955
-108.87772
-85.8459
-62.81407
-39.78224
-16.75042
6.28141
29.31323
52.34506
75.37688
98.40871
121.44054
144.47236
167.50419
190.53601
213.56784
236.59966
259.63149
282.66332
305.69514
328.72697
351.75879
374.79062
397.82245
420.85427
443.8861
466.91792
489.94975
512.98157
536.0134
559.04523
582.07705
605.10888
628.1407
651.17253
674.20436
697.23618
720.26801
743.29983
766.33166
789.36348
812.39531
835.42714
858.45896
881.49079
904.52261
927.55444
950.58626
973.61809
996.64992
1019.68174
1042.71357
1065.74539
1088.77722
1111.80905
1134.84087
1157.8727
1180.90452
1203.93635
1226.96817
1250
1273.03183
1296.06365
1319.09548
1342.1273
1365.15913
1388.19095
1411.22278
1434.25461
1457.28643
1480.31826
1503.35008
1526.38191
1549.41374
1572.44556
1595.47739
1618.50921
1641.54104
1664.57286
1687.60469
1710.63652
1733.66834
1756.70017
1779.73199
1802.76382
1825.79564
1848.82747
1871.8593
1894.89112
1917.92295
1940.95477
1963.9866
1987.01843
2010.05025
2033.08208
2056.1139
2079.14573
FieldDomainFile C:\IDEASVSM\Default UserID\Experiments\FORCexp0111B\fdomain.ini
TempDomainFile C:\IDEASVSM\Default UserID\Experiments\FORCexp0111B\tdomain.ini
NumSelectedResults 0
ResultsSelected 
UserName1 
UserValue1 
UserName2 
UserValue2 
LinearBackgroundCorrection Off
MaxLinearFieldCorrection 
MinLinearFieldCorrection 
AutoLinearCorrection Off
FitOneRegion Off
BackgroundMode Off
BackgroundFilename 
AutoCenter Off
OffsetCorrection 
SmoothDeriv Off
DerivOrder 0
DerivPoints 0
MinExFieldOne 
MaxExFieldOne 
MinExFieldTwo 
MaxExFieldTwo 
MinPinFieldOne 
MaxPinFieldOne 
MinPinFieldTwo 
MaxPinFieldTwo 
HCenterStart 
Mass 
Volume 
Density 
MolarWeight 
NumberOfMoles 
Demagnetization 
SampleArea 
Thickness 
MomentScaling 0
XAxis 0
YAxis 0
SimpleSpinValve False
HsatMax 0
HsatMin 0
FieldAutoRange False
 
*************************************************** Experiment Data ********************************************
 
DataPoints 147
MomentX Data
-0.00376306
-0.00374411
-0.00357273
-0.00358119
-0.00385013
-0.00393628
-0.004062
-0.00392156
-0.00383116
-0.00375104
-0.00380097
-0.00373985
-0.00366847
-0.00374337
-0.00369264
-0.00356541
-0.00341715
-0.00331086
-0.00350266
-0.00338963
-0.0032746
-0.00336982
-0.00318677
-0.00315566
-0.00341865
-0.00366638
-0.00339627
-0.00344162
-0.0032084
-0.00306005
-0.00331311
-0.00318843
-0.00337019
-0.0033734
-0.00302818
-0.00289104
-0.00308443
-0.0031715
-0.00296293
-0.00271018
-0.00265455
-0.002745
-0.0027392
-0.00279514
-0.00303392
-0.00307459
-0.00274099
-0.00265803
-0.00286211
-0.00285117
-0.00298581
-0.00293702
-0.00274818
-0.00264399
-0.00260273
-0.0026709
-0.00251762
-0.00252721
-0.00274652
-0.00256349
-0.00247132
-0.0025072
-0.00252493
-0.00248061
-0.00216424
-0.00200996
-0.00221592
-0.00239447
-0.00234207
-0.00211485
-0.00191534
-0.00171228
-0.00164069
-0.00154409
-0.00170722
-0.00182955
-0.0018073
-0.00192153
-0.00161493
-0.0013995
-0.0014721
-0.00144843
-0.00140772
-0.00127292
-0.000964802
-0.000740737
-0.000621223
-0.000533977
-0.000185269
-0.000274699
0.000104966
0.000398356
0.000591034
0.000854031
0.00095271
0.00112458
0.00133523
0.00168235
0.001789
0.00212267
0.00229401
0.00238121
0.00257458
0.00288255
0.00328298
0.00342494
0.00340387
0.00335575
0.00352007
0.00369084
0.00386358
0.00411302
0.00407487
0.00409872
0.00393514
0.00411079
0.00436404
0.00435144
0.00422567
0.004368
0.00409863
0.00408177
0.0040748
0.00420011
0.00456174
0.00453657
0.00450843
0.00437465
0.00433926
0.00450693
0.00469174
0.00443685
0.00444388
0.00456067
0.00437478
0.00441675
0.00486952
0.00468778
0.00447461
0.00432149
0.00457384
0.00475137
0.0047847
0.00467182
0.00459718
0.00457275
0.004549
MomentY Data
-0.00581741
-0.00677109
-0.00638962
-0.00638962
-0.00629425
-0.00600815
-0.00610352
-0.00600815
-0.00610352
-0.00638962
-0.00600815
-0.00629425
-0.00629425
-0.00567436
-0.00610352
-0.00629425
-0.00610352
-0.00610352
-0.00581741
-0.00581741
-0.00610352
-0.00638962
-0.00581741
-0.00629425
-0.00638962
-0.00638962
-0.00610352
-0.00638962
-0.00610352
-0.00610352
-0.00638962
-0.00610352
-0.00600815
-0.00610352
-0.00581741
-0.00658035
-0.00567436
-0.00600815
-0.00600815
-0.00567436
-0.00629425
-0.00600815
-0.00581741
-0.00610352
-0.00638962
-0.00629425
-0.00567436
-0.00629425
-0.00610352
-0.00638962
-0.00638962
-0.00638962
-0.00638962
-0.00610352
-0.00610352
-0.00610352
-0.00600815
-0.00600815
-0.00638962
-0.00600815
-0.00581741
-0.00600815
-0.00629425
-0.00600815
-0.00610352
-0.00567436
-0.00638962
-0.00600815
-0.00581741
-0.00658035
-0.00629425
-0.00638962
-0.00638962
-0.00658035
-0.00638962
-0.00686646
-0.00658035
-0.00600815
-0.00658035
-0.00638962
-0.00686646
-0.00629425
-0.00658035
-0.00638962
-0.00658035
-0.00638962
-0.00600815
-0.00610352
-0.00638962
-0.00638962
-0.00658035
-0.00677109
-0.00658035
-0.00677109
-0.00677109
-0.00686646
-0.00677109
-0.00686646
-0.00658035
-0.00658035
-0.00638962
-0.00734329
-0.00658035
-0.00658035
-0.00658035
-0.00658035
-0.00677109
-0.00677109
-0.00705719
-0.00720024
-0.00677109
-0.00686646
-0.00720024
-0.00705719
-0.00686646
-0.00734329
-0.00686646
-0.00734329
-0.00720024
-0.00720024
-0.00753403
-0.00686646
-0.00677109
-0.00686646
-0.00629425
-0.00686646
-0.00734329
-0.00677109
-0.00705719
-0.00686646
-0.00705719
-0.00720024
-0.00686646
-0.00720024
-0.00720024
-0.00734329
-0.00658035
-0.00720024
-0.00734329
-0.00686646
-0.00686646
-0.00705719
-0.00705719
-0.00705719
-0.00677109
-0.00629425
-0.00638962
Field Data
-1283.6
-1277.47
-1264.05
-1246.3
-1226.26
-1201.72
-1180.46
-1157.81
-1135.69
-1111.78
-1083.87
-1064.37
-1043.38
-1020.04
-996.862
-973.403
-951.264
-928.506
-904.913
-882.073
-854.174
-832.983
-811.564
-788.765
-766.306
-743.291
-721.741
-697.893
-674.437
-647.365
-625.238
-605.243
-582.364
-559.165
-536.1
-513.087
-488.587
-466.533
-444.511
-421.613
-398.046
-375.426
-353.593
-330.503
-307.218
-284.056
-257.845
-237.179
-215.439
-191.846
-168.927
-146.462
-125.657
-101.631
-78.1415
-54.8695
-29.8058
-8.2871
14.1728
37.4437
59.9154
84.6985
103.87
127.705
151.309
174.631
199.401
220.917
243.837
266.643
289.441
315.601
336.299
359.231
378.542
402.21
428.863
449.768
471.696
495.03
518.176
544.512
565.095
587.516
610.06
633.01
655.451
677.058
699.385
723.741
747.092
773.306
793.768
816.163
838.744
861.799
884.442
906.256
928.683
952.22
975.882
1002.28
1022.89
1045.02
1067.57
1090.56
1113.23
1134.76
1157.97
1181.58
1204.46
1231.05
1251.68
1273.93
1296.58
1319.48
1342.12
1363.87
1389.88
1411.15
1433.32
1459.65
1480.24
1502.78
1525.53
1548.47
1570.37
1592.65
1615.67
1639.23
1662.25
1687.11
1708.93
1731.64
1754.39
1777.29
1799.37
1820.41
1843.81
1867.45
1891
1917.14
1937.29
1959.57
1982.31
2005.13
2030.64
Time Data
0
0.1
0.2
0.3
0.4
0.5
0.6
0.7
0.8
0.9
1
1.1
1.2
1.3
1.4
1.5
1.6
1.7
1.8
1.9
2
2.1
2.2
2.3
2.4
2.5
2.6
2.7
2.8
2.9
3
3.1
3.2
3.3
3.4
3.5
3.6
3.7
3.8
3.9
4
4.1
4.2
4.3
4.4
4.5
4.6
4.7
4.8
4.9
5
5.1
5.2
5.3
5.4
5.5
5.6
5.7
5.8
5.9
5.99999999999999
6.09999999999999
6.19999999999999
6.29999999999999
6.39999999999999
6.49999999999999
6.59999999999999
6.69999999999999
6.79999999999999
6.89999999999999
6.99999999999999
7.09999999999999
7.19999999999999
7.29999999999999
7.39999999999999
7.49999999999999
7.59999999999999
7.69999999999999
7.79999999999999
7.89999999999999
7.99999999999999
8.09999999999999
8.19999999999999
8.29999999999999
8.39999999999999
8.49999999999999
8.59999999999999
8.69999999999999
8.79999999999998
8.89999999999998
8.99999999999998
9.09999999999998
9.19999999999998
9.29999999999998
9.39999999999998
9.49999999999998
9.59999999999998
9.69999999999998
9.79999999999998
9.89999999999998
9.99999999999998
10.1
10.2
10.3
10.4
10.5
10.6
10.7
10.8
10.9
11
11.1
11.2
11.3
11.4
11.5
11.6
11.7
11.8
11.9
12
12.1
12.2
12.3
12.4
12.5
12.6
12.7
12.8
12.9
13
13.1
13.2
13.3
13.4
13.5
13.6
13.7
13.8
13.9
14
14.1
14.2
14.3
14.4
14.5
14.6
Temperature Data
0
0
0
0
0
0
0
0
0
0
0
0
0
0
0
0
0
0
0
0
0
0
0
0
0
0
0
0
0
0
0
0
0
0
0
0
0
0
0
0
0
0
0
0
0
0
0
0
0
0
0
0
0
0
0
0
0
0
0
0
0
0
0
0
0
0
0
0
0
0
0
0
0
0
0
0
0
0
0
0
0
0
0
0
0
0
0
0
0
0
0
0
0
0
0
0
0
0
0
0
0
0
0
0
0
0
0
0
0
0
0
0
0
0
0
0
0
0
0
0
0
0
0
0
0
0
0
0
0
0
0
0
0
0
0
0
0
0
0
0
0
0
0
0
0
0
0
Angle Data
0
0
0
0
0
0
0
0
0
0
0
0
0
0
0
0
0
0
0
0
0
0
0
0
0
0
0
0
0
0
0
0
0
0
0
0
0
0
0
0
0
0
0
0
0
0
0
0
0
0
0
0
0
0
0
0
0
0
0
0
0
0
0
0
0
0
0
0
0
0
0
0
0
0
0
0
0
0
0
0
0
0
0
0
0
0
0
0
0
0
0
0
0
0
0
0
0
0
0
0
0
0
0
0
0
0
0
0
0
0
0
0
0
0
0
0
0
0
0
0
0
0
0
0
0
0
0
0
0
0
0
0
0
0
0
0
0
0
0
0
0
0
0
0
0
0
0
Bx Data
0
0
0
0
0
0
0
0
0
0
0
0
0
0
0
0
0
0
0
0
0
0
0
0
0
0
0
0
0
0
0
0
0
0
0
0
0
0
0
0
0
0
0
0
0
0
0
0
0
0
0
0
0
0
0
0
0
0
0
0
0
0
0
0
0
0
0
0
0
0
0
0
0
0
0
0
0
0
0
0
0
0
0
0
0
0
0
0
0
0
0
0
0
0
0
0
0
0
0
0
0
0
0
0
0
0
0
0
0
0
0
0
0
0
0
0
0
0
0
0
0
0
0
0
0
0
0
0
0
0
0
0
0
0
0
0
0
0
0
0
0
0
0
0
0
0
0
Hint Data
0
0
0
0
0
0
0
0
0
0
0
0
0
0
0
0
0
0
0
0
0
0
0
0
0
0
0
0
0
0
0
0
0
0
0
0
0
0
0
0
0
0
0
0
0
0
0
0
0
0
0
0
0
0
0
0
0
0
0
0
0
0
0
0
0
0
0
0
0
0
0
0
0
0
0
0
0
0
0
0
0
0
0
0
0
0
0
0
0
0
0
0
0
0
0
0
0
0
0
0
0
0
0
0
0
0
0
0
0
0
0
0
0
0
0
0
0
0
0
0
0
0
0
0
0
0
0
0
0
0
0
0
0
0
0
0
0
0
0
0
0
0
0
0
0
0
0
Torque Data
7.467227476
8.6498643423
8.076799161
7.963383406
7.718387005
7.220114018
7.2049612192
6.9562961515
6.9317066288
7.1038517236
6.5120535405
6.6994108725
6.567294565
5.7880741744
6.08436715424
6.12684183275
5.80605884928
5.66715494112
5.26424993533
5.13138029093
5.21346809248
5.32244483646
4.72120052924
4.96468410125
4.89640414372
4.74934703942
4.40516062832
4.45927107066
4.11643971824
3.9512052248
3.99503322956
3.69411275536
3.4989302666
3.4128747608
3.118713501
3.37629204045
2.77241852932
2.80300024395
2.67068876465
2.39238394268
2.5054010355
2.2556157219
2.05699545413
2.01723167056
1.96300627716
1.787919478
1.4631053542
1.49286392075
1.31493624528
1.22582303852
1.07937933774
0.93583652444
0.80290048034
0.62030684112
0.47693820808
0.33489709064
0.17907771727
0.049790139865
-0.090558806336
-0.224967366155
-0.348552447114
-0.508881292775
-0.6537837475
-0.76727079575
-0.92351750768
-0.99091916116
-1.27409661762
-1.32730247355
-1.41849980217
-1.75460426505
-1.82181401425
-2.01657046162
-2.14882281638
-2.36386571085
-2.41873953404
-2.7617588766
-2.82206864205
-2.7022736092
-3.1039247736
-3.1630535886
-3.55803477696
-3.427294656
-3.71852288325
-3.75400398392
-4.014408321
-4.0446933562
-3.93804792565
-4.13243704416
-4.4688043837
-4.62442996842
-4.9161268422
-5.23612452354
-5.2232712588
-5.52631312767
-5.67921111096
-5.91750836154
-5.98863638178
-6.22277057376
-6.11105917905
-6.265940877
-6.23551514484
-7.3600327012
-6.7309742115
-6.876597357
-7.0249842495
-7.176266496
-7.5377805207
-7.6835620884
-8.1720143043
-8.5076595792
-8.1555070614
-8.452955583
-9.0123964032
-8.9903660567
-8.9029147068
-9.6893242892
-9.2156132952
-10.0152929323
-10.0074695712
-10.160618676
-10.7986758796
-10.022628339
-10.0228382616
-10.3187787588
-9.6020672025
-10.6325073162
-11.5316823173
-10.7839764885
-11.4020901673
-11.2557072258
-11.7308140775
-12.1475969064
-11.7342994878
-12.4682235936
-12.6320290536
-13.0511558841
-11.8404843795
-13.1073888984
-13.5396315349
-12.822770727
-12.98447586
-13.5296212366
-13.6718236151
-13.8290578083
-13.4223994179
-12.6207895025
-12.9750179568
dMdH Data
3.09135399673738E-06
1.27704918032786E-05
-4.76619718309863E-07
-1.34201596806387E-05
-3.51059494702529E-06
-5.91345249294447E-06
6.20044150110371E-06
4.08679927667272E-06
3.35089920535339E-06
-1.78896452884269E-06
3.13435897435897E-06
3.40066698427825E-06
-3.20908311910881E-06
2.18871343515403E-06
5.42350483822841E-06
6.69677943899906E-06
4.6704455576061E-06
-8.12952994532277E-06
4.94877408056042E-06
4.123086848991E-06
-4.49341701665801E-06
8.54615061394091E-06
1.36453353217246E-06
-1.17097822699141E-05
-1.07638496632631E-05
1.25341067285382E-05
-1.90162697081517E-06
9.94287175989084E-06
5.4798315602837E-06
-1.14367062864374E-05
6.23555888972244E-06
-7.94440316447397E-06
-1.38368033104876E-07
1.49672664209842E-05
5.95924042932255E-06
-7.8934693877551E-06
-3.9480366373447E-06
9.47098356189265E-06
1.10380819285527E-05
2.36050409470871E-06
-3.99867374005306E-06
2.65652910731473E-07
-2.4226938068428E-06
-1.02546703886622E-05
-1.75589327346516E-06
1.27274808286597E-05
4.01432304267879E-06
-9.38730450781969E-06
4.63696859237913E-07
-5.87460185871984E-06
2.17182283552194E-06
9.07666426339823E-06
4.33655206859234E-06
1.75652951318674E-06
-2.92927122722584E-06
6.11561740684735E-06
-4.45658892033434E-07
-9.76451364431722E-06
7.86518785264E-06
4.10160334999132E-06
-1.44776077246187E-06
-9.24810265237466E-07
1.85945038808475E-06
1.34032367395357E-05
6.61521310350742E-06
-8.31489705288656E-06
-8.29847555307678E-06
2.28621291448518E-06
9.96316758747698E-06
8.75120624616195E-06
7.76223241590213E-06
3.45878828872355E-06
4.21245421245421E-06
-8.44751695924604E-06
-5.1685820517154E-06
8.34802836453687E-07
-5.46424300406603E-06
1.39821233126596E-05
9.23245050141427E-06
-3.13661107750799E-06
8.98769744835975E-07
1.9778457950736E-06
6.01222068596406E-06
1.3667405961675E-05
9.76318082788669E-06
5.32569849828438E-06
4.03785810154117E-06
1.5618220092265E-05
-3.67178518640171E-06
1.62590467217678E-05
1.11921110856794E-05
9.41638158537778E-06
1.1743558830096E-05
4.37000132855055E-06
7.45478204294081E-06
9.30309587952125E-06
1.59127166040158E-05
4.75542872430552E-06
1.4176403109997E-05
7.24114614149271E-06
3.30328055155693E-06
9.38233867054827E-06
1.39164030727519E-05
1.77574279379158E-05
6.17485863418878E-06
-9.29422143802388E-07
-2.23502090106828E-06
7.07970702283499E-06
7.23295213892421E-06
7.54982517482515E-06
9.38097028958258E-06
-1.8492486669898E-06
1.07191011235954E-06
-7.22207505518768E-06
7.67030567685584E-06
1.11859540636043E-05
-5.79310344827575E-07
-4.83544790465201E-06
6.69158439116128E-06
-1.2150202976996E-05
-6.4033421952144E-07
-3.38513841670727E-07
5.55944986690329E-06
1.58958241758242E-05
-1.09721011333913E-06
-1.28493150684934E-06
-6.00448833034106E-06
-1.53735881841876E-06
7.11672325976232E-06
8.02823631624673E-06
-1.02530168946098E-05
3.22181484876253E-07
5.14266842800529E-06
-8.17098901098902E-06
1.83275109170305E-06
2.05058876811595E-05
-8.63783269961968E-06
-9.10982905982909E-06
-6.47715736040609E-06
1.07154989384289E-05
6.79150726855393E-06
1.65409429280397E-06
-5.06642728904848E-06
-3.28232189973614E-06
-1.07055214723925E-06
-9.31007448059598E-07
-9.31007448059598E-07
dMdT Data
0
0
0
0
0
0
0
0
0
0
0
0
0
0
0
0
0
0
0
0
0
0
0
0
0
0
0
0
0
0
0
0
0
0
0
0
0
0
0
0
0
0
0
0
0
0
0
0
0
0
0
0
0
0
0
0
0
0
0
0
0
0
0
0
0
0
0
0
0
0
0
0
0
0
0
0
0
0
0
0
0
0
0
0
0
0
0
0
0
0
0
0
0
0
0
0
0
0
0
0
0
0
0
0
0
0
0
0
0
0
0
0
0
0
0
0
0
0
0
0
0
0
0
0
0
0
0
0
0
0
0
0
0
0
0
0
0
0
0
0
0
0
0
0
0
0
0
 
*********************************************** Results ***************************************
 
TotalArea 0
AreaFirstQuad 0
AreaSecondQuad 0
AreaThirdQuad 0
AreaFourthQuad 0
Coercivity 0
PositiveCoercivity 0
NegativeCoercivity 0
Retentivity 1.40656574561696E-03
PositiveRetentivity 2.05001990212103E-04
NegativeRetentivity -2.60812950102182E-03
Magnetization 0.00446576
PositiveMagnetization 0.00486952
NegativeMagnetization -0.004062
Flatness 2.85425353144642
Squareness 0.314966712411093
SStar 0
SFD1 0
SFD2 0
Slope 0
Intercept 0
SlopeAtHc -9.31007448059598E-07
dH1 227.499947773929
dH2 296.522
InitialSlope 3.09135399673738E-06
FieldAtHalfMs 1007.98753219217
FieldAtMs 1799.37
MomentMean -2.59328639455783E-04
MomentRMS 3.25462889877131E-03
SFD3 0
dH3 454.999895547858
UserField1 0
UserField2 0
CenterField 0
ExchangeField 0
ExchangeMoment 0
ExRegionOneIntercept 0
ExRegionOneSlope 0
ExRegionTwoIntercept 0
ExRegionTwoSlope 0
NegativeIntercept 0
NegativeSlope 0
AutoCenterOffset 0
PinningField 0
PinningMoment 0
PinRegionOneIntercept 0
PinRegionOneSlope 0
PinRegionTwoIntercept 0
PinRegionTwoSlope 0
PositiveIntercept 0
PositiveSlope 0
TotalOffset 0
BHMax 0
BCoercivity 0
BRetentivity 0
BNegativeCoercivity 0
BPositiveCoercivity 0
BNegativeRetentivity 0
BPositiveRetentivity 0
MomentYMean -6.46909176870748E-03
MomentYRMS 4.42071393172227E-04
YOffCorrection 0
Mrt 0
Ms1 0
Ms2 0
Ms3 0
Hc2 0
Hex2 0
HsatValue 0
HsatIntercept 0
HsatSlope 0
CenterH 0
Span .00893152
SpanAsPercentOfRange -168.519245283019
RMSAsPercentOfRange -61.4080924296473
SpanAsPercentOfMean -3444.09318567489
RMSAsPercentOfMean -1255.02100562489
