Version 1.25
******************************************** Units *******************************************
System CGS
TemperatureUnit K
MomentUnit emu
AppliedFieldUnit G
 
******************************************** Setup ********************************************
 
Experiment CustomField
Minor False
Acquisition Continuous
EditedPoint No
MaxField 15000
FieldIncrement 100
Points 147
MinField 0
RampRate 10
AverageTime 0.1
TimeInterval 0
TimeConstant 0.1
TimeConstantIndex 0
Sensitivity -0.0053
SensitivityIndex 5
SensitivityY -400
SensitivityIndexY 0
SaturationField 8000
ExperimentTime 100
Use735Domains True
AutoRangeEnabled False
NumberOfVertices 2
VertexPts
0
146
VertexField
-2020.5193
1342.1273
StartAngle 0
EndAngle 0
AngleIncrement 0
StartTemp 0
FinishTemp 0
TempIncrement 0
TempPoints 0
LengthofSetPointsArray 147
SetPointArray
-2020.51926
-1997.48744
-1974.45561
-1951.42379
-1928.39196
-1905.36013
-1882.32831
-1859.29648
-1836.26466
-1813.23283
-1790.20101
-1767.16918
-1744.13735
-1721.10553
-1698.0737
-1675.04188
-1652.01005
-1628.97822
-1605.9464
-1582.91457
-1559.88275
-1536.85092
-1513.8191
-1490.78727
-1467.75544
-1444.72362
-1421.69179
-1398.65997
-1375.62814
-1352.59631
-1329.56449
-1306.53266
-1283.50084
-1260.46901
-1237.43719
-1214.40536
-1191.37353
-1168.34171
-1145.30988
-1122.27806
-1099.24623
-1076.21441
-1053.18258
-1030.15075
-1007.11893
-984.0871
-961.05528
-938.02345
-914.99162
-891.9598
-868.92797
-845.89615
-822.86432
-799.8325
-776.80067
-753.76884
-730.73702
-707.70519
-684.67337
-661.64154
-638.60972
-615.57789
-592.54606
-569.51424
-546.48241
-523.45059
-500.41876
-477.38693
-454.35511
-431.32328
-408.29146
-385.25963
-362.22781
-339.19598
-316.16415
-293.13233
-270.1005
-247.06868
-224.03685
-201.00503
-177.9732
-154.94137
-131.90955
-108.87772
-85.8459
-62.81407
-39.78224
-16.75042
6.28141
29.31323
52.34506
75.37688
98.40871
121.44054
144.47236
167.50419
190.53601
213.56784
236.59966
259.63149
282.66332
305.69514
328.72697
351.75879
374.79062
397.82245
420.85427
443.8861
466.91792
489.94975
512.98157
536.0134
559.04523
582.07705
605.10888
628.1407
651.17253
674.20436
697.23618
720.26801
743.29983
766.33166
789.36348
812.39531
835.42714
858.45896
881.49079
904.52261
927.55444
950.58626
973.61809
996.64992
1019.68174
1042.71357
1065.74539
1088.77722
1111.80905
1134.84087
1157.8727
1180.90452
1203.93635
1226.96817
1250
1273.03183
1296.06365
1319.09548
1342.1273
FieldDomainFile C:\IDEASVSM\Default UserID\Experiments\FORCexp0143B\fdomain.ini
TempDomainFile C:\IDEASVSM\Default UserID\Experiments\FORCexp0143B\tdomain.ini
NumSelectedResults 0
ResultsSelected 
UserName1 
UserValue1 
UserName2 
UserValue2 
LinearBackgroundCorrection Off
MaxLinearFieldCorrection 
MinLinearFieldCorrection 
AutoLinearCorrection Off
FitOneRegion Off
BackgroundMode Off
BackgroundFilename 
AutoCenter Off
OffsetCorrection 
SmoothDeriv Off
DerivOrder 0
DerivPoints 0
MinExFieldOne 
MaxExFieldOne 
MinExFieldTwo 
MaxExFieldTwo 
MinPinFieldOne 
MaxPinFieldOne 
MinPinFieldTwo 
MaxPinFieldTwo 
HCenterStart 
Mass 
Volume 
Density 
MolarWeight 
NumberOfMoles 
Demagnetization 
SampleArea 
Thickness 
MomentScaling 0
XAxis 0
YAxis 0
SimpleSpinValve False
HsatMax 0
HsatMin 0
FieldAutoRange False
 
*************************************************** Experiment Data ********************************************
 
DataPoints 147
MomentX Data
-0.00467805
-0.0045439
-0.00457126
-0.00450692
-0.00447935
-0.00474048
-0.00462094
-0.00475964
-0.00482484
-0.00456868
-0.00443782
-0.00443617
-0.00440494
-0.00442214
-0.00444393
-0.00450345
-0.00463899
-0.00471008
-0.00464437
-0.00436075
-0.00446356
-0.0043008
-0.00405516
-0.00408999
-0.00414572
-0.00433971
-0.00454165
-0.00469214
-0.00470532
-0.00444851
-0.00446303
-0.00439477
-0.00424609
-0.0044962
-0.00453331
-0.00427262
-0.0041313
-0.00409802
-0.00416131
-0.0043709
-0.00402439
-0.00393865
-0.00407924
-0.00398127
-0.00400721
-0.00432227
-0.00443793
-0.00437071
-0.0042419
-0.0040121
-0.00437265
-0.00424219
-0.00433815
-0.00435181
-0.00407503
-0.00399431
-0.00397616
-0.00402043
-0.00403615
-0.00401314
-0.00365901
-0.00375995
-0.00386743
-0.00396826
-0.00394252
-0.00355076
-0.00364987
-0.00360041
-0.00334705
-0.00353116
-0.00359408
-0.00362399
-0.00363033
-0.00346471
-0.00343687
-0.00347041
-0.00341057
-0.00346185
-0.00339858
-0.00348735
-0.00344753
-0.00339378
-0.00356691
-0.0036546
-0.00333395
-0.00311936
-0.00314128
-0.00304643
-0.00299199
-0.00307924
-0.0031544
-0.0031787
-0.00300363
-0.00296527
-0.00302364
-0.00306854
-0.00303278
-0.00301498
-0.00293974
-0.0027151
-0.00273469
-0.00281767
-0.00291494
-0.00273931
-0.00242515
-0.00240801
-0.00230083
-0.00253378
-0.00280086
-0.00242027
-0.00223088
-0.00212111
-0.00199004
-0.00183414
-0.00195719
-0.00196075
-0.00164318
-0.00164739
-0.00156258
-0.00135601
-0.00135546
-0.00071046
-0.000348906
-0.000212944
0.000104865
0.000235176
0.000514926
0.000563881
0.000729629
0.001144
0.00150753
0.00152146
0.0015585
0.00171608
0.00215674
0.00252156
0.0026239
0.00316578
0.00319772
0.0031258
0.0032331
0.00329812
0.00350072
0.00365528
0.00358745
0.00370919
0.0035178
MomentY Data
-0.00567436
-0.00581741
-0.00629425
-0.00600815
-0.00581741
-0.00600815
-0.00567436
-0.00600815
-0.00567436
-0.00610352
-0.00581741
-0.00581741
-0.00629425
-0.00567436
-0.00638962
-0.00600815
-0.00581741
-0.00567436
-0.00600815
-0.00610352
-0.00610352
-0.00686646
-0.00600815
-0.00629425
-0.00629425
-0.00658035
-0.00629425
-0.00629425
-0.00553131
-0.00638962
-0.00581741
-0.00629425
-0.00581741
-0.00600815
-0.00686646
-0.00629425
-0.00677109
-0.00638962
-0.00610352
-0.00629425
-0.00629425
-0.00581741
-0.00581741
-0.00638962
-0.00553131
-0.00638962
-0.00686646
-0.00610352
-0.00629425
-0.00610352
-0.00638962
-0.00610352
-0.00610352
-0.00567436
-0.00658035
-0.00600815
-0.00600815
-0.00600815
-0.00629425
-0.00638962
-0.00581741
-0.00610352
-0.00638962
-0.00638962
-0.00600815
-0.00629425
-0.00581741
-0.00581741
-0.00629425
-0.00629425
-0.00629425
-0.00610352
-0.00658035
-0.00610352
-0.00638962
-0.00686646
-0.00638962
-0.00600815
-0.00610352
-0.00658035
-0.00600815
-0.00629425
-0.00567436
-0.00610352
-0.00581741
-0.00629425
-0.00629425
-0.00610352
-0.00629425
-0.00677109
-0.00658035
-0.00629425
-0.00629425
-0.00638962
-0.00629425
-0.00600815
-0.00638962
-0.00600815
-0.00567436
-0.00610352
-0.00610352
-0.00629425
-0.00638962
-0.00600815
-0.00629425
-0.00629425
-0.00629425
-0.00629425
-0.00610352
-0.00600815
-0.00638962
-0.00638962
-0.00658035
-0.00658035
-0.00638962
-0.00629425
-0.00658035
-0.00658035
-0.00658035
-0.00638962
-0.00610352
-0.00658035
-0.00638962
-0.00677109
-0.00658035
-0.00677109
-0.00658035
-0.00686646
-0.00629425
-0.00720024
-0.00677109
-0.00686646
-0.00658035
-0.00677109
-0.00677109
-0.00686646
-0.00658035
-0.00705719
-0.00753403
-0.00705719
-0.00734329
-0.00686646
-0.00720024
-0.00677109
-0.00705719
-0.00720024
-0.00705719
Field Data
-2020.59
-2018.6
-2007.73
-1992
-1973.19
-1952.36
-1932.08
-1908.75
-1885.02
-1861.55
-1833.79
-1812.78
-1791.07
-1769.45
-1745.35
-1717.83
-1697.34
-1675.61
-1652.52
-1629.64
-1606.75
-1581.9
-1560.06
-1536.96
-1513.76
-1490.92
-1469.73
-1446.68
-1423
-1399.82
-1377.29
-1352.09
-1329.51
-1306.73
-1284.21
-1261.46
-1239.02
-1217.4
-1194.05
-1170.81
-1148.03
-1122.4
-1099.99
-1077.44
-1054.65
-1032
-1009.39
-987.909
-964.77
-941.27
-893.035
-870.71
-848.23
-825.338
-802.58
-781.626
-758.837
-735.307
-712.088
-688.632
-662.446
-642.348
-619.789
-596.765
-573.927
-548.987
-526.963
-504.764
-481.822
-457.926
-435.944
-414.385
-391.415
-368.073
-345.025
-318.814
-297.527
-275.796
-252.763
-230.5
-207.242
-185.142
-162.785
-139.331
-116.171
-88.9748
-68.5444
-47.0126
-25.275
-1.44973
21.8622
43.6627
66.2991
89.656
112.729
140.159
161.065
182.41
204.853
228.13
250.771
272.126
294.842
318.613
341.705
368.905
389.761
410.598
433.51
456.026
479.56
504.751
526.651
549.113
568.62
592.466
617.907
639.854
662.346
685.929
708.545
733.533
755.248
777.808
800.25
823.258
843.874
866.131
890.307
914.349
937.635
963.637
983.949
1006.15
1028.97
1051.95
1072.27
1096.23
1119.78
1143.13
1166.03
1192.25
1212.82
1234.89
1257.63
1280.2
1302.95
Time Data
0
0.1
0.2
0.3
0.4
0.5
0.6
0.7
0.8
0.9
1
1.1
1.2
1.3
1.4
1.5
1.6
1.7
1.8
1.9
2
2.1
2.2
2.3
2.4
2.5
2.6
2.7
2.8
2.9
3
3.1
3.2
3.3
3.4
3.5
3.6
3.7
3.8
3.9
4
4.1
4.2
4.3
4.4
4.5
4.6
4.7
4.8
4.9
5
5.1
5.2
5.3
5.4
5.5
5.6
5.7
5.8
5.9
5.99999999999999
6.09999999999999
6.19999999999999
6.29999999999999
6.39999999999999
6.49999999999999
6.59999999999999
6.69999999999999
6.79999999999999
6.89999999999999
6.99999999999999
7.09999999999999
7.19999999999999
7.29999999999999
7.39999999999999
7.49999999999999
7.59999999999999
7.69999999999999
7.79999999999999
7.89999999999999
7.99999999999999
8.09999999999999
8.19999999999999
8.29999999999999
8.39999999999999
8.49999999999999
8.59999999999999
8.69999999999999
8.79999999999998
8.89999999999998
8.99999999999998
9.09999999999998
9.19999999999998
9.29999999999998
9.39999999999998
9.49999999999998
9.59999999999998
9.69999999999998
9.79999999999998
9.89999999999998
9.99999999999998
10.1
10.2
10.3
10.4
10.5
10.6
10.7
10.8
10.9
11
11.1
11.2
11.3
11.4
11.5
11.6
11.7
11.8
11.9
12
12.1
12.2
12.3
12.4
12.5
12.6
12.7
12.8
12.9
13
13.1
13.2
13.3
13.4
13.5
13.6
13.7
13.8
13.9
14
14.1
14.2
14.3
14.4
14.5
14.6
Temperature Data
0
0
0
0
0
0
0
0
0
0
0
0
0
0
0
0
0
0
0
0
0
0
0
0
0
0
0
0
0
0
0
0
0
0
0
0
0
0
0
0
0
0
0
0
0
0
0
0
0
0
0
0
0
0
0
0
0
0
0
0
0
0
0
0
0
0
0
0
0
0
0
0
0
0
0
0
0
0
0
0
0
0
0
0
0
0
0
0
0
0
0
0
0
0
0
0
0
0
0
0
0
0
0
0
0
0
0
0
0
0
0
0
0
0
0
0
0
0
0
0
0
0
0
0
0
0
0
0
0
0
0
0
0
0
0
0
0
0
0
0
0
0
0
0
0
0
0
Angle Data
0
0
0
0
0
0
0
0
0
0
0
0
0
0
0
0
0
0
0
0
0
0
0
0
0
0
0
0
0
0
0
0
0
0
0
0
0
0
0
0
0
0
0
0
0
0
0
0
0
0
0
0
0
0
0
0
0
0
0
0
0
0
0
0
0
0
0
0
0
0
0
0
0
0
0
0
0
0
0
0
0
0
0
0
0
0
0
0
0
0
0
0
0
0
0
0
0
0
0
0
0
0
0
0
0
0
0
0
0
0
0
0
0
0
0
0
0
0
0
0
0
0
0
0
0
0
0
0
0
0
0
0
0
0
0
0
0
0
0
0
0
0
0
0
0
0
0
Bx Data
0
0
0
0
0
0
0
0
0
0
0
0
0
0
0
0
0
0
0
0
0
0
0
0
0
0
0
0
0
0
0
0
0
0
0
0
0
0
0
0
0
0
0
0
0
0
0
0
0
0
0
0
0
0
0
0
0
0
0
0
0
0
0
0
0
0
0
0
0
0
0
0
0
0
0
0
0
0
0
0
0
0
0
0
0
0
0
0
0
0
0
0
0
0
0
0
0
0
0
0
0
0
0
0
0
0
0
0
0
0
0
0
0
0
0
0
0
0
0
0
0
0
0
0
0
0
0
0
0
0
0
0
0
0
0
0
0
0
0
0
0
0
0
0
0
0
0
Hint Data
0
0
0
0
0
0
0
0
0
0
0
0
0
0
0
0
0
0
0
0
0
0
0
0
0
0
0
0
0
0
0
0
0
0
0
0
0
0
0
0
0
0
0
0
0
0
0
0
0
0
0
0
0
0
0
0
0
0
0
0
0
0
0
0
0
0
0
0
0
0
0
0
0
0
0
0
0
0
0
0
0
0
0
0
0
0
0
0
0
0
0
0
0
0
0
0
0
0
0
0
0
0
0
0
0
0
0
0
0
0
0
0
0
0
0
0
0
0
0
0
0
0
0
0
0
0
0
0
0
0
0
0
0
0
0
0
0
0
0
0
0
0
0
0
0
0
0
Torque Data
11.4655550724
11.743023826
12.6371545525
11.9682348
11.4788552379
11.730071734
10.9633174688
11.4680563125
10.6962820872
11.362007656
10.6679082839
10.5456844998
11.2734423475
10.040496302
11.152123267
10.3209803145
9.8741226894
9.5080143596
9.928588038
9.9465403328
9.80683076
10.862053074
9.373074489
9.67401048
9.52798388
9.810775422
9.2508480525
9.10576559
7.87105413
8.9443178684
8.0122606189
8.5103924825
7.7343047691
7.8510298495
8.8179765966
7.939944605
8.3895159318
7.778723388
7.287908056
7.3693708425
7.2259878275
6.529460984
6.3990928259
6.8844321728
5.8335960915
6.59408784
6.9309360594
6.02972233968
6.0725035725
5.7450602704
5.7061542967
5.3143958992
5.1771887696
4.68326493368
5.281257303
4.6961262519
4.55920652155
4.41783475205
4.482059894
4.40009679984
3.85371998486
3.92058386496
3.96021619018
3.8131015793
3.44823950505
3.45546142475
3.06555982583
2.93641914124
3.0327081235
2.8823007255
2.743940522
2.5292071352
2.57564769525
2.24654091696
2.2045786405
2.18912357844
1.90108446974
1.6570237374
1.54274402576
1.516770675
1.2451410223
1.1653300335
0.9237006926
0.85040954512
0.67581433711
0.5600296349
0.4314355897
0.286942344352
0.15908716875
0.0098162523057
-0.14386092777
-0.274823949475
-0.417303110175
-0.57286777072
-0.70954450825
-0.84209629585
-1.0291441453
-1.0959466415
-1.16240966908
-1.3923960176
-1.53058581392
-1.7128290755
-1.88392834004
-1.91427469595
-2.15077669625
-2.32198029625
-2.45325317425
-2.5844064615
-2.6459369552
-2.7398726119
-3.0642061672
-3.22516708462
-3.46554790785
-3.61335572955
-3.6332657244
-3.7291291205
-4.06604432745
-4.2104632689
-4.3584685011
-4.38282565698
-4.3246185784
-4.82690387655
-4.82574772576
-5.26660797072
-5.2659250875
-5.57435401122
-5.5529862759
-5.94725386626
-5.60381483475
-6.58353224376
-6.34881097215
-6.61677491502
-6.47472880215
-6.8127322035
-6.9672484773
-7.223172597
-7.0559118945
-7.7363033937
-8.4364561134
-8.0672856047
-8.5624964387
-8.186536935
-8.7325950768
-8.3615513301
-8.8753338597
-9.217747248
-9.1951657105
dMdH Data
6.7412060301507E-05
-2.51701931922723E-06
4.0902733630006E-06
1.46570972886764E-06
-1.25362457993278E-05
5.89447731755427E-06
-5.9451350192885E-06
-2.74757690686896E-06
1.09143587558585E-05
4.71397694524496E-06
7.85340314136416E-08
1.43850760018421E-06
-7.95559666974996E-07
-9.04149377593349E-07
-2.16279069767443E-06
-6.61493411420205E-06
-3.27151403589508E-06
2.84582070160244E-06
1.23959790209791E-05
-4.49148099606813E-06
6.54969818913485E-06
1.12472527472526E-05
-1.5077922077922E-06
-2.4021551724138E-06
-8.49343257443084E-06
-9.52996696554978E-06
-6.52885032537961E-06
-5.56587837837827E-07
1.1078947368421E-05
-6.44474034620491E-07
2.70873015873014E-06
6.58458813108948E-06
-1.09793678665496E-05
-1.64786856127886E-06
1.14589010989011E-05
6.29768270944742E-06
1.53931544865866E-06
-2.71049250535329E-06
-9.01850258175559E-06
1.52111501316945E-05
3.3452984783457E-06
-6.27353859883976E-06
4.34456762749443E-06
-1.13821851689335E-06
-1.39099337748344E-05
-5.11543564794339E-06
3.12927703551975E-06
5.5667919961969E-06
9.7787234042553E-06
-7.47486265160152E-06
5.84367301231804E-06
-4.26868327402135E-06
-5.96715009610361E-07
1.21618771421039E-05
3.8522477808533E-06
7.96436877440861E-07
-1.88142796430089E-06
-6.77031741246368E-07
9.80985675306937E-07
1.35236385855038E-05
-5.0223902875908E-06
-4.76439558491067E-06
-4.37934329395416E-06
1.12706892022072E-06
1.57080994386527E-05
-4.50009081002542E-06
2.22802828956259E-06
1.10435010025281E-05
-7.70463675929027E-06
-2.86234191611318E-06
-1.38735562873974E-06
-2.76012189812803E-07
7.09536457887069E-06
1.20791391877822E-06
-1.27961542863685E-06
2.81110536947433E-06
-2.35976255119414E-06
2.74692832023618E-06
-3.98733324349819E-06
1.71209906268812E-06
2.43212669683258E-06
-7.74388334749743E-06
-3.73880787925301E-06
1.38449913644214E-05
7.89044057625698E-06
-1.07291095622212E-06
4.40511243834701E-06
2.5044163109083E-06
-3.66207812125529E-06
-3.22410027826953E-06
-1.11465333363914E-06
7.73400364015479E-06
1.64234123535231E-06
-2.52979673211114E-06
-1.63689391177542E-06
1.71051372811632E-06
8.3391895057391E-07
3.35249298222162E-06
9.65072818662201E-06
-8.65244468000544E-07
-3.88574104425193E-06
-4.28200387392146E-06
7.38841445458752E-06
1.36047115884289E-05
6.30147058823534E-07
5.13904871499808E-06
-1.11796323847003E-05
-1.16567737430168E-05
1.69030911351927E-05
8.0475057363814E-06
4.35750863403598E-06
5.9849315068493E-06
6.94061080936691E-06
-6.30799200287079E-06
-1.49291285750217E-07
1.24826068157698E-05
-1.91825762063159E-07
3.77067401742843E-06
8.75927574948057E-06
2.43190661478593E-08
2.58123899471746E-05
1.66499654616624E-05
6.02668439716313E-06
1.41613492558595E-05
5.66372566063977E-06
1.35695576251455E-05
2.19953273127556E-06
6.85589013898079E-06
1.72352965643457E-05
1.56115262389419E-05
5.35728020921473E-07
1.8235525797558E-06
7.09787847394261E-06
1.93102541630149E-05
1.5875543951262E-05
5.03641732283467E-06
2.26160267111853E-05
1.35626326963906E-06
-3.08008565310489E-06
4.68558951965068E-06
2.47978642257818E-06
9.84929508993684E-06
7.00317172632527E-06
-2.98284960422164E-06
5.39388568896767E-06
-8.41274725274724E-06
-8.41274725274724E-06
dMdT Data
0
0
0
0
0
0
0
0
0
0
0
0
0
0
0
0
0
0
0
0
0
0
0
0
0
0
0
0
0
0
0
0
0
0
0
0
0
0
0
0
0
0
0
0
0
0
0
0
0
0
0
0
0
0
0
0
0
0
0
0
0
0
0
0
0
0
0
0
0
0
0
0
0
0
0
0
0
0
0
0
0
0
0
0
0
0
0
0
0
0
0
0
0
0
0
0
0
0
0
0
0
0
0
0
0
0
0
0
0
0
0
0
0
0
0
0
0
0
0
0
0
0
0
0
0
0
0
0
0
0
0
0
0
0
0
0
0
0
0
0
0
0
0
0
0
0
0
 
*********************************************** Results ***************************************
 
TotalArea 0
AreaFirstQuad 0
AreaSecondQuad 0
AreaThirdQuad 0
AreaFourthQuad 0
Coercivity 0
PositiveCoercivity 0
NegativeCoercivity 0
Retentivity 6.73089994997592E-02
PositiveRetentivity 0.131534084924622
NegativeRetentivity -3.08391407489642E-03
Magnetization 0.004267015
PositiveMagnetization 0.00370919
NegativeMagnetization -0.00482484
Flatness 1.04581726214646
Squareness 15.7742589373975
SStar 0
SFD1 0
SFD2 0
Slope 0
Intercept 0
SlopeAtHc -8.41274725274724E-06
dH1 499.23559077347
dH2 3323.54
InitialSlope 6.7412060301507E-05
FieldAtHalfMs 1013.32313189307
FieldAtMs 1280.2
MomentMean -2.66630512244898E-03
MomentRMS 2.34568291824124E-03
SFD3 0
dH3 998.47118154694
UserField1 0
UserField2 0
CenterField 0
ExchangeField 0
ExchangeMoment 0
ExRegionOneIntercept 0
ExRegionOneSlope 0
ExRegionTwoIntercept 0
ExRegionTwoSlope 0
NegativeIntercept 0
NegativeSlope 0
AutoCenterOffset 0
PinningField 0
PinningMoment 0
PinRegionOneIntercept 0
PinRegionOneSlope 0
PinRegionTwoIntercept 0
PinRegionTwoSlope 0
PositiveIntercept 0
PositiveSlope 0
TotalOffset 0
BHMax 0
BCoercivity 0
BRetentivity 0
BNegativeCoercivity 0
BPositiveCoercivity 0
BNegativeRetentivity 0
BPositiveRetentivity 0
MomentYMean -6.30495557823129E-03
MomentYRMS 3.9248886355221E-04
YOffCorrection 0
Mrt 0
Ms1 0
Ms2 0
Ms3 0
Hc2 0
Hex2 0
HsatValue 0
HsatIntercept 0
HsatSlope 0
CenterH 0
Span .00853403
SpanAsPercentOfRange -161.019433962264
RMSAsPercentOfRange -44.2581682687026
SpanAsPercentOfMean -320.069519731544
RMSAsPercentOfMean -87.9750370087706
