Version 1.25
******************************************** Units *******************************************
System CGS
TemperatureUnit K
MomentUnit emu
AppliedFieldUnit G
 
******************************************** Setup ********************************************
 
Experiment CustomField
Minor False
Acquisition Continuous
EditedPoint No
MaxField 15000
FieldIncrement 100
Points 147
MinField 0
RampRate 10
AverageTime 0.1
TimeInterval 0
TimeConstant 0.1
TimeConstantIndex 0
Sensitivity -0.0053
SensitivityIndex 5
SensitivityY -400
SensitivityIndexY 0
SaturationField 8000
ExperimentTime 100
Use735Domains True
AutoRangeEnabled False
NumberOfVertices 2
VertexPts
0
146
VertexField
-2803.6013
559.0452
StartAngle 0
EndAngle 0
AngleIncrement 0
StartTemp 0
FinishTemp 0
TempIncrement 0
TempPoints 0
LengthofSetPointsArray 147
SetPointArray
-2803.60134
-2780.56951
-2757.53769
-2734.50586
-2711.47404
-2688.44221
-2665.41039
-2642.37856
-2619.34673
-2596.31491
-2573.28308
-2550.25126
-2527.21943
-2504.1876
-2481.15578
-2458.12395
-2435.09213
-2412.0603
-2389.02848
-2365.99665
-2342.96482
-2319.933
-2296.90117
-2273.86935
-2250.83752
-2227.8057
-2204.77387
-2181.74204
-2158.71022
-2135.67839
-2112.64657
-2089.61474
-2066.58291
-2043.55109
-2020.51926
-1997.48744
-1974.45561
-1951.42379
-1928.39196
-1905.36013
-1882.32831
-1859.29648
-1836.26466
-1813.23283
-1790.20101
-1767.16918
-1744.13735
-1721.10553
-1698.0737
-1675.04188
-1652.01005
-1628.97822
-1605.9464
-1582.91457
-1559.88275
-1536.85092
-1513.8191
-1490.78727
-1467.75544
-1444.72362
-1421.69179
-1398.65997
-1375.62814
-1352.59631
-1329.56449
-1306.53266
-1283.50084
-1260.46901
-1237.43719
-1214.40536
-1191.37353
-1168.34171
-1145.30988
-1122.27806
-1099.24623
-1076.21441
-1053.18258
-1030.15075
-1007.11893
-984.0871
-961.05528
-938.02345
-914.99162
-891.9598
-868.92797
-845.89615
-822.86432
-799.8325
-776.80067
-753.76884
-730.73702
-707.70519
-684.67337
-661.64154
-638.60972
-615.57789
-592.54606
-569.51424
-546.48241
-523.45059
-500.41876
-477.38693
-454.35511
-431.32328
-408.29146
-385.25963
-362.22781
-339.19598
-316.16415
-293.13233
-270.1005
-247.06868
-224.03685
-201.00503
-177.9732
-154.94137
-131.90955
-108.87772
-85.8459
-62.81407
-39.78224
-16.75042
6.28141
29.31323
52.34506
75.37688
98.40871
121.44054
144.47236
167.50419
190.53601
213.56784
236.59966
259.63149
282.66332
305.69514
328.72697
351.75879
374.79062
397.82245
420.85427
443.8861
466.91792
489.94975
512.98157
536.0134
559.04523
FieldDomainFile C:\IDEASVSM\Default UserID\Experiments\FORCexp0177B\fdomain.ini
TempDomainFile C:\IDEASVSM\Default UserID\Experiments\FORCexp0177B\tdomain.ini
NumSelectedResults 0
ResultsSelected 
UserName1 
UserValue1 
UserName2 
UserValue2 
LinearBackgroundCorrection Off
MaxLinearFieldCorrection 
MinLinearFieldCorrection 
AutoLinearCorrection Off
FitOneRegion Off
BackgroundMode Off
BackgroundFilename 
AutoCenter Off
OffsetCorrection 
SmoothDeriv Off
DerivOrder 0
DerivPoints 0
MinExFieldOne 
MaxExFieldOne 
MinExFieldTwo 
MaxExFieldTwo 
MinPinFieldOne 
MaxPinFieldOne 
MinPinFieldTwo 
MaxPinFieldTwo 
HCenterStart 
Mass 
Volume 
Density 
MolarWeight 
NumberOfMoles 
Demagnetization 
SampleArea 
Thickness 
MomentScaling 0
XAxis 0
YAxis 0
SimpleSpinValve False
HsatMax 0
HsatMin 0
FieldAutoRange False
 
*************************************************** Experiment Data ********************************************
 
DataPoints 147
MomentX Data
-0.00490644
-0.00478147
-0.00479153
-0.005108
-0.00489421
-0.00479931
-0.00469399
-0.00464772
-0.00487952
-0.00501096
-0.00494671
-0.00502551
-0.00474299
-0.00500513
-0.00524347
-0.0050903
-0.00497874
-0.00488239
-0.00465904
-0.00467776
-0.0048163
-0.00483052
-0.00500103
-0.00484343
-0.00463267
-0.00471846
-0.00479692
-0.00462443
-0.00459505
-0.00470314
-0.00470268
-0.00449949
-0.00452116
-0.00465378
-0.00485572
-0.00486938
-0.00494285
-0.00490207
-0.00454939
-0.00443709
-0.00459782
-0.00457666
-0.004695
-0.00465845
-0.00441457
-0.00440148
-0.00455281
-0.0046505
-0.00480319
-0.00453102
-0.004275
-0.00434125
-0.00439539
-0.00465234
-0.00478278
-0.00463827
-0.0045142
-0.00439683
-0.00441383
-0.00448381
-0.0043385
-0.00455613
-0.00450107
-0.00452051
-0.00443286
-0.00439694
-0.00432576
-0.00454128
-0.00445244
-0.00435304
-0.00434312
-0.00426974
-0.00435796
-0.00454862
-0.00437444
-0.00421812
-0.00405705
-0.00400903
-0.00419331
-0.00419505
-0.00416146
-0.00400695
-0.00385989
-0.00389375
-0.00416329
-0.0042804
-0.00424193
-0.00410844
-0.00393462
-0.00415773
-0.00404929
-0.00385266
-0.00414082
-0.00418433
-0.00395217
-0.00382406
-0.00388115
-0.00380791
-0.00404296
-0.00419392
-0.00385519
-0.00390533
-0.00374566
-0.00363338
-0.00381333
-0.00383314
-0.00361794
-0.00357142
-0.00373541
-0.00379494
-0.00378972
-0.00356941
-0.00340256
-0.00340455
-0.0033949
-0.0033765
-0.00353934
-0.00329185
-0.00305668
-0.00310491
-0.00341931
-0.00331102
-0.00322298
-0.0034169
-0.00344868
-0.00344537
-0.00314661
-0.00302523
-0.0030482
-0.00312849
-0.00326291
-0.00290468
-0.00285461
-0.00252838
-0.00263409
-0.00288921
-0.00294723
-0.00261132
-0.00252467
-0.00282726
-0.00238424
-0.0021962
-0.00228761
-0.00239526
-0.00204217
-0.00200961
-0.00227895
MomentY Data
-0.00600815
-0.00610352
-0.00581741
-0.00638962
-0.00600815
-0.00610352
-0.00491142
-0.00567436
-0.00534058
-0.00610352
-0.00638962
-0.00581741
-0.00658035
-0.00567436
-0.00600815
-0.00638962
-0.00581741
-0.00600815
-0.00567436
-0.00600815
-0.00581741
-0.00581741
-0.00567436
-0.00581741
-0.00600815
-0.00638962
-0.00534058
-0.00658035
-0.00610352
-0.00581741
-0.00638962
-0.00567436
-0.00610352
-0.00581741
-0.00610352
-0.00581741
-0.00658035
-0.00567436
-0.00610352
-0.00519753
-0.00567436
-0.00600815
-0.00600815
-0.00629425
-0.00581741
-0.00610352
-0.00600815
-0.00610352
-0.00600815
-0.00638962
-0.00610352
-0.00600815
-0.00629425
-0.00581741
-0.00600815
-0.00600815
-0.00600815
-0.00567436
-0.00629425
-0.00553131
-0.00600815
-0.00600815
-0.00610352
-0.00610352
-0.00581741
-0.00610352
-0.00629425
-0.00638962
-0.00610352
-0.00629425
-0.00610352
-0.00638962
-0.00567436
-0.00610352
-0.00534058
-0.00581741
-0.00629425
-0.00600815
-0.00600815
-0.00553131
-0.00677109
-0.00610352
-0.00629425
-0.00581741
-0.00677109
-0.00610352
-0.00610352
-0.00600815
-0.00677109
-0.00553131
-0.00610352
-0.00600815
-0.00629425
-0.00610352
-0.00581741
-0.00581741
-0.00600815
-0.00600815
-0.00581741
-0.00638962
-0.00638962
-0.00638962
-0.00610352
-0.00610352
-0.00610352
-0.00600815
-0.00677109
-0.00610352
-0.00610352
-0.00610352
-0.00638962
-0.00658035
-0.00600815
-0.00567436
-0.00629425
-0.00581741
-0.00581741
-0.00629425
-0.00567436
-0.00629425
-0.00610352
-0.00629425
-0.00610352
-0.00629425
-0.00638962
-0.00629425
-0.00638962
-0.00629425
-0.00638962
-0.00610352
-0.00638962
-0.00600815
-0.00686646
-0.00600815
-0.00629425
-0.00600815
-0.00638962
-0.00658035
-0.00638962
-0.00610352
-0.00677109
-0.00658035
-0.00610352
-0.00677109
-0.00658035
-0.00677109
-0.00610352
Field Data
-2803.73
-2798.84
-2782.37
-2765.59
-2746.45
-2724.8
-2703.64
-2680.91
-2657.57
-2633.85
-2606.48
-2585.06
-2563.46
-2540.67
-2517.08
-2489.72
-2469.37
-2447.24
-2424.38
-2401.52
-2379.21
-2357.12
-2334.31
-2310.58
-2287.32
-2259.76
-2239.74
-2218.35
-2195.43
-2172.2
-2147.07
-2125.89
-2102.97
-2079.35
-2056.61
-2033.91
-2012.42
-1988.89
-1965.57
-1942.29
-1916.19
-1896.2
-1873.29
-1850.3
-1827.29
-1801
-1779.79
-1760.92
-1737.43
-1714.04
-1687.03
-1665.8
-1643.35
-1621.01
-1597.89
-1570.74
-1550.15
-1528.67
-1506.07
-1483.21
-1461.45
-1439.2
-1415.55
-1392.4
-1369.11
-1342.92
-1321.61
-1299.42
-1276.88
-1254.05
-1231.7
-1209.96
-1186.93
-1163.36
-1140.18
-1113.87
-1093
-1070.97
-1048.05
-1025.75
-1002.72
-981.882
-957.651
-933.853
-910.837
-883.742
-863.343
-841.884
-819.404
-796.894
-774.239
-751.12
-728.467
-705.083
-682.091
-654.947
-634.437
-612.866
-590.461
-567.447
-544.28
-519.351
-497.616
-475.007
-452.387
-429.51
-407.271
-385.876
-363.284
-339.144
-315.704
-289.185
-269.141
-246.291
-223.534
-200.641
-178.026
-156.468
-133.87
-109.828
-87.4507
-60.5434
-39.4235
-17.3453
5.48359
28.383
51.0554
73.2182
95.5866
118.233
142.233
169.359
190.159
211.52
234.045
256.903
279.977
301.077
324.096
347.693
370.98
394.202
420.191
440.195
462.68
485.658
508.538
Time Data
0
0.1
0.2
0.3
0.4
0.5
0.6
0.7
0.8
0.9
1
1.1
1.2
1.3
1.4
1.5
1.6
1.7
1.8
1.9
2
2.1
2.2
2.3
2.4
2.5
2.6
2.7
2.8
2.9
3
3.1
3.2
3.3
3.4
3.5
3.6
3.7
3.8
3.9
4
4.1
4.2
4.3
4.4
4.5
4.6
4.7
4.8
4.9
5
5.1
5.2
5.3
5.4
5.5
5.6
5.7
5.8
5.9
5.99999999999999
6.09999999999999
6.19999999999999
6.29999999999999
6.39999999999999
6.49999999999999
6.59999999999999
6.69999999999999
6.79999999999999
6.89999999999999
6.99999999999999
7.09999999999999
7.19999999999999
7.29999999999999
7.39999999999999
7.49999999999999
7.59999999999999
7.69999999999999
7.79999999999999
7.89999999999999
7.99999999999999
8.09999999999999
8.19999999999999
8.29999999999999
8.39999999999999
8.49999999999999
8.59999999999999
8.69999999999999
8.79999999999998
8.89999999999998
8.99999999999998
9.09999999999998
9.19999999999998
9.29999999999998
9.39999999999998
9.49999999999998
9.59999999999998
9.69999999999998
9.79999999999998
9.89999999999998
9.99999999999998
10.1
10.2
10.3
10.4
10.5
10.6
10.7
10.8
10.9
11
11.1
11.2
11.3
11.4
11.5
11.6
11.7
11.8
11.9
12
12.1
12.2
12.3
12.4
12.5
12.6
12.7
12.8
12.9
13
13.1
13.2
13.3
13.4
13.5
13.6
13.7
13.8
13.9
14
14.1
14.2
14.3
14.4
14.5
14.6
Temperature Data
0
0
0
0
0
0
0
0
0
0
0
0
0
0
0
0
0
0
0
0
0
0
0
0
0
0
0
0
0
0
0
0
0
0
0
0
0
0
0
0
0
0
0
0
0
0
0
0
0
0
0
0
0
0
0
0
0
0
0
0
0
0
0
0
0
0
0
0
0
0
0
0
0
0
0
0
0
0
0
0
0
0
0
0
0
0
0
0
0
0
0
0
0
0
0
0
0
0
0
0
0
0
0
0
0
0
0
0
0
0
0
0
0
0
0
0
0
0
0
0
0
0
0
0
0
0
0
0
0
0
0
0
0
0
0
0
0
0
0
0
0
0
0
0
0
0
0
Angle Data
0
0
0
0
0
0
0
0
0
0
0
0
0
0
0
0
0
0
0
0
0
0
0
0
0
0
0
0
0
0
0
0
0
0
0
0
0
0
0
0
0
0
0
0
0
0
0
0
0
0
0
0
0
0
0
0
0
0
0
0
0
0
0
0
0
0
0
0
0
0
0
0
0
0
0
0
0
0
0
0
0
0
0
0
0
0
0
0
0
0
0
0
0
0
0
0
0
0
0
0
0
0
0
0
0
0
0
0
0
0
0
0
0
0
0
0
0
0
0
0
0
0
0
0
0
0
0
0
0
0
0
0
0
0
0
0
0
0
0
0
0
0
0
0
0
0
0
Bx Data
0
0
0
0
0
0
0
0
0
0
0
0
0
0
0
0
0
0
0
0
0
0
0
0
0
0
0
0
0
0
0
0
0
0
0
0
0
0
0
0
0
0
0
0
0
0
0
0
0
0
0
0
0
0
0
0
0
0
0
0
0
0
0
0
0
0
0
0
0
0
0
0
0
0
0
0
0
0
0
0
0
0
0
0
0
0
0
0
0
0
0
0
0
0
0
0
0
0
0
0
0
0
0
0
0
0
0
0
0
0
0
0
0
0
0
0
0
0
0
0
0
0
0
0
0
0
0
0
0
0
0
0
0
0
0
0
0
0
0
0
0
0
0
0
0
0
0
Hint Data
0
0
0
0
0
0
0
0
0
0
0
0
0
0
0
0
0
0
0
0
0
0
0
0
0
0
0
0
0
0
0
0
0
0
0
0
0
0
0
0
0
0
0
0
0
0
0
0
0
0
0
0
0
0
0
0
0
0
0
0
0
0
0
0
0
0
0
0
0
0
0
0
0
0
0
0
0
0
0
0
0
0
0
0
0
0
0
0
0
0
0
0
0
0
0
0
0
0
0
0
0
0
0
0
0
0
0
0
0
0
0
0
0
0
0
0
0
0
0
0
0
0
0
0
0
0
0
0
0
0
0
0
0
0
0
0
0
0
0
0
0
0
0
0
0
0
0
Torque Data
16.8452303995
17.0827759168
16.1861870617
17.6710691758
16.5010835675
16.630871296
13.2787115688
15.2124484676
14.1929651906
16.075756152
16.6544167376
15.0383538946
16.868464011
14.4166762212
15.122994202
15.9083647064
14.3653377317
14.703385006
13.7568048968
14.428692388
13.8408400461
13.7123334592
13.2457152916
13.4415911978
13.742561658
14.4390076912
11.9615106492
14.5975194225
13.3998509136
12.636578002
13.7189614134
12.0630651804
12.8355194544
12.0964314835
12.5525602672
11.8320883731
13.242427947
11.2856778604
11.9968958064
10.0951105437
10.8731518884
11.39265403
11.2550073135
11.646250775
10.6300951189
10.99243952
10.6932452885
10.7478104384
10.4387400545
10.9520642648
10.2968213456
10.00837627
10.3436557375
9.4300797841
9.6003628035
9.437241531
9.3135337225
8.6742239012
9.4795810975
8.2040943051
8.7806108175
8.64692948
8.639837736
8.498541248
7.9646742051
8.1965390784
8.3185437425
8.3028000204
7.7934626176
7.8933042125
7.517705584
7.7311846152
6.7350681148
7.1005910272
6.0892225044
6.4798384767
6.87961525
6.4345484055
6.2968416075
5.6737412325
6.7895073648
5.99293642464
6.02769480675
5.43260578073
6.16735930233
5.39393697184
5.26943126736
5.0581653546
5.54825823036
4.40786775114
4.72558322128
4.512841628
4.58515341475
4.30348819216
3.96800300431
3.81009522727
3.81179266155
3.6821908579
3.43495372601
3.62577070014
3.4777423736
3.31845553662
3.03720920832
2.89921472464
2.76115310224
2.5805605065
2.75766859539
2.35520188352
2.21731115968
2.06997218688
2.01722859248
1.90293851475
1.61703949915
1.39754379876
1.4069788795
1.16721095981
1.03565023266
0.984848709
0.7596265732
0.691284889
0.533757096464
0.38107529545
0.24062212072
0.109175654525
-0.0350380563358
-0.17864969775
-0.326224604948
-0.46085365535
-0.610762051092
-0.72163748016
-0.90881482146
-1.01753427585
-1.30571916714
-1.270843888
-1.47313774125
-1.54351175945
-1.78894663874
-1.98119203695
-2.07085028352
-2.12215117936
-2.5119389682
-2.5939871307
-2.56464417232
-2.98059996255
-3.044596338
-3.28843402722
-3.10387185376
dMdH Data
2.55562372188145E-05
-6.1080752884026E-07
-1.88599523241958E-05
1.11698014629047E-05
4.38337182448045E-06
4.97731568998102E-06
2.03563572371316E-06
-9.93144815766936E-06
-5.54131534569977E-06
2.34746072341981E-06
-3.67880485527545E-06
1.30796296296297E-05
-1.15024133391839E-05
-1.01034336583297E-05
5.59831871345027E-06
5.48206388206391E-06
4.35381834613642E-06
9.77034120734925E-06
-8.18897637795302E-07
-6.20977140295831E-06
-6.43730194658198E-07
-7.47523016220959E-06
6.64138221660345E-06
9.06104901117808E-06
-3.11284470246734E-06
-3.91908091908082E-06
8.06404862085091E-06
1.28184991273995E-06
-4.65303486870425E-06
1.83048149621917E-08
9.59348441926331E-06
-9.45462478184974E-07
-5.61473327688402E-06
-8.88038698328946E-06
-6.01762114537462E-07
-3.41879944160074E-06
1.73310667233322E-06
1.51234991423669E-05
4.82388316151204E-06
-6.15823754789273E-06
1.05852926463232E-06
-5.16542994325623E-06
1.58982166159202E-06
1.05988700564972E-05
4.97907949790775E-07
-7.13484205563412E-06
-5.17700052994174E-06
-6.50021285653468E-06
1.16361693031209E-05
9.47871158830063E-06
-3.12058407913327E-06
-2.41158129175947E-06
-1.15017905102955E-05
-5.64186851211079E-06
5.32265193370166E-06
6.02574065080136E-06
5.46415270018623E-06
-7.52212389380511E-07
-3.06124234470696E-06
6.67784926470589E-06
-9.78112359550561E-06
2.32811839323466E-06
-8.39740820734342E-07
3.76341777586944E-06
1.37151584574266E-06
3.34021586109807E-06
-9.71248310049581E-06
3.94143744454303E-06
4.35392028033288E-06
4.43847874720363E-07
3.37534498620053E-06
-3.83065566652193E-06
-8.08909630886713E-06
7.51423641069891E-06
5.94146712276699E-06
7.71777671298515E-06
2.1797548797095E-06
-8.04013961605579E-06
-7.80269058295999E-08
1.45853234910986E-06
7.41481908052594E-06
6.06908505633278E-06
-1.42280863938147E-06
-1.17109836635384E-05
-4.32219966783539E-06
1.88587675866467E-06
6.22069993941937E-06
7.73220640569394E-06
-9.9115948467348E-06
4.78658132862505E-06
8.50512565422378E-06
-1.27206109566062E-05
-1.86067396510435E-06
1.00974251913709E-05
4.71964338343648E-06
-2.78352023403219E-06
3.39529924435585E-06
-1.04909618388753E-05
-6.55948553054664E-06
1.46212284715328E-05
-2.01131212643908E-06
7.34621578099838E-06
4.96616391702421E-06
-7.95534924845271E-06
-8.6593521877868E-07
9.67669409595756E-06
2.17433979901846E-06
-7.25876416430596E-06
-2.46603148301574E-06
2.22696245733798E-07
8.30762849277876E-06
8.32418678906407E-06
-8.70897155361192E-08
4.24045348683919E-07
8.03739134233172E-07
-7.20053062126908E-06
1.14801929678078E-05
1.04066731569165E-05
-2.00607270609765E-06
-1.40499524071269E-05
4.02455839121725E-06
4.16858034365694E-06
-8.78332472755932E-06
-1.39209571731258E-06
1.44545208806684E-07
1.31772551648701E-05
5.47674481563703E-06
-1.02689508413656E-06
-3.54537586547971E-06
-5.60083333333334E-06
1.32061490820615E-05
2.40721153846155E-06
1.52722250830953E-05
-4.69300776914539E-06
-1.11610814594453E-05
-2.51451850567738E-06
1.59199052132701E-05
3.764281680351E-06
-1.28232402424037E-05
1.90243483488641E-05
8.09749375592112E-06
-3.51725730116587E-06
-5.38142371525696E-06
1.5703357794085E-05
1.4170075724606E-06
-1.17718531468531E-05
-1.17718531468531E-05
dMdT Data
0
0
0
0
0
0
0
0
0
0
0
0
0
0
0
0
0
0
0
0
0
0
0
0
0
0
0
0
0
0
0
0
0
0
0
0
0
0
0
0
0
0
0
0
0
0
0
0
0
0
0
0
0
0
0
0
0
0
0
0
0
0
0
0
0
0
0
0
0
0
0
0
0
0
0
0
0
0
0
0
0
0
0
0
0
0
0
0
0
0
0
0
0
0
0
0
0
0
0
0
0
0
0
0
0
0
0
0
0
0
0
0
0
0
0
0
0
0
0
0
0
0
0
0
0
0
0
0
0
0
0
0
0
0
0
0
0
0
0
0
0
0
0
0
0
0
0
 
*********************************************** Results ***************************************
 
TotalArea 0
AreaFirstQuad 0
AreaSecondQuad 0
AreaThirdQuad 0
AreaFourthQuad 0
Coercivity 0
PositiveCoercivity 0
NegativeCoercivity 0
Retentivity 3.50936976476761E-02
PositiveRetentivity 6.67463489775066E-02
NegativeRetentivity -3.4410463178455E-03
Magnetization 0.00524347
PositiveMagnetization -0.00200961
NegativeMagnetization -0.00524347
Flatness 1.09805311347901
Squareness 6.69283845386282
SStar 0
SFD1 0
SFD2 0
Slope 0
Intercept 0
SlopeAtHc -1.17718531468531E-05
dH1 686.597509390783
dH2 197.25
InitialSlope 2.55562372188145E-05
FieldAtHalfMs 508.538
FieldAtMs 485.658
MomentMean -4.07065306122449E-03
MomentRMS 7.57235094999874E-04
SFD3 0
dH3 1373.19501878157
UserField1 0
UserField2 0
CenterField 0
ExchangeField 0
ExchangeMoment 0
ExRegionOneIntercept 0
ExRegionOneSlope 0
ExRegionTwoIntercept 0
ExRegionTwoSlope 0
NegativeIntercept 0
NegativeSlope 0
AutoCenterOffset 0
PinningField 0
PinningMoment 0
PinRegionOneIntercept 0
PinRegionOneSlope 0
PinRegionTwoIntercept 0
PinRegionTwoSlope 0
PositiveIntercept 0
PositiveSlope 0
TotalOffset 0
BHMax 0
BCoercivity 0
BRetentivity 0
BNegativeCoercivity 0
BPositiveCoercivity 0
BNegativeRetentivity 0
BPositiveRetentivity 0
MomentYMean -6.09086585034013E-03
MomentYRMS 3.32305588694906E-04
YOffCorrection 0
Mrt 0
Ms1 0
Ms2 0
Ms3 0
Hc2 0
Hex2 0
HsatValue 0
HsatIntercept 0
HsatSlope 0
CenterH 0
Span .00323386
SpanAsPercentOfRange -61.0162264150943
RMSAsPercentOfRange -14.2874546226391
SpanAsPercentOfMean -79.4432724027635
RMSAsPercentOfMean -18.602300014536
