Version 1.25
******************************************** Units *******************************************
System CGS
TemperatureUnit K
MomentUnit emu
AppliedFieldUnit G
 
******************************************** Setup ********************************************
 
Experiment CustomField
Minor False
Acquisition Continuous
EditedPoint No
MaxField 15000
FieldIncrement 100
Points 125
MinField 0
RampRate 10
AverageTime 0.1
TimeInterval 0
TimeConstant 0.1
TimeConstantIndex 0
Sensitivity -0.0053
SensitivityIndex 5
SensitivityY -400
SensitivityIndexY 0
SaturationField 8000
ExperimentTime 100
Use735Domains True
AutoRangeEnabled False
NumberOfVertices 2
VertexPts
0
124
VertexField
-177.9732
2677.9732
StartAngle 0
EndAngle 0
AngleIncrement 0
StartTemp 0
FinishTemp 0
TempIncrement 0
TempPoints 0
LengthofSetPointsArray 125
SetPointArray
-177.9732
-154.94137
-131.90955
-108.87772
-85.8459
-62.81407
-39.78224
-16.75042
6.28141
29.31323
52.34506
75.37688
98.40871
121.44054
144.47236
167.50419
190.53601
213.56784
236.59966
259.63149
282.66332
305.69514
328.72697
351.75879
374.79062
397.82245
420.85427
443.8861
466.91792
489.94975
512.98157
536.0134
559.04523
582.07705
605.10888
628.1407
651.17253
674.20436
697.23618
720.26801
743.29983
766.33166
789.36348
812.39531
835.42714
858.45896
881.49079
904.52261
927.55444
950.58626
973.61809
996.64992
1019.68174
1042.71357
1065.74539
1088.77722
1111.80905
1134.84087
1157.8727
1180.90452
1203.93635
1226.96817
1250
1273.03183
1296.06365
1319.09548
1342.1273
1365.15913
1388.19095
1411.22278
1434.25461
1457.28643
1480.31826
1503.35008
1526.38191
1549.41374
1572.44556
1595.47739
1618.50921
1641.54104
1664.57286
1687.60469
1710.63652
1733.66834
1756.70017
1779.73199
1802.76382
1825.79564
1848.82747
1871.8593
1894.89112
1917.92295
1940.95477
1963.9866
1987.01843
2010.05025
2033.08208
2056.1139
2079.14573
2102.17755
2125.20938
2148.24121
2171.27303
2194.30486
2217.33668
2240.36851
2263.40034
2286.43216
2309.46399
2332.49581
2355.52764
2378.55946
2401.59129
2424.62312
2447.65494
2470.68677
2493.71859
2516.75042
2539.78224
2562.81407
2585.8459
2608.87772
2631.90955
2654.94137
2677.9732
FieldDomainFile C:\IDEASVSM\Default UserID\Experiments\FORCexp0063B\fdomain.ini
TempDomainFile C:\IDEASVSM\Default UserID\Experiments\FORCexp0063B\tdomain.ini
NumSelectedResults 0
ResultsSelected 
UserName1 
UserValue1 
UserName2 
UserValue2 
LinearBackgroundCorrection Off
MaxLinearFieldCorrection 
MinLinearFieldCorrection 
AutoLinearCorrection Off
FitOneRegion Off
BackgroundMode Off
BackgroundFilename 
AutoCenter Off
OffsetCorrection 
SmoothDeriv Off
DerivOrder 0
DerivPoints 0
MinExFieldOne 
MaxExFieldOne 
MinExFieldTwo 
MaxExFieldTwo 
MinPinFieldOne 
MaxPinFieldOne 
MinPinFieldTwo 
MaxPinFieldTwo 
HCenterStart 
Mass 
Volume 
Density 
MolarWeight 
NumberOfMoles 
Demagnetization 
SampleArea 
Thickness 
MomentScaling 0
XAxis 0
YAxis 0
SimpleSpinValve False
HsatMax 0
HsatMin 0
FieldAutoRange False
 
*************************************************** Experiment Data ********************************************
 
DataPoints 125
MomentX Data
0.0028288
0.00284156
0.00283646
0.00274469
0.00278948
0.00303953
0.00311499
0.00288272
0.00285683
0.00298563
0.00304161
0.00317606
0.00334761
0.00310691
0.00300973
0.00313376
0.00329335
0.00345185
0.00349733
0.00346296
0.00337473
0.00323542
0.00344708
0.00367932
0.00375127
0.00362316
0.00352785
0.003489
0.00340999
0.00356055
0.00377705
0.00376662
0.00376943
0.00355143
0.00356267
0.00379282
0.00391458
0.00387083
0.00398723
0.00395011
0.00393127
0.00407541
0.00394374
0.00416448
0.00415541
0.00392934
0.00384062
0.00386594
0.0039057
0.00386044
0.00401876
0.00399109
0.00400492
0.00404109
0.00405234
0.00423076
0.0042784
0.00417992
0.00426472
0.00426869
0.00435913
0.00412438
0.00421102
0.00427007
0.00435755
0.00453975
0.00453351
0.00436841
0.00445095
0.00450413
0.00459386
0.00456425
0.00462157
0.00452506
0.00448278
0.00456433
0.00443287
0.00432274
0.0044246
0.00448701
0.00468329
0.00434783
0.00422585
0.00453516
0.00468466
0.00465439
0.00445036
0.00439249
0.00473652
0.00470171
0.00476467
0.00460737
0.00446454
0.00460339
0.00453978
0.00466367
0.004894
0.00480528
0.00467472
0.00447144
0.00440727
0.0047182
0.00477607
0.00503348
0.00493315
0.00465836
0.00451655
0.00470327
0.00465994
0.00482189
0.00490459
0.00488431
0.00479542
0.00468697
0.00476848
0.00487487
0.00487633
0.00491395
0.00493132
0.00483633
0.00479948
0.00476906
0.00471537
0.00475013
0.00467632
MomentY Data
-0.00658035
-0.00686646
-0.00610352
-0.00734329
-0.00677109
-0.00677109
-0.00734329
-0.00686646
-0.00686646
-0.00638962
-0.00705719
-0.00658035
-0.00677109
-0.00638962
-0.00705719
-0.00705719
-0.00658035
-0.00629425
-0.00686646
-0.00705719
-0.00705719
-0.00658035
-0.00677109
-0.00677109
-0.00734329
-0.00720024
-0.00720024
-0.00734329
-0.00720024
-0.00638962
-0.00705719
-0.00686646
-0.00705719
-0.00677109
-0.00686646
-0.00720024
-0.00734329
-0.00705719
-0.00705719
-0.00734329
-0.00734329
-0.00686646
-0.00705719
-0.00720024
-0.00705719
-0.00658035
-0.00720024
-0.00705719
-0.00658035
-0.00705719
-0.00686646
-0.00677109
-0.00686646
-0.00677109
-0.00705719
-0.00677109
-0.00720024
-0.00686646
-0.00677109
-0.00677109
-0.00658035
-0.00720024
-0.00677109
-0.00686646
-0.00705719
-0.00734329
-0.00705719
-0.00753403
-0.00720024
-0.00734329
-0.00767708
-0.00686646
-0.00705719
-0.00658035
-0.00686646
-0.00686646
-0.00658035
-0.00686646
-0.00677109
-0.00705719
-0.00705719
-0.00686646
-0.00658035
-0.00686646
-0.00686646
-0.00720024
-0.00686646
-0.00686646
-0.00734329
-0.00705719
-0.00720024
-0.00658035
-0.00720024
-0.00686646
-0.00720024
-0.00720024
-0.00720024
-0.00734329
-0.00734329
-0.00705719
-0.00638962
-0.00705719
-0.00677109
-0.00734329
-0.00677109
-0.00753403
-0.00677109
-0.00720024
-0.00720024
-0.00705719
-0.00686646
-0.00686646
-0.00705719
-0.00705719
-0.00705719
-0.00705719
-0.00753403
-0.00734329
-0.00705719
-0.00686646
-0.00734329
-0.00720024
-0.00753403
-0.00658035
-0.00658035
Field Data
-177.912
-177.706
-165.577
-149.43
-130.366
-109.303
-84.1863
-63.8797
-41.102
-18.1267
4.63838
28.0483
50.6745
73.1359
96.9817
121.11
147.989
168.695
191.292
213.987
236.238
259.328
280.776
304.047
327.824
350.978
377.976
398.885
420.351
442.938
465.587
492.822
513.293
535.08
557.835
580.734
604.43
626.578
648.777
670.97
694.271
722.094
742.78
764.385
786.992
809.784
832.792
854.272
877.1
899.542
923.481
946.751
971.663
993.436
1016.38
1038.81
1061.98
1082.65
1106.13
1129.46
1155.86
1177.7
1198.4
1220.57
1243.85
1266.88
1294.27
1314.3
1336.68
1358.55
1380.92
1403.09
1430.09
1451.14
1473.7
1496.43
1519.28
1541.74
1563.87
1586.82
1609.21
1632.16
1658.75
1678.89
1701.04
1723.97
1746.95
1773.05
1793.44
1815.18
1838.74
1861.85
1884.56
1905.99
1929.41
1952.8
1975.76
2001.72
2022.04
2045.07
2067.78
2090.27
2113.14
2134.42
2157.95
2181.28
2204.24
2230.34
2251.11
2273.32
2295.24
2318.58
2344.55
2365.93
2388.19
2410.67
2433.16
2455.2
2477.26
2499.2
2523.04
2546.48
2573.73
2594.27
2615.58
Time Data
0
0.1
0.2
0.3
0.4
0.5
0.6
0.7
0.8
0.9
1
1.1
1.2
1.3
1.4
1.5
1.6
1.7
1.8
1.9
2
2.1
2.2
2.3
2.4
2.5
2.6
2.7
2.8
2.9
3
3.1
3.2
3.3
3.4
3.5
3.6
3.7
3.8
3.9
4
4.1
4.2
4.3
4.4
4.5
4.6
4.7
4.8
4.9
5
5.1
5.2
5.3
5.4
5.5
5.6
5.7
5.8
5.9
5.99999999999999
6.09999999999999
6.19999999999999
6.29999999999999
6.39999999999999
6.49999999999999
6.59999999999999
6.69999999999999
6.79999999999999
6.89999999999999
6.99999999999999
7.09999999999999
7.19999999999999
7.29999999999999
7.39999999999999
7.49999999999999
7.59999999999999
7.69999999999999
7.79999999999999
7.89999999999999
7.99999999999999
8.09999999999999
8.19999999999999
8.29999999999999
8.39999999999999
8.49999999999999
8.59999999999999
8.69999999999999
8.79999999999998
8.89999999999998
8.99999999999998
9.09999999999998
9.19999999999998
9.29999999999998
9.39999999999998
9.49999999999998
9.59999999999998
9.69999999999998
9.79999999999998
9.89999999999998
9.99999999999998
10.1
10.2
10.3
10.4
10.5
10.6
10.7
10.8
10.9
11
11.1
11.2
11.3
11.4
11.5
11.6
11.7
11.8
11.9
12
12.1
12.2
12.3
12.4
Temperature Data
0
0
0
0
0
0
0
0
0
0
0
0
0
0
0
0
0
0
0
0
0
0
0
0
0
0
0
0
0
0
0
0
0
0
0
0
0
0
0
0
0
0
0
0
0
0
0
0
0
0
0
0
0
0
0
0
0
0
0
0
0
0
0
0
0
0
0
0
0
0
0
0
0
0
0
0
0
0
0
0
0
0
0
0
0
0
0
0
0
0
0
0
0
0
0
0
0
0
0
0
0
0
0
0
0
0
0
0
0
0
0
0
0
0
0
0
0
0
0
0
0
0
0
0
0
Angle Data
0
0
0
0
0
0
0
0
0
0
0
0
0
0
0
0
0
0
0
0
0
0
0
0
0
0
0
0
0
0
0
0
0
0
0
0
0
0
0
0
0
0
0
0
0
0
0
0
0
0
0
0
0
0
0
0
0
0
0
0
0
0
0
0
0
0
0
0
0
0
0
0
0
0
0
0
0
0
0
0
0
0
0
0
0
0
0
0
0
0
0
0
0
0
0
0
0
0
0
0
0
0
0
0
0
0
0
0
0
0
0
0
0
0
0
0
0
0
0
0
0
0
0
0
0
Bx Data
0
0
0
0
0
0
0
0
0
0
0
0
0
0
0
0
0
0
0
0
0
0
0
0
0
0
0
0
0
0
0
0
0
0
0
0
0
0
0
0
0
0
0
0
0
0
0
0
0
0
0
0
0
0
0
0
0
0
0
0
0
0
0
0
0
0
0
0
0
0
0
0
0
0
0
0
0
0
0
0
0
0
0
0
0
0
0
0
0
0
0
0
0
0
0
0
0
0
0
0
0
0
0
0
0
0
0
0
0
0
0
0
0
0
0
0
0
0
0
0
0
0
0
0
0
Hint Data
0
0
0
0
0
0
0
0
0
0
0
0
0
0
0
0
0
0
0
0
0
0
0
0
0
0
0
0
0
0
0
0
0
0
0
0
0
0
0
0
0
0
0
0
0
0
0
0
0
0
0
0
0
0
0
0
0
0
0
0
0
0
0
0
0
0
0
0
0
0
0
0
0
0
0
0
0
0
0
0
0
0
0
0
0
0
0
0
0
0
0
0
0
0
0
0
0
0
0
0
0
0
0
0
0
0
0
0
0
0
0
0
0
0
0
0
0
0
0
0
0
0
0
0
0
Torque Data
1.1707232292
1.22021114076
1.01060253104
1.0973078247
0.88271991894
0.74010045027
0.618204414927
0.438627404862
0.28222523892
0.115822724854
-0.0327339289522
-0.184567630905
-0.343121600205
-0.467310609358
-0.684418283423
-0.8546962809
-0.97381941615
-1.06180850375
-1.31349886632
-1.51014691653
-1.66717645122
-1.7064690048
-1.90115956584
-2.05872960123
-2.40730670096
-2.52712583472
-2.72151791424
-2.92912823165
-3.02662808424
-2.83020550356
-3.28573592053
-3.38394255012
-3.62240622667
-3.6230748372
-3.8303517141
-4.18142417616
-4.4385047747
-4.42187999582
-4.57854255663
-4.9271272913
-5.09823329159
-4.95822956724
-5.2419395882
-5.5037554524
-5.55395207248
-5.3286621444
-5.99630227008
-6.02875981568
-5.771624985
-6.34823880698
-6.34104534726
-6.41053622859
-6.67188512298
-6.72664456524
-7.1727867722
-7.0338760029
-7.6465108752
-7.433972919
-7.4897057817
-7.6476753114
-7.605963351
-8.479722648
-8.114474256
-8.3809950822
-8.7780857815
-9.3030672352
-9.1339093013
-9.901975629
-9.6244168032
-9.9762266295
-10.6014333136
-9.6342613614
-10.0924168471
-9.549009099
-10.119102102
-10.2751767378
-9.997394148
-10.5862960404
-10.5891045183
-11.1984902358
-11.3565007199
-11.2071613536
-10.9151555625
-11.5280310294
-11.6801231184
-12.4129977528
-11.995362297
-12.174576903
-13.1697500176
-12.8100701442
-13.2393692976
-12.2516246475
-13.5692842944
-13.0874040954
-13.8922150584
-14.060628672
-14.2259461824
-14.6992104588
-14.8484261116
-14.4324475533
-13.2123284436
-14.7514325413
-14.3082611226
-15.6736650418
-14.6116736655
-16.4338289584
-14.9251074216
-16.0589832816
-16.2085322664
-16.0432511708
-15.7601736504
-15.9204368268
-16.5459348145
-16.6968175367
-16.8539105861
-17.0125562173
-18.3315004348
-18.029245608
-17.4824944994
-17.160656832
-18.5274144016
-18.3352671552
-19.3905590319
-17.0712045945
-17.211431853
dMdH Data
6.19417475728109E-05
-4.20479841701713E-07
-5.68340868272743E-06
2.34945446915652E-06
1.18715282723259E-05
3.00437557481677E-06
-1.14381531127811E-05
-1.13663802754449E-06
5.60602037840638E-06
2.45902935548657E-06
5.74329173273552E-06
7.58191830709531E-06
-1.07161619489435E-05
-4.07535079552794E-06
5.1404367485484E-06
5.93734885970459E-06
7.65478605235197E-06
2.01265654732929E-06
-1.51443049129763E-06
-3.96521504651478E-06
-6.03334776959722E-06
9.86851920925025E-06
9.97980318851789E-06
3.0260335618455E-06
-5.53295326941351E-06
-3.53026150085191E-06
-1.8580515567459E-06
-3.68070436970092E-06
6.66578120157614E-06
9.55892092366109E-06
-3.82963098953555E-07
1.37267353817585E-07
-1.00059668609721E-05
4.93957372006154E-07
1.00506572339404E-05
5.13841998649562E-06
-1.97534766118836E-06
5.2434794360106E-06
-1.67259946830081E-06
-8.08548989313766E-07
5.18060597347517E-06
-6.36517451416417E-06
1.02170793797732E-05
-4.01203167160611E-07
-9.91883116883116E-06
-3.85605006954102E-06
1.17877094972067E-06
1.7417206938847E-06
-2.01675429997325E-06
6.61347591795813E-06
-1.18908465835839E-06
5.55154142581898E-07
1.66123180085424E-06
4.90324267782427E-07
7.95452518947841E-06
2.05610703495899E-06
-4.76439283986451E-06
3.61158432708686E-06
1.70167166738136E-07
3.42575757575759E-06
-1.07486263736263E-05
4.18550724637679E-06
2.66350924672982E-06
3.75773195876289E-06
7.91141988710373E-06
-2.27820372398695E-07
-8.24263604593114E-06
3.68811438784631E-06
2.43164151806128E-06
4.01117568171655E-06
-1.33558863328825E-06
2.12296296296298E-06
-4.58479809976244E-06
-1.87411347517733E-06
3.5877694676639E-06
-5.75317286652081E-06
-4.9033837934105E-06
4.60280162675102E-06
2.71938997821349E-06
8.76641357748991E-06
-1.46169934640523E-05
-4.58743888679956E-06
1.5357994041708E-05
6.74943566591428E-06
-1.32010466637595E-06
-8.87859007832894E-06
-2.21724137931038E-06
1.68724865129965E-05
-1.60119595216194E-06
2.67232597623094E-06
-6.80657723929038E-06
-6.2892998678996E-06
6.47923471768544E-06
-2.71605465414173E-06
5.29670799486962E-06
1.00317944250871E-05
-3.41756548536208E-06
-6.42519685039372E-06
-8.82674772036476E-06
-2.82562747688242E-06
1.38252556691864E-05
2.53038915609974E-06
1.2096334586466E-05
-4.26391840204E-06
-1.17783969138446E-05
-6.17639372822311E-06
7.15402298850563E-06
-2.08618199325952E-06
7.29176046825753E-06
3.7728102189782E-06
-8.68894601542416E-07
-3.42279553330764E-06
-5.07249766136582E-06
3.66172506738541E-06
4.73265124555158E-06
6.491774121832E-08
1.70689655172416E-06
7.87398005439698E-07
-4.32953509571569E-06
-1.54572147651005E-06
-1.29778156996586E-06
-1.97027522935781E-06
1.6923076923077E-06
-3.46363209760675E-06
-3.46363209760675E-06
dMdT Data
0
0
0
0
0
0
0
0
0
0
0
0
0
0
0
0
0
0
0
0
0
0
0
0
0
0
0
0
0
0
0
0
0
0
0
0
0
0
0
0
0
0
0
0
0
0
0
0
0
0
0
0
0
0
0
0
0
0
0
0
0
0
0
0
0
0
0
0
0
0
0
0
0
0
0
0
0
0
0
0
0
0
0
0
0
0
0
0
0
0
0
0
0
0
0
0
0
0
0
0
0
0
0
0
0
0
0
0
0
0
0
0
0
0
0
0
0
0
0
0
0
0
0
0
0
 
*********************************************** Results ***************************************
 
TotalArea 0
AreaFirstQuad 0
AreaSecondQuad 0
AreaThirdQuad 0
AreaFourthQuad 0
Coercivity 0
PositiveCoercivity 0
NegativeCoercivity 0
Retentivity 5.40938805337792E-03
PositiveRetentivity 1.38489801941739E-02
NegativeRetentivity 3.0302040874181E-03
Magnetization 0.00503348
PositiveMagnetization 0.00503348
NegativeMagnetization 0.00274469
Flatness 0.439824975114168
Squareness 1.07468154306323
SStar 0
SFD1 0
SFD2 0
Slope 0
Intercept 0
SlopeAtHc -3.46363209760675E-06
dH1 43.6651230014081
dH2 2793.492
InitialSlope 6.19417475728109E-05
FieldAtHalfMs 2615.58
FieldAtMs 2134.42
MomentMean 0.00412428992
MomentRMS 6.1777221090147E-04
SFD3 0
dH3 87.3302460028162
UserField1 0
UserField2 0
CenterField 0
ExchangeField 0
ExchangeMoment 0
ExRegionOneIntercept 0
ExRegionOneSlope 0
ExRegionTwoIntercept 0
ExRegionTwoSlope 0
NegativeIntercept 0
NegativeSlope 0
AutoCenterOffset 0
PinningField 0
PinningMoment 0
PinRegionOneIntercept 0
PinRegionOneSlope 0
PinRegionTwoIntercept 0
PinRegionTwoSlope 0
PositiveIntercept 0
PositiveSlope 0
TotalOffset 0
BHMax 0
BCoercivity 0
BRetentivity 0
BNegativeCoercivity 0
BPositiveCoercivity 0
BNegativeRetentivity 0
BPositiveRetentivity 0
MomentYMean -0.00697441176
MomentYRMS 2.90246761211304E-04
YOffCorrection 0
Mrt 0
Ms1 0
Ms2 0
Ms3 0
Hc2 0
Hex2 0
HsatValue 0
HsatIntercept 0
HsatSlope 0
CenterH 0
Span .00228879
SpanAsPercentOfRange -43.1847169811321
RMSAsPercentOfRange -11.6560794509711
SpanAsPercentOfMean 55.4953711886481
RMSAsPercentOfMean 14.9788744943874
