Version 1.25
******************************************** Units *******************************************
System CGS
TemperatureUnit K
MomentUnit emu
AppliedFieldUnit G
 
******************************************** Setup ********************************************
 
Experiment CustomField
Minor False
Acquisition Continuous
EditedPoint No
MaxField 15000
FieldIncrement 100
Points 147
MinField 0
RampRate 10
AverageTime 0.1
TimeInterval 0
TimeConstant 0.1
TimeConstantIndex 0
Sensitivity -0.0053
SensitivityIndex 5
SensitivityY -400
SensitivityIndexY 0
SaturationField 8000
ExperimentTime 100
Use735Domains True
AutoRangeEnabled False
NumberOfVertices 2
VertexPts
0
146
VertexField
-2458.124
904.5226
StartAngle 0
EndAngle 0
AngleIncrement 0
StartTemp 0
FinishTemp 0
TempIncrement 0
TempPoints 0
LengthofSetPointsArray 147
SetPointArray
-2458.12395
-2435.09213
-2412.0603
-2389.02848
-2365.99665
-2342.96482
-2319.933
-2296.90117
-2273.86935
-2250.83752
-2227.8057
-2204.77387
-2181.74204
-2158.71022
-2135.67839
-2112.64657
-2089.61474
-2066.58291
-2043.55109
-2020.51926
-1997.48744
-1974.45561
-1951.42379
-1928.39196
-1905.36013
-1882.32831
-1859.29648
-1836.26466
-1813.23283
-1790.20101
-1767.16918
-1744.13735
-1721.10553
-1698.0737
-1675.04188
-1652.01005
-1628.97822
-1605.9464
-1582.91457
-1559.88275
-1536.85092
-1513.8191
-1490.78727
-1467.75544
-1444.72362
-1421.69179
-1398.65997
-1375.62814
-1352.59631
-1329.56449
-1306.53266
-1283.50084
-1260.46901
-1237.43719
-1214.40536
-1191.37353
-1168.34171
-1145.30988
-1122.27806
-1099.24623
-1076.21441
-1053.18258
-1030.15075
-1007.11893
-984.0871
-961.05528
-938.02345
-914.99162
-891.9598
-868.92797
-845.89615
-822.86432
-799.8325
-776.80067
-753.76884
-730.73702
-707.70519
-684.67337
-661.64154
-638.60972
-615.57789
-592.54606
-569.51424
-546.48241
-523.45059
-500.41876
-477.38693
-454.35511
-431.32328
-408.29146
-385.25963
-362.22781
-339.19598
-316.16415
-293.13233
-270.1005
-247.06868
-224.03685
-201.00503
-177.9732
-154.94137
-131.90955
-108.87772
-85.8459
-62.81407
-39.78224
-16.75042
6.28141
29.31323
52.34506
75.37688
98.40871
121.44054
144.47236
167.50419
190.53601
213.56784
236.59966
259.63149
282.66332
305.69514
328.72697
351.75879
374.79062
397.82245
420.85427
443.8861
466.91792
489.94975
512.98157
536.0134
559.04523
582.07705
605.10888
628.1407
651.17253
674.20436
697.23618
720.26801
743.29983
766.33166
789.36348
812.39531
835.42714
858.45896
881.49079
904.52261
FieldDomainFile C:\IDEASVSM\Default UserID\Experiments\FORCexp0162B\fdomain.ini
TempDomainFile C:\IDEASVSM\Default UserID\Experiments\FORCexp0162B\tdomain.ini
NumSelectedResults 0
ResultsSelected 
UserName1 
UserValue1 
UserName2 
UserValue2 
LinearBackgroundCorrection Off
MaxLinearFieldCorrection 
MinLinearFieldCorrection 
AutoLinearCorrection Off
FitOneRegion Off
BackgroundMode Off
BackgroundFilename 
AutoCenter Off
OffsetCorrection 
SmoothDeriv Off
DerivOrder 0
DerivPoints 0
MinExFieldOne 
MaxExFieldOne 
MinExFieldTwo 
MaxExFieldTwo 
MinPinFieldOne 
MaxPinFieldOne 
MinPinFieldTwo 
MaxPinFieldTwo 
HCenterStart 
Mass 
Volume 
Density 
MolarWeight 
NumberOfMoles 
Demagnetization 
SampleArea 
Thickness 
MomentScaling 0
XAxis 0
YAxis 0
SimpleSpinValve False
HsatMax 0
HsatMin 0
FieldAutoRange False
 
*************************************************** Experiment Data ********************************************
 
DataPoints 147
MomentX Data
-0.00479752
-0.00490317
-0.00511111
-0.00489235
-0.00480018
-0.00487674
-0.00482239
-0.00499504
-0.00497153
-0.00470975
-0.00502065
-0.0049181
-0.00484652
-0.0046189
-0.00465237
-0.00452229
-0.00461538
-0.00455018
-0.00466778
-0.00487407
-0.0047978
-0.00466527
-0.0045284
-0.00468798
-0.00473441
-0.00487337
-0.00481324
-0.00471809
-0.0045778
-0.00475022
-0.00476899
-0.00471692
-0.00452208
-0.0044318
-0.00437496
-0.00441271
-0.00468977
-0.00476512
-0.00478504
-0.00470395
-0.00437025
-0.00421938
-0.0041246
-0.00452439
-0.00465562
-0.00444348
-0.0042465
-0.00412955
-0.00415519
-0.00435592
-0.00432066
-0.00448229
-0.00460635
-0.00430747
-0.00409861
-0.00430232
-0.00449257
-0.00452887
-0.00446591
-0.0043199
-0.00418276
-0.00424774
-0.00429259
-0.0042029
-0.00421708
-0.00400514
-0.00388441
-0.00397476
-0.00409496
-0.0039901
-0.00409857
-0.003941
-0.00380835
-0.0037855
-0.00384131
-0.00411873
-0.00423849
-0.00418565
-0.00404791
-0.00382612
-0.00399943
-0.00401459
-0.00411118
-0.00406503
-0.00393854
-0.00372593
-0.00372881
-0.0038478
-0.00404208
-0.00379327
-0.0037929
-0.00356062
-0.00347995
-0.00360759
-0.00374253
-0.00382169
-0.00378804
-0.00383518
-0.00381529
-0.00372021
-0.00357158
-0.00334738
-0.00333072
-0.00316556
-0.00318025
-0.00346605
-0.00358949
-0.00341862
-0.00340034
-0.00357524
-0.00324994
-0.00302052
-0.00294533
-0.00286817
-0.00302361
-0.00292455
-0.00284588
-0.00303884
-0.00297482
-0.00271039
-0.00289466
-0.00295852
-0.00264349
-0.00247898
-0.00232787
-0.00238476
-0.00235847
-0.00242066
-0.00228852
-0.00215007
-0.00208608
-0.00210458
-0.00197546
-0.00190549
-0.00181348
-0.00168
-0.0015287
-0.00133288
-0.00129585
-0.00148731
-0.00120145
-0.000876504
-0.000717364
-0.000509488
-0.000357107
-0.000142912
0.000219044
MomentY Data
-0.00638962
-0.00600815
-0.00629425
-0.00581741
-0.00567436
-0.00581741
-0.00519753
-0.00629425
-0.00567436
-0.00581741
-0.00600815
-0.00629425
-0.00600815
-0.00600815
-0.00567436
-0.00567436
-0.00610352
-0.00600815
-0.00629425
-0.00610352
-0.00638962
-0.00567436
-0.00600815
-0.00567436
-0.00610352
-0.00534058
-0.00600815
-0.00567436
-0.00638962
-0.00581741
-0.00600815
-0.00610352
-0.00581741
-0.00600815
-0.00567436
-0.00610352
-0.00581741
-0.00629425
-0.00610352
-0.00658035
-0.00610352
-0.00610352
-0.00638962
-0.00610352
-0.00638962
-0.00629425
-0.00610352
-0.00610352
-0.00581741
-0.00534058
-0.00567436
-0.00638962
-0.00638962
-0.00600815
-0.00610352
-0.00638962
-0.00553131
-0.00629425
-0.00600815
-0.00534058
-0.00629425
-0.00600815
-0.00677109
-0.00610352
-0.00629425
-0.00638962
-0.00638962
-0.00629425
-0.00629425
-0.00610352
-0.00610352
-0.00600815
-0.00610352
-0.00610352
-0.00629425
-0.00581741
-0.00600815
-0.00600815
-0.00677109
-0.00638962
-0.00600815
-0.00610352
-0.00553131
-0.00610352
-0.00610352
-0.00658035
-0.00610352
-0.00638962
-0.00600815
-0.00629425
-0.00638962
-0.00567436
-0.00600815
-0.00638962
-0.00610352
-0.00610352
-0.00581741
-0.00610352
-0.00629425
-0.00600815
-0.00610352
-0.00600815
-0.00638962
-0.00677109
-0.00638962
-0.00629425
-0.00581741
-0.00629425
-0.00581741
-0.00610352
-0.00600815
-0.00567436
-0.00638962
-0.00658035
-0.00658035
-0.00610352
-0.00638962
-0.00629425
-0.00677109
-0.00600815
-0.00658035
-0.00629425
-0.00638962
-0.00638962
-0.00658035
-0.00629425
-0.00677109
-0.00629425
-0.00610352
-0.00658035
-0.00629425
-0.00677109
-0.00610352
-0.00629425
-0.00629425
-0.00567436
-0.00629425
-0.00610352
-0.00629425
-0.00610352
-0.00677109
-0.00629425
-0.00658035
-0.00686646
-0.00638962
-0.00629425
-0.00638962
Field Data
-2458
-2456.58
-2446.29
-2428.89
-2410.08
-2389.74
-2369.81
-2346.71
-2323.13
-2299.76
-2272.19
-2251.16
-2229.08
-2206.46
-2183.09
-2159.75
-2138.1
-2115.17
-2091.5
-2068.1
-2040.69
-2020.1
-1998.3
-1976.33
-1952.51
-1929.23
-1907.49
-1884.77
-1861.7
-1838.99
-1811.02
-1790.3
-1769
-1745.79
-1722.86
-1699.49
-1678.44
-1655.07
-1631.64
-1608.16
-1585.52
-1559.13
-1538.73
-1516.17
-1493.19
-1470.36
-1444.15
-1423.37
-1400.96
-1378.39
-1356.43
-1333.44
-1311.04
-1287.92
-1264.34
-1241.31
-1215.2
-1194.73
-1172.14
-1149.76
-1126.43
-1103.9
-1081.93
-1059.45
-1035.52
-1012.4
-986.024
-965.233
-942.991
-920.892
-897.372
-874.687
-853.227
-829.81
-806.258
-783.295
-756.694
-736.348
-714.128
-691.383
-668.916
-647.324
-623.909
-600.309
-577.007
-553.932
-527.715
-507.02
-485.446
-463.352
-439.116
-412.954
-392.342
-370.318
-347.218
-327.568
-300.472
-278.659
-256.876
-233.984
-209.981
-183.113
-162.517
-141.227
-118.684
-95.7096
-72.9207
-51.3993
-28.7658
-5.75778
18.2649
45.7014
65.8821
87.1129
110.418
133.492
156.514
177.524
200.384
224.057
247.451
270.237
295.32
317.3
339.877
362.372
385.309
406.795
428.564
452.49
476.019
503.006
523.811
545.011
567.761
590.716
618.005
638.228
659.49
682.338
705.597
728.346
750.062
772.792
796.026
819.302
846.58
Time Data
0
0.1
0.2
0.3
0.4
0.5
0.6
0.7
0.8
0.9
1
1.1
1.2
1.3
1.4
1.5
1.6
1.7
1.8
1.9
2
2.1
2.2
2.3
2.4
2.5
2.6
2.7
2.8
2.9
3
3.1
3.2
3.3
3.4
3.5
3.6
3.7
3.8
3.9
4
4.1
4.2
4.3
4.4
4.5
4.6
4.7
4.8
4.9
5
5.1
5.2
5.3
5.4
5.5
5.6
5.7
5.8
5.9
5.99999999999999
6.09999999999999
6.19999999999999
6.29999999999999
6.39999999999999
6.49999999999999
6.59999999999999
6.69999999999999
6.79999999999999
6.89999999999999
6.99999999999999
7.09999999999999
7.19999999999999
7.29999999999999
7.39999999999999
7.49999999999999
7.59999999999999
7.69999999999999
7.79999999999999
7.89999999999999
7.99999999999999
8.09999999999999
8.19999999999999
8.29999999999999
8.39999999999999
8.49999999999999
8.59999999999999
8.69999999999999
8.79999999999998
8.89999999999998
8.99999999999998
9.09999999999998
9.19999999999998
9.29999999999998
9.39999999999998
9.49999999999998
9.59999999999998
9.69999999999998
9.79999999999998
9.89999999999998
9.99999999999998
10.1
10.2
10.3
10.4
10.5
10.6
10.7
10.8
10.9
11
11.1
11.2
11.3
11.4
11.5
11.6
11.7
11.8
11.9
12
12.1
12.2
12.3
12.4
12.5
12.6
12.7
12.8
12.9
13
13.1
13.2
13.3
13.4
13.5
13.6
13.7
13.8
13.9
14
14.1
14.2
14.3
14.4
14.5
14.6
Temperature Data
0
0
0
0
0
0
0
0
0
0
0
0
0
0
0
0
0
0
0
0
0
0
0
0
0
0
0
0
0
0
0
0
0
0
0
0
0
0
0
0
0
0
0
0
0
0
0
0
0
0
0
0
0
0
0
0
0
0
0
0
0
0
0
0
0
0
0
0
0
0
0
0
0
0
0
0
0
0
0
0
0
0
0
0
0
0
0
0
0
0
0
0
0
0
0
0
0
0
0
0
0
0
0
0
0
0
0
0
0
0
0
0
0
0
0
0
0
0
0
0
0
0
0
0
0
0
0
0
0
0
0
0
0
0
0
0
0
0
0
0
0
0
0
0
0
0
0
Angle Data
0
0
0
0
0
0
0
0
0
0
0
0
0
0
0
0
0
0
0
0
0
0
0
0
0
0
0
0
0
0
0
0
0
0
0
0
0
0
0
0
0
0
0
0
0
0
0
0
0
0
0
0
0
0
0
0
0
0
0
0
0
0
0
0
0
0
0
0
0
0
0
0
0
0
0
0
0
0
0
0
0
0
0
0
0
0
0
0
0
0
0
0
0
0
0
0
0
0
0
0
0
0
0
0
0
0
0
0
0
0
0
0
0
0
0
0
0
0
0
0
0
0
0
0
0
0
0
0
0
0
0
0
0
0
0
0
0
0
0
0
0
0
0
0
0
0
0
Bx Data
0
0
0
0
0
0
0
0
0
0
0
0
0
0
0
0
0
0
0
0
0
0
0
0
0
0
0
0
0
0
0
0
0
0
0
0
0
0
0
0
0
0
0
0
0
0
0
0
0
0
0
0
0
0
0
0
0
0
0
0
0
0
0
0
0
0
0
0
0
0
0
0
0
0
0
0
0
0
0
0
0
0
0
0
0
0
0
0
0
0
0
0
0
0
0
0
0
0
0
0
0
0
0
0
0
0
0
0
0
0
0
0
0
0
0
0
0
0
0
0
0
0
0
0
0
0
0
0
0
0
0
0
0
0
0
0
0
0
0
0
0
0
0
0
0
0
0
Hint Data
0
0
0
0
0
0
0
0
0
0
0
0
0
0
0
0
0
0
0
0
0
0
0
0
0
0
0
0
0
0
0
0
0
0
0
0
0
0
0
0
0
0
0
0
0
0
0
0
0
0
0
0
0
0
0
0
0
0
0
0
0
0
0
0
0
0
0
0
0
0
0
0
0
0
0
0
0
0
0
0
0
0
0
0
0
0
0
0
0
0
0
0
0
0
0
0
0
0
0
0
0
0
0
0
0
0
0
0
0
0
0
0
0
0
0
0
0
0
0
0
0
0
0
0
0
0
0
0
0
0
0
0
0
0
0
0
0
0
0
0
0
0
0
0
0
0
0
Torque Data
15.70568596
14.759501127
15.3975608325
14.1298489749
13.6756615488
13.9020973734
12.3171585693
14.7707794175
13.1822759468
13.3786468216
13.6516583485
14.16936383
13.392647002
13.256742649
12.3876385724
12.25519901
13.049936112
12.7082586355
13.164423875
12.622689712
13.0392336378
11.462774636
12.006086145
11.2144078988
11.9171838352
10.3032071534
11.4604860435
10.6948634972
11.895555554
10.6981588159
10.880879813
10.927131856
10.29099829
10.4889681885
9.7761278696
10.3728712048
9.7641736404
10.4174243475
9.9587473728
10.582255656
9.6772530304
9.5161811376
9.8318999826
9.2539739184
9.5409166878
9.25481343
8.814398408
8.6875672624
8.1499587136
7.3614020662
7.6968721348
8.5201748928
8.3770474048
7.738016548
7.7169244768
7.9314992022
6.721647912
7.5199293025
7.042392941
6.1403852608
7.0900320275
6.632396785
7.3258454037
6.466374264
6.51782176
6.468851288
6.30031867088
6.07541781025
5.93542110175
5.62068273984
5.47712794944
5.25525069905
5.20768805904
5.0647619312
5.0747894165
4.55674816595
4.5463310561
4.4240892362
4.83542495952
4.41767464446
4.0189476654
3.95095498048
3.45103409079
3.66399798768
3.52177376464
3.6450664362
3.2209190568
3.2396651324
2.9166323849
2.916453326
2.80578437592
2.34324965944
2.3572495873
2.36619129916
2.11925200736
1.99931783936
1.74796881752
1.70080077968
1.616841763
1.4058109696
1.28162323312
1.10017037095
1.03842187354
0.95626072743
0.75834566008
0.6024201498
0.424209609387
0.323520044025
0.167342452578
0.0351427253856
-0.109738258935
-0.259326196104
-0.420961583802
-0.573233371515
-0.7265890863
-0.81477109184
-1.00006498468
-1.117380437
-1.35681809856
-1.34616806455
-1.62831418785
-1.70093923725
-1.8869825784
-2.027426426
-2.23650961695
-2.280859961
-2.60896191681
-2.56046942875
-2.61574894528
-2.9775425715
-2.99618259075
-3.40589889654
-3.19709091472
-3.43043548675
-3.57362967425
-3.35193524176
-3.88987797125
-3.89543736256
-4.1509949325
-4.16466362976
-4.77766079073
-4.5843918105
-4.9356704817
-5.30634535632
-5.08630365012
-5.1568916135
-5.4093244996
dMdH Data
-7.44014084507002E-05
-2.02079689018465E-05
1.25724137931034E-05
4.90005316321107E-06
-3.76401179940999E-06
2.72704465629706E-06
-7.474025974026E-06
9.9703138252757E-07
1.1201540436457E-05
-1.12767500906782E-05
4.87636709462667E-06
3.24184782608696E-06
1.00627763041557E-05
-1.43217800599062E-06
5.57326478149098E-06
-4.29976905311775E-06
2.8434365460096E-06
-4.96831432192647E-06
-8.81581196581195E-06
2.78256110908432E-06
6.4366197183098E-06
6.27844036697248E-06
-7.26354119253524E-06
-1.94920235096558E-06
-5.96907216494848E-06
2.7658693652254E-06
4.18794014084505E-06
6.08105765062855E-06
-7.59225011008367E-06
-6.71076153021077E-07
2.51303088803086E-06
9.1474178403756E-06
3.88970271434729E-06
2.47884866986479E-06
-1.61531878476682E-06
-1.31619952494062E-05
-3.22421908429609E-06
-8.50192061459659E-07
3.45357751277682E-06
1.47393992932862E-05
5.71693823417964E-06
4.64607843137253E-06
-1.77211879432624E-05
-5.71061792863361E-06
9.29215943933417E-06
7.51545211751243E-06
5.62800769971122E-06
-1.14413208389111E-06
-8.89366415595929E-06
1.60564663023681E-06
-7.03044802087865E-06
-5.53839285714286E-06
1.29273356401385E-05
8.8575063613231E-06
-8.84541901867132E-06
-7.28648027575645E-06
-1.77332681973617E-06
2.78707392651616E-06
6.52412868632706E-06
5.87826832404631E-06
-2.88415446071905E-06
-2.04142011834319E-06
3.98976868327401E-06
-5.92561638111153E-07
9.16695501730103E-06
4.57726721261753E-06
-4.34563032081187E-06
-5.40419027065912E-06
4.74501108647452E-06
-4.61181972789115E-06
6.9459995591801E-06
6.18126747437092E-06
9.75786821539907E-07
-2.36965013586959E-06
-1.20811740626224E-05
-4.50208638772979E-06
2.59707067728301E-06
6.19891989198922E-06
9.75115409980215E-06
-7.71398050474029E-06
-7.02111893293817E-07
-4.12513346145633E-06
1.95550847457627E-06
5.4282894172174E-06
9.21386782231854E-06
-1.09852385856498E-07
-5.7496979946847E-06
-9.00528413831465E-06
1.1261428442111E-05
1.5266545634592E-08
8.87852610656679E-06
3.913739569183E-06
-5.79549582273883E-06
-5.84155844155845E-06
-4.02849872773536E-06
1.24188072040154E-06
-2.16109659377437E-06
9.13097369508344E-07
4.15341604053818E-06
6.19214264883555E-06
8.34449903230609E-06
8.08894931054571E-07
7.75763269140442E-06
-6.51643525706424E-07
-1.24399331429765E-05
-5.41667215179319E-06
7.93953924930534E-06
8.07652373693855E-07
-7.60169714734253E-06
1.35413700719487E-05
8.36185373498807E-06
3.72583706214354E-06
3.63434255892381E-06
-6.6697847252318E-06
4.29314379821443E-06
3.41716618886284E-06
-9.18419800095194E-06
2.80052493438321E-06
1.11701094073417E-05
-7.87680601863725E-06
-2.80259808654438E-06
1.25595024518598E-05
7.4845313921747E-06
6.69309474243699E-06
-2.52900644587686E-06
1.14618302306317E-06
-2.89444289304662E-06
6.0700996830355E-06
5.78659199197526E-06
2.71962259339538E-06
-6.85515248082405E-07
6.2062004325883E-06
3.30047169811323E-06
4.0443956043956E-06
5.81485515138312E-06
5.54435853274213E-06
9.6830341690155E-06
1.74160474085222E-06
-8.37972689075631E-06
1.22902962294166E-05
1.4283968526089E-05
7.32823724442807E-06
9.14544654641442E-06
6.55853490574161E-06
9.20239731912697E-06
1.32691546301048E-05
1.32691546301048E-05
dMdT Data
0
0
0
0
0
0
0
0
0
0
0
0
0
0
0
0
0
0
0
0
0
0
0
0
0
0
0
0
0
0
0
0
0
0
0
0
0
0
0
0
0
0
0
0
0
0
0
0
0
0
0
0
0
0
0
0
0
0
0
0
0
0
0
0
0
0
0
0
0
0
0
0
0
0
0
0
0
0
0
0
0
0
0
0
0
0
0
0
0
0
0
0
0
0
0
0
0
0
0
0
0
0
0
0
0
0
0
0
0
0
0
0
0
0
0
0
0
0
0
0
0
0
0
0
0
0
0
0
0
0
0
0
0
0
0
0
0
0
0
0
0
0
0
0
0
0
0
 
*********************************************** Results ***************************************
 
TotalArea 0
AreaFirstQuad 0
AreaSecondQuad 0
AreaThirdQuad 0
AreaFourthQuad 0
Coercivity 0
PositiveCoercivity 0
NegativeCoercivity 0
Retentivity 0.092089455100797
PositiveRetentivity -0.187676181971821
NegativeRetentivity -3.49727177022714E-03
Magnetization 0.002665077
PositiveMagnetization 0.000219044
NegativeMagnetization -0.00511111
Flatness 1.03797689720717
Squareness 34.5541442520411
SStar 0
SFD1 0
SFD2 0
Slope 0
Intercept 0
SlopeAtHc 1.32691546301048E-05
dH1 -618.869030966109
dH2 1707.225
InitialSlope -7.44014084507002E-05
FieldAtHalfMs 838.326120755009
FieldAtMs 846.58
MomentMean -3.69658089115647E-03
MomentRMS 1.14529694718183E-03
SFD3 0
dH3 -1237.73806193222
UserField1 0
UserField2 0
CenterField 0
ExchangeField 0
ExchangeMoment 0
ExRegionOneIntercept 0
ExRegionOneSlope 0
ExRegionTwoIntercept 0
ExRegionTwoSlope 0
NegativeIntercept 0
NegativeSlope 0
AutoCenterOffset 0
PinningField 0
PinningMoment 0
PinRegionOneIntercept 0
PinRegionOneSlope 0
PinRegionTwoIntercept 0
PinRegionTwoSlope 0
PositiveIntercept 0
PositiveSlope 0
TotalOffset 0
BHMax 0
BCoercivity 0
BRetentivity 0
BNegativeCoercivity 0
BPositiveCoercivity 0
BNegativeRetentivity 0
BPositiveRetentivity 0
MomentYMean -6.14406408163264E-03
MomentYRMS 3.1616797352984E-04
YOffCorrection 0
Mrt 0
Ms1 0
Ms2 0
Ms3 0
Hc2 0
Hex2 0
HsatValue 0
HsatIntercept 0
HsatSlope 0
CenterH 0
Span .005330154
SpanAsPercentOfRange -100.568943396226
RMSAsPercentOfRange -21.6093763619214
SpanAsPercentOfMean -144.191461162168
RMSAsPercentOfMean -30.9826020559104
