Version 1.25
******************************************** Units *******************************************
System CGS
TemperatureUnit K
MomentUnit emu
AppliedFieldUnit G
 
******************************************** Setup ********************************************
 
Experiment CustomField
Minor False
Acquisition Continuous
EditedPoint No
MaxField 15000
FieldIncrement 100
Points 147
MinField 0
RampRate 10
AverageTime 0.1
TimeInterval 0
TimeConstant 0.1
TimeConstantIndex 0
Sensitivity -0.0053
SensitivityIndex 5
SensitivityY -400
SensitivityIndexY 0
SaturationField 8000
ExperimentTime 100
Use735Domains True
AutoRangeEnabled False
NumberOfVertices 2
VertexPts
0
146
VertexField
-1790.201
1572.4456
StartAngle 0
EndAngle 0
AngleIncrement 0
StartTemp 0
FinishTemp 0
TempIncrement 0
TempPoints 0
LengthofSetPointsArray 147
SetPointArray
-1790.20101
-1767.16918
-1744.13735
-1721.10553
-1698.0737
-1675.04188
-1652.01005
-1628.97822
-1605.9464
-1582.91457
-1559.88275
-1536.85092
-1513.8191
-1490.78727
-1467.75544
-1444.72362
-1421.69179
-1398.65997
-1375.62814
-1352.59631
-1329.56449
-1306.53266
-1283.50084
-1260.46901
-1237.43719
-1214.40536
-1191.37353
-1168.34171
-1145.30988
-1122.27806
-1099.24623
-1076.21441
-1053.18258
-1030.15075
-1007.11893
-984.0871
-961.05528
-938.02345
-914.99162
-891.9598
-868.92797
-845.89615
-822.86432
-799.8325
-776.80067
-753.76884
-730.73702
-707.70519
-684.67337
-661.64154
-638.60972
-615.57789
-592.54606
-569.51424
-546.48241
-523.45059
-500.41876
-477.38693
-454.35511
-431.32328
-408.29146
-385.25963
-362.22781
-339.19598
-316.16415
-293.13233
-270.1005
-247.06868
-224.03685
-201.00503
-177.9732
-154.94137
-131.90955
-108.87772
-85.8459
-62.81407
-39.78224
-16.75042
6.28141
29.31323
52.34506
75.37688
98.40871
121.44054
144.47236
167.50419
190.53601
213.56784
236.59966
259.63149
282.66332
305.69514
328.72697
351.75879
374.79062
397.82245
420.85427
443.8861
466.91792
489.94975
512.98157
536.0134
559.04523
582.07705
605.10888
628.1407
651.17253
674.20436
697.23618
720.26801
743.29983
766.33166
789.36348
812.39531
835.42714
858.45896
881.49079
904.52261
927.55444
950.58626
973.61809
996.64992
1019.68174
1042.71357
1065.74539
1088.77722
1111.80905
1134.84087
1157.8727
1180.90452
1203.93635
1226.96817
1250
1273.03183
1296.06365
1319.09548
1342.1273
1365.15913
1388.19095
1411.22278
1434.25461
1457.28643
1480.31826
1503.35008
1526.38191
1549.41374
1572.44556
FieldDomainFile C:\IDEASVSM\Default UserID\Experiments\FORCexp0133B\fdomain.ini
TempDomainFile C:\IDEASVSM\Default UserID\Experiments\FORCexp0133B\tdomain.ini
NumSelectedResults 0
ResultsSelected 
UserName1 
UserValue1 
UserName2 
UserValue2 
LinearBackgroundCorrection Off
MaxLinearFieldCorrection 
MinLinearFieldCorrection 
AutoLinearCorrection Off
FitOneRegion Off
BackgroundMode Off
BackgroundFilename 
AutoCenter Off
OffsetCorrection 
SmoothDeriv Off
DerivOrder 0
DerivPoints 0
MinExFieldOne 
MaxExFieldOne 
MinExFieldTwo 
MaxExFieldTwo 
MinPinFieldOne 
MaxPinFieldOne 
MinPinFieldTwo 
MaxPinFieldTwo 
HCenterStart 
Mass 
Volume 
Density 
MolarWeight 
NumberOfMoles 
Demagnetization 
SampleArea 
Thickness 
MomentScaling 0
XAxis 0
YAxis 0
SimpleSpinValve False
HsatMax 0
HsatMin 0
FieldAutoRange False
 
*************************************************** Experiment Data ********************************************
 
DataPoints 147
MomentX Data
-0.00452396
-0.0045426
-0.0046165
-0.00473243
-0.00464548
-0.00436873
-0.00458827
-0.00439343
-0.00427222
-0.00422397
-0.00446601
-0.0045438
-0.00443255
-0.00431466
-0.00439014
-0.00458439
-0.00459262
-0.00465751
-0.00455276
-0.00446445
-0.00425523
-0.00443834
-0.0042935
-0.00452769
-0.00434551
-0.0041221
-0.00412579
-0.00395712
-0.00411629
-0.00426661
-0.00403493
-0.00382729
-0.00404273
-0.00411796
-0.00417117
-0.00429774
-0.00421803
-0.00404837
-0.00387271
-0.00387468
-0.00384774
-0.00401669
-0.00378309
-0.00384934
-0.00385108
-0.00378874
-0.00384653
-0.00379136
-0.00361008
-0.00368083
-0.00359311
-0.00377266
-0.0040724
-0.00414447
-0.00410496
-0.00387693
-0.00362627
-0.00352504
-0.00340047
-0.00368726
-0.00366949
-0.00382848
-0.00387654
-0.00360801
-0.00336674
-0.00345632
-0.00362904
-0.00362734
-0.00364799
-0.00345644
-0.00323736
-0.00328115
-0.00348436
-0.00372239
-0.003624
-0.00323594
-0.00305149
-0.00311477
-0.00324636
-0.00308533
-0.00316795
-0.0029063
-0.00281344
-0.0027688
-0.00264918
-0.00287547
-0.00297479
-0.00279204
-0.00255039
-0.0025851
-0.00255702
-0.00275935
-0.00279871
-0.00304994
-0.00287151
-0.00250591
-0.00231903
-0.00223704
-0.00215827
-0.00234798
-0.00234663
-0.00192953
-0.00175391
-0.00154771
-0.00160917
-0.00178957
-0.00172972
-0.00138642
-0.00153005
-0.00128942
-0.0013497
-0.0011728
-0.000981964
-0.00076865
-0.000345457
-0.0000444562
0.000228177
0.000555282
0.000903533
0.00118887
0.00141669
0.00144732
0.00158219
0.00185248
0.00202359
0.00220357
0.00247914
0.00263028
0.00262835
0.00280238
0.00273123
0.00301107
0.00330174
0.00317169
0.00343765
0.003495
0.00355372
0.00376796
0.00404941
0.00403473
0.00424371
0.0041768
0.00417731
0.00393951
0.00415497
0.00444347
0.00419315
MomentY Data
-0.00610352
-0.00610352
-0.00581741
-0.00581741
-0.00567436
-0.00629425
-0.00553131
-0.00658035
-0.00629425
-0.00638962
-0.00600815
-0.00638962
-0.00600815
-0.00581741
-0.00600815
-0.00610352
-0.00658035
-0.00610352
-0.00610352
-0.00581741
-0.00629425
-0.00600815
-0.00629425
-0.00610352
-0.00567436
-0.00610352
-0.00553131
-0.00600815
-0.00567436
-0.00567436
-0.00629425
-0.00610352
-0.00581741
-0.00610352
-0.00581741
-0.00600815
-0.00581741
-0.00600815
-0.00600815
-0.00600815
-0.00600815
-0.00581741
-0.00610352
-0.00610352
-0.00600815
-0.00581741
-0.00658035
-0.00600815
-0.00581741
-0.00638962
-0.00638962
-0.00600815
-0.00638962
-0.00686646
-0.00629425
-0.00638962
-0.00610352
-0.00629425
-0.00581741
-0.00629425
-0.00600815
-0.00638962
-0.00600815
-0.00581741
-0.00600815
-0.00610352
-0.00600815
-0.00581741
-0.00658035
-0.00610352
-0.00610352
-0.00629425
-0.00629425
-0.00638962
-0.00600815
-0.00600815
-0.00638962
-0.00638962
-0.00610352
-0.00610352
-0.00553131
-0.00629425
-0.00638962
-0.00658035
-0.00581741
-0.00629425
-0.00600815
-0.00610352
-0.00638962
-0.00581741
-0.00677109
-0.00610352
-0.00581741
-0.00581741
-0.00629425
-0.00610352
-0.00567436
-0.00638962
-0.00600815
-0.00686646
-0.00638962
-0.00677109
-0.00629425
-0.00610352
-0.00658035
-0.00629425
-0.00658035
-0.00638962
-0.00610352
-0.00638962
-0.00658035
-0.00629425
-0.00638962
-0.00581741
-0.00686646
-0.00677109
-0.00686646
-0.00638962
-0.00638962
-0.00638962
-0.00686646
-0.00677109
-0.00658035
-0.00677109
-0.00686646
-0.00734329
-0.00629425
-0.00677109
-0.00638962
-0.00677109
-0.00677109
-0.00767708
-0.00677109
-0.00734329
-0.00677109
-0.00705719
-0.00720024
-0.00686646
-0.00720024
-0.00720024
-0.00705719
-0.00753403
-0.00705719
-0.00767708
-0.00638962
-0.00720024
-0.00677109
Field Data
-1790.35
-1788.09
-1776.99
-1761.03
-1742
-1721.41
-1701.62
-1678.2
-1654.47
-1631.62
-1607.7
-1582.45
-1559.94
-1537.23
-1514.14
-1490.87
-1468.41
-1446.23
-1423.05
-1399.92
-1376.12
-1350.02
-1329.54
-1307.08
-1283.79
-1261.03
-1238.22
-1216.82
-1193.84
-1169.91
-1147.13
-1119.6
-1098.45
-1076.81
-1054.26
-1031.41
-1008.47
-986.621
-964.172
-940.817
-917.853
-894.477
-869.453
-847.097
-824.37
-801.705
-778.782
-754.706
-732.948
-711.089
-686.541
-666.608
-639.711
-618.47
-595.92
-572.897
-549.997
-527.262
-505.3
-483.13
-458.801
-435.512
-409.196
-388.378
-366.498
-343.83
-320.987
-295.065
-273.881
-251.485
-229.078
-206.356
-183.484
-161.971
-138.352
-115.131
-92.0024
-66.3819
-45.015
-23.5658
-1.46001
21.3984
48.5483
69.2593
91.3652
114.408
137.461
159.572
184.64
207.53
230.21
252.651
274.741
296.984
320.328
343.301
366.13
393.266
413.707
435.224
457.791
480.692
503.176
524.824
548.5
571.698
595.121
620.531
642.329
664.641
686.758
709.888
732.864
754.615
777.263
800.451
823.773
850.053
871.584
892.051
915.208
938.535
961.641
983.404
1005.95
1029.32
1052.61
1075.44
1100.51
1122.03
1145
1167.5
1190.57
1211.36
1234.89
1258.1
1280.95
1303.93
1329.29
1351.49
1373.94
1396.58
1419.67
1445.18
1465.49
1487.45
1510.04
Time Data
0
0.1
0.2
0.3
0.4
0.5
0.6
0.7
0.8
0.9
1
1.1
1.2
1.3
1.4
1.5
1.6
1.7
1.8
1.9
2
2.1
2.2
2.3
2.4
2.5
2.6
2.7
2.8
2.9
3
3.1
3.2
3.3
3.4
3.5
3.6
3.7
3.8
3.9
4
4.1
4.2
4.3
4.4
4.5
4.6
4.7
4.8
4.9
5
5.1
5.2
5.3
5.4
5.5
5.6
5.7
5.8
5.9
5.99999999999999
6.09999999999999
6.19999999999999
6.29999999999999
6.39999999999999
6.49999999999999
6.59999999999999
6.69999999999999
6.79999999999999
6.89999999999999
6.99999999999999
7.09999999999999
7.19999999999999
7.29999999999999
7.39999999999999
7.49999999999999
7.59999999999999
7.69999999999999
7.79999999999999
7.89999999999999
7.99999999999999
8.09999999999999
8.19999999999999
8.29999999999999
8.39999999999999
8.49999999999999
8.59999999999999
8.69999999999999
8.79999999999998
8.89999999999998
8.99999999999998
9.09999999999998
9.19999999999998
9.29999999999998
9.39999999999998
9.49999999999998
9.59999999999998
9.69999999999998
9.79999999999998
9.89999999999998
9.99999999999998
10.1
10.2
10.3
10.4
10.5
10.6
10.7
10.8
10.9
11
11.1
11.2
11.3
11.4
11.5
11.6
11.7
11.8
11.9
12
12.1
12.2
12.3
12.4
12.5
12.6
12.7
12.8
12.9
13
13.1
13.2
13.3
13.4
13.5
13.6
13.7
13.8
13.9
14
14.1
14.2
14.3
14.4
14.5
14.6
Temperature Data
0
0
0
0
0
0
0
0
0
0
0
0
0
0
0
0
0
0
0
0
0
0
0
0
0
0
0
0
0
0
0
0
0
0
0
0
0
0
0
0
0
0
0
0
0
0
0
0
0
0
0
0
0
0
0
0
0
0
0
0
0
0
0
0
0
0
0
0
0
0
0
0
0
0
0
0
0
0
0
0
0
0
0
0
0
0
0
0
0
0
0
0
0
0
0
0
0
0
0
0
0
0
0
0
0
0
0
0
0
0
0
0
0
0
0
0
0
0
0
0
0
0
0
0
0
0
0
0
0
0
0
0
0
0
0
0
0
0
0
0
0
0
0
0
0
0
0
Angle Data
0
0
0
0
0
0
0
0
0
0
0
0
0
0
0
0
0
0
0
0
0
0
0
0
0
0
0
0
0
0
0
0
0
0
0
0
0
0
0
0
0
0
0
0
0
0
0
0
0
0
0
0
0
0
0
0
0
0
0
0
0
0
0
0
0
0
0
0
0
0
0
0
0
0
0
0
0
0
0
0
0
0
0
0
0
0
0
0
0
0
0
0
0
0
0
0
0
0
0
0
0
0
0
0
0
0
0
0
0
0
0
0
0
0
0
0
0
0
0
0
0
0
0
0
0
0
0
0
0
0
0
0
0
0
0
0
0
0
0
0
0
0
0
0
0
0
0
Bx Data
0
0
0
0
0
0
0
0
0
0
0
0
0
0
0
0
0
0
0
0
0
0
0
0
0
0
0
0
0
0
0
0
0
0
0
0
0
0
0
0
0
0
0
0
0
0
0
0
0
0
0
0
0
0
0
0
0
0
0
0
0
0
0
0
0
0
0
0
0
0
0
0
0
0
0
0
0
0
0
0
0
0
0
0
0
0
0
0
0
0
0
0
0
0
0
0
0
0
0
0
0
0
0
0
0
0
0
0
0
0
0
0
0
0
0
0
0
0
0
0
0
0
0
0
0
0
0
0
0
0
0
0
0
0
0
0
0
0
0
0
0
0
0
0
0
0
0
Hint Data
0
0
0
0
0
0
0
0
0
0
0
0
0
0
0
0
0
0
0
0
0
0
0
0
0
0
0
0
0
0
0
0
0
0
0
0
0
0
0
0
0
0
0
0
0
0
0
0
0
0
0
0
0
0
0
0
0
0
0
0
0
0
0
0
0
0
0
0
0
0
0
0
0
0
0
0
0
0
0
0
0
0
0
0
0
0
0
0
0
0
0
0
0
0
0
0
0
0
0
0
0
0
0
0
0
0
0
0
0
0
0
0
0
0
0
0
0
0
0
0
0
0
0
0
0
0
0
0
0
0
0
0
0
0
0
0
0
0
0
0
0
0
0
0
0
0
0
Torque Data
10.927437032
10.9136430768
10.3374793959
10.2446335323
9.88473512
10.8349848925
9.4121877222
11.04314337
10.4136477975
10.4254317844
9.659302755
10.111254169
9.372353511
8.9426971743
9.097180241
9.0995548624
9.6626517435
8.8270937296
8.685614136
8.1439086072
8.66164331
8.111122663
8.368457145
7.9777889216
7.2846866244
7.6967218256
6.8489786682
7.310837083
6.7742779424
6.6384905076
7.2203230025
6.833500992
6.3901340145
6.5723313712
6.1330626666
6.1968659915
5.8666834627
5.92776696115
5.7928900018
5.65256965855
5.51459850195
5.20353944457
5.30672377456
5.17027348144
4.9529386155
4.66384668405
5.1246581337
4.5343868539
4.26385902468
4.54358849618
4.38673610442
4.0050808552
4.08751019982
4.2466995162
3.75086946
3.66059412914
3.35691768944
3.3187188435
2.939537273
3.0409410025
2.75654522815
2.78275618544
2.4585109474
2.25935406098
2.2019749587
2.0985732816
1.92853804405
1.71651408165
1.80223283835
1.5349437272
1.39818215456
1.298856253
1.154894167
1.03493314102
0.8312395688
0.69172431765
0.587860375088
0.424155115878
0.2747499528
0.143834331616
0.0080757679131
-0.1346868792
-0.310205188646
-0.455750434755
-0.531508828132
-0.720112554
-0.82588630715
-0.97395089344
-1.1797794368
-1.2072870973
-1.5587726289
-1.54206043152
-1.59828104081
-1.72767769144
-2.016224514
-2.09534451952
-2.0775534268
-2.51282029892
-2.48561371205
-2.98844818704
-2.92511052942
-3.25480879428
-3.167115538
-3.20327378048
-3.609321975
-3.5984101365
-3.91610447235
-3.96495728822
-3.92046789808
-4.24680342642
-4.5191080053
-4.468212544
-4.68272247168
-4.38990484715
-5.33704529898
-5.41992576159
-5.65640435358
-5.43151564986
-5.56909055808
-5.69986691062
-6.28423912368
-6.35490495315
-6.32793435435
-6.65871699036
-6.907315437
-7.5585952628
-6.6253904925
-7.2819010296
-7.0318407062
-7.5973661127
-7.75289805
-8.9629909
-8.0614566213
-8.8953677744
-8.3615513301
-8.878650739
-9.223147428
-8.9533831878
-9.5712070296
-9.7310523576
-9.6961556286
-10.5218756174
-10.0188809273
-11.0947624744
-9.3639242138
-10.709996988
-10.2246167436
dMdH Data
-8.24778761061965E-06
-6.65765765765771E-06
-7.26378446115288E-06
4.56910141881244E-06
1.34409907722195E-05
-1.10934815563415E-05
8.31938514090526E-06
5.1078803202697E-06
2.11159737417944E-06
-1.01187290969901E-05
-3.0807920792079E-06
4.94224788982672E-06
5.19110523998241E-06
-3.26894759636208E-06
-8.34765792866344E-06
-3.66429207479993E-07
-2.92560865644723E-06
4.51898188093182E-06
3.8179853004756E-06
8.79075630252096E-06
-7.01570881226057E-06
7.07226562500001E-06
-1.04269813000891E-05
7.82224130528123E-06
9.81590509666082E-06
-1.61771153003059E-07
7.88177570093455E-06
-6.92645778938207E-06
-6.28165482657755E-06
1.01703248463565E-05
7.54231747184883E-06
-1.01862884160757E-05
-3.47643253234752E-06
-2.35964523281596E-06
-5.53916849015321E-06
3.47471665213601E-06
7.76511510824294E-06
7.82484743195689E-06
-8.43502461999575E-08
1.17314056784532E-06
-7.22749828884325E-06
9.33503836317136E-06
-2.96341027017357E-06
-7.65609187310281E-08
2.75049636002648E-06
-2.52104872835143E-06
2.29149360358863E-06
8.33164812942366E-06
-3.23665309483509E-06
3.57340720221606E-06
-9.00767571364065E-06
-1.11439937539503E-05
-3.39296643284213E-06
1.75210643015519E-06
9.90444338270432E-06
1.09458515283842E-05
4.45260611392126E-06
5.67206993898554E-06
-1.2935949481281E-05
7.30404044555874E-07
-6.82682811627807E-06
-1.82626538987688E-06
1.28989336151407E-05
1.10269652650823E-05
-3.95182636315511E-06
-7.561178479184E-06
6.55813594629997E-08
-9.7479229607249E-07
8.55286658331846E-06
9.77730173606462E-06
-1.92720711205E-06
-8.8846624693949E-06
-1.10644726444475E-05
4.16571404377831E-06
1.67115972610999E-05
7.97497470664026E-06
-2.46989715267072E-06
-6.15859109182893E-06
7.50750610745389E-06
-3.73748235190872E-06
1.14465529317218E-05
3.42027042456879E-06
2.1553763700449E-06
5.41122505756382E-06
-9.82042112937664E-06
-4.30833297184748E-06
8.26511691013524E-06
9.63977979894687E-06
-1.51638269986893E-06
1.23809523809523E-06
-9.01608662715564E-06
-1.7818017202354E-06
-1.12947893719373E-05
7.64350582590817E-06
1.59143342184303E-05
8.18607910990406E-06
3.02144752358491E-06
3.85352967075976E-06
-8.81674954686992E-06
5.98218637833912E-08
1.82131784638225E-05
7.8108877423946E-06
9.52512934220252E-06
-2.59587768204088E-06
-7.77653245969481E-06
2.55518080519149E-06
1.35104289649744E-05
-6.58913661803835E-06
1.07847794908569E-05
-2.72550526744132E-06
7.64807609165585E-06
8.30588440111421E-06
9.80708932922626E-06
1.86856676086188E-05
1.29808866655167E-05
1.16899579795901E-05
1.24469178082192E-05
1.61743997027542E-05
1.39413201739385E-05
9.83806192511986E-06
1.31307069061603E-06
5.83701203150697E-06
1.24197031659238E-05
7.58937283775391E-06
7.70132648694912E-06
1.18321167883212E-05
6.62023653088038E-06
-7.69844435580476E-08
8.08689591078069E-06
-3.09751850239444E-06
1.24373333333333E-05
1.25994798439532E-05
-6.25541125541127E-06
1.13030174245643E-05
2.47091770788455E-06
2.56980306345731E-06
9.32288946910357E-06
1.10981861198739E-05
-6.6126126126124E-07
9.30868596881959E-06
-2.95538869257956E-06
2.20874837592221E-08
-9.32183457467659E-06
1.06085672082718E-05
1.31375227686703E-05
-1.10810092961488E-05
-1.10810092961488E-05
dMdT Data
0
0
0
0
0
0
0
0
0
0
0
0
0
0
0
0
0
0
0
0
0
0
0
0
0
0
0
0
0
0
0
0
0
0
0
0
0
0
0
0
0
0
0
0
0
0
0
0
0
0
0
0
0
0
0
0
0
0
0
0
0
0
0
0
0
0
0
0
0
0
0
0
0
0
0
0
0
0
0
0
0
0
0
0
0
0
0
0
0
0
0
0
0
0
0
0
0
0
0
0
0
0
0
0
0
0
0
0
0
0
0
0
0
0
0
0
0
0
0
0
0
0
0
0
0
0
0
0
0
0
0
0
0
0
0
0
0
0
0
0
0
0
0
0
0
0
0
 
*********************************************** Results ***************************************
 
TotalArea 0
AreaFirstQuad 0
AreaSecondQuad 0
AreaThirdQuad 0
AreaFourthQuad 0
Coercivity 0
PositiveCoercivity 0
NegativeCoercivity 0
Retentivity 8.06957431520936E-03
PositiveRetentivity -1.92903865486729E-02
NegativeRetentivity -3.15123791825416E-03
Magnetization 0.00458795
PositiveMagnetization 0.00444347
NegativeMagnetization -0.00473243
Flatness 1.39050856899784
Squareness 1.75886274157507
SStar 0
SFD1 0
SFD2 0
Slope 0
Intercept 0
SlopeAtHc -1.10810092961488E-05
dH1 -489.196297005707
dH2 244.47
InitialSlope -8.24778761061965E-06
FieldAtHalfMs 1030.85522825416
FieldAtMs 1487.45
MomentMean -2.0776684707483E-03
MomentRMS 2.76653563543371E-03
SFD3 0
dH3 -978.392594011415
UserField1 0
UserField2 0
CenterField 0
ExchangeField 0
ExchangeMoment 0
ExRegionOneIntercept 0
ExRegionOneSlope 0
ExRegionTwoIntercept 0
ExRegionTwoSlope 0
NegativeIntercept 0
NegativeSlope 0
AutoCenterOffset 0
PinningField 0
PinningMoment 0
PinRegionOneIntercept 0
PinRegionOneSlope 0
PinRegionTwoIntercept 0
PinRegionTwoSlope 0
PositiveIntercept 0
PositiveSlope 0
TotalOffset 0
BHMax 0
BCoercivity 0
BRetentivity 0
BNegativeCoercivity 0
BPositiveCoercivity 0
BNegativeRetentivity 0
BPositiveRetentivity 0
MomentYMean -6.30625340136054E-03
MomentYRMS 4.42442100204712E-04
YOffCorrection 0
Mrt 0
Ms1 0
Ms2 0
Ms3 0
Hc2 0
Hex2 0
HsatValue 0
HsatIntercept 0
HsatSlope 0
CenterH 0
Span .0091759
SpanAsPercentOfRange -173.130188679245
RMSAsPercentOfRange -52.198785574221
SpanAsPercentOfMean -441.644089477624
RMSAsPercentOfMean -133.155778911989
