Version 1.25
******************************************** Units *******************************************
System CGS
TemperatureUnit K
MomentUnit emu
AppliedFieldUnit G
 
******************************************** Setup ********************************************
 
Experiment CustomField
Minor False
Acquisition Continuous
EditedPoint No
MaxField 15000
FieldIncrement 100
Points 147
MinField 0
RampRate 10
AverageTime 0.1
TimeInterval 0
TimeConstant 0.1
TimeConstantIndex 0
Sensitivity -0.0053
SensitivityIndex 5
SensitivityY -400
SensitivityIndexY 0
SaturationField 8000
ExperimentTime 100
Use735Domains True
AutoRangeEnabled False
NumberOfVertices 2
VertexPts
0
146
VertexField
-776.8007
2585.8459
StartAngle 0
EndAngle 0
AngleIncrement 0
StartTemp 0
FinishTemp 0
TempIncrement 0
TempPoints 0
LengthofSetPointsArray 147
SetPointArray
-776.80067
-753.76884
-730.73702
-707.70519
-684.67337
-661.64154
-638.60972
-615.57789
-592.54606
-569.51424
-546.48241
-523.45059
-500.41876
-477.38693
-454.35511
-431.32328
-408.29146
-385.25963
-362.22781
-339.19598
-316.16415
-293.13233
-270.1005
-247.06868
-224.03685
-201.00503
-177.9732
-154.94137
-131.90955
-108.87772
-85.8459
-62.81407
-39.78224
-16.75042
6.28141
29.31323
52.34506
75.37688
98.40871
121.44054
144.47236
167.50419
190.53601
213.56784
236.59966
259.63149
282.66332
305.69514
328.72697
351.75879
374.79062
397.82245
420.85427
443.8861
466.91792
489.94975
512.98157
536.0134
559.04523
582.07705
605.10888
628.1407
651.17253
674.20436
697.23618
720.26801
743.29983
766.33166
789.36348
812.39531
835.42714
858.45896
881.49079
904.52261
927.55444
950.58626
973.61809
996.64992
1019.68174
1042.71357
1065.74539
1088.77722
1111.80905
1134.84087
1157.8727
1180.90452
1203.93635
1226.96817
1250
1273.03183
1296.06365
1319.09548
1342.1273
1365.15913
1388.19095
1411.22278
1434.25461
1457.28643
1480.31826
1503.35008
1526.38191
1549.41374
1572.44556
1595.47739
1618.50921
1641.54104
1664.57286
1687.60469
1710.63652
1733.66834
1756.70017
1779.73199
1802.76382
1825.79564
1848.82747
1871.8593
1894.89112
1917.92295
1940.95477
1963.9866
1987.01843
2010.05025
2033.08208
2056.1139
2079.14573
2102.17755
2125.20938
2148.24121
2171.27303
2194.30486
2217.33668
2240.36851
2263.40034
2286.43216
2309.46399
2332.49581
2355.52764
2378.55946
2401.59129
2424.62312
2447.65494
2470.68677
2493.71859
2516.75042
2539.78224
2562.81407
2585.8459
FieldDomainFile C:\IDEASVSM\Default UserID\Experiments\FORCexp0089B\fdomain.ini
TempDomainFile C:\IDEASVSM\Default UserID\Experiments\FORCexp0089B\tdomain.ini
NumSelectedResults 0
ResultsSelected 
UserName1 
UserValue1 
UserName2 
UserValue2 
LinearBackgroundCorrection Off
MaxLinearFieldCorrection 
MinLinearFieldCorrection 
AutoLinearCorrection Off
FitOneRegion Off
BackgroundMode Off
BackgroundFilename 
AutoCenter Off
OffsetCorrection 
SmoothDeriv Off
DerivOrder 0
DerivPoints 0
MinExFieldOne 
MaxExFieldOne 
MinExFieldTwo 
MaxExFieldTwo 
MinPinFieldOne 
MaxPinFieldOne 
MinPinFieldTwo 
MaxPinFieldTwo 
HCenterStart 
Mass 
Volume 
Density 
MolarWeight 
NumberOfMoles 
Demagnetization 
SampleArea 
Thickness 
MomentScaling 0
XAxis 0
YAxis 0
SimpleSpinValve False
HsatMax 0
HsatMin 0
FieldAutoRange False
 
*************************************************** Experiment Data ********************************************
 
DataPoints 147
MomentX Data
-0.000130754
-0.0000967472
-0.000115726
-0.000155641
-0.0000871645
0.0000823964
-0.000182719
-0.000145741
-0.000135021
0.0000609752
0.0002423
0.000327781
0.000237912
0.000361878
0.000334638
0.000184373
0.000204835
0.000103854
0.000408908
0.000703615
0.000921819
0.000545307
0.000484502
0.000574542
0.00057384
0.000660785
0.000644123
0.000744119
0.000714728
0.000854585
0.000697289
0.00100713
0.00107113
0.000878916
0.000772396
0.00100873
0.00124248
0.00123774
0.00130772
0.00129367
0.00160878
0.00166897
0.00142414
0.00162021
0.00179058
0.0015557
0.00140161
0.00148106
0.00151556
0.00178209
0.00193259
0.00176128
0.00184271
0.00185656
0.00202184
0.0020825
0.00209855
0.00193253
0.00183734
0.00181387
0.00195235
0.0023276
0.00257271
0.00270852
0.00251829
0.0025109
0.0026212
0.00274967
0.00276833
0.00316126
0.00335077
0.00336863
0.00331449
0.00344238
0.00357441
0.00377755
0.00380114
0.00369847
0.00361701
0.00388218
0.00391348
0.00399491
0.00413529
0.00424108
0.00421212
0.00392583
0.00384373
0.00416072
0.0043487
0.00434468
0.00421489
0.00410394
0.00414218
0.00426228
0.00432241
0.00440102
0.00436259
0.00416074
0.00426132
0.00431445
0.00435448
0.00450458
0.00447479
0.00451463
0.00436784
0.00424276
0.00429606
0.00456573
0.0047184
0.0045531
0.00464871
0.00475517
0.0047039
0.00457028
0.00478117
0.00467281
0.00448273
0.00462107
0.00449499
0.00468582
0.00479896
0.00472631
0.00447266
0.00446533
0.0045169
0.00472195
0.00484416
0.00469545
0.00452481
0.00434526
0.0044491
0.00482328
0.00498473
0.00495456
0.00493179
0.00465647
0.00462525
0.0047709
0.00477508
0.00504875
0.00508487
0.00480646
0.00467451
0.00494995
0.00490425
0.00495003
0.00503401
MomentY Data
-0.00638962
-0.00600815
-0.00658035
-0.00677109
-0.00677109
-0.00629425
-0.00629425
-0.00610352
-0.00677109
-0.00705719
-0.00686646
-0.00705719
-0.00638962
-0.00677109
-0.00629425
-0.00610352
-0.00629425
-0.00638962
-0.00677109
-0.00677109
-0.00705719
-0.00677109
-0.00686646
-0.00677109
-0.00658035
-0.00658035
-0.00658035
-0.00677109
-0.00600815
-0.00686646
-0.00658035
-0.00677109
-0.00677109
-0.00610352
-0.00677109
-0.00638962
-0.00638962
-0.00677109
-0.00677109
-0.00686646
-0.00686646
-0.00705719
-0.00686646
-0.00705719
-0.00677109
-0.00677109
-0.00720024
-0.00629425
-0.00686646
-0.00686646
-0.00686646
-0.00734329
-0.00705719
-0.00720024
-0.00677109
-0.00734329
-0.00734329
-0.00677109
-0.00677109
-0.00658035
-0.00686646
-0.00686646
-0.00705719
-0.00686646
-0.00658035
-0.00705719
-0.00720024
-0.00686646
-0.00677109
-0.00638962
-0.00658035
-0.00677109
-0.00686646
-0.00705719
-0.00677109
-0.00686646
-0.00686646
-0.00720024
-0.00686646
-0.00705719
-0.00720024
-0.00705719
-0.00720024
-0.00686646
-0.00734329
-0.00677109
-0.00686646
-0.00686646
-0.00686646
-0.00720024
-0.00705719
-0.00705719
-0.00677109
-0.00734329
-0.00677109
-0.00686646
-0.00677109
-0.00658035
-0.00658035
-0.00658035
-0.00686646
-0.00686646
-0.00705719
-0.00658035
-0.00734329
-0.00677109
-0.00686646
-0.00686646
-0.00686646
-0.00753403
-0.00658035
-0.00658035
-0.00720024
-0.00705719
-0.00734329
-0.00734329
-0.00686646
-0.00705719
-0.00720024
-0.00753403
-0.00658035
-0.00705719
-0.00720024
-0.00720024
-0.00720024
-0.00753403
-0.00734329
-0.00677109
-0.00753403
-0.00686646
-0.00734329
-0.00720024
-0.00658035
-0.00686646
-0.00677109
-0.00629425
-0.00686646
-0.00677109
-0.00705719
-0.00638962
-0.00610352
-0.00720024
-0.00677109
-0.00658035
-0.00705719
-0.00638962
-0.00734329
Field Data
-776.856
-775.99
-764.41
-748.401
-729.086
-708.359
-684.718
-662.374
-639.907
-617.254
-593.407
-570.507
-548.04
-524.522
-500.86
-477.714
-451.584
-430.055
-407.559
-385.197
-361.976
-339.01
-317.28
-294.653
-271.419
-248.063
-220.702
-199.827
-178.046
-155.561
-133.447
-109.993
-87.3478
-64.8167
-41.6168
-18.4146
8.61707
29.5001
51.5394
73.1668
96.0036
120.04
142.362
164.973
188.429
211.474
238.421
259.23
280.822
303.301
326.279
349.17
373.925
395.556
417.397
440.911
464.244
485.643
508.327
531.848
555.365
578.423
602.32
624.72
647.578
670.404
693.252
714.288
737.722
761.242
784.399
806.99
833.527
854.076
876.415
899.161
922.2
944.447
966.477
993.303
1014.73
1036.37
1057.42
1080.37
1103.85
1127.46
1150.87
1175.57
1196.78
1219.91
1242.92
1265.52
1291.69
1312.12
1334.46
1357.07
1380.27
1402.47
1424.5
1446.82
1470.85
1494.19
1520.17
1541.67
1563.99
1586.62
1609.39
1631.92
1653.61
1675.68
1698.83
1721.81
1748.44
1769.78
1792.42
1815.03
1837.73
1859.55
1881.5
1904.52
1928.16
1951.37
1978.33
1999.29
2020.65
2043.11
2065.95
2092.9
2112.99
2131.72
2155.54
2179.28
2206.59
2227.69
2249.23
2271.76
2294.81
2320.32
2342.28
2360.96
2384.48
2408.17
2431.51
2456.17
2478.09
2500.61
2523.27
Time Data
0
0.1
0.2
0.3
0.4
0.5
0.6
0.7
0.8
0.9
1
1.1
1.2
1.3
1.4
1.5
1.6
1.7
1.8
1.9
2
2.1
2.2
2.3
2.4
2.5
2.6
2.7
2.8
2.9
3
3.1
3.2
3.3
3.4
3.5
3.6
3.7
3.8
3.9
4
4.1
4.2
4.3
4.4
4.5
4.6
4.7
4.8
4.9
5
5.1
5.2
5.3
5.4
5.5
5.6
5.7
5.8
5.9
5.99999999999999
6.09999999999999
6.19999999999999
6.29999999999999
6.39999999999999
6.49999999999999
6.59999999999999
6.69999999999999
6.79999999999999
6.89999999999999
6.99999999999999
7.09999999999999
7.19999999999999
7.29999999999999
7.39999999999999
7.49999999999999
7.59999999999999
7.69999999999999
7.79999999999999
7.89999999999999
7.99999999999999
8.09999999999999
8.19999999999999
8.29999999999999
8.39999999999999
8.49999999999999
8.59999999999999
8.69999999999999
8.79999999999998
8.89999999999998
8.99999999999998
9.09999999999998
9.19999999999998
9.29999999999998
9.39999999999998
9.49999999999998
9.59999999999998
9.69999999999998
9.79999999999998
9.89999999999998
9.99999999999998
10.1
10.2
10.3
10.4
10.5
10.6
10.7
10.8
10.9
11
11.1
11.2
11.3
11.4
11.5
11.6
11.7
11.8
11.9
12
12.1
12.2
12.3
12.4
12.5
12.6
12.7
12.8
12.9
13
13.1
13.2
13.3
13.4
13.5
13.6
13.7
13.8
13.9
14
14.1
14.2
14.3
14.4
14.5
14.6
Temperature Data
0
0
0
0
0
0
0
0
0
0
0
0
0
0
0
0
0
0
0
0
0
0
0
0
0
0
0
0
0
0
0
0
0
0
0
0
0
0
0
0
0
0
0
0
0
0
0
0
0
0
0
0
0
0
0
0
0
0
0
0
0
0
0
0
0
0
0
0
0
0
0
0
0
0
0
0
0
0
0
0
0
0
0
0
0
0
0
0
0
0
0
0
0
0
0
0
0
0
0
0
0
0
0
0
0
0
0
0
0
0
0
0
0
0
0
0
0
0
0
0
0
0
0
0
0
0
0
0
0
0
0
0
0
0
0
0
0
0
0
0
0
0
0
0
0
0
0
Angle Data
0
0
0
0
0
0
0
0
0
0
0
0
0
0
0
0
0
0
0
0
0
0
0
0
0
0
0
0
0
0
0
0
0
0
0
0
0
0
0
0
0
0
0
0
0
0
0
0
0
0
0
0
0
0
0
0
0
0
0
0
0
0
0
0
0
0
0
0
0
0
0
0
0
0
0
0
0
0
0
0
0
0
0
0
0
0
0
0
0
0
0
0
0
0
0
0
0
0
0
0
0
0
0
0
0
0
0
0
0
0
0
0
0
0
0
0
0
0
0
0
0
0
0
0
0
0
0
0
0
0
0
0
0
0
0
0
0
0
0
0
0
0
0
0
0
0
0
Bx Data
0
0
0
0
0
0
0
0
0
0
0
0
0
0
0
0
0
0
0
0
0
0
0
0
0
0
0
0
0
0
0
0
0
0
0
0
0
0
0
0
0
0
0
0
0
0
0
0
0
0
0
0
0
0
0
0
0
0
0
0
0
0
0
0
0
0
0
0
0
0
0
0
0
0
0
0
0
0
0
0
0
0
0
0
0
0
0
0
0
0
0
0
0
0
0
0
0
0
0
0
0
0
0
0
0
0
0
0
0
0
0
0
0
0
0
0
0
0
0
0
0
0
0
0
0
0
0
0
0
0
0
0
0
0
0
0
0
0
0
0
0
0
0
0
0
0
0
Hint Data
0
0
0
0
0
0
0
0
0
0
0
0
0
0
0
0
0
0
0
0
0
0
0
0
0
0
0
0
0
0
0
0
0
0
0
0
0
0
0
0
0
0
0
0
0
0
0
0
0
0
0
0
0
0
0
0
0
0
0
0
0
0
0
0
0
0
0
0
0
0
0
0
0
0
0
0
0
0
0
0
0
0
0
0
0
0
0
0
0
0
0
0
0
0
0
0
0
0
0
0
0
0
0
0
0
0
0
0
0
0
0
0
0
0
0
0
0
0
0
0
0
0
0
0
0
0
0
0
0
0
0
0
0
0
0
0
0
0
0
0
0
0
0
0
0
0
0
Torque Data
4.96381463472
4.6622643185
5.0300853435
5.06749052709
4.93670692374
4.45858863575
4.3097862715
4.04281295648
4.33286788863
4.35607875626
4.07460542922
4.02617629533
3.5017673448
3.55158566898
3.152538055
2.91573695328
2.842382592
2.7478880291
2.75961866931
2.60820355473
2.55453340744
2.2954672209
2.1785904288
1.99512198177
1.78603201665
1.63234136205
1.4522964057
1.35304660143
1.0697270749
1.06815338406
0.87812796645
0.74477250237
0.591439815102
0.395610024784
0.281791098312
0.117662296452
-0.0550598028134
-0.199747832109
-0.348977915946
-0.502396905528
-0.659204879256
-0.8471450876
-0.97752297852
-1.16424580587
-1.27586971761
-1.43190948666
-1.71668842104
-1.6316584275
-1.92825303012
-2.08260418446
-2.24038170234
-2.5640565693
-2.63885977075
-2.84809813344
-2.82623265273
-3.23773733719
-3.40907832276
-3.28833246087
-3.44192786643
-3.4997459868
-3.8133915579
-3.97171839258
-4.2506866808
-4.2896148912
-4.2612898923
-4.73116840476
-4.99158078048
-4.90462998048
-4.99518205698
-4.86404710804
-5.16161995965
-5.4642019191
-5.72337980442
-6.02737660644
-5.93428484235
-6.17405304006
-6.332249412
-6.80024506728
-6.63627566142
-7.00992799857
-7.3062995352
-7.3138600003
-7.6136777808
-7.4183173902
-8.1058906665
-7.6341331314
-7.9024028202
-8.0720043822
-8.2176419988
-8.7836447784
-8.7715225948
-8.9310150888
-8.7461492421
-9.6352776748
-9.0357487614
-9.3182668722
-9.3459323943
-9.2287434645
-9.373708575
-9.520581987
-10.099532691
-10.2597958674
-10.7281285223
-10.1447281845
-11.4848321271
-10.7431468158
-11.0508120594
-11.2055134032
-11.3544469206
-12.6246233904
-11.1788959905
-11.3301124335
-12.5891876256
-12.4896737182
-13.1622598618
-13.3282916487
-12.6186995358
-13.1231976645
-13.54725156
-14.3487108156
-12.687967656
-13.7711888503
-14.2444507992
-14.3953678296
-14.549164956
-15.3928520333
-15.1708699755
-14.171214261
-15.9193300497
-14.6373701112
-15.8287553266
-15.6913390272
-14.5201345065
-15.2963442774
-15.2297387607
-14.29902538
-15.7572210726
-15.7110955488
-16.5299149932
-15.0856372352
-14.5537213696
-17.3394019608
-16.4639730459
-16.1624582595
-17.4883519671
-15.9779476682
-18.5291033583
dMdH Data
3.92688221709013E-05
-1.63892918825561E-06
-2.49328502717221E-06
3.54524980585039E-06
8.18067737733392E-06
-1.12142210566389E-05
1.65494092373792E-06
4.77144256019941E-07
8.65210788857987E-06
7.60367341804001E-06
3.73279475982531E-06
-4.00004450972538E-06
5.27111148907222E-06
-1.15121291522272E-06
-6.4920504622829E-06
7.83084577114428E-07
-4.69046402526824E-06
1.356036628734E-05
1.31789195957428E-05
9.39683906808492E-06
-1.63943220412784E-05
-2.7982052462034E-06
3.97931674548107E-06
-3.02143410519064E-08
3.72259804761089E-06
-6.08968970432366E-07
4.79022754491018E-06
-1.34938708048299E-06
6.22001334222816E-06
-7.11296011576377E-06
1.32105824166453E-05
2.82620599508947E-06
-8.5310526339149E-06
-4.59139910085819E-06
1.01858444457853E-05
8.64726448643388E-06
-2.26978556272727E-07
3.17523696306144E-06
-6.49638884008251E-07
1.37983430252925E-05
2.50411875322428E-06
-1.09681032165577E-05
8.6714431029145E-06
7.26338676671214E-06
-1.0192232588414E-05
-5.71826177311018E-06
3.81805949348839E-06
1.59781400518711E-06
1.18568441656657E-05
6.54974323265732E-06
-7.48372722904198E-06
3.2894364774793E-06
6.402847764782E-07
7.56741907421821E-06
2.57973972952284E-06
6.87866969528121E-07
-7.75830646291884E-06
-4.19634985011461E-06
-9.97831724841634E-07
5.88850618701364E-06
1.62741781594241E-05
1.02569360170733E-05
6.06294642857142E-06
-8.32225041560943E-06
-3.23753614299479E-07
4.82755602240898E-06
6.10714964822207E-06
7.96278910984032E-07
1.67062074829932E-05
8.18370255214404E-06
7.90580319596307E-07
-2.04017032822098E-06
6.22366051876006E-06
5.9102914185953E-06
8.93080101995956E-06
1.02391596857502E-06
-4.61500427023869E-06
-3.69768497503406E-06
9.8848132408857E-06
1.46077379007797E-06
3.76293900184843E-06
6.66888361045124E-06
4.60958605664494E-06
-1.23339011925045E-06
-1.2125794155019E-05
-3.50704826997012E-06
1.28336032388664E-05
8.86280056577084E-06
-1.73800259403352E-07
-5.64059104737072E-06
-4.90929203539822E-06
1.46121513183031E-06
5.87860988742054E-06
2.69158460161141E-06
3.47678018575856E-06
-1.65646551724137E-06
-9.09234234234236E-06
4.56559237403543E-06
2.38037634408604E-06
1.66583437369954E-06
6.43101970865464E-06
-1.14665127020785E-06
1.85302325581396E-06
-6.57661290322586E-06
-5.52717631462661E-06
2.34079929732102E-06
1.19693741677763E-05
7.03872752420479E-06
-7.48980516538282E-06
4.13002159827218E-06
4.63272410791993E-06
-1.92527224934287E-06
-6.26148078725397E-06
9.31492932862187E-06
-4.79256965944275E-06
-8.37356828193833E-06
6.34005499541706E-06
-5.74396355353073E-06
8.28974804517813E-06
4.78595600676814E-06
-3.13011632916847E-06
-9.4083827893175E-06
-3.49713740458007E-07
2.41432584269661E-06
9.12956366874451E-06
5.35070052539407E-06
-5.5179962894248E-06
-8.49377799900464E-06
-9.5862253069941E-06
4.35936188077243E-06
1.57615838247682E-05
5.91175393628707E-06
-1.4298578199052E-06
-1.05710306406686E-06
-1.22201509098978E-05
-1.3544468546638E-06
5.70952567620535E-06
1.90346083788721E-07
1.46504282655248E-05
1.53571428571428E-06
-1.17522161249472E-05
-5.65338474721507E-06
1.11695052716951E-05
-2.08485401459854E-06
2.03285968028421E-06
3.7060900264784E-06
3.7060900264784E-06
dMdT Data
0
0
0
0
0
0
0
0
0
0
0
0
0
0
0
0
0
0
0
0
0
0
0
0
0
0
0
0
0
0
0
0
0
0
0
0
0
0
0
0
0
0
0
0
0
0
0
0
0
0
0
0
0
0
0
0
0
0
0
0
0
0
0
0
0
0
0
0
0
0
0
0
0
0
0
0
0
0
0
0
0
0
0
0
0
0
0
0
0
0
0
0
0
0
0
0
0
0
0
0
0
0
0
0
0
0
0
0
0
0
0
0
0
0
0
0
0
0
0
0
0
0
0
0
0
0
0
0
0
0
0
0
0
0
0
0
0
0
0
0
0
0
0
0
0
0
0
 
*********************************************** Results ***************************************
 
TotalArea 0
AreaFirstQuad 0
AreaSecondQuad 0
AreaThirdQuad 0
AreaFourthQuad 0
Coercivity 0
PositiveCoercivity 0
NegativeCoercivity 0
Retentivity 1.46037500998929E-02
PositiveRetentivity 3.03754661163977E-02
NegativeRetentivity 1.16796591661189E-03
Magnetization 0.0026337945
PositiveMagnetization 0.00508487
NegativeMagnetization -0.000182719
Flatness 0.920022877095079
Squareness 5.54475685171828
SStar 0
SFD1 0
SFD2 0
Slope 0
Intercept 0
SlopeAtHc 3.7060900264784E-06
dH1 185.945863570037
dH2 3300.126
InitialSlope 3.92688221709013E-05
FieldAtHalfMs 599.368338807066
FieldAtMs 2384.48
MomentMean 2.85304076802721E-03
MomentRMS 1.7709661872122E-03
SFD3 0
dH3 371.891727140074
UserField1 0
UserField2 0
CenterField 0
ExchangeField 0
ExchangeMoment 0
ExRegionOneIntercept 0
ExRegionOneSlope 0
ExRegionTwoIntercept 0
ExRegionTwoSlope 0
NegativeIntercept 0
NegativeSlope 0
AutoCenterOffset 0
PinningField 0
PinningMoment 0
PinRegionOneIntercept 0
PinRegionOneSlope 0
PinRegionTwoIntercept 0
PinRegionTwoSlope 0
PositiveIntercept 0
PositiveSlope 0
TotalOffset 0
BHMax 0
BCoercivity 0
BRetentivity 0
BNegativeCoercivity 0
BPositiveCoercivity 0
BNegativeRetentivity 0
BPositiveRetentivity 0
MomentYMean -6.84180353741497E-03
MomentYRMS 3.27965854357412E-04
YOffCorrection 0
Mrt 0
Ms1 0
Ms2 0
Ms3 0
Hc2 0
Hex2 0
HsatValue 0
HsatIntercept 0
HsatSlope 0
CenterH 0
Span .005267589
SpanAsPercentOfRange -99.3884716981132
RMSAsPercentOfRange -33.4144563624943
SpanAsPercentOfMean 184.630695047599
RMSAsPercentOfMean 62.0729366035931
