Version 1.25
******************************************** Units *******************************************
System CGS
TemperatureUnit K
MomentUnit emu
AppliedFieldUnit G
 
******************************************** Setup ********************************************
 
Experiment CustomField
Minor False
Acquisition Continuous
EditedPoint No
MaxField 15000
FieldIncrement 100
Points 65
MinField 0
RampRate 10
AverageTime 0.1
TimeInterval 0
TimeConstant 0.1
TimeConstantIndex 0
Sensitivity -0.0053
SensitivityIndex 5
SensitivityY -400
SensitivityIndexY 0
SaturationField 8000
ExperimentTime 100
Use735Domains True
AutoRangeEnabled False
NumberOfVertices 2
VertexPts
0
64
VertexField
512.9816
1987.0184
StartAngle 0
EndAngle 0
AngleIncrement 0
StartTemp 0
FinishTemp 0
TempIncrement 0
TempPoints 0
LengthofSetPointsArray 65
SetPointArray
512.98157
536.0134
559.04523
582.07705
605.10888
628.1407
651.17253
674.20436
697.23618
720.26801
743.29983
766.33166
789.36348
812.39531
835.42714
858.45896
881.49079
904.52261
927.55444
950.58626
973.61809
996.64992
1019.68174
1042.71357
1065.74539
1088.77722
1111.80905
1134.84087
1157.8727
1180.90452
1203.93635
1226.96817
1250
1273.03183
1296.06365
1319.09548
1342.1273
1365.15913
1388.19095
1411.22278
1434.25461
1457.28643
1480.31826
1503.35008
1526.38191
1549.41374
1572.44556
1595.47739
1618.50921
1641.54104
1664.57286
1687.60469
1710.63652
1733.66834
1756.70017
1779.73199
1802.76382
1825.79564
1848.82747
1871.8593
1894.89112
1917.92295
1940.95477
1963.9866
1987.01843
FieldDomainFile C:\IDEASVSM\Default UserID\Experiments\FORCexp0033B\fdomain.ini
TempDomainFile C:\IDEASVSM\Default UserID\Experiments\FORCexp0033B\tdomain.ini
NumSelectedResults 0
ResultsSelected 
UserName1 
UserValue1 
UserName2 
UserValue2 
LinearBackgroundCorrection Off
MaxLinearFieldCorrection 
MinLinearFieldCorrection 
AutoLinearCorrection Off
FitOneRegion Off
BackgroundMode Off
BackgroundFilename 
AutoCenter Off
OffsetCorrection 
SmoothDeriv Off
DerivOrder 0
DerivPoints 0
MinExFieldOne 
MaxExFieldOne 
MinExFieldTwo 
MaxExFieldTwo 
MinPinFieldOne 
MaxPinFieldOne 
MinPinFieldTwo 
MaxPinFieldTwo 
HCenterStart 
Mass 
Volume 
Density 
MolarWeight 
NumberOfMoles 
Demagnetization 
SampleArea 
Thickness 
MomentScaling 0
XAxis 0
YAxis 0
SimpleSpinValve False
HsatMax 0
HsatMin 0
FieldAutoRange False
 
*************************************************** Experiment Data ********************************************
 
DataPoints 65
MomentX Data
0.00377255
0.00370464
0.00387984
0.00391964
0.00378528
0.00368617
0.00358173
0.0037767
0.00398261
0.00393295
0.00376283
0.00389125
0.00411181
0.00405238
0.00398002
0.00391313
0.00415167
0.00398626
0.00402844
0.00408582
0.00414992
0.0042861
0.0042882
0.00409312
0.00417994
0.00427254
0.00421767
0.00434517
0.00417304
0.00432374
0.0041501
0.0040987
0.00439769
0.00447468
0.00439714
0.00425243
0.00440256
0.00428111
0.00420336
0.00422351
0.00436675
0.00456907
0.0044116
0.00428501
0.00430856
0.00442339
0.00428852
0.00435669
0.00456397
0.00487125
0.00484525
0.00483165
0.00485909
0.00483323
0.00472523
0.00459322
0.00464438
0.00451992
0.00460147
0.00463092
0.00468332
0.00462723
0.00473524
0.00464369
0.00477347
MomentY Data
-0.00686646
-0.00677109
-0.00686646
-0.00658035
-0.00686646
-0.00720024
-0.00677109
-0.00705719
-0.00677109
-0.00753403
-0.00705719
-0.00705719
-0.00658035
-0.00686646
-0.00658035
-0.00658035
-0.00677109
-0.00686646
-0.00734329
-0.00677109
-0.00686646
-0.00677109
-0.00638962
-0.00686646
-0.00705719
-0.00720024
-0.00705719
-0.00658035
-0.00705719
-0.00720024
-0.00720024
-0.00677109
-0.00686646
-0.00677109
-0.00677109
-0.00658035
-0.00705719
-0.00720024
-0.00720024
-0.00686646
-0.00677109
-0.00705719
-0.00705719
-0.00677109
-0.00658035
-0.00705719
-0.00677109
-0.00677109
-0.00677109
-0.00705719
-0.00686646
-0.00705719
-0.00705719
-0.00734329
-0.00638962
-0.00638962
-0.00658035
-0.00677109
-0.00734329
-0.00658035
-0.00658035
-0.00677109
-0.00658035
-0.00705719
-0.00686646
Field Data
513.061
519.107
532.548
550.142
570.303
594.658
615.262
637.754
660.674
683.701
706.332
728.192
754.502
777.757
800.034
822.594
844.368
867.299
889.941
912.718
938.684
959.187
981.624
1004.39
1027.03
1049.36
1070.96
1094.29
1117.34
1139.67
1166.75
1188.33
1209.79
1232.23
1254.78
1277.68
1299.31
1321.68
1344.79
1366.97
1393.53
1414.43
1435.44
1458.27
1481.47
1504.39
1528.73
1550.47
1572.36
1595.08
1618.46
1641.26
1662.84
1685.67
1708.28
1731.04
1756.97
1777.9
1798.92
1822.41
1845.32
1871.07
1890.73
1913.15
1935.78
Time Data
0
0.1
0.2
0.3
0.4
0.5
0.6
0.7
0.8
0.9
1
1.1
1.2
1.3
1.4
1.5
1.6
1.7
1.8
1.9
2
2.1
2.2
2.3
2.4
2.5
2.6
2.7
2.8
2.9
3
3.1
3.2
3.3
3.4
3.5
3.6
3.7
3.8
3.9
4
4.1
4.2
4.3
4.4
4.5
4.6
4.7
4.8
4.9
5
5.1
5.2
5.3
5.4
5.5
5.6
5.7
5.8
5.9
5.99999999999999
6.09999999999999
6.19999999999999
6.29999999999999
6.39999999999999
Temperature Data
0
0
0
0
0
0
0
0
0
0
0
0
0
0
0
0
0
0
0
0
0
0
0
0
0
0
0
0
0
0
0
0
0
0
0
0
0
0
0
0
0
0
0
0
0
0
0
0
0
0
0
0
0
0
0
0
0
0
0
0
0
0
0
0
0
Angle Data
0
0
0
0
0
0
0
0
0
0
0
0
0
0
0
0
0
0
0
0
0
0
0
0
0
0
0
0
0
0
0
0
0
0
0
0
0
0
0
0
0
0
0
0
0
0
0
0
0
0
0
0
0
0
0
0
0
0
0
0
0
0
0
0
0
Bx Data
0
0
0
0
0
0
0
0
0
0
0
0
0
0
0
0
0
0
0
0
0
0
0
0
0
0
0
0
0
0
0
0
0
0
0
0
0
0
0
0
0
0
0
0
0
0
0
0
0
0
0
0
0
0
0
0
0
0
0
0
0
0
0
0
0
Hint Data
0
0
0
0
0
0
0
0
0
0
0
0
0
0
0
0
0
0
0
0
0
0
0
0
0
0
0
0
0
0
0
0
0
0
0
0
0
0
0
0
0
0
0
0
0
0
0
0
0
0
0
0
0
0
0
0
0
0
0
0
0
0
0
0
0
Torque Data
-3.52291283406
-3.51492021663
-3.65671954008
-3.6201269097
-3.91596273738
-4.28168031792
-4.16599437558
-4.50075115126
-4.47348311466
-5.15102384503
-4.98471912708
-5.13898930048
-4.9648872357
-5.34043733022
-5.2645037319
-5.4129564279
-5.71729172112
-5.95527389154
-6.53509484589
-6.18009572262
-6.44543613864
-6.49474150383
-6.27220434288
-6.8966037594
-7.2479458457
-7.5556438464
-7.5579682024
-7.2008112015
-7.8852806746
-8.2058975208
-8.40088002
-8.0462893797
-8.3069746434
-8.3435402307
-8.4962283102
-8.407581588
-9.1694775389
-9.5164132032
-9.6828107496
-9.3862448262
-9.4357170477
-9.9819012517
-10.1301728136
-9.8740774143
-9.7485911145
-10.6167660641
-10.3511684157
-10.4983719123
-10.6465910724
-11.2567826252
-11.1130908516
-11.5826836594
-11.7349778196
-12.3783636543
-10.9152600536
-11.0606878048
-11.5614775395
-12.038320911
-13.2099912468
-11.9920956435
-12.142851462
-12.6691833663
-12.4416651555
-13.5014630485
-13.2919559388
dMdH Data
-1.12322196493551E-05
1.30347444386578E-05
2.26213481868821E-06
-6.66435196666836E-06
-4.06939026893861E-06
-5.06891865657155E-06
8.66841543659965E-06
8.98385689354278E-06
-2.15659877535067E-06
-7.51712253104151E-06
5.87465690759378E-06
8.38312428734321E-06
-2.55557944528055E-06
-3.24819320375276E-06
-2.96498226950354E-06
1.09552677505281E-05
-7.2133792682395E-06
1.86290963695787E-06
2.51920797295519E-06
2.46861280135559E-06
6.64195483587769E-06
9.35954004545915E-08
-8.56891856276907E-06
3.83480565371027E-06
4.14688759516347E-06
-2.54027777777777E-06
5.4650664380626E-06
-7.46767895878524E-06
6.74876847290636E-06
-6.41211225997048E-06
-2.38183503243745E-06
1.39324324324324E-05
3.43092691622102E-06
-3.43858093126387E-06
-6.31921397379911E-06
6.94082293111423E-06
-5.4291461779168E-06
-3.36434443963656E-06
9.08476104598736E-07
5.39307228915665E-06
9.68038277511956E-06
-7.49500237981913E-06
-5.54489706526503E-06
1.01508620689658E-06
5.01003490401394E-06
-5.54108463434679E-06
3.13569457221712E-06
9.46916400182736E-06
1.35246478873239E-05
-1.1120615911035E-06
-5.96491228070172E-07
1.27154772937906E-06
-1.13272010512483E-06
-4.77664750110571E-06
-5.80008787346222E-06
1.9730042421905E-06
-5.94648829431436E-06
3.87963843958134E-06
1.25372498935719E-06
2.28721082496729E-06
-2.17825242718446E-06
5.49389623601216E-06
-4.08340767172167E-06
5.73486522315515E-06
5.73486522315515E-06
dMdT Data
0
0
0
0
0
0
0
0
0
0
0
0
0
0
0
0
0
0
0
0
0
0
0
0
0
0
0
0
0
0
0
0
0
0
0
0
0
0
0
0
0
0
0
0
0
0
0
0
0
0
0
0
0
0
0
0
0
0
0
0
0
0
0
0
0
 
*********************************************** Results ***************************************
 
TotalArea 0
AreaFirstQuad 0
AreaSecondQuad 0
AreaThirdQuad 0
AreaFourthQuad 0
Coercivity 0
PositiveCoercivity 0
NegativeCoercivity 0
Retentivity 9.53536384551776E-03
PositiveRetentivity 9.53536384551776E-03
NegativeRetentivity 0
Magnetization 0.00487125
PositiveMagnetization 0.00487125
NegativeMagnetization 0.00358173
Flatness 0.499392988318549
Squareness 1.95747782304701
SStar 0
SFD1 0
SFD2 0
Slope 0
Intercept 0
SlopeAtHc 5.73486522315515E-06
dH1 -424.464804962449
dH2 50.542
InitialSlope -1.12322196493551E-05
FieldAtHalfMs 1935.78
FieldAtMs 1595.08
MomentMean 0.004279824
MomentRMS 3.30409267049972E-04
SFD3 0
dH3 -848.929609924897
UserField1 0
UserField2 0
CenterField 0
ExchangeField 0
ExchangeMoment 0
ExRegionOneIntercept 0
ExRegionOneSlope 0
ExRegionTwoIntercept 0
ExRegionTwoSlope 0
NegativeIntercept 0
NegativeSlope 0
AutoCenterOffset 0
PinningField 0
PinningMoment 0
PinRegionOneIntercept 0
PinRegionOneSlope 0
PinRegionTwoIntercept 0
PinRegionTwoSlope 0
PositiveIntercept 0
PositiveSlope 0
TotalOffset 0
BHMax 0
BCoercivity 0
BRetentivity 0
BNegativeCoercivity 0
BPositiveCoercivity 0
BNegativeRetentivity 0
BPositiveRetentivity 0
MomentYMean -6.87672630769231E-03
MomentYRMS 2.50834526914466E-04
YOffCorrection 0
Mrt 0
Ms1 0
Ms2 0
Ms3 0
Hc2 0
Hex2 0
HsatValue 0
HsatIntercept 0
HsatSlope 0
CenterH 0
Span .00128952
SpanAsPercentOfRange -24.3305660377358
RMSAsPercentOfRange -6.23413711415042
SpanAsPercentOfMean 30.1302109619461
RMSAsPercentOfMean 7.72016015261311
