Version 1.25
******************************************** Units *******************************************
System CGS
TemperatureUnit K
MomentUnit emu
AppliedFieldUnit G
 
******************************************** Setup ********************************************
 
Experiment CustomField
Minor False
Acquisition Continuous
EditedPoint No
MaxField 15000
FieldIncrement 100
Points 147
MinField 0
RampRate 10
AverageTime 0.1
TimeInterval 0
TimeConstant 0.1
TimeConstantIndex 0
Sensitivity -0.0053
SensitivityIndex 5
SensitivityY -400
SensitivityIndexY 0
SaturationField 8000
ExperimentTime 100
Use735Domains True
AutoRangeEnabled False
NumberOfVertices 2
VertexPts
0
146
VertexField
-1375.6281
1987.0184
StartAngle 0
EndAngle 0
AngleIncrement 0
StartTemp 0
FinishTemp 0
TempIncrement 0
TempPoints 0
LengthofSetPointsArray 147
SetPointArray
-1375.62814
-1352.59631
-1329.56449
-1306.53266
-1283.50084
-1260.46901
-1237.43719
-1214.40536
-1191.37353
-1168.34171
-1145.30988
-1122.27806
-1099.24623
-1076.21441
-1053.18258
-1030.15075
-1007.11893
-984.0871
-961.05528
-938.02345
-914.99162
-891.9598
-868.92797
-845.89615
-822.86432
-799.8325
-776.80067
-753.76884
-730.73702
-707.70519
-684.67337
-661.64154
-638.60972
-615.57789
-592.54606
-569.51424
-546.48241
-523.45059
-500.41876
-477.38693
-454.35511
-431.32328
-408.29146
-385.25963
-362.22781
-339.19598
-316.16415
-293.13233
-270.1005
-247.06868
-224.03685
-201.00503
-177.9732
-154.94137
-131.90955
-108.87772
-85.8459
-62.81407
-39.78224
-16.75042
6.28141
29.31323
52.34506
75.37688
98.40871
121.44054
144.47236
167.50419
190.53601
213.56784
236.59966
259.63149
282.66332
305.69514
328.72697
351.75879
374.79062
397.82245
420.85427
443.8861
466.91792
489.94975
512.98157
536.0134
559.04523
582.07705
605.10888
628.1407
651.17253
674.20436
697.23618
720.26801
743.29983
766.33166
789.36348
812.39531
835.42714
858.45896
881.49079
904.52261
927.55444
950.58626
973.61809
996.64992
1019.68174
1042.71357
1065.74539
1088.77722
1111.80905
1134.84087
1157.8727
1180.90452
1203.93635
1226.96817
1250
1273.03183
1296.06365
1319.09548
1342.1273
1365.15913
1388.19095
1411.22278
1434.25461
1457.28643
1480.31826
1503.35008
1526.38191
1549.41374
1572.44556
1595.47739
1618.50921
1641.54104
1664.57286
1687.60469
1710.63652
1733.66834
1756.70017
1779.73199
1802.76382
1825.79564
1848.82747
1871.8593
1894.89112
1917.92295
1940.95477
1963.9866
1987.01843
FieldDomainFile C:\IDEASVSM\Default UserID\Experiments\FORCexp0115B\fdomain.ini
TempDomainFile C:\IDEASVSM\Default UserID\Experiments\FORCexp0115B\tdomain.ini
NumSelectedResults 0
ResultsSelected 
UserName1 
UserValue1 
UserName2 
UserValue2 
LinearBackgroundCorrection Off
MaxLinearFieldCorrection 
MinLinearFieldCorrection 
AutoLinearCorrection Off
FitOneRegion Off
BackgroundMode Off
BackgroundFilename 
AutoCenter Off
OffsetCorrection 
SmoothDeriv Off
DerivOrder 0
DerivPoints 0
MinExFieldOne 
MaxExFieldOne 
MinExFieldTwo 
MaxExFieldTwo 
MinPinFieldOne 
MaxPinFieldOne 
MinPinFieldTwo 
MaxPinFieldTwo 
HCenterStart 
Mass 
Volume 
Density 
MolarWeight 
NumberOfMoles 
Demagnetization 
SampleArea 
Thickness 
MomentScaling 0
XAxis 0
YAxis 0
SimpleSpinValve False
HsatMax 0
HsatMin 0
FieldAutoRange False
 
*************************************************** Experiment Data ********************************************
 
DataPoints 147
MomentX Data
-0.00400795
-0.00403158
-0.00406594
-0.0042632
-0.00412255
-0.00414826
-0.00418179
-0.00414188
-0.00399607
-0.0038032
-0.00400418
-0.00419046
-0.00402382
-0.00412525
-0.0037459
-0.00347041
-0.00347794
-0.00342864
-0.00353659
-0.00385709
-0.00410873
-0.00371215
-0.00359412
-0.0036377
-0.00371337
-0.00382683
-0.00378669
-0.00369627
-0.00358048
-0.00338881
-0.00340695
-0.00367394
-0.00360608
-0.00337086
-0.00321643
-0.00328452
-0.00344695
-0.00352323
-0.00352441
-0.00322907
-0.00319688
-0.00305259
-0.00313772
-0.0032051
-0.00331102
-0.00310211
-0.0029622
-0.00308421
-0.00289895
-0.00275216
-0.00284699
-0.00283721
-0.00320591
-0.00300542
-0.00282929
-0.00285936
-0.00295508
-0.00298169
-0.00299849
-0.00269304
-0.00245813
-0.00262138
-0.00262245
-0.00262299
-0.00260508
-0.00241222
-0.00238019
-0.00262267
-0.00241233
-0.00244333
-0.00257153
-0.00246134
-0.00231969
-0.00229076
-0.00253056
-0.00242749
-0.00226089
-0.00186333
-0.00184779
-0.00194307
-0.00170177
-0.00170751
-0.00175263
-0.00184722
-0.00179402
-0.00156214
-0.00131003
-0.00128634
-0.0010832
-0.00093336
-0.000896184
-0.000636307
-0.000509866
-0.000279616
-0.000169927
-0.000209593
-0.000117668
0.000239199
0.000564027
0.000804589
0.00115875
0.00129442
0.00153072
0.00143856
0.00184962
0.00232096
0.00257182
0.0026868
0.00279884
0.00302272
0.00322288
0.00336933
0.00339546
0.00375523
0.00367339
0.00368002
0.00370713
0.00399251
0.00396129
0.00416229
0.00407062
0.00437863
0.00423589
0.00425009
0.00441641
0.00437066
0.00436088
0.00410221
0.00432714
0.00447187
0.00441226
0.00448192
0.00437258
0.00439571
0.00431423
0.00438963
0.00463539
0.00470707
0.00470632
0.00463554
0.00486906
0.00487424
0.00478365
0.004766
0.00478383
0.00458155
0.0045051
MomentY Data
-0.00629425
-0.00629425
-0.00629425
-0.00610352
-0.00581741
-0.00629425
-0.00581741
-0.00600815
-0.00600815
-0.00638962
-0.00553131
-0.00610352
-0.00567436
-0.00567436
-0.00600815
-0.00567436
-0.00610352
-0.00567436
-0.00600815
-0.00567436
-0.00629425
-0.00629425
-0.00610352
-0.00610352
-0.00677109
-0.00553131
-0.00600815
-0.00658035
-0.00567436
-0.00600815
-0.00600815
-0.00638962
-0.00567436
-0.00567436
-0.00567436
-0.00610352
-0.00629425
-0.00629425
-0.00610352
-0.00600815
-0.00629425
-0.00638962
-0.00638962
-0.00629425
-0.00658035
-0.00658035
-0.00638962
-0.00629425
-0.00638962
-0.00638962
-0.00610352
-0.00610352
-0.00629425
-0.00638962
-0.00600815
-0.00629425
-0.00600815
-0.00600815
-0.00629425
-0.00600815
-0.00629425
-0.00629425
-0.00629425
-0.00638962
-0.00705719
-0.00610352
-0.00658035
-0.00629425
-0.00658035
-0.00629425
-0.00638962
-0.00581741
-0.00629425
-0.00720024
-0.00677109
-0.00658035
-0.00658035
-0.00677109
-0.00629425
-0.00686646
-0.00610352
-0.00600815
-0.00677109
-0.00638962
-0.00720024
-0.00638962
-0.00658035
-0.00658035
-0.00658035
-0.00658035
-0.00658035
-0.00600815
-0.00638962
-0.00658035
-0.00677109
-0.00658035
-0.00629425
-0.00629425
-0.00610352
-0.00658035
-0.00686646
-0.00734329
-0.00677109
-0.00677109
-0.00638962
-0.00677109
-0.00638962
-0.00705719
-0.00638962
-0.00629425
-0.00705719
-0.00677109
-0.00658035
-0.00658035
-0.00677109
-0.00734329
-0.00720024
-0.00720024
-0.00720024
-0.00767708
-0.00658035
-0.00629425
-0.00677109
-0.00720024
-0.00686646
-0.00705719
-0.00705719
-0.00638962
-0.00734329
-0.00677109
-0.00638962
-0.00686646
-0.00734329
-0.00720024
-0.00677109
-0.00705719
-0.00734329
-0.00705719
-0.00720024
-0.00753403
-0.00705719
-0.00782013
-0.00686646
-0.00705719
-0.00734329
-0.00705719
-0.00677109
Field Data
-1375.52
-1374.62
-1362.9
-1347.8
-1328.08
-1307.06
-1281.89
-1264.34
-1241.05
-1217.18
-1194.18
-1166.35
-1145.04
-1122.59
-1100.15
-1076.7
-1053.72
-1031.81
-1008.52
-985.096
-962.071
-935.542
-914.577
-893.117
-869.782
-846.448
-820.331
-799.315
-776.99
-754.706
-731.475
-708.977
-687.643
-664.125
-640.556
-617.326
-590.883
-569.992
-547.772
-525.356
-501.787
-479.465
-457.535
-434.482
-410.998
-388.491
-361.729
-339.999
-318.176
-295.611
-273.221
-250.156
-228.171
-204.709
-181.538
-158.385
-132.169
-111.301
-89.0881
-66.5158
-43.8617
-20.8925
0.94829
26.9364
49.7118
71.8334
94.3768
115.587
138.846
161.704
185.736
208.725
233.412
254.823
277.002
300.407
323.571
345.978
367.809
390.811
417.86
438.682
460.204
481.742
504.905
528.262
551.624
577.878
598.379
620.593
642.771
666.205
689.331
711.015
734.13
757.455
780.725
806.794
826.813
849.142
872.428
895.472
921.171
939.163
962.891
986.259
1009.6
1035.69
1055.79
1077.78
1101.84
1124.58
1150.38
1171.72
1193.87
1216.48
1239.18
1261.48
1282.48
1306.43
1329.98
1352.43
1379.73
1401.15
1422.28
1445.02
1467.74
1490.72
1512.37
1534.83
1557.62
1581.33
1608.51
1629.67
1650.97
1673.23
1696.07
1718.66
1740.61
1763.1
1789.58
1811.94
1834.6
1856.38
1878.51
1901.59
1924.55
Time Data
0
0.1
0.2
0.3
0.4
0.5
0.6
0.7
0.8
0.9
1
1.1
1.2
1.3
1.4
1.5
1.6
1.7
1.8
1.9
2
2.1
2.2
2.3
2.4
2.5
2.6
2.7
2.8
2.9
3
3.1
3.2
3.3
3.4
3.5
3.6
3.7
3.8
3.9
4
4.1
4.2
4.3
4.4
4.5
4.6
4.7
4.8
4.9
5
5.1
5.2
5.3
5.4
5.5
5.6
5.7
5.8
5.9
5.99999999999999
6.09999999999999
6.19999999999999
6.29999999999999
6.39999999999999
6.49999999999999
6.59999999999999
6.69999999999999
6.79999999999999
6.89999999999999
6.99999999999999
7.09999999999999
7.19999999999999
7.29999999999999
7.39999999999999
7.49999999999999
7.59999999999999
7.69999999999999
7.79999999999999
7.89999999999999
7.99999999999999
8.09999999999999
8.19999999999999
8.29999999999999
8.39999999999999
8.49999999999999
8.59999999999999
8.69999999999999
8.79999999999998
8.89999999999998
8.99999999999998
9.09999999999998
9.19999999999998
9.29999999999998
9.39999999999998
9.49999999999998
9.59999999999998
9.69999999999998
9.79999999999998
9.89999999999998
9.99999999999998
10.1
10.2
10.3
10.4
10.5
10.6
10.7
10.8
10.9
11
11.1
11.2
11.3
11.4
11.5
11.6
11.7
11.8
11.9
12
12.1
12.2
12.3
12.4
12.5
12.6
12.7
12.8
12.9
13
13.1
13.2
13.3
13.4
13.5
13.6
13.7
13.8
13.9
14
14.1
14.2
14.3
14.4
14.5
14.6
Temperature Data
0
0
0
0
0
0
0
0
0
0
0
0
0
0
0
0
0
0
0
0
0
0
0
0
0
0
0
0
0
0
0
0
0
0
0
0
0
0
0
0
0
0
0
0
0
0
0
0
0
0
0
0
0
0
0
0
0
0
0
0
0
0
0
0
0
0
0
0
0
0
0
0
0
0
0
0
0
0
0
0
0
0
0
0
0
0
0
0
0
0
0
0
0
0
0
0
0
0
0
0
0
0
0
0
0
0
0
0
0
0
0
0
0
0
0
0
0
0
0
0
0
0
0
0
0
0
0
0
0
0
0
0
0
0
0
0
0
0
0
0
0
0
0
0
0
0
0
Angle Data
0
0
0
0
0
0
0
0
0
0
0
0
0
0
0
0
0
0
0
0
0
0
0
0
0
0
0
0
0
0
0
0
0
0
0
0
0
0
0
0
0
0
0
0
0
0
0
0
0
0
0
0
0
0
0
0
0
0
0
0
0
0
0
0
0
0
0
0
0
0
0
0
0
0
0
0
0
0
0
0
0
0
0
0
0
0
0
0
0
0
0
0
0
0
0
0
0
0
0
0
0
0
0
0
0
0
0
0
0
0
0
0
0
0
0
0
0
0
0
0
0
0
0
0
0
0
0
0
0
0
0
0
0
0
0
0
0
0
0
0
0
0
0
0
0
0
0
Bx Data
0
0
0
0
0
0
0
0
0
0
0
0
0
0
0
0
0
0
0
0
0
0
0
0
0
0
0
0
0
0
0
0
0
0
0
0
0
0
0
0
0
0
0
0
0
0
0
0
0
0
0
0
0
0
0
0
0
0
0
0
0
0
0
0
0
0
0
0
0
0
0
0
0
0
0
0
0
0
0
0
0
0
0
0
0
0
0
0
0
0
0
0
0
0
0
0
0
0
0
0
0
0
0
0
0
0
0
0
0
0
0
0
0
0
0
0
0
0
0
0
0
0
0
0
0
0
0
0
0
0
0
0
0
0
0
0
0
0
0
0
0
0
0
0
0
0
0
Hint Data
0
0
0
0
0
0
0
0
0
0
0
0
0
0
0
0
0
0
0
0
0
0
0
0
0
0
0
0
0
0
0
0
0
0
0
0
0
0
0
0
0
0
0
0
0
0
0
0
0
0
0
0
0
0
0
0
0
0
0
0
0
0
0
0
0
0
0
0
0
0
0
0
0
0
0
0
0
0
0
0
0
0
0
0
0
0
0
0
0
0
0
0
0
0
0
0
0
0
0
0
0
0
0
0
0
0
0
0
0
0
0
0
0
0
0
0
0
0
0
0
0
0
0
0
0
0
0
0
0
0
0
0
0
0
0
0
0
0
0
0
0
0
0
0
0
0
0
Torque Data
8.65786676
8.652201935
8.578433325
8.226324256
7.7259858728
8.226962405
7.4572797049
7.596344371
7.4564145575
7.7773176716
6.6053797758
7.118840552
6.4973691744
6.3699797924
6.6098662225
6.109583412
6.4314010944
5.8548613916
6.059339438
5.58978933856
6.05551539175
5.8885352335
5.58213901104
5.45115747184
5.88937220238
4.68196628688
4.92867169765
5.25977246025
4.4089209764
4.5343868539
4.39481152125
4.53009361874
3.90193393348
3.768484335
3.63474534416
3.76786158752
3.71916532275
3.587672146
3.34333735744
3.1564176514
3.15837282475
3.0635991533
2.9234747867
2.7347383285
2.7045106893
2.55640675185
2.31131085298
2.14003870575
2.03302373312
1.88884195782
1.66760983792
1.52683214912
1.43616531675
1.30801272058
1.0907075347
0.99691478625
0.79409117735
0.66871310315
0.560742773425
0.39963690377
0.276076505225
0.131502618125
-0.0059687743325
-0.172113360168
-0.350825617842
-0.438436593568
-0.62103237588
-0.72753347475
-0.9136552761
-1.017805402
-1.18678246032
-1.21423890225
-1.469153481
-1.83478675752
-1.87560547218
-1.97678320245
-2.12921042985
-2.34264817602
-2.31508179825
-2.68348809906
-2.5504168672
-2.6356672583
-3.11608270236
-3.07814831804
-3.6354371772
-3.37539344044
-3.6298789884
-3.8026394973
-3.93754325265
-4.08371914755
-4.22965814985
-4.00265957075
-4.40456314422
-4.67872755525
-4.9708603017
-4.98431900925
-4.91407833125
-5.0781631345
-5.04646968176
-5.5876515597
-5.99049196488
-6.57571058288
-6.23733174639
-6.35915719767
-6.15250759142
-6.67804845231
-6.450960352
-7.3090611111
-6.7460968998
-6.783816765
-7.7758942296
-7.6146323922
-7.569903033
-7.710327702
-8.0838012183
-8.9329654192
-8.9223934032
-9.0829587552
-9.2341637952
-10.0295676244
-8.751733893
-8.5125325275
-9.3422760057
-10.088616276
-9.7660287288
-10.1977806938
-10.3581200506
-9.5251343264
-11.1057714973
-10.3924720647
-9.9525999044
-10.8581391918
-11.8117553979
-11.7340151208
-11.1788664573
-11.8083020237
-12.4547338703
-12.1289101654
-12.5328097464
-13.283248293
-12.6294060802
-14.1696063522
-12.597207516
-13.1008263722
-13.7944436979
-13.4198819321
-13.0313012595
dMdH Data
-2.62555555555531E-05
-2.9317406143345E-06
-1.30635761589403E-05
7.13235294117646E-06
-1.22312083729781E-06
-1.33214143822013E-06
2.27407407407409E-06
6.26062687848862E-06
8.08001675743615E-06
-8.73826086956523E-06
-6.69349622709301E-06
7.81980290943221E-06
-4.51804008908683E-06
1.69050802139039E-05
1.1747974413646E-05
-3.27676240208875E-07
2.25011410314924E-06
-4.63503649635037E-06
-1.36825478142077E-05
-1.0928990228013E-05
1.49489238192167E-05
5.62985928929166E-06
-2.03075489282384E-06
-3.24276837368762E-06
-4.86243250192849E-06
1.53692996898571E-06
4.30243623905596E-06
5.18656215005599E-06
8.60123855681207E-06
-7.80853170332756E-07
-1.1867277091297E-05
3.18083809880943E-06
1.00017008249001E-05
6.55225083796512E-06
-2.93112354713731E-06
-6.14264644707484E-06
-3.65133310995165E-06
-5.31053105310502E-08
1.31754104211277E-05
1.3657770800628E-06
6.46402652092107E-06
-3.88189694482446E-06
-2.92283000043377E-06
-4.51030488843468E-06
9.28200115519616E-06
5.22793513190345E-06
-5.61481822365395E-06
8.48920863309351E-06
6.50520717925991E-06
-4.2353729343457E-06
4.24019076522872E-07
-1.67705253581988E-05
8.54530730543007E-06
7.6013119848086E-06
-1.29875178162657E-06
-3.65120537076595E-06
-1.27515813686026E-06
-7.56317275096902E-07
1.35320724959353E-05
1.03694254020243E-05
-7.10734374727895E-06
-4.89909018858819E-08
-2.07787330436815E-08
7.86374772781154E-07
8.71817590047736E-06
1.42081496136342E-06
-1.1432235433895E-05
9.04338105679523E-06
-1.35619914253216E-06
-5.33455392809587E-06
4.79316194701814E-06
5.73783772835904E-06
1.35117462986315E-06
-1.08120293971775E-05
4.40375988036744E-06
7.1921947850112E-06
1.77426697014326E-05
7.11831798818198E-07
-4.14224850013044E-06
8.92084735110354E-06
-2.75669964460664E-07
-2.09645943685531E-06
-4.39177268084315E-06
2.29676639468118E-06
9.9276448173995E-06
1.07914562109408E-05
9.02338691247049E-07
9.90878493732014E-06
6.74529575943101E-06
1.6762557489404E-06
1.10897414013826E-05
5.4674824872438E-06
1.06184283342557E-05
4.74536015574302E-06
-1.70057877813504E-06
3.95036527718092E-06
1.36893244850205E-05
1.62259853139517E-05
1.07735232209234E-05
1.52091814824358E-05
5.88743273737198E-06
9.19491030779405E-06
-5.12227656736328E-06
1.73238368172623E-05
2.0170318384115E-05
1.07476114990789E-05
4.40705251054044E-06
5.57412935323385E-06
1.0180991359709E-05
8.31920199501249E-06
6.44019349164467E-06
1.01279069767441E-06
1.68589503280226E-05
-3.69480812641086E-06
2.93233082706769E-07
1.1942731277533E-06
1.27973094170404E-05
-1.48666666666668E-06
8.39248434237993E-06
-3.89256900212316E-06
1.37198218262806E-05
-5.22857142857143E-06
6.62931839402416E-07
7.87127307146243E-06
-2.01187335092347E-06
-4.30457746478874E-07
-1.12563098346388E-05
1.03893764434181E-05
6.44390026714158E-06
-2.61562088635366E-06
2.93800084352594E-06
-4.02281089036056E-06
1.0931001890359E-06
-3.82535211267607E-06
3.38724168912851E-06
1.07600700525394E-05
3.17308543603363E-06
-3.41685649202683E-08
-3.14717652289908E-06
8.81873111782477E-06
2.31663685152077E-07
-3.99779346866727E-06
-8.10376492194673E-07
8.05693628558519E-07
-8.76429809358755E-06
-3.32970383275263E-06
-3.32970383275263E-06
dMdT Data
0
0
0
0
0
0
0
0
0
0
0
0
0
0
0
0
0
0
0
0
0
0
0
0
0
0
0
0
0
0
0
0
0
0
0
0
0
0
0
0
0
0
0
0
0
0
0
0
0
0
0
0
0
0
0
0
0
0
0
0
0
0
0
0
0
0
0
0
0
0
0
0
0
0
0
0
0
0
0
0
0
0
0
0
0
0
0
0
0
0
0
0
0
0
0
0
0
0
0
0
0
0
0
0
0
0
0
0
0
0
0
0
0
0
0
0
0
0
0
0
0
0
0
0
0
0
0
0
0
0
0
0
0
0
0
0
0
0
0
0
0
0
0
0
0
0
0
 
*********************************************** Results ***************************************
 
TotalArea 0
AreaFirstQuad 0
AreaSecondQuad 0
AreaThirdQuad 0
AreaFourthQuad 0
Coercivity 0
PositiveCoercivity 0
NegativeCoercivity 0
Retentivity 1.87502941176784E-02
PositiveRetentivity -4.01229917777744E-02
NegativeRetentivity -2.62240354241765E-03
Magnetization 0.00456872
PositiveMagnetization 0.00487424
NegativeMagnetization -0.0042632
Flatness 1.13985932839022
Squareness 4.10405849289919
SStar 0
SFD1 0
SFD2 0
Slope 0
Intercept 0
SlopeAtHc -3.32970383275263E-06
dH1 -357.072888402711
dH2 194.3
InitialSlope -2.62555555555531E-05
FieldAtHalfMs 997.066982779239
FieldAtMs 1811.94
MomentMean -6.46131129251701E-04
MomentRMS 3.26336759352975E-03
SFD3 0
dH3 -714.145776805422
UserField1 0
UserField2 0
CenterField 0
ExchangeField 0
ExchangeMoment 0
ExRegionOneIntercept 0
ExRegionOneSlope 0
ExRegionTwoIntercept 0
ExRegionTwoSlope 0
NegativeIntercept 0
NegativeSlope 0
AutoCenterOffset 0
PinningField 0
PinningMoment 0
PinRegionOneIntercept 0
PinRegionOneSlope 0
PinRegionTwoIntercept 0
PinRegionTwoSlope 0
PositiveIntercept 0
PositiveSlope 0
TotalOffset 0
BHMax 0
BCoercivity 0
BRetentivity 0
BNegativeCoercivity 0
BPositiveCoercivity 0
BNegativeRetentivity 0
BPositiveRetentivity 0
MomentYMean -6.47720068027211E-03
MomentYRMS 4.76805748127557E-04
YOffCorrection 0
Mrt 0
Ms1 0
Ms2 0
Ms3 0
Hc2 0
Hex2 0
HsatValue 0
HsatIntercept 0
HsatSlope 0
CenterH 0
Span .00913744
SpanAsPercentOfRange -172.404528301887
RMSAsPercentOfRange -61.5729734628255
SpanAsPercentOfMean -1414.17733743649
RMSAsPercentOfMean -505.062741259523
