Version 1.25
******************************************** Units *******************************************
System CGS
TemperatureUnit K
MomentUnit emu
AppliedFieldUnit G
 
******************************************** Setup ********************************************
 
Experiment CustomField
Minor False
Acquisition Continuous
EditedPoint No
MaxField 15000
FieldIncrement 100
Points 57
MinField 0
RampRate 10
AverageTime 0.1
TimeInterval 0
TimeConstant 0.1
TimeConstantIndex 0
Sensitivity -0.0053
SensitivityIndex 5
SensitivityY -400
SensitivityIndexY 0
SaturationField 8000
ExperimentTime 100
Use735Domains True
AutoRangeEnabled False
NumberOfVertices 2
VertexPts
0
56
VertexField
605.1089
1894.8911
StartAngle 0
EndAngle 0
AngleIncrement 0
StartTemp 0
FinishTemp 0
TempIncrement 0
TempPoints 0
LengthofSetPointsArray 57
SetPointArray
605.10888
628.1407
651.17253
674.20436
697.23618
720.26801
743.29983
766.33166
789.36348
812.39531
835.42714
858.45896
881.49079
904.52261
927.55444
950.58626
973.61809
996.64992
1019.68174
1042.71357
1065.74539
1088.77722
1111.80905
1134.84087
1157.8727
1180.90452
1203.93635
1226.96817
1250
1273.03183
1296.06365
1319.09548
1342.1273
1365.15913
1388.19095
1411.22278
1434.25461
1457.28643
1480.31826
1503.35008
1526.38191
1549.41374
1572.44556
1595.47739
1618.50921
1641.54104
1664.57286
1687.60469
1710.63652
1733.66834
1756.70017
1779.73199
1802.76382
1825.79564
1848.82747
1871.8593
1894.89112
FieldDomainFile C:\IDEASVSM\Default UserID\Experiments\FORCexp0029B\fdomain.ini
TempDomainFile C:\IDEASVSM\Default UserID\Experiments\FORCexp0029B\tdomain.ini
NumSelectedResults 0
ResultsSelected 
UserName1 
UserValue1 
UserName2 
UserValue2 
LinearBackgroundCorrection Off
MaxLinearFieldCorrection 
MinLinearFieldCorrection 
AutoLinearCorrection Off
FitOneRegion Off
BackgroundMode Off
BackgroundFilename 
AutoCenter Off
OffsetCorrection 
SmoothDeriv Off
DerivOrder 0
DerivPoints 0
MinExFieldOne 
MaxExFieldOne 
MinExFieldTwo 
MaxExFieldTwo 
MinPinFieldOne 
MaxPinFieldOne 
MinPinFieldTwo 
MaxPinFieldTwo 
HCenterStart 
Mass 
Volume 
Density 
MolarWeight 
NumberOfMoles 
Demagnetization 
SampleArea 
Thickness 
MomentScaling 0
XAxis 0
YAxis 0
SimpleSpinValve False
HsatMax 0
HsatMin 0
FieldAutoRange False
 
*************************************************** Experiment Data ********************************************
 
DataPoints 57
MomentX Data
0.00386191
0.00384583
0.00378746
0.00383852
0.00385934
0.00385476
0.00387468
0.00401731
0.00410082
0.00411745
0.00402394
0.00421036
0.00405234
0.00397547
0.00420092
0.00398004
0.0038965
0.00409098
0.00414083
0.00398345
0.00397025
0.00403276
0.00427417
0.0040879
0.00411922
0.00401813
0.00400716
0.00412972
0.00419483
0.00444291
0.00454235
0.00431892
0.00424954
0.00417866
0.00427494
0.00449237
0.00453217
0.00441377
0.00458245
0.00465276
0.00448969
0.00447855
0.00442951
0.00459311
0.00465229
0.00441181
0.00431546
0.00456051
0.00469015
0.00469691
0.00462985
0.00447458
0.00467548
0.00489608
0.00483028
0.00483733
0.00477432
MomentY Data
-0.00705719
-0.00705719
-0.00638962
-0.00720024
-0.00638962
-0.00705719
-0.00658035
-0.00677109
-0.00686646
-0.00720024
-0.00720024
-0.00686646
-0.00720024
-0.00677109
-0.00638962
-0.00658035
-0.00658035
-0.00677109
-0.00720024
-0.00705719
-0.00658035
-0.00720024
-0.00720024
-0.00677109
-0.00720024
-0.00734329
-0.00677109
-0.00686646
-0.00705719
-0.00658035
-0.00658035
-0.00658035
-0.00705719
-0.00629425
-0.00734329
-0.00638962
-0.00705719
-0.00677109
-0.00753403
-0.00734329
-0.00658035
-0.00658035
-0.00686646
-0.00638962
-0.00705719
-0.00734329
-0.00677109
-0.00720024
-0.00677109
-0.00677109
-0.00720024
-0.00677109
-0.00686646
-0.00705719
-0.00686646
-0.00686646
-0.00705719
Field Data
605.104
606.54
618.288
633.674
652.945
673.816
695.331
716.701
739.729
763.232
786.627
812.428
833.96
856.247
878.525
901.085
927.021
946.751
969.271
992.155
1015.11
1037.67
1059.65
1082.06
1105.83
1129.05
1155.14
1176.49
1198.25
1220.45
1243.23
1265.64
1286.72
1309.39
1332.74
1355.89
1382.79
1402.91
1423.93
1449.6
1471.25
1493.47
1513.34
1536.32
1559.87
1582.98
1605.98
1630.32
1651.91
1674.16
1695.96
1719.14
1740.06
1762.53
1786.08
1809.45
1832.5
Time Data
0
0.1
0.2
0.3
0.4
0.5
0.6
0.7
0.8
0.9
1
1.1
1.2
1.3
1.4
1.5
1.6
1.7
1.8
1.9
2
2.1
2.2
2.3
2.4
2.5
2.6
2.7
2.8
2.9
3
3.1
3.2
3.3
3.4
3.5
3.6
3.7
3.8
3.9
4
4.1
4.2
4.3
4.4
4.5
4.6
4.7
4.8
4.9
5
5.1
5.2
5.3
5.4
5.5
5.6
Temperature Data
0
0
0
0
0
0
0
0
0
0
0
0
0
0
0
0
0
0
0
0
0
0
0
0
0
0
0
0
0
0
0
0
0
0
0
0
0
0
0
0
0
0
0
0
0
0
0
0
0
0
0
0
0
0
0
0
0
Angle Data
0
0
0
0
0
0
0
0
0
0
0
0
0
0
0
0
0
0
0
0
0
0
0
0
0
0
0
0
0
0
0
0
0
0
0
0
0
0
0
0
0
0
0
0
0
0
0
0
0
0
0
0
0
0
0
0
0
Bx Data
0
0
0
0
0
0
0
0
0
0
0
0
0
0
0
0
0
0
0
0
0
0
0
0
0
0
0
0
0
0
0
0
0
0
0
0
0
0
0
0
0
0
0
0
0
0
0
0
0
0
0
0
0
0
0
0
0
Hint Data
0
0
0
0
0
0
0
0
0
0
0
0
0
0
0
0
0
0
0
0
0
0
0
0
0
0
0
0
0
0
0
0
0
0
0
0
0
0
0
0
0
0
0
0
0
0
0
0
0
0
0
0
0
0
0
0
0
Torque Data
-4.27033389776
-4.2804680226
-3.95062537056
-4.56260488176
-4.1720704309
-4.75524753704
-4.57552134585
-4.85284697409
-5.07931958934
-5.49545357568
-5.66390319048
-5.57850436488
-6.0047121504
-5.79772549923
-5.6134409105
-5.92945467975
-6.10012263735
-6.41053622859
-6.97898382504
-7.00182634445
-6.6797790885
-7.4714730408
-7.629734316
-7.3267256454
-7.9622413992
-8.2909415745
-7.8215569026
-8.0783215254
-8.4562779175
-8.0309881575
-8.1808885305
-8.328354174
-9.0806275168
-8.2416280075
-9.7866963146
-8.6636218618
-9.7586117601
-9.4992298719
-10.7279313379
-10.644833184
-9.6813399375
-9.8275553145
-10.3912885764
-9.8165009984
-11.0082989653
-11.6242812042
-10.8742351182
-11.7386952768
-11.1852312819
-11.3358880344
-12.2113190304
-11.6404516626
-11.9480523876
-12.4385090907
-12.2640468768
-12.424516047
-12.932300675
dMdH Data
-1.11977715877443E-05
-4.96850527749405E-06
3.3186013258807E-06
1.08037984536349E-06
-2.19443246610135E-07
9.25865675110393E-07
6.67430978006549E-06
3.62645475073824E-06
7.0756924647918E-07
-3.99700790767257E-06
7.22530134490909E-06
-7.33884451049599E-06
-3.44909588549379E-06
1.01198491785618E-05
-9.79078014184397E-06
-3.22100555212833E-06
9.85707045108972E-06
2.21358792184724E-06
-6.87729417933925E-06
-5.75038118057091E-07
2.77083333333333E-06
1.09831665150136E-05
-8.31191432396256E-06
1.31762726125367E-06
-4.35357450473728E-06
-4.20467612111914E-07
5.74051522248245E-06
2.99218750000001E-06
1.11747747747747E-05
4.36523266022828E-06
-9.97010263275317E-06
-3.29127134724863E-06
-3.12659902955446E-06
4.12334047109209E-06
9.39222462203021E-06
1.47955390334575E-06
-5.88469184890654E-06
8.02473834443388E-06
2.73899493572264E-06
-7.53210161662812E-06
-5.0135013501349E-07
-2.46804227478613E-06
7.11923411662314E-06
2.51295116772824E-06
-1.04058848983123E-05
-4.18913043478262E-06
1.00677896466722E-05
6.00463177396936E-06
3.03820224719129E-07
-3.07614678899087E-06
-6.69844693701464E-06
9.60325047801156E-06
9.81753449043166E-06
-2.7940552016985E-06
3.01668806161734E-07
-2.73362255965292E-06
-2.73362255965292E-06
dMdT Data
0
0
0
0
0
0
0
0
0
0
0
0
0
0
0
0
0
0
0
0
0
0
0
0
0
0
0
0
0
0
0
0
0
0
0
0
0
0
0
0
0
0
0
0
0
0
0
0
0
0
0
0
0
0
0
0
0
 
*********************************************** Results ***************************************
 
TotalArea 0
AreaFirstQuad 0
AreaSecondQuad 0
AreaThirdQuad 0
AreaFourthQuad 0
Coercivity 0
PositiveCoercivity 0
NegativeCoercivity 0
Retentivity 1.06377263788304E-02
PositiveRetentivity 1.06377263788304E-02
NegativeRetentivity 0
Magnetization 0.00489608
PositiveMagnetization 0.00489608
NegativeMagnetization 0.00378746
Flatness 0.55118980974157
Squareness 2.17270272929168
SStar 0
SFD1 0
SFD2 0
Slope 0
Intercept 0
SlopeAtHc -2.73362255965292E-06
dH1 -474.993006218897
dH2 135.4695
InitialSlope -1.11977715877443E-05
FieldAtHalfMs 1832.5
FieldAtMs 1762.53
MomentMean 4.27480350877193E-03
MomentRMS 3.06003953840535E-04
SFD3 0
dH3 -949.986012437794
UserField1 0
UserField2 0
CenterField 0
ExchangeField 0
ExchangeMoment 0
ExRegionOneIntercept 0
ExRegionOneSlope 0
ExRegionTwoIntercept 0
ExRegionTwoSlope 0
NegativeIntercept 0
NegativeSlope 0
AutoCenterOffset 0
PinningField 0
PinningMoment 0
PinRegionOneIntercept 0
PinRegionOneSlope 0
PinRegionTwoIntercept 0
PinRegionTwoSlope 0
PositiveIntercept 0
PositiveSlope 0
TotalOffset 0
BHMax 0
BCoercivity 0
BRetentivity 0
BNegativeCoercivity 0
BPositiveCoercivity 0
BNegativeRetentivity 0
BPositiveRetentivity 0
MomentYMean -6.88987912280702E-03
MomentYRMS 3.01594463129362E-04
YOffCorrection 0
Mrt 0
Ms1 0
Ms2 0
Ms3 0
Hc2 0
Hex2 0
HsatValue 0
HsatIntercept 0
HsatSlope 0
CenterH 0
Span .00110862
SpanAsPercentOfRange -20.917358490566
RMSAsPercentOfRange -5.77365950642518
SpanAsPercentOfMean 25.933823571659
RMSAsPercentOfMean 7.15831624102985
