Version 1.25
******************************************** Units *******************************************
System CGS
TemperatureUnit K
MomentUnit emu
AppliedFieldUnit G
 
******************************************** Setup ********************************************
 
Experiment CustomField
Minor False
Acquisition Continuous
EditedPoint No
MaxField 15000
FieldIncrement 100
Points 147
MinField 0
RampRate 10
AverageTime 0.1
TimeInterval 0
TimeConstant 0.1
TimeConstantIndex 0
Sensitivity -0.0053
SensitivityIndex 5
SensitivityY -400
SensitivityIndexY 0
SaturationField 8000
ExperimentTime 100
Use735Domains True
AutoRangeEnabled False
NumberOfVertices 2
VertexPts
0
146
VertexField
-3333.3333
29.3132
StartAngle 0
EndAngle 0
AngleIncrement 0
StartTemp 0
FinishTemp 0
TempIncrement 0
TempPoints 0
LengthofSetPointsArray 147
SetPointArray
-3333.33333
-3310.30151
-3287.26968
-3264.23786
-3241.20603
-3218.1742
-3195.14238
-3172.11055
-3149.07873
-3126.0469
-3103.01508
-3079.98325
-3056.95142
-3033.9196
-3010.88777
-2987.85595
-2964.82412
-2941.79229
-2918.76047
-2895.72864
-2872.69682
-2849.66499
-2826.63317
-2803.60134
-2780.56951
-2757.53769
-2734.50586
-2711.47404
-2688.44221
-2665.41039
-2642.37856
-2619.34673
-2596.31491
-2573.28308
-2550.25126
-2527.21943
-2504.1876
-2481.15578
-2458.12395
-2435.09213
-2412.0603
-2389.02848
-2365.99665
-2342.96482
-2319.933
-2296.90117
-2273.86935
-2250.83752
-2227.8057
-2204.77387
-2181.74204
-2158.71022
-2135.67839
-2112.64657
-2089.61474
-2066.58291
-2043.55109
-2020.51926
-1997.48744
-1974.45561
-1951.42379
-1928.39196
-1905.36013
-1882.32831
-1859.29648
-1836.26466
-1813.23283
-1790.20101
-1767.16918
-1744.13735
-1721.10553
-1698.0737
-1675.04188
-1652.01005
-1628.97822
-1605.9464
-1582.91457
-1559.88275
-1536.85092
-1513.8191
-1490.78727
-1467.75544
-1444.72362
-1421.69179
-1398.65997
-1375.62814
-1352.59631
-1329.56449
-1306.53266
-1283.50084
-1260.46901
-1237.43719
-1214.40536
-1191.37353
-1168.34171
-1145.30988
-1122.27806
-1099.24623
-1076.21441
-1053.18258
-1030.15075
-1007.11893
-984.0871
-961.05528
-938.02345
-914.99162
-891.9598
-868.92797
-845.89615
-822.86432
-799.8325
-776.80067
-753.76884
-730.73702
-707.70519
-684.67337
-661.64154
-638.60972
-615.57789
-592.54606
-569.51424
-546.48241
-523.45059
-500.41876
-477.38693
-454.35511
-431.32328
-408.29146
-385.25963
-362.22781
-339.19598
-316.16415
-293.13233
-270.1005
-247.06868
-224.03685
-201.00503
-177.9732
-154.94137
-131.90955
-108.87772
-85.8459
-62.81407
-39.78224
-16.75042
6.28141
29.31323
FieldDomainFile C:\IDEASVSM\Default UserID\Experiments\FORCexp0200B\fdomain.ini
TempDomainFile C:\IDEASVSM\Default UserID\Experiments\FORCexp0200B\tdomain.ini
NumSelectedResults 0
ResultsSelected 
UserName1 
UserValue1 
UserName2 
UserValue2 
LinearBackgroundCorrection Off
MaxLinearFieldCorrection 
MinLinearFieldCorrection 
AutoLinearCorrection Off
FitOneRegion Off
BackgroundMode Off
BackgroundFilename 
AutoCenter Off
OffsetCorrection 
SmoothDeriv Off
DerivOrder 0
DerivPoints 0
MinExFieldOne 
MaxExFieldOne 
MinExFieldTwo 
MaxExFieldTwo 
MinPinFieldOne 
MaxPinFieldOne 
MinPinFieldTwo 
MaxPinFieldTwo 
HCenterStart 
Mass 
Volume 
Density 
MolarWeight 
NumberOfMoles 
Demagnetization 
SampleArea 
Thickness 
MomentScaling 0
XAxis 0
YAxis 0
SimpleSpinValve False
HsatMax 0
HsatMin 0
FieldAutoRange False
 
*************************************************** Experiment Data ********************************************
 
DataPoints 147
MomentX Data
-0.00503612
-0.00493352
-0.00497627
-0.00499824
-0.00483626
-0.00484185
-0.00477041
-0.00495738
-0.00482746
-0.00481416
-0.0048753
-0.00497297
-0.00498623
-0.00505391
-0.00516899
-0.00508979
-0.00495011
-0.00479192
-0.00480903
-0.00492357
-0.00504381
-0.00503925
-0.00481293
-0.00493705
-0.00511531
-0.00504043
-0.00487052
-0.00496444
-0.0051155
-0.00534214
-0.00502132
-0.00514953
-0.00504875
-0.00496084
-0.00504727
-0.00504536
-0.0050023
-0.00488795
-0.00497837
-0.00519583
-0.00523983
-0.00507291
-0.00500919
-0.0048082
-0.00472767
-0.00478395
-0.00502003
-0.00509597
-0.00490608
-0.00473276
-0.00461932
-0.00468706
-0.00467289
-0.00475858
-0.00464438
-0.00456127
-0.00462884
-0.00464009
-0.00455707
-0.00481733
-0.00457721
-0.00462699
-0.00459763
-0.00449888
-0.00465862
-0.00481059
-0.00479558
-0.00448116
-0.00434551
-0.00461712
-0.00464146
-0.00485355
-0.00457202
-0.00462688
-0.00443819
-0.00431238
-0.00446934
-0.00441321
-0.00452098
-0.00445305
-0.00424965
-0.0042065
-0.00454332
-0.00448122
-0.00459139
-0.00470421
-0.00446336
-0.0045015
-0.00456106
-0.00436816
-0.00450906
-0.00451888
-0.00421222
-0.00453674
-0.00433439
-0.00431579
-0.00455067
-0.00425672
-0.00447247
-0.00440015
-0.00413867
-0.00402894
-0.00415801
-0.00413167
-0.00432453
-0.00431369
-0.00403217
-0.00382256
-0.00404283
-0.00421237
-0.00395581
-0.00402597
-0.00396695
-0.00401525
-0.00408078
-0.00407524
-0.00382333
-0.00390254
-0.00377279
-0.0037675
-0.00378547
-0.00393529
-0.00388438
-0.00359954
-0.00365388
-0.0034815
-0.00376781
-0.00392598
-0.00362955
-0.00361647
-0.00355858
-0.00355719
-0.00376659
-0.00368294
-0.00375435
-0.00371764
-0.00375302
-0.00382312
-0.00391114
-0.00374846
-0.00348752
-0.00348475
-0.00330242
-0.00314677
-0.00302755
-0.00342277
-0.00328094
MomentY Data
-0.00600815
-0.00553131
-0.00610352
-0.00581741
-0.00629425
-0.00600815
-0.00581741
-0.00610352
-0.00610352
-0.00567436
-0.00567436
-0.00519753
-0.00600815
-0.00581741
-0.00581741
-0.00600815
-0.00629425
-0.00567436
-0.00610352
-0.00610352
-0.00600815
-0.00629425
-0.00534058
-0.00686646
-0.00629425
-0.00658035
-0.00658035
-0.00567436
-0.00638962
-0.00610352
-0.00629425
-0.00519753
-0.00581741
-0.00638962
-0.00610352
-0.00581741
-0.00581741
-0.00600815
-0.00658035
-0.00610352
-0.00581741
-0.00610352
-0.00581741
-0.00677109
-0.00610352
-0.00567436
-0.00567436
-0.00629425
-0.00567436
-0.00610352
-0.00610352
-0.00567436
-0.00629425
-0.00581741
-0.00567436
-0.00567436
-0.00638962
-0.00519753
-0.00600815
-0.00553131
-0.00600815
-0.00638962
-0.00629425
-0.00638962
-0.00610352
-0.00629425
-0.00629425
-0.00638962
-0.00629425
-0.00567436
-0.00553131
-0.00581741
-0.00581741
-0.00567436
-0.00600815
-0.00610352
-0.00600815
-0.00600815
-0.00581741
-0.00610352
-0.00629425
-0.00600815
-0.00638962
-0.00600815
-0.00610352
-0.00638962
-0.00610352
-0.00629425
-0.00581741
-0.00629425
-0.00581741
-0.00658035
-0.00610352
-0.00638962
-0.00629425
-0.00567436
-0.00638962
-0.00600815
-0.00629425
-0.00600815
-0.00629425
-0.00581741
-0.00677109
-0.00567436
-0.00677109
-0.00600815
-0.00610352
-0.00638962
-0.00600815
-0.00677109
-0.00581741
-0.00658035
-0.00610352
-0.00629425
-0.00638962
-0.00629425
-0.00629425
-0.00638962
-0.00600815
-0.00610352
-0.00629425
-0.00581741
-0.00610352
-0.00629425
-0.00638962
-0.00610352
-0.00658035
-0.00629425
-0.00677109
-0.00629425
-0.00629425
-0.00610352
-0.00610352
-0.00600815
-0.00581741
-0.00610352
-0.00629425
-0.00638962
-0.00638962
-0.00638962
-0.00567436
-0.00610352
-0.00567436
-0.00638962
-0.00600815
-0.00610352
-0.00638962
Field Data
-3333.41
-3327.2
-3312.95
-3295.5
-3276.02
-3254.79
-3233.73
-3211.18
-3188.65
-3165.31
-3136.28
-3115.35
-3093.36
-3070.34
-3047.28
-3024.21
-3002.51
-2979.81
-2956.26
-2933.27
-2905.35
-2884.47
-2864.07
-2840.58
-2817.21
-2789.88
-2770.23
-2748.49
-2725.67
-2702.8
-2679.59
-2658.13
-2634.58
-2610.77
-2587.67
-2564.34
-2539.86
-2517.34
-2495.39
-2472.64
-2449.11
-2423.1
-2401.96
-2378.86
-2360.04
-2336.35
-2309.56
-2288.05
-2265.73
-2242.95
-2219.97
-2192.94
-2173.28
-2151.09
-2128.31
-2105.28
-2082.59
-2060.85
-2038.14
-2014.42
-1991.91
-1964.36
-1943.18
-1921.47
-1899.3
-1876.27
-1853.2
-1832.02
-1808.82
-1786.14
-1762.68
-1738.66
-1713.7
-1691.74
-1669.34
-1646.53
-1624.05
-1599.56
-1577.35
-1558.84
-1534.4
-1510.17
-1483.53
-1462.7
-1440.72
-1417.56
-1395.12
-1369.05
-1348.53
-1325.81
-1302.65
-1280.07
-1257.84
-1236.03
-1212.76
-1189.44
-1166.42
-1140.78
-1119.03
-1096.66
-1074.01
-1051.5
-1028.72
-1006.74
-984.118
-960.731
-937.644
-910.384
-889.645
-868.165
-846.077
-822.732
-799.892
-777.752
-755.18
-731.784
-709.276
-685.583
-660.19
-638.496
-616.976
-593.592
-570.589
-549.317
-526.386
-502.817
-480.247
-456.361
-431.775
-411.049
-387.606
-364.366
-341.739
-316.868
-294.931
-272.964
-249.826
-227.573
-206.47
-182.784
-159.261
-136.126
-112.886
-86.977
-66.9277
-45.4371
-22.6301
Time Data
0
0.1
0.2
0.3
0.4
0.5
0.6
0.7
0.8
0.9
1
1.1
1.2
1.3
1.4
1.5
1.6
1.7
1.8
1.9
2
2.1
2.2
2.3
2.4
2.5
2.6
2.7
2.8
2.9
3
3.1
3.2
3.3
3.4
3.5
3.6
3.7
3.8
3.9
4
4.1
4.2
4.3
4.4
4.5
4.6
4.7
4.8
4.9
5
5.1
5.2
5.3
5.4
5.5
5.6
5.7
5.8
5.9
5.99999999999999
6.09999999999999
6.19999999999999
6.29999999999999
6.39999999999999
6.49999999999999
6.59999999999999
6.69999999999999
6.79999999999999
6.89999999999999
6.99999999999999
7.09999999999999
7.19999999999999
7.29999999999999
7.39999999999999
7.49999999999999
7.59999999999999
7.69999999999999
7.79999999999999
7.89999999999999
7.99999999999999
8.09999999999999
8.19999999999999
8.29999999999999
8.39999999999999
8.49999999999999
8.59999999999999
8.69999999999999
8.79999999999998
8.89999999999998
8.99999999999998
9.09999999999998
9.19999999999998
9.29999999999998
9.39999999999998
9.49999999999998
9.59999999999998
9.69999999999998
9.79999999999998
9.89999999999998
9.99999999999998
10.1
10.2
10.3
10.4
10.5
10.6
10.7
10.8
10.9
11
11.1
11.2
11.3
11.4
11.5
11.6
11.7
11.8
11.9
12
12.1
12.2
12.3
12.4
12.5
12.6
12.7
12.8
12.9
13
13.1
13.2
13.3
13.4
13.5
13.6
13.7
13.8
13.9
14
14.1
14.2
14.3
14.4
14.5
14.6
Temperature Data
0
0
0
0
0
0
0
0
0
0
0
0
0
0
0
0
0
0
0
0
0
0
0
0
0
0
0
0
0
0
0
0
0
0
0
0
0
0
0
0
0
0
0
0
0
0
0
0
0
0
0
0
0
0
0
0
0
0
0
0
0
0
0
0
0
0
0
0
0
0
0
0
0
0
0
0
0
0
0
0
0
0
0
0
0
0
0
0
0
0
0
0
0
0
0
0
0
0
0
0
0
0
0
0
0
0
0
0
0
0
0
0
0
0
0
0
0
0
0
0
0
0
0
0
0
0
0
0
0
0
0
0
0
0
0
0
0
0
0
0
0
0
0
0
0
0
0
Angle Data
0
0
0
0
0
0
0
0
0
0
0
0
0
0
0
0
0
0
0
0
0
0
0
0
0
0
0
0
0
0
0
0
0
0
0
0
0
0
0
0
0
0
0
0
0
0
0
0
0
0
0
0
0
0
0
0
0
0
0
0
0
0
0
0
0
0
0
0
0
0
0
0
0
0
0
0
0
0
0
0
0
0
0
0
0
0
0
0
0
0
0
0
0
0
0
0
0
0
0
0
0
0
0
0
0
0
0
0
0
0
0
0
0
0
0
0
0
0
0
0
0
0
0
0
0
0
0
0
0
0
0
0
0
0
0
0
0
0
0
0
0
0
0
0
0
0
0
Bx Data
0
0
0
0
0
0
0
0
0
0
0
0
0
0
0
0
0
0
0
0
0
0
0
0
0
0
0
0
0
0
0
0
0
0
0
0
0
0
0
0
0
0
0
0
0
0
0
0
0
0
0
0
0
0
0
0
0
0
0
0
0
0
0
0
0
0
0
0
0
0
0
0
0
0
0
0
0
0
0
0
0
0
0
0
0
0
0
0
0
0
0
0
0
0
0
0
0
0
0
0
0
0
0
0
0
0
0
0
0
0
0
0
0
0
0
0
0
0
0
0
0
0
0
0
0
0
0
0
0
0
0
0
0
0
0
0
0
0
0
0
0
0
0
0
0
0
0
Hint Data
0
0
0
0
0
0
0
0
0
0
0
0
0
0
0
0
0
0
0
0
0
0
0
0
0
0
0
0
0
0
0
0
0
0
0
0
0
0
0
0
0
0
0
0
0
0
0
0
0
0
0
0
0
0
0
0
0
0
0
0
0
0
0
0
0
0
0
0
0
0
0
0
0
0
0
0
0
0
0
0
0
0
0
0
0
0
0
0
0
0
0
0
0
0
0
0
0
0
0
0
0
0
0
0
0
0
0
0
0
0
0
0
0
0
0
0
0
0
0
0
0
0
0
0
0
0
0
0
0
0
0
0
0
0
0
0
0
0
0
0
0
0
0
0
0
0
0
Torque Data
20.0276272915
18.403774632
20.220656584
19.171274655
20.620088885
19.5552665385
18.8119332393
19.5995013536
19.461989048
17.9611084516
17.7963817808
16.1921250855
18.585370884
17.8614266194
17.7272771448
18.1699073115
18.8985485675
16.9085146716
18.0435920352
17.9032721104
17.4557786025
18.1555752975
15.2957949606
19.5047289468
17.7322240425
18.358386858
18.2290829805
15.5959217164
17.4159955454
16.496593856
16.8660093575
13.8157104189
15.3264320378
16.6818282074
15.7938955984
14.9178171594
14.7754069626
15.124556321
16.4205395865
15.0918076928
14.2474770051
14.789439312
13.9731861236
16.1074751574
14.4045513408
13.257290986
13.1052748816
14.4015587125
12.8565676828
13.689890184
13.5496312944
12.4435310184
13.67916764
12.5137724769
12.0767971316
11.9461166208
13.3069587158
10.7113297005
12.245450841
11.1423814902
11.9676940665
12.5515139432
12.230860715
12.2774631414
11.592415536
11.8097124475
11.6645041
11.7059116324
11.385165285
10.1352013704
9.7499295108
10.1144980706
9.969295517
9.5995417864
10.029645121
10.0496287856
9.7575360075
9.610396414
9.1760916635
9.5144111168
9.6578972
9.0733278855
9.4791929586
8.788121005
8.7934633344
9.0576697272
8.5151428224
8.6171429625
7.8449519073
8.3449795925
7.5780491365
8.4233086245
7.6772515968
7.8977620086
7.63341463
6.7493107584
7.4529805604
6.853977357
7.0434545775
6.588897779
6.7600874425
6.117006615
6.9655557048
5.7126051864
6.66355154862
5.77221595765
5.72292890688
5.81700781408
5.34512060675
5.87842334985
4.92197680057
5.4138645162
4.88215681984
4.895365526
4.8253132316
4.606031442
4.464360463
4.38061484846
3.9665205485
3.89707310592
3.883401188
3.45316803672
3.48260137328
3.45753852725
3.36340651332
3.06895361584
3.16019334645
2.87245022425
2.92358738475
2.58724516825
2.4396890655
2.22391516832
2.08581082128
1.9037904742
1.71573454871
1.66604123328
1.5724673005
1.45410499226
1.3192648414
1.16792030208
0.90370424796
0.83084776352
0.64055580296
0.55574997874
0.402111660755
0.277326248592
0.144597739562
dMdH Data
1.65217391304346E-05
-2.99999999999996E-06
-1.25902578796566E-06
8.31519507186857E-06
-2.63306641544972E-07
3.39221272554606E-06
-8.29135254988906E-06
5.76653351087443E-06
5.69837189374496E-07
-2.10609714088877E-06
-4.66650740563779E-06
-6.03001364256494E-07
-2.94005212858383E-06
-4.99045967042499E-06
3.43302990897266E-06
6.43686635944708E-06
6.96872246696026E-06
-7.26539278131638E-07
-4.98216615919963E-06
-4.30659025787964E-06
2.18390804597691E-07
1.1094117647059E-05
-5.2839506172839E-06
-7.62772785622595E-06
2.73984632272227E-06
8.64681933842238E-06
-4.32014719411219E-06
-6.6196319018406E-06
-9.90992566681247E-06
1.38224903059026E-05
-5.97437092264678E-06
4.27940552016982E-06
3.69214615707687E-06
-3.74155844155846E-06
8.1868838405521E-08
1.75898692810454E-06
5.07770870337478E-06
-4.1193621867881E-06
-9.55868131868132E-06
-1.86995325116873E-06
6.41753171856973E-06
3.01419110690635E-06
8.70086580086583E-06
4.278958554729E-06
-2.37568594343607E-06
-8.81224337439343E-06
-3.53045095304514E-06
8.50761648745513E-06
7.60842844600521E-06
4.93646649260227E-06
-2.50610432852389E-06
7.20752797558499E-07
-3.86164939161785E-06
5.01316944688319E-06
3.60877116804172E-06
-2.97796386073161E-06
-5.1747930082796E-07
3.65565830030829E-06
-1.09721753794266E-05
1.06672589960018E-05
-1.80689655172413E-06
1.38621340887631E-06
4.54859511745738E-06
-7.2052322958953E-06
-6.5987841945289E-06
6.50628521889911E-07
1.48451369216241E-05
5.84698275862065E-06
-1.1975749559083E-05
-1.0375106564365E-06
-8.82972522897585E-06
1.12792467948718E-05
-2.4981785063752E-06
8.42366071428568E-06
5.51556334940815E-06
-6.98220640569392E-06
2.29195590036748E-06
-4.85231877532643E-06
3.66990815775256E-06
8.32242225859254E-06
1.78085018572016E-06
-1.26433933933933E-05
2.98127700432069E-06
-5.01228389444948E-06
-4.8713298791019E-06
1.07330659536542E-05
-1.46298427311085E-06
-2.9025341130604E-06
8.49031690140841E-06
-6.08376511226253E-06
-4.34898139946882E-07
1.37948717948718E-05
-1.48794131132508E-05
8.69574559518696E-06
7.97598627787296E-07
-1.02033014769765E-05
1.14645085803431E-05
-9.91954022988505E-06
3.23290120697363E-06
1.15443708609271E-05
4.87472234562416E-06
-5.66593503072873E-06
1.19836214740676E-06
-8.52532932543545E-06
4.63505366229092E-07
1.21938753411011E-05
7.68928833455612E-06
-1.06210521240175E-05
-7.89292364990689E-06
1.1615356754799E-05
-3.00535446562435E-06
2.58406304728547E-06
-2.18157181571812E-06
-2.90315435052278E-06
2.36792614122075E-07
1.11920206148925E-05
-3.34318153040983E-06
5.10967589493169E-06
2.43846224762598E-07
-8.35037174721189E-07
-6.40694491960315E-06
2.21318958396731E-06
1.33903723204212E-05
-2.36971784919977E-06
7.31384445670162E-06
-1.26854231280461E-05
-6.62187055178765E-06
1.20568616285691E-05
6.31091382804205E-07
2.46939384891013E-06
5.98106712564537E-08
-9.25443054757591E-06
3.36335491134254E-06
-3.2552308884533E-06
1.67114307825375E-06
-1.52908635145649E-06
-3.15013706017167E-06
-4.17097095199732E-06
6.8681921810352E-06
1.10929728350976E-05
1.19732007780421E-07
7.84552495697074E-06
6.00756493882434E-06
5.94634226631355E-06
-1.83903660204927E-05
6.21870478361906E-06
6.21870478361906E-06
dMdT Data
0
0
0
0
0
0
0
0
0
0
0
0
0
0
0
0
0
0
0
0
0
0
0
0
0
0
0
0
0
0
0
0
0
0
0
0
0
0
0
0
0
0
0
0
0
0
0
0
0
0
0
0
0
0
0
0
0
0
0
0
0
0
0
0
0
0
0
0
0
0
0
0
0
0
0
0
0
0
0
0
0
0
0
0
0
0
0
0
0
0
0
0
0
0
0
0
0
0
0
0
0
0
0
0
0
0
0
0
0
0
0
0
0
0
0
0
0
0
0
0
0
0
0
0
0
0
0
0
0
0
0
0
0
0
0
0
0
0
0
0
0
0
0
0
0
0
0
 
*********************************************** Results ***************************************
 
TotalArea 0
AreaFirstQuad 0
AreaSecondQuad 0
AreaThirdQuad 0
AreaFourthQuad 0
Coercivity 0
PositiveCoercivity 0
NegativeCoercivity 0
Retentivity 5.00376104347821E-02
PositiveRetentivity 5.00376104347821E-02
NegativeRetentivity 0
Magnetization 0.00534214
PositiveMagnetization -0.00302755
NegativeMagnetization -0.00534214
Flatness 1.06556947806843
Squareness 9.36658538240893
SStar 0
SFD1 0
SFD2 0
Slope 0
Intercept 0
SlopeAtHc 6.21870478361906E-06
dH1 1514.29610526316
dH2 20.46
InitialSlope 1.65217391304346E-05
FieldAtHalfMs -22.6301
FieldAtMs -66.9277
MomentMean -4.44626421768708E-03
MomentRMS 5.24581645705277E-04
SFD3 0
dH3 3028.59221052631
UserField1 0
UserField2 0
CenterField 0
ExchangeField 0
ExchangeMoment 0
ExRegionOneIntercept 0
ExRegionOneSlope 0
ExRegionTwoIntercept 0
ExRegionTwoSlope 0
NegativeIntercept 0
NegativeSlope 0
AutoCenterOffset 0
PinningField 0
PinningMoment 0
PinRegionOneIntercept 0
PinRegionOneSlope 0
PinRegionTwoIntercept 0
PinRegionTwoSlope 0
PositiveIntercept 0
PositiveSlope 0
TotalOffset 0
BHMax 0
BCoercivity 0
BRetentivity 0
BNegativeCoercivity 0
BPositiveCoercivity 0
BNegativeRetentivity 0
BPositiveRetentivity 0
MomentYMean -6.08956802721088E-03
MomentYRMS 3.243310810691E-04
YOffCorrection 0
Mrt 0
Ms1 0
Ms2 0
Ms3 0
Hc2 0
Hex2 0
HsatValue 0
HsatIntercept 0
HsatSlope 0
CenterH 0
Span .00231459
SpanAsPercentOfRange -43.6715094339623
RMSAsPercentOfRange -9.89776690009956
SpanAsPercentOfMean -52.0569603307119
RMSAsPercentOfMean -11.7982562443885
