Version 1.25
******************************************** Units *******************************************
System CGS
TemperatureUnit K
MomentUnit emu
AppliedFieldUnit G
 
******************************************** Setup ********************************************
 
Experiment CustomField
Minor False
Acquisition Continuous
EditedPoint No
MaxField 15000
FieldIncrement 100
Points 147
MinField 0
RampRate 10
AverageTime 0.1
TimeInterval 0
TimeConstant 0.1
TimeConstantIndex 0
Sensitivity -0.0053
SensitivityIndex 5
SensitivityY -400
SensitivityIndexY 0
SaturationField 8000
ExperimentTime 100
Use735Domains True
AutoRangeEnabled False
NumberOfVertices 2
VertexPts
0
146
VertexField
-1928.392
1434.2546
StartAngle 0
EndAngle 0
AngleIncrement 0
StartTemp 0
FinishTemp 0
TempIncrement 0
TempPoints 0
LengthofSetPointsArray 147
SetPointArray
-1928.39196
-1905.36013
-1882.32831
-1859.29648
-1836.26466
-1813.23283
-1790.20101
-1767.16918
-1744.13735
-1721.10553
-1698.0737
-1675.04188
-1652.01005
-1628.97822
-1605.9464
-1582.91457
-1559.88275
-1536.85092
-1513.8191
-1490.78727
-1467.75544
-1444.72362
-1421.69179
-1398.65997
-1375.62814
-1352.59631
-1329.56449
-1306.53266
-1283.50084
-1260.46901
-1237.43719
-1214.40536
-1191.37353
-1168.34171
-1145.30988
-1122.27806
-1099.24623
-1076.21441
-1053.18258
-1030.15075
-1007.11893
-984.0871
-961.05528
-938.02345
-914.99162
-891.9598
-868.92797
-845.89615
-822.86432
-799.8325
-776.80067
-753.76884
-730.73702
-707.70519
-684.67337
-661.64154
-638.60972
-615.57789
-592.54606
-569.51424
-546.48241
-523.45059
-500.41876
-477.38693
-454.35511
-431.32328
-408.29146
-385.25963
-362.22781
-339.19598
-316.16415
-293.13233
-270.1005
-247.06868
-224.03685
-201.00503
-177.9732
-154.94137
-131.90955
-108.87772
-85.8459
-62.81407
-39.78224
-16.75042
6.28141
29.31323
52.34506
75.37688
98.40871
121.44054
144.47236
167.50419
190.53601
213.56784
236.59966
259.63149
282.66332
305.69514
328.72697
351.75879
374.79062
397.82245
420.85427
443.8861
466.91792
489.94975
512.98157
536.0134
559.04523
582.07705
605.10888
628.1407
651.17253
674.20436
697.23618
720.26801
743.29983
766.33166
789.36348
812.39531
835.42714
858.45896
881.49079
904.52261
927.55444
950.58626
973.61809
996.64992
1019.68174
1042.71357
1065.74539
1088.77722
1111.80905
1134.84087
1157.8727
1180.90452
1203.93635
1226.96817
1250
1273.03183
1296.06365
1319.09548
1342.1273
1365.15913
1388.19095
1411.22278
1434.25461
FieldDomainFile C:\IDEASVSM\Default UserID\Experiments\FORCexp0139B\fdomain.ini
TempDomainFile C:\IDEASVSM\Default UserID\Experiments\FORCexp0139B\tdomain.ini
NumSelectedResults 0
ResultsSelected 
UserName1 
UserValue1 
UserName2 
UserValue2 
LinearBackgroundCorrection Off
MaxLinearFieldCorrection 
MinLinearFieldCorrection 
AutoLinearCorrection Off
FitOneRegion Off
BackgroundMode Off
BackgroundFilename 
AutoCenter Off
OffsetCorrection 
SmoothDeriv Off
DerivOrder 0
DerivPoints 0
MinExFieldOne 
MaxExFieldOne 
MinExFieldTwo 
MaxExFieldTwo 
MinPinFieldOne 
MaxPinFieldOne 
MinPinFieldTwo 
MaxPinFieldTwo 
HCenterStart 
Mass 
Volume 
Density 
MolarWeight 
NumberOfMoles 
Demagnetization 
SampleArea 
Thickness 
MomentScaling 0
XAxis 0
YAxis 0
SimpleSpinValve False
HsatMax 0
HsatMin 0
FieldAutoRange False
 
*************************************************** Experiment Data ********************************************
 
DataPoints 147
MomentX Data
-0.00459651
-0.0046612
-0.00456172
-0.00451385
-0.00433305
-0.00441375
-0.00446069
-0.00455844
-0.00461095
-0.00455396
-0.00432487
-0.00440313
-0.00472812
-0.00472967
-0.00452527
-0.004416
-0.00434911
-0.0042489
-0.00447529
-0.0046266
-0.00431669
-0.00452282
-0.00433391
-0.00411908
-0.00437716
-0.00454577
-0.00455034
-0.00455786
-0.0042687
-0.004116
-0.00429079
-0.00426146
-0.00429075
-0.00438699
-0.00419519
-0.00409243
-0.00428842
-0.00443115
-0.0043635
-0.00418306
-0.00430235
-0.00436021
-0.0040944
-0.00403274
-0.00400272
-0.00404885
-0.00404716
-0.00398241
-0.00383461
-0.0039082
-0.00411225
-0.00404961
-0.0040635
-0.00379278
-0.0037033
-0.00380172
-0.00387814
-0.00397581
-0.0040342
-0.00380201
-0.00349556
-0.00341074
-0.00343379
-0.00368623
-0.00355372
-0.00342076
-0.00351793
-0.00350163
-0.00370793
-0.00377659
-0.00388516
-0.00378813
-0.00356247
-0.00341846
-0.00343347
-0.00357029
-0.00357811
-0.0035046
-0.00324049
-0.0031426
-0.00291938
-0.00304883
-0.00341875
-0.00348021
-0.00321202
-0.00295252
-0.0032708
-0.00310999
-0.00318181
-0.00323646
-0.00305861
-0.00294991
-0.00265098
-0.00250508
-0.00294026
-0.0030295
-0.00280903
-0.00285569
-0.002631
-0.00258509
-0.00270737
-0.00277122
-0.0026883
-0.00277934
-0.00245599
-0.0023333
-0.00231948
-0.00228324
-0.0021012
-0.00197728
-0.00168395
-0.00174298
-0.00153667
-0.00148079
-0.00156539
-0.00149944
-0.00121085
-0.00105456
-0.000784909
-0.000826858
-0.000687526
-0.000330306
-0.0000243663
0.000233029
0.000733164
0.00112983
0.00122024
0.00155883
0.00190055
0.00208318
0.00217615
0.00219545
0.00223571
0.00246718
0.00263816
0.00282178
0.00309239
0.00331215
0.00337942
0.00347075
0.00338792
0.00339585
0.00406616
0.003971
0.00382925
0.00381188
0.0036283
MomentY Data
-0.00629425
-0.00610352
-0.00553131
-0.00553131
-0.00600815
-0.00629425
-0.00600815
-0.00610352
-0.00553131
-0.00553131
-0.00600815
-0.00534058
-0.00581741
-0.00638962
-0.00567436
-0.00638962
-0.00638962
-0.00610352
-0.00638962
-0.00600815
-0.00638962
-0.00638962
-0.00629425
-0.00658035
-0.00677109
-0.00610352
-0.00581741
-0.00567436
-0.00581741
-0.00610352
-0.00629425
-0.00638962
-0.00638962
-0.00638962
-0.00677109
-0.00629425
-0.00600815
-0.00629425
-0.00638962
-0.00629425
-0.00638962
-0.00600815
-0.00638962
-0.00638962
-0.00629425
-0.00600815
-0.00567436
-0.00610352
-0.00581741
-0.00658035
-0.00567436
-0.00600815
-0.00610352
-0.00610352
-0.00610352
-0.00600815
-0.00629425
-0.00534058
-0.00629425
-0.00610352
-0.00638962
-0.00629425
-0.00658035
-0.00581741
-0.00600815
-0.00581741
-0.00581741
-0.00629425
-0.00638962
-0.00677109
-0.00600815
-0.00658035
-0.00629425
-0.00629425
-0.00638962
-0.00638962
-0.00600815
-0.00638962
-0.00610352
-0.00629425
-0.00638962
-0.00686646
-0.00658035
-0.00658035
-0.00610352
-0.00600815
-0.00658035
-0.00610352
-0.00610352
-0.00610352
-0.00610352
-0.00629425
-0.00600815
-0.00629425
-0.00629425
-0.00629425
-0.00600815
-0.00638962
-0.00629425
-0.00610352
-0.00629425
-0.00610352
-0.00638962
-0.00610352
-0.00610352
-0.00567436
-0.00638962
-0.00658035
-0.00629425
-0.00600815
-0.00705719
-0.00677109
-0.00638962
-0.00629425
-0.00567436
-0.00686646
-0.00629425
-0.00629425
-0.00638962
-0.00686646
-0.00658035
-0.00677109
-0.00629425
-0.00677109
-0.00658035
-0.00677109
-0.00677109
-0.00658035
-0.00638962
-0.00677109
-0.00658035
-0.00629425
-0.00677109
-0.00677109
-0.00638962
-0.00638962
-0.00705719
-0.00720024
-0.00677109
-0.00734329
-0.00629425
-0.00734329
-0.00720024
-0.00720024
-0.00677109
-0.00705719
-0.00720024
Field Data
-1928.46
-1926.34
-1915.88
-1901.38
-1882.61
-1861.21
-1837.66
-1815.13
-1792.34
-1769
-1742.21
-1721.54
-1702.17
-1677.88
-1650.81
-1628.18
-1606.61
-1584.21
-1561.13
-1537.8
-1511.22
-1489.94
-1468.73
-1445.38
-1422.26
-1399.18
-1377.58
-1354.6
-1331.55
-1308.09
-1280.9
-1260.66
-1238.8
-1215.82
-1192.95
-1169.8
-1148.51
-1125.85
-1102.44
-1074.94
-1052.88
-1031.11
-1009.14
-986.126
-964.224
-940.508
-918.667
-895.775
-872.853
-849.374
-822.443
-801.221
-779.812
-757.611
-734.288
-711.326
-686.397
-667.247
-644.172
-621.004
-597.28
-570.507
-550.934
-528.117
-505.186
-482.09
-456.011
-435.265
-412.954
-390.654
-367.548
-344.736
-323.696
-299.988
-276.558
-253.134
-227.202
-206.295
-184.143
-161.579
-138.733
-115.914
-94.0825
-70.8922
-47.6099
-24.7189
0.0927675
22.661
45.5881
68.1267
91.2159
113.445
135.268
158.193
181.684
204.956
230.905
252.167
274.458
296.917
319.813
346.725
366.959
388.912
411.648
431.235
458.974
480.826
501.643
525.205
548.186
574.204
594.776
616.157
638.886
662.398
685.415
710.218
732.2
754.419
777.736
800.549
822.059
844.671
867.947
891.202
914.431
939.06
959.964
983.09
1006.34
1029.38
1050.44
1073.82
1097.35
1120.63
1143.51
1169.67
1189.49
1212.12
1234.74
1257.72
1283.55
1305.08
1327.15
1350.03
1373.38
Time Data
0
0.1
0.2
0.3
0.4
0.5
0.6
0.7
0.8
0.9
1
1.1
1.2
1.3
1.4
1.5
1.6
1.7
1.8
1.9
2
2.1
2.2
2.3
2.4
2.5
2.6
2.7
2.8
2.9
3
3.1
3.2
3.3
3.4
3.5
3.6
3.7
3.8
3.9
4
4.1
4.2
4.3
4.4
4.5
4.6
4.7
4.8
4.9
5
5.1
5.2
5.3
5.4
5.5
5.6
5.7
5.8
5.9
5.99999999999999
6.09999999999999
6.19999999999999
6.29999999999999
6.39999999999999
6.49999999999999
6.59999999999999
6.69999999999999
6.79999999999999
6.89999999999999
6.99999999999999
7.09999999999999
7.19999999999999
7.29999999999999
7.39999999999999
7.49999999999999
7.59999999999999
7.69999999999999
7.79999999999999
7.89999999999999
7.99999999999999
8.09999999999999
8.19999999999999
8.29999999999999
8.39999999999999
8.49999999999999
8.59999999999999
8.69999999999999
8.79999999999998
8.89999999999998
8.99999999999998
9.09999999999998
9.19999999999998
9.29999999999998
9.39999999999998
9.49999999999998
9.59999999999998
9.69999999999998
9.79999999999998
9.89999999999998
9.99999999999998
10.1
10.2
10.3
10.4
10.5
10.6
10.7
10.8
10.9
11
11.1
11.2
11.3
11.4
11.5
11.6
11.7
11.8
11.9
12
12.1
12.2
12.3
12.4
12.5
12.6
12.7
12.8
12.9
13
13.1
13.2
13.3
13.4
13.5
13.6
13.7
13.8
13.9
14
14.1
14.2
14.3
14.4
14.5
14.6
Temperature Data
0
0
0
0
0
0
0
0
0
0
0
0
0
0
0
0
0
0
0
0
0
0
0
0
0
0
0
0
0
0
0
0
0
0
0
0
0
0
0
0
0
0
0
0
0
0
0
0
0
0
0
0
0
0
0
0
0
0
0
0
0
0
0
0
0
0
0
0
0
0
0
0
0
0
0
0
0
0
0
0
0
0
0
0
0
0
0
0
0
0
0
0
0
0
0
0
0
0
0
0
0
0
0
0
0
0
0
0
0
0
0
0
0
0
0
0
0
0
0
0
0
0
0
0
0
0
0
0
0
0
0
0
0
0
0
0
0
0
0
0
0
0
0
0
0
0
0
Angle Data
0
0
0
0
0
0
0
0
0
0
0
0
0
0
0
0
0
0
0
0
0
0
0
0
0
0
0
0
0
0
0
0
0
0
0
0
0
0
0
0
0
0
0
0
0
0
0
0
0
0
0
0
0
0
0
0
0
0
0
0
0
0
0
0
0
0
0
0
0
0
0
0
0
0
0
0
0
0
0
0
0
0
0
0
0
0
0
0
0
0
0
0
0
0
0
0
0
0
0
0
0
0
0
0
0
0
0
0
0
0
0
0
0
0
0
0
0
0
0
0
0
0
0
0
0
0
0
0
0
0
0
0
0
0
0
0
0
0
0
0
0
0
0
0
0
0
0
Bx Data
0
0
0
0
0
0
0
0
0
0
0
0
0
0
0
0
0
0
0
0
0
0
0
0
0
0
0
0
0
0
0
0
0
0
0
0
0
0
0
0
0
0
0
0
0
0
0
0
0
0
0
0
0
0
0
0
0
0
0
0
0
0
0
0
0
0
0
0
0
0
0
0
0
0
0
0
0
0
0
0
0
0
0
0
0
0
0
0
0
0
0
0
0
0
0
0
0
0
0
0
0
0
0
0
0
0
0
0
0
0
0
0
0
0
0
0
0
0
0
0
0
0
0
0
0
0
0
0
0
0
0
0
0
0
0
0
0
0
0
0
0
0
0
0
0
0
0
Hint Data
0
0
0
0
0
0
0
0
0
0
0
0
0
0
0
0
0
0
0
0
0
0
0
0
0
0
0
0
0
0
0
0
0
0
0
0
0
0
0
0
0
0
0
0
0
0
0
0
0
0
0
0
0
0
0
0
0
0
0
0
0
0
0
0
0
0
0
0
0
0
0
0
0
0
0
0
0
0
0
0
0
0
0
0
0
0
0
0
0
0
0
0
0
0
0
0
0
0
0
0
0
0
0
0
0
0
0
0
0
0
0
0
0
0
0
0
0
0
0
0
0
0
0
0
0
0
0
0
0
0
0
0
0
0
0
0
0
0
0
0
0
0
0
0
0
0
0
Torque Data
12.138209355
11.7574547168
10.5973262028
10.5171222078
11.3110032715
11.7149210425
11.040936929
11.0786822576
9.9139881654
9.78488739
10.4674590115
9.1940220932
9.9022207797
10.7210156056
9.3672902316
10.4034514916
10.2656273882
9.6692574192
9.9750274706
9.23933307
9.6561215364
9.5201504228
9.2445538025
9.511106283
9.6302504634
8.5399231136
8.0139476678
7.686488056
7.7461722855
7.9839534768
8.062304825
8.0551383492
7.915461256
7.7686277884
8.0775718155
7.36301365
6.9004203565
7.0863813625
7.0441726728
6.765941095
6.7275031056
6.1950635465
6.4480211268
6.30097041212
6.069066912
5.6507131402
5.21284727812
5.467380628
5.07774377073
5.5891782009
4.66683766148
4.81385595115
4.75959813824
4.62409389072
4.48174149376
4.2737533069
4.32035431725
3.56348598326
4.054579611
3.79031033408
3.8163922336
3.59091368475
3.6253385469
3.07227311697
3.0352332659
2.8045151869
2.65280295151
2.73966672625
2.63861913748
2.64515339286
2.2082835162
2.2684835376
2.037423548
1.888199469
1.76710052796
1.61743006908
1.3650636963
1.3181466579
1.12392048336
1.01701862075
0.88645115146
0.79591884444
0.619095778875
0.46649548827
0.290587976848
0.148514859035
-0.000610442618625
-0.13831186672
-0.278247880112
-0.415812675984
-0.556738069968
-0.71405119125
-0.8127104342
-0.99570629025
-1.143564517
-1.290044303
-1.38731187575
-1.61125130654
-1.7275072665
-1.81223884784
-2.01298297525
-2.116242972
-2.34472856558
-2.37373217024
-2.51250180096
-2.4469826346
-2.93266944988
-3.1640033691
-3.15746645275
-3.15551042075
-3.86865275734
-3.88798696236
-3.80039262512
-3.87824619725
-3.62526916296
-4.54832937108
-4.31417336375
-4.4702896465
-4.678479764
-5.18018788674
-5.1177750876
-5.42058932841
-5.17424486075
-5.71934336139
-5.71139504145
-6.03440895018
-6.19169459979
-6.179343471
-6.13380517368
-6.6565908681
-6.622069419
-6.479175065
-7.1126237796
-7.2709318638
-7.011649507
-7.1603998606
-8.0699673369
-8.4219047208
-8.0541438441
-8.9009486748
-7.771762245
-9.2358026988
-9.241868052
-9.3968892192
-8.9862520935
-9.5274182157
-9.8886656112
dMdH Data
-3.05141509433946E-05
9.51051625239022E-06
3.30137931034484E-06
9.63239211507715E-06
-3.77102803738322E-06
-1.99320594479829E-06
-4.33865956502444E-06
-2.30408073716538E-06
2.44173093401885E-06
8.55132512131395E-06
-3.78616352201257E-06
-1.67780072276717E-05
-6.38122684232333E-08
7.55079423716288E-06
4.82854617764032E-06
3.10106629578115E-06
4.47366071428574E-06
-9.80892547660315E-06
-6.48564080582936E-06
1.16595184349135E-05
-9.68656015037598E-06
8.90664780763791E-06
9.20042826552466E-06
-1.11626297577854E-05
-7.3054592720971E-06
-2.11574074074061E-07
-3.27241079199323E-07
1.25449023861172E-05
6.50895140664962E-06
-6.42846634792208E-06
1.44911067193677E-06
-1.33989021043002E-06
-4.18798955613577E-06
8.38653257542639E-06
4.43887688984877E-06
-9.20573038985441E-06
-6.29876434245363E-06
2.88979068774029E-06
6.56145454545456E-06
-5.40752493200365E-06
-2.65778594395955E-06
1.20987710514338E-05
2.67923872425479E-06
1.37065108209294E-06
-1.94510035419123E-06
7.73774094592511E-08
2.8284990389656E-06
6.44795393072155E-06
-3.13429021678947E-06
-7.57677026475064E-06
2.95165394402032E-06
-6.48792563875002E-07
1.21940453132742E-05
3.83655618916949E-06
-4.28621200243882E-06
-3.06550603714549E-06
-5.10026109660571E-06
-2.53044420368366E-06
1.00220131215469E-05
1.29172989377845E-05
3.16811713293242E-06
-1.1776426710264E-06
-1.10636805890345E-05
5.778640268632E-06
5.75684101143054E-06
-3.72598642585988E-06
7.85693627687259E-07
-9.24655999282866E-06
-3.07892376681614E-06
-4.6987795377824E-06
4.25346308960197E-06
1.07252851711027E-05
6.07432090433608E-06
-6.40631668800691E-07
-5.84101775956283E-06
-3.01557920715717E-07
3.51604725689959E-06
1.19226254965692E-05
4.33832653784789E-06
9.77063818611573E-06
-5.67290415881503E-06
-1.69443235691546E-05
-2.65024600802923E-06
1.15190509528698E-05
1.13363330566598E-05
-1.28278359364601E-05
7.12550262852884E-06
-3.13253747748299E-06
-2.42472913135686E-06
7.70273547805901E-06
4.88998654916303E-06
1.36979333730468E-05
6.36423118865867E-06
-1.85253927035886E-05
-3.83465108284634E-06
8.49628116690431E-06
-2.1945254444549E-06
1.00798528554125E-05
2.04416937530612E-06
-5.34067085953879E-06
-2.37254756242567E-06
4.0980527824454E-06
-4.14704140664147E-06
1.42219387755102E-05
6.26384847092459E-06
4.98215508850352E-07
1.65842943437671E-06
8.744775904309E-06
5.25931584755113E-06
1.2764022453331E-05
-2.26881389807058E-06
1.00286797588956E-05
2.61353538188109E-06
-3.72211711909896E-06
2.80495066349097E-06
1.25381239953079E-05
6.30125388057897E-06
1.22669001910654E-05
-1.88797875691976E-06
5.97555431659304E-06
1.56586157015737E-05
1.42231380753138E-05
1.13831284273836E-05
2.14871541501977E-05
1.70572350032251E-05
3.89211761160617E-06
1.37476146006741E-05
1.63471106008419E-05
7.89717201418318E-06
3.99870967741935E-06
8.37673611111103E-07
1.91168091168093E-06
9.9003421727973E-06
7.26646833829156E-06
7.88745704467346E-06
1.18273601398602E-05
8.40061162079507E-06
3.39404641775987E-06
4.03579319487407E-06
-3.66180371352783E-06
3.45082680591826E-07
2.59508323654666E-05
-4.4198792382722E-06
-6.42274580879014E-06
-7.59178321678328E-07
-7.86209850107062E-06
-7.86209850107062E-06
dMdT Data
0
0
0
0
0
0
0
0
0
0
0
0
0
0
0
0
0
0
0
0
0
0
0
0
0
0
0
0
0
0
0
0
0
0
0
0
0
0
0
0
0
0
0
0
0
0
0
0
0
0
0
0
0
0
0
0
0
0
0
0
0
0
0
0
0
0
0
0
0
0
0
0
0
0
0
0
0
0
0
0
0
0
0
0
0
0
0
0
0
0
0
0
0
0
0
0
0
0
0
0
0
0
0
0
0
0
0
0
0
0
0
0
0
0
0
0
0
0
0
0
0
0
0
0
0
0
0
0
0
0
0
0
0
0
0
0
0
0
0
0
0
0
0
0
0
0
0
 
*********************************************** Results ***************************************
 
TotalArea 0
AreaFirstQuad 0
AreaSecondQuad 0
AreaThirdQuad 0
AreaFourthQuad 0
Coercivity 0
PositiveCoercivity 0
NegativeCoercivity 0
Retentivity 3.00861097672844E-02
PositiveRetentivity -6.34418295282987E-02
NegativeRetentivity -3.26960999372976E-03
Magnetization 0.004397915
PositiveMagnetization 0.00406616
NegativeMagnetization -0.00472967
Flatness 1.10867506696679
Squareness 6.84099391809174
SStar 0
SFD1 0
SFD2 0
Slope 0
Intercept 0
SlopeAtHc -7.86209850107062E-06
dH1 -492.986185706033
dH2 230.99655
InitialSlope -3.05141509433946E-05
FieldAtHalfMs 976.745956852653
FieldAtMs 1283.55
MomentMean -2.46933124013606E-03
MomentRMS 2.48942798431691E-03
SFD3 0
dH3 -985.972371412066
UserField1 0
UserField2 0
CenterField 0
ExchangeField 0
ExchangeMoment 0
ExRegionOneIntercept 0
ExRegionOneSlope 0
ExRegionTwoIntercept 0
ExRegionTwoSlope 0
NegativeIntercept 0
NegativeSlope 0
AutoCenterOffset 0
PinningField 0
PinningMoment 0
PinRegionOneIntercept 0
PinRegionOneSlope 0
PinRegionTwoIntercept 0
PinRegionTwoSlope 0
PositiveIntercept 0
PositiveSlope 0
TotalOffset 0
BHMax 0
BCoercivity 0
BRetentivity 0
BNegativeCoercivity 0
BPositiveCoercivity 0
BNegativeRetentivity 0
BPositiveRetentivity 0
MomentYMean -6.30463149659863E-03
MomentYRMS 3.92239102570633E-04
YOffCorrection 0
Mrt 0
Ms1 0
Ms2 0
Ms3 0
Hc2 0
Hex2 0
HsatValue 0
HsatIntercept 0
HsatSlope 0
CenterH 0
Span .00879583
SpanAsPercentOfRange -165.959056603774
RMSAsPercentOfRange -46.9703393267342
SpanAsPercentOfMean -356.20292073555
RMSAsPercentOfMean -100.813853720967
