Version 1.25
******************************************** Units *******************************************
System CGS
TemperatureUnit K
MomentUnit emu
AppliedFieldUnit G
 
******************************************** Setup ********************************************
 
Experiment CustomField
Minor False
Acquisition Continuous
EditedPoint No
MaxField 15000
FieldIncrement 100
Points 147
MinField 0
RampRate 10
AverageTime 0.1
TimeInterval 0
TimeConstant 0.1
TimeConstantIndex 0
Sensitivity -0.0053
SensitivityIndex 5
SensitivityY -400
SensitivityIndexY 0
SaturationField 8000
ExperimentTime 100
Use735Domains True
AutoRangeEnabled False
NumberOfVertices 2
VertexPts
0
146
VertexField
-546.4824
2816.1642
StartAngle 0
EndAngle 0
AngleIncrement 0
StartTemp 0
FinishTemp 0
TempIncrement 0
TempPoints 0
LengthofSetPointsArray 147
SetPointArray
-546.48241
-523.45059
-500.41876
-477.38693
-454.35511
-431.32328
-408.29146
-385.25963
-362.22781
-339.19598
-316.16415
-293.13233
-270.1005
-247.06868
-224.03685
-201.00503
-177.9732
-154.94137
-131.90955
-108.87772
-85.8459
-62.81407
-39.78224
-16.75042
6.28141
29.31323
52.34506
75.37688
98.40871
121.44054
144.47236
167.50419
190.53601
213.56784
236.59966
259.63149
282.66332
305.69514
328.72697
351.75879
374.79062
397.82245
420.85427
443.8861
466.91792
489.94975
512.98157
536.0134
559.04523
582.07705
605.10888
628.1407
651.17253
674.20436
697.23618
720.26801
743.29983
766.33166
789.36348
812.39531
835.42714
858.45896
881.49079
904.52261
927.55444
950.58626
973.61809
996.64992
1019.68174
1042.71357
1065.74539
1088.77722
1111.80905
1134.84087
1157.8727
1180.90452
1203.93635
1226.96817
1250
1273.03183
1296.06365
1319.09548
1342.1273
1365.15913
1388.19095
1411.22278
1434.25461
1457.28643
1480.31826
1503.35008
1526.38191
1549.41374
1572.44556
1595.47739
1618.50921
1641.54104
1664.57286
1687.60469
1710.63652
1733.66834
1756.70017
1779.73199
1802.76382
1825.79564
1848.82747
1871.8593
1894.89112
1917.92295
1940.95477
1963.9866
1987.01843
2010.05025
2033.08208
2056.1139
2079.14573
2102.17755
2125.20938
2148.24121
2171.27303
2194.30486
2217.33668
2240.36851
2263.40034
2286.43216
2309.46399
2332.49581
2355.52764
2378.55946
2401.59129
2424.62312
2447.65494
2470.68677
2493.71859
2516.75042
2539.78224
2562.81407
2585.8459
2608.87772
2631.90955
2654.94137
2677.9732
2701.00503
2724.03685
2747.06868
2770.1005
2793.13233
2816.16415
FieldDomainFile C:\IDEASVSM\Default UserID\Experiments\FORCexp0079B\fdomain.ini
TempDomainFile C:\IDEASVSM\Default UserID\Experiments\FORCexp0079B\tdomain.ini
NumSelectedResults 0
ResultsSelected 
UserName1 
UserValue1 
UserName2 
UserValue2 
LinearBackgroundCorrection Off
MaxLinearFieldCorrection 
MinLinearFieldCorrection 
AutoLinearCorrection Off
FitOneRegion Off
BackgroundMode Off
BackgroundFilename 
AutoCenter Off
OffsetCorrection 
SmoothDeriv Off
DerivOrder 0
DerivPoints 0
MinExFieldOne 
MaxExFieldOne 
MinExFieldTwo 
MaxExFieldTwo 
MinPinFieldOne 
MaxPinFieldOne 
MinPinFieldTwo 
MaxPinFieldTwo 
HCenterStart 
Mass 
Volume 
Density 
MolarWeight 
NumberOfMoles 
Demagnetization 
SampleArea 
Thickness 
MomentScaling 0
XAxis 0
YAxis 0
SimpleSpinValve False
HsatMax 0
HsatMin 0
FieldAutoRange False
 
*************************************************** Experiment Data ********************************************
 
DataPoints 147
MomentX Data
0.00175233
0.00165653
0.00175031
0.00176684
0.00168819
0.00170312
0.00180007
0.00183611
0.00172867
0.00175761
0.00190594
0.00225376
0.00245852
0.0021782
0.00191361
0.00195889
0.00222078
0.00224279
0.00244799
0.00234682
0.00225064
0.00227161
0.00272435
0.00284232
0.00289222
0.0027714
0.00252494
0.00274211
0.00261355
0.00280359
0.00275979
0.00281204
0.00294372
0.00300728
0.00277012
0.00271791
0.00303372
0.00298797
0.00291646
0.0029739
0.00293574
0.00311959
0.00337581
0.00340163
0.00352945
0.00348761
0.00317356
0.00315395
0.00333968
0.00351917
0.00365495
0.00345358
0.00324833
0.00356616
0.00342351
0.00353863
0.00380262
0.0038805
0.00381012
0.00369267
0.00390738
0.00371855
0.00376718
0.00385124
0.00407003
0.00410875
0.0038086
0.00409776
0.00412578
0.00400442
0.00402555
0.00380224
0.0039829
0.00413691
0.00420527
0.00414305
0.00408022
0.0043524
0.00448134
0.00418101
0.00399371
0.00410481
0.00411496
0.00408475
0.00398889
0.00413502
0.00439832
0.00467185
0.00465624
0.00439373
0.00449199
0.00457613
0.00442457
0.00433832
0.00422257
0.00419978
0.00447467
0.00476178
0.00465094
0.0045432
0.00466522
0.00433968
0.0045757
0.00463303
0.00470631
0.00473056
0.00459332
0.00450654
0.00465552
0.00488591
0.00480352
0.00467773
0.00449963
0.00447572
0.00459203
0.00469827
0.00478968
0.00491563
0.00486711
0.00475618
0.00471201
0.00488144
0.00488724
0.00483178
0.00483428
0.00481508
0.0046269
0.00454951
0.00478939
0.00505884
0.00499872
0.00495395
0.0048787
0.00450365
0.0047712
0.00491518
0.00494995
0.0048266
0.00491154
0.00475708
0.00465938
0.00486975
0.00478921
0.00511307
0.00486833
0.00464893
0.00481929
MomentY Data
-0.00658035
-0.00677109
-0.00658035
-0.00734329
-0.00658035
-0.00677109
-0.00658035
-0.00658035
-0.00658035
-0.00705719
-0.00720024
-0.00734329
-0.00629425
-0.00677109
-0.00705719
-0.00610352
-0.00658035
-0.00658035
-0.00686646
-0.00686646
-0.00686646
-0.00629425
-0.00638962
-0.00629425
-0.00638962
-0.00638962
-0.00658035
-0.00638962
-0.00629425
-0.00686646
-0.00677109
-0.00629425
-0.00638962
-0.00677109
-0.00705719
-0.00720024
-0.00705719
-0.00658035
-0.00638962
-0.00638962
-0.00658035
-0.00658035
-0.00677109
-0.00638962
-0.00720024
-0.00658035
-0.00705719
-0.00705719
-0.00677109
-0.00720024
-0.00705719
-0.00677109
-0.00686646
-0.00734329
-0.00677109
-0.00705719
-0.00686646
-0.00705719
-0.00720024
-0.00705719
-0.00686646
-0.00677109
-0.00720024
-0.00658035
-0.00629425
-0.00677109
-0.00677109
-0.00705719
-0.00705719
-0.00720024
-0.00686646
-0.00629425
-0.00677109
-0.00705719
-0.00734329
-0.00720024
-0.00629425
-0.00705719
-0.00720024
-0.00677109
-0.00658035
-0.00610352
-0.00677109
-0.00638962
-0.00629425
-0.00658035
-0.00705719
-0.00720024
-0.00705719
-0.00638962
-0.00677109
-0.00677109
-0.00677109
-0.00720024
-0.00677109
-0.00658035
-0.00686646
-0.00638962
-0.00720024
-0.00677109
-0.00686646
-0.00658035
-0.00610352
-0.00686646
-0.00686646
-0.00720024
-0.00705719
-0.00686646
-0.00677109
-0.00705719
-0.00686646
-0.00720024
-0.00677109
-0.00658035
-0.00686646
-0.00720024
-0.00686646
-0.00686646
-0.00753403
-0.00677109
-0.00677109
-0.00658035
-0.00677109
-0.00686646
-0.00677109
-0.00677109
-0.00638962
-0.00686646
-0.00638962
-0.00705719
-0.00658035
-0.00705719
-0.00705719
-0.00658035
-0.00658035
-0.00686646
-0.00705719
-0.00686646
-0.00686646
-0.00705719
-0.00734329
-0.00677109
-0.00610352
-0.00638962
-0.00658035
-0.00705719
-0.00705719
Field Data
-546.598
-543.61
-532.938
-516.971
-498.234
-476.942
-456.907
-434.277
-410.946
-387.04
-363.573
-336.435
-315.601
-293.15
-270.162
-246.909
-224.11
-201.804
-178.819
-156.169
-132.314
-105.585
-84.866
-62.5616
-39.7118
-16.7901
9.92612
27.3533
50.1597
73.4654
100.843
122.917
144.395
167.068
190.077
212.988
235.924
260.326
282.258
304.65
327.526
351.019
373.323
395.442
418.442
441.837
464.8
491.175
512.346
533.912
557.006
579.288
602.084
624.499
648.01
671.192
694.281
720.422
740.825
763.14
785.196
807.746
833.939
854.694
877.064
900.37
923.183
948.218
969.363
992.063
1015.3
1042.74
1062.08
1080.54
1104.11
1128.26
1151.72
1177.08
1198.49
1220.6
1243.77
1266.93
1291.25
1312.88
1335.49
1358.62
1381.33
1407.38
1427.28
1449.69
1472.88
1495.97
1518.77
1540.38
1563.55
1586.97
1610.04
1636.39
1656.82
1678.5
1700.74
1724.02
1750.77
1771.38
1793.28
1816.29
1839.15
1861.61
1882.88
1905.93
1929.55
1953.1
1979.21
1999.89
2022.1
2045.13
2067.86
2090.33
2111.94
2134.93
2158.36
2181.8
2207.76
2229.47
2251.46
2274.15
2296.64
2319.07
2340.25
2364.1
2387.16
2409.74
2436.18
2457.75
2479.8
2502.55
2525.23
2547.06
2568.79
2596
2618.56
2641.52
2663.37
2684.94
2707.78
2730.71
2753.6
Time Data
0
0.1
0.2
0.3
0.4
0.5
0.6
0.7
0.8
0.9
1
1.1
1.2
1.3
1.4
1.5
1.6
1.7
1.8
1.9
2
2.1
2.2
2.3
2.4
2.5
2.6
2.7
2.8
2.9
3
3.1
3.2
3.3
3.4
3.5
3.6
3.7
3.8
3.9
4
4.1
4.2
4.3
4.4
4.5
4.6
4.7
4.8
4.9
5
5.1
5.2
5.3
5.4
5.5
5.6
5.7
5.8
5.9
5.99999999999999
6.09999999999999
6.19999999999999
6.29999999999999
6.39999999999999
6.49999999999999
6.59999999999999
6.69999999999999
6.79999999999999
6.89999999999999
6.99999999999999
7.09999999999999
7.19999999999999
7.29999999999999
7.39999999999999
7.49999999999999
7.59999999999999
7.69999999999999
7.79999999999999
7.89999999999999
7.99999999999999
8.09999999999999
8.19999999999999
8.29999999999999
8.39999999999999
8.49999999999999
8.59999999999999
8.69999999999999
8.79999999999998
8.89999999999998
8.99999999999998
9.09999999999998
9.19999999999998
9.29999999999998
9.39999999999998
9.49999999999998
9.59999999999998
9.69999999999998
9.79999999999998
9.89999999999998
9.99999999999998
10.1
10.2
10.3
10.4
10.5
10.6
10.7
10.8
10.9
11
11.1
11.2
11.3
11.4
11.5
11.6
11.7
11.8
11.9
12
12.1
12.2
12.3
12.4
12.5
12.6
12.7
12.8
12.9
13
13.1
13.2
13.3
13.4
13.5
13.6
13.7
13.8
13.9
14
14.1
14.2
14.3
14.4
14.5
14.6
Temperature Data
0
0
0
0
0
0
0
0
0
0
0
0
0
0
0
0
0
0
0
0
0
0
0
0
0
0
0
0
0
0
0
0
0
0
0
0
0
0
0
0
0
0
0
0
0
0
0
0
0
0
0
0
0
0
0
0
0
0
0
0
0
0
0
0
0
0
0
0
0
0
0
0
0
0
0
0
0
0
0
0
0
0
0
0
0
0
0
0
0
0
0
0
0
0
0
0
0
0
0
0
0
0
0
0
0
0
0
0
0
0
0
0
0
0
0
0
0
0
0
0
0
0
0
0
0
0
0
0
0
0
0
0
0
0
0
0
0
0
0
0
0
0
0
0
0
0
0
Angle Data
0
0
0
0
0
0
0
0
0
0
0
0
0
0
0
0
0
0
0
0
0
0
0
0
0
0
0
0
0
0
0
0
0
0
0
0
0
0
0
0
0
0
0
0
0
0
0
0
0
0
0
0
0
0
0
0
0
0
0
0
0
0
0
0
0
0
0
0
0
0
0
0
0
0
0
0
0
0
0
0
0
0
0
0
0
0
0
0
0
0
0
0
0
0
0
0
0
0
0
0
0
0
0
0
0
0
0
0
0
0
0
0
0
0
0
0
0
0
0
0
0
0
0
0
0
0
0
0
0
0
0
0
0
0
0
0
0
0
0
0
0
0
0
0
0
0
0
Bx Data
0
0
0
0
0
0
0
0
0
0
0
0
0
0
0
0
0
0
0
0
0
0
0
0
0
0
0
0
0
0
0
0
0
0
0
0
0
0
0
0
0
0
0
0
0
0
0
0
0
0
0
0
0
0
0
0
0
0
0
0
0
0
0
0
0
0
0
0
0
0
0
0
0
0
0
0
0
0
0
0
0
0
0
0
0
0
0
0
0
0
0
0
0
0
0
0
0
0
0
0
0
0
0
0
0
0
0
0
0
0
0
0
0
0
0
0
0
0
0
0
0
0
0
0
0
0
0
0
0
0
0
0
0
0
0
0
0
0
0
0
0
0
0
0
0
0
0
Hint Data
0
0
0
0
0
0
0
0
0
0
0
0
0
0
0
0
0
0
0
0
0
0
0
0
0
0
0
0
0
0
0
0
0
0
0
0
0
0
0
0
0
0
0
0
0
0
0
0
0
0
0
0
0
0
0
0
0
0
0
0
0
0
0
0
0
0
0
0
0
0
0
0
0
0
0
0
0
0
0
0
0
0
0
0
0
0
0
0
0
0
0
0
0
0
0
0
0
0
0
0
0
0
0
0
0
0
0
0
0
0
0
0
0
0
0
0
0
0
0
0
0
0
0
0
0
0
0
0
0
0
0
0
0
0
0
0
0
0
0
0
0
0
0
0
0
0
0
Torque Data
3.5968061493
3.6808322349
3.5069185683
3.79626797459
3.2785541019
3.22941720678
3.00660797745
2.85769465695
2.7041685111
2.7314148176
2.61781285752
2.47053977115
1.98647159425
1.9849450335
1.90658456478
1.50701401968
1.4747222385
1.3279409514
1.22785351074
1.07232819174
0.90852878844
0.66457838625
0.54226149092
0.3937783508
0.253743311516
0.107282358762
-0.065317343742
-0.174777192746
-0.315717691725
-0.504447230484
-0.68281702887
-0.77367032725
-0.9226291799
-1.13123246412
-1.34140950363
-1.53356471712
-1.66496049356
-1.7130361941
-1.80352136196
-1.946597733
-2.1552357141
-2.30982787665
-2.52780363207
-2.52672411204
-3.01288282608
-2.90744210295
-3.280181912
-3.46631529825
-3.46914087714
-3.84429453888
-3.93089717314
-3.92241118392
-4.13418570264
-4.58587726171
-4.3877340309
-4.73672947048
-4.76725271526
-5.08415493418
-5.334117798
-5.3856239766
-5.39151692616
-5.46932086314
-6.00456094536
-5.6241856629
-5.520460082
-6.0964863033
-6.25095517947
-6.69175458742
-6.84097886997
-7.14309169512
-6.971516838
-6.563266245
-7.1914392672
-7.6255760826
-8.1077999219
-8.1237427824
-7.24921361
-8.3068772052
-8.6294156376
-8.264792454
-8.1844419195
-7.7327325936
-8.7431699625
-8.3888043056
-8.4059079325
-8.940195117
-9.7483082627
-10.1334737712
-10.0725861432
-9.2629682178
-9.9730030392
-10.1293475073
-10.2837283593
-11.0911056912
-10.5869377695
-10.4428180395
-11.0552752584
-10.4559102718
-11.9295016368
-11.365274565
-11.6780631804
-11.344655007
-10.6858597104
-12.1631099148
-12.3134853888
-13.0777239096
-12.9792309885
-12.7826706006
-12.7491499392
-13.4505101367
-13.249177893
-14.062788744
-13.4014090389
-13.1599761615
-13.884668766
-14.7254268312
-14.1988779756
-14.3531673318
-15.9114193182
-14.4558031737
-14.6144498124
-14.35700763
-14.9489416584
-15.3085665762
-15.2448382914
-15.3984743235
-14.6746568768
-15.9238013922
-14.953308205
-16.683902879
-15.708348306
-17.0059930306
-17.1925851342
-16.1728552125
-16.31795193
-17.183659473
-17.8210279037
-17.4892856076
-17.6384937834
-18.32046524
-19.2288454624
-17.8859696568
-16.2559320624
-17.1557463228
-17.818140123
-19.2711393049
-19.432678384
dMdH Data
-3.20615796519417E-05
8.78748125937029E-06
1.03526022421244E-06
-4.19757698671078E-06
7.01202329513434E-07
4.83903169453456E-06
1.59257622624834E-06
-4.60503193176461E-06
1.2105747511085E-06
6.32079089785656E-06
1.28167145699757E-05
9.82816549870404E-06
-1.24858580909536E-05
-1.15099182182008E-05
1.94727562035006E-06
1.14869073204965E-05
9.86730027795223E-07
8.9275614531216E-06
-4.46666666666668E-06
-4.03185914902536E-06
7.84541135096709E-07
2.18514407065978E-05
5.28909094169761E-06
2.18382655428056E-06
-5.27098775396241E-06
-9.22510744409202E-06
1.24615686531039E-05
-5.63701417146063E-06
8.1542283647348E-06
-1.59984805096137E-06
2.36703814442331E-06
6.13092466710121E-06
2.80333436245756E-06
-1.0307271067843E-05
-2.27881803500502E-06
1.37691838158354E-05
-1.87484632407181E-06
-3.26053255517053E-06
2.56520185780635E-06
-1.66812379786675E-06
7.82573532541609E-06
1.14876255380201E-05
1.16732221167323E-06
5.55739130434782E-06
-1.78841632827527E-06
-1.36763489091146E-05
-7.43507109004747E-07
8.77284965282698E-06
8.32282296206991E-06
5.87944920758641E-06
-9.03733955659276E-06
-9.00377259168278E-06
1.4179344189159E-05
-6.06737271915276E-06
4.96592183590718E-06
1.14335830915155E-05
2.97922803259246E-06
-3.44949272165856E-06
-5.26327582343718E-06
9.7347660500544E-06
-8.3738359201774E-06
1.85660290917421E-06
4.05010840761262E-06
9.78050961108625E-06
1.66137475328245E-06
-1.31569719019857E-05
1.15502296784502E-05
1.3251359659494E-06
-5.34625550660795E-06
9.0932564444637E-07
-8.13811953352768E-06
9.34126163391938E-06
8.3429035752979E-06
2.90029698769623E-06
-2.57639751552794E-06
-2.67817561807331E-06
1.07326498422713E-05
6.0224194301728E-06
-1.3583446404342E-05
-8.08372895986185E-06
4.79706390328151E-06
4.17351973684194E-07
-1.39667128987517E-06
-4.23971693940735E-06
6.31776913099871E-06
1.1594011448701E-05
1.05001919385796E-05
-7.84422110552774E-07
-1.17139669790272E-05
4.23717119448038E-06
3.64400173235168E-06
-6.64736842105266E-06
-3.99120777417862E-06
-4.99568407423394E-06
-9.73099914602899E-07
1.19154746423927E-05
1.08960151802656E-05
-5.42535487028884E-06
-4.96955719557195E-06
5.48651079136693E-06
-1.3983676975945E-05
8.82317757009346E-06
2.78165938864625E-06
3.34611872146122E-06
1.05388961321165E-06
-6.00349956255466E-06
-3.86375779162959E-06
7.00423131170656E-06
9.99522776572672E-06
-3.48814563928875E-06
-5.34140127388539E-06
-6.82114132516272E-06
-1.15618955512573E-06
5.23683025664122E-06
4.6131133304385E-06
4.02155741311043E-06
5.60525144637298E-06
-2.24525682554371E-06
-4.82514136581129E-06
-1.88518992744341E-06
7.22824232081909E-06
2.2342064714947E-07
-2.55458314140955E-06
1.13688040018184E-07
-8.46187747906547E-07
-8.36727434415306E-06
-3.45028979045917E-06
1.13257790368273E-05
1.12976939203355E-05
-2.60711188204685E-06
-1.98272807794507E-06
-2.8460665658094E-06
-1.73875753361148E-05
1.21337868480725E-05
6.32879120879122E-06
1.53306878306879E-06
-5.65048098946404E-06
3.90888173032671E-06
-5.67658948915837E-06
-4.33067375886526E-06
9.162456445993E-06
-3.68604118993135E-06
1.50143718127027E-05
-1.07154115586689E-05
-9.56825119930228E-06
7.44255133245965E-06
7.44255133245965E-06
dMdT Data
0
0
0
0
0
0
0
0
0
0
0
0
0
0
0
0
0
0
0
0
0
0
0
0
0
0
0
0
0
0
0
0
0
0
0
0
0
0
0
0
0
0
0
0
0
0
0
0
0
0
0
0
0
0
0
0
0
0
0
0
0
0
0
0
0
0
0
0
0
0
0
0
0
0
0
0
0
0
0
0
0
0
0
0
0
0
0
0
0
0
0
0
0
0
0
0
0
0
0
0
0
0
0
0
0
0
0
0
0
0
0
0
0
0
0
0
0
0
0
0
0
0
0
0
0
0
0
0
0
0
0
0
0
0
0
0
0
0
0
0
0
0
0
0
0
0
0
 
*********************************************** Results ***************************************
 
TotalArea 0
AreaFirstQuad 0
AreaSecondQuad 0
AreaThirdQuad 0
AreaFourthQuad 0
Coercivity 0
PositiveCoercivity 0
NegativeCoercivity 0
Retentivity 9.1944874190475E-03
PositiveRetentivity -0.015772465314592
NegativeRetentivity 2.61650952350295E-03
Magnetization 0.00511307
PositiveMagnetization 0.00511307
NegativeMagnetization 0.00165653
Flatness 0.715426276174729
Squareness 1.79823225949332
SStar 0
SFD1 0
SFD2 0
Slope 0
Intercept 0
SlopeAtHc 7.44255133245965E-06
dH1 -143.387935324183
dH2 1536.608
InitialSlope -3.20615796519417E-05
FieldAtHalfMs -92.545813988161
FieldAtMs 2684.94
MomentMean 3.77890530612245E-03
MomentRMS 1.00612886437465E-03
SFD3 0
dH3 -286.775870648365
UserField1 0
UserField2 0
CenterField 0
ExchangeField 0
ExchangeMoment 0
ExRegionOneIntercept 0
ExRegionOneSlope 0
ExRegionTwoIntercept 0
ExRegionTwoSlope 0
NegativeIntercept 0
NegativeSlope 0
AutoCenterOffset 0
PinningField 0
PinningMoment 0
PinRegionOneIntercept 0
PinRegionOneSlope 0
PinRegionTwoIntercept 0
PinRegionTwoSlope 0
PositiveIntercept 0
PositiveSlope 0
TotalOffset 0
BHMax 0
BCoercivity 0
BRetentivity 0
BNegativeCoercivity 0
BPositiveCoercivity 0
BNegativeRetentivity 0
BPositiveRetentivity 0
MomentYMean -6.7876318367347E-03
MomentYRMS 3.0885684797068E-04
YOffCorrection 0
Mrt 0
Ms1 0
Ms2 0
Ms3 0
Hc2 0
Hex2 0
HsatValue 0
HsatIntercept 0
HsatSlope 0
CenterH 0
Span .00345654
SpanAsPercentOfRange -65.2177358490566
RMSAsPercentOfRange -18.9835634787669
SpanAsPercentOfMean 91.4693468079191
RMSAsPercentOfMean 26.6248763297813
