Version 1.25
******************************************** Units *******************************************
System CGS
TemperatureUnit K
MomentUnit emu
AppliedFieldUnit G
 
******************************************** Setup ********************************************
 
Experiment CustomField
Minor False
Acquisition Continuous
EditedPoint No
MaxField 15000
FieldIncrement 100
Points 147
MinField 0
RampRate 10
AverageTime 0.1
TimeInterval 0
TimeConstant 0.1
TimeConstantIndex 0
Sensitivity -0.0053
SensitivityIndex 5
SensitivityY -400
SensitivityIndexY 0
SaturationField 8000
ExperimentTime 100
Use735Domains True
AutoRangeEnabled False
NumberOfVertices 2
VertexPts
0
146
VertexField
-454.3551
2908.2915
StartAngle 0
EndAngle 0
AngleIncrement 0
StartTemp 0
FinishTemp 0
TempIncrement 0
TempPoints 0
LengthofSetPointsArray 147
SetPointArray
-454.35511
-431.32328
-408.29146
-385.25963
-362.22781
-339.19598
-316.16415
-293.13233
-270.1005
-247.06868
-224.03685
-201.00503
-177.9732
-154.94137
-131.90955
-108.87772
-85.8459
-62.81407
-39.78224
-16.75042
6.28141
29.31323
52.34506
75.37688
98.40871
121.44054
144.47236
167.50419
190.53601
213.56784
236.59966
259.63149
282.66332
305.69514
328.72697
351.75879
374.79062
397.82245
420.85427
443.8861
466.91792
489.94975
512.98157
536.0134
559.04523
582.07705
605.10888
628.1407
651.17253
674.20436
697.23618
720.26801
743.29983
766.33166
789.36348
812.39531
835.42714
858.45896
881.49079
904.52261
927.55444
950.58626
973.61809
996.64992
1019.68174
1042.71357
1065.74539
1088.77722
1111.80905
1134.84087
1157.8727
1180.90452
1203.93635
1226.96817
1250
1273.03183
1296.06365
1319.09548
1342.1273
1365.15913
1388.19095
1411.22278
1434.25461
1457.28643
1480.31826
1503.35008
1526.38191
1549.41374
1572.44556
1595.47739
1618.50921
1641.54104
1664.57286
1687.60469
1710.63652
1733.66834
1756.70017
1779.73199
1802.76382
1825.79564
1848.82747
1871.8593
1894.89112
1917.92295
1940.95477
1963.9866
1987.01843
2010.05025
2033.08208
2056.1139
2079.14573
2102.17755
2125.20938
2148.24121
2171.27303
2194.30486
2217.33668
2240.36851
2263.40034
2286.43216
2309.46399
2332.49581
2355.52764
2378.55946
2401.59129
2424.62312
2447.65494
2470.68677
2493.71859
2516.75042
2539.78224
2562.81407
2585.8459
2608.87772
2631.90955
2654.94137
2677.9732
2701.00503
2724.03685
2747.06868
2770.1005
2793.13233
2816.16415
2839.19598
2862.22781
2885.25963
2908.29146
FieldDomainFile C:\IDEASVSM\Default UserID\Experiments\FORCexp0075B\fdomain.ini
TempDomainFile C:\IDEASVSM\Default UserID\Experiments\FORCexp0075B\tdomain.ini
NumSelectedResults 0
ResultsSelected 
UserName1 
UserValue1 
UserName2 
UserValue2 
LinearBackgroundCorrection Off
MaxLinearFieldCorrection 
MinLinearFieldCorrection 
AutoLinearCorrection Off
FitOneRegion Off
BackgroundMode Off
BackgroundFilename 
AutoCenter Off
OffsetCorrection 
SmoothDeriv Off
DerivOrder 0
DerivPoints 0
MinExFieldOne 
MaxExFieldOne 
MinExFieldTwo 
MaxExFieldTwo 
MinPinFieldOne 
MaxPinFieldOne 
MinPinFieldTwo 
MaxPinFieldTwo 
HCenterStart 
Mass 
Volume 
Density 
MolarWeight 
NumberOfMoles 
Demagnetization 
SampleArea 
Thickness 
MomentScaling 0
XAxis 0
YAxis 0
SimpleSpinValve False
HsatMax 0
HsatMin 0
FieldAutoRange False
 
*************************************************** Experiment Data ********************************************
 
DataPoints 147
MomentX Data
0.00213849
0.00201361
0.00219832
0.00226165
0.00220547
0.00217982
0.00229643
0.00240163
0.00253041
0.00250991
0.00237972
0.0024856
0.00249356
0.00244632
0.0026082
0.00263321
0.00283084
0.00262311
0.00262431
0.00283911
0.00295762
0.00326079
0.00299797
0.00281341
0.00296815
0.00312558
0.0030937
0.00324617
0.00317082
0.00303748
0.00306781
0.00336067
0.00348691
0.0034148
0.00315616
0.0031413
0.00323566
0.00324707
0.00350203
0.003611
0.00338474
0.00350907
0.00328525
0.00325409
0.00364021
0.0037993
0.00373007
0.00363244
0.00349376
0.00385684
0.00391483
0.00370786
0.00388081
0.00393067
0.00372321
0.00366763
0.00384163
0.0040193
0.00389572
0.00389142
0.00379194
0.00385875
0.00369091
0.00394682
0.00415774
0.00416565
0.00399977
0.00392202
0.00379897
0.00403542
0.00397084
0.00412606
0.00425385
0.00435758
0.00416356
0.00401764
0.00416432
0.00428483
0.00419131
0.00403353
0.00396732
0.00407098
0.00421883
0.00426653
0.0044816
0.00449813
0.00420821
0.00418531
0.00417394
0.00427486
0.00446651
0.00454651
0.00452866
0.00440287
0.0043159
0.00434733
0.00474418
0.0045756
0.00457804
0.00461887
0.00451748
0.00461994
0.00445444
0.00463512
0.00468803
0.00466476
0.00451745
0.00429742
0.00452946
0.00474442
0.00462431
0.00459286
0.00454977
0.00453862
0.00467151
0.00479433
0.00476127
0.00475111
0.00459678
0.00449634
0.00451116
0.00483698
0.0048589
0.00487881
0.00469296
0.00460741
0.00477995
0.00480671
0.0050653
0.00496145
0.00494924
0.004919
0.00478486
0.00456574
0.00466592
0.00484842
0.00489332
0.00493847
0.00489955
0.00488893
0.00506207
0.00510649
0.00504132
0.00511459
0.00480553
0.0047215
0.00477449
MomentY Data
-0.00705719
-0.00658035
-0.00686646
-0.00686646
-0.00638962
-0.00686646
-0.00658035
-0.00658035
-0.00638962
-0.00677109
-0.00629425
-0.00705719
-0.00686646
-0.00720024
-0.00629425
-0.00686646
-0.00677109
-0.00638962
-0.00658035
-0.00705719
-0.00753403
-0.00705719
-0.00734329
-0.00677109
-0.00638962
-0.00658035
-0.00734329
-0.00638962
-0.00686646
-0.00677109
-0.00658035
-0.00686646
-0.00720024
-0.00767708
-0.00677109
-0.00658035
-0.00686646
-0.00677109
-0.00686646
-0.00638962
-0.00677109
-0.00705719
-0.00686646
-0.00677109
-0.00720024
-0.00610352
-0.00720024
-0.00686646
-0.00677109
-0.00658035
-0.00658035
-0.00705719
-0.00638962
-0.00658035
-0.00610352
-0.00720024
-0.00658035
-0.00753403
-0.00720024
-0.00753403
-0.00658035
-0.00686646
-0.00677109
-0.00705719
-0.00677109
-0.00638962
-0.00686646
-0.00638962
-0.00734329
-0.00734329
-0.00720024
-0.00782013
-0.00705719
-0.00720024
-0.00686646
-0.00658035
-0.00677109
-0.00658035
-0.00734329
-0.00753403
-0.00705719
-0.00658035
-0.00686646
-0.00677109
-0.00753403
-0.00705719
-0.00686646
-0.00734329
-0.00658035
-0.00686646
-0.00705719
-0.00720024
-0.00734329
-0.00638962
-0.00720024
-0.00720024
-0.00705719
-0.00705719
-0.00686646
-0.00638962
-0.00705719
-0.00720024
-0.00705719
-0.00658035
-0.00638962
-0.00686646
-0.00658035
-0.00638962
-0.00686646
-0.00686646
-0.00734329
-0.00705719
-0.00767708
-0.00720024
-0.00658035
-0.00677109
-0.00658035
-0.00686646
-0.00686646
-0.00686646
-0.00686646
-0.00720024
-0.00753403
-0.00734329
-0.00686646
-0.00677109
-0.00705719
-0.00705719
-0.00705719
-0.00686646
-0.00705719
-0.00753403
-0.00705719
-0.00734329
-0.00705719
-0.00753403
-0.00705719
-0.00686646
-0.00734329
-0.00705719
-0.00705719
-0.00686646
-0.00705719
-0.00686646
-0.00720024
-0.00753403
-0.00686646
Field Data
-454.219
-447.002
-433.484
-415.888
-395.925
-375.014
-353.325
-330.349
-306.754
-283.283
-256.876
-234.675
-212.473
-189.653
-166.319
-143.608
-121.712
-98.2223
-74.9081
-52.1201
-25.6766
-4.34918
17.7392
40.5841
63.375
86.7629
108.868
131.613
155.037
178.291
205.291
225.947
247.399
270.067
293.029
320.523
340.824
362.717
385.289
408.087
430.674
452.886
475.36
498.936
522.046
549.545
570.113
591.751
614.12
636.36
659.804
681.71
704.82
728.526
751.837
774.798
799.417
821.262
843.174
866.697
889.592
912.322
933.668
957.119
980.415
1003.58
1029.85
1051.06
1072.82
1095.52
1117.5
1143.56
1163.82
1186.63
1209.75
1232.69
1258.75
1279.51
1301.19
1323.72
1347.2
1370.4
1392.34
1415.72
1438.72
1461.94
1487.94
1508.25
1530.43
1553.02
1576.24
1599.27
1621.15
1644.27
1667.2
1690.3
1716.33
1737.72
1759.47
1782.2
1804.78
1827.75
1849.35
1872.98
1895.78
1919.24
1945.21
1966.23
1988.5
2010.9
2033.22
2060.8
2081.32
2102.84
2125.59
2148.44
2171.91
2193.97
2216.11
2238.96
2261.61
2289.11
2309.77
2331.38
2353.96
2376.87
2399.38
2421.08
2447.45
2469.05
2490.97
2513.93
2535.18
2558.04
2581.3
2604.69
2631.73
2652.22
2673.02
2696.32
2719.16
2742.49
2764.27
2786.9
2809.96
2833.35
2859.44
Time Data
0
0.1
0.2
0.3
0.4
0.5
0.6
0.7
0.8
0.9
1
1.1
1.2
1.3
1.4
1.5
1.6
1.7
1.8
1.9
2
2.1
2.2
2.3
2.4
2.5
2.6
2.7
2.8
2.9
3
3.1
3.2
3.3
3.4
3.5
3.6
3.7
3.8
3.9
4
4.1
4.2
4.3
4.4
4.5
4.6
4.7
4.8
4.9
5
5.1
5.2
5.3
5.4
5.5
5.6
5.7
5.8
5.9
5.99999999999999
6.09999999999999
6.19999999999999
6.29999999999999
6.39999999999999
6.49999999999999
6.59999999999999
6.69999999999999
6.79999999999999
6.89999999999999
6.99999999999999
7.09999999999999
7.19999999999999
7.29999999999999
7.39999999999999
7.49999999999999
7.59999999999999
7.69999999999999
7.79999999999999
7.89999999999999
7.99999999999999
8.09999999999999
8.19999999999999
8.29999999999999
8.39999999999999
8.49999999999999
8.59999999999999
8.69999999999999
8.79999999999998
8.89999999999998
8.99999999999998
9.09999999999998
9.19999999999998
9.29999999999998
9.39999999999998
9.49999999999998
9.59999999999998
9.69999999999998
9.79999999999998
9.89999999999998
9.99999999999998
10.1
10.2
10.3
10.4
10.5
10.6
10.7
10.8
10.9
11
11.1
11.2
11.3
11.4
11.5
11.6
11.7
11.8
11.9
12
12.1
12.2
12.3
12.4
12.5
12.6
12.7
12.8
12.9
13
13.1
13.2
13.3
13.4
13.5
13.6
13.7
13.8
13.9
14
14.1
14.2
14.3
14.4
14.5
14.6
Temperature Data
0
0
0
0
0
0
0
0
0
0
0
0
0
0
0
0
0
0
0
0
0
0
0
0
0
0
0
0
0
0
0
0
0
0
0
0
0
0
0
0
0
0
0
0
0
0
0
0
0
0
0
0
0
0
0
0
0
0
0
0
0
0
0
0
0
0
0
0
0
0
0
0
0
0
0
0
0
0
0
0
0
0
0
0
0
0
0
0
0
0
0
0
0
0
0
0
0
0
0
0
0
0
0
0
0
0
0
0
0
0
0
0
0
0
0
0
0
0
0
0
0
0
0
0
0
0
0
0
0
0
0
0
0
0
0
0
0
0
0
0
0
0
0
0
0
0
0
Angle Data
0
0
0
0
0
0
0
0
0
0
0
0
0
0
0
0
0
0
0
0
0
0
0
0
0
0
0
0
0
0
0
0
0
0
0
0
0
0
0
0
0
0
0
0
0
0
0
0
0
0
0
0
0
0
0
0
0
0
0
0
0
0
0
0
0
0
0
0
0
0
0
0
0
0
0
0
0
0
0
0
0
0
0
0
0
0
0
0
0
0
0
0
0
0
0
0
0
0
0
0
0
0
0
0
0
0
0
0
0
0
0
0
0
0
0
0
0
0
0
0
0
0
0
0
0
0
0
0
0
0
0
0
0
0
0
0
0
0
0
0
0
0
0
0
0
0
0
Bx Data
0
0
0
0
0
0
0
0
0
0
0
0
0
0
0
0
0
0
0
0
0
0
0
0
0
0
0
0
0
0
0
0
0
0
0
0
0
0
0
0
0
0
0
0
0
0
0
0
0
0
0
0
0
0
0
0
0
0
0
0
0
0
0
0
0
0
0
0
0
0
0
0
0
0
0
0
0
0
0
0
0
0
0
0
0
0
0
0
0
0
0
0
0
0
0
0
0
0
0
0
0
0
0
0
0
0
0
0
0
0
0
0
0
0
0
0
0
0
0
0
0
0
0
0
0
0
0
0
0
0
0
0
0
0
0
0
0
0
0
0
0
0
0
0
0
0
0
Hint Data
0
0
0
0
0
0
0
0
0
0
0
0
0
0
0
0
0
0
0
0
0
0
0
0
0
0
0
0
0
0
0
0
0
0
0
0
0
0
0
0
0
0
0
0
0
0
0
0
0
0
0
0
0
0
0
0
0
0
0
0
0
0
0
0
0
0
0
0
0
0
0
0
0
0
0
0
0
0
0
0
0
0
0
0
0
0
0
0
0
0
0
0
0
0
0
0
0
0
0
0
0
0
0
0
0
0
0
0
0
0
0
0
0
0
0
0
0
0
0
0
0
0
0
0
0
0
0
0
0
0
0
0
0
0
0
0
0
0
0
0
0
0
0
0
0
0
0
Torque Data
3.20550978461
2.9414296107
2.97650054664
2.85567831648
2.5298102985
2.57501863044
2.32500216375
2.17381204215
1.96004149348
1.91813468847
1.616841763
1.65614606325
1.45893735558
1.36554711672
1.04685336575
0.98607858768
0.82412290608
0.627603172526
0.492921515835
0.367821448519
0.193448274698
0.0306929896042
-0.130264089968
-0.274798593669
-0.4049421675
-0.570930249015
-0.79944929572
-0.84095705706
-1.06455535902
-1.20722440719
-1.35088663185
-1.55145603762
-1.78133217576
-2.07332596436
-1.98412573161
-2.10915352305
-2.34025436304
-2.45598945153
-2.64557150694
-2.60752085694
-2.91613241466
-3.19610255034
-3.2640404256
-3.37834056024
-3.75885649104
-3.3541588984
-4.10495042712
-4.06323457146
-4.1582617908
-4.187471526
-4.3417412514
-4.8109569949
-4.5035319684
-4.7939560641
-4.58885216624
-5.57873155152
-5.26044365595
-6.18741254586
-6.07105516176
-6.52972119891
-5.8538267172
-6.26442252012
-6.32195005812
-6.75457063561
-6.63847820235
-6.4124948396
-7.071423831
-6.7158739972
-7.8780283778
-8.0447210608
-8.0462682
-8.9427878628
-8.2132988658
-8.5440207912
-8.306699985
-8.1115316415
-8.5231095375
-8.4196236285
-9.5550155151
-9.9729461916
-9.507446368
-9.01771164
-9.5604469164
-9.5859675348
-10.8393596416
-10.3171883486
-10.2168804924
-11.0755171425
-10.0707650505
-10.6637497092
-11.1238251656
-11.5151278248
-11.9045745835
-10.5062604774
-12.004240128
-12.170565672
-12.1124669127
-12.2634202068
-12.0813303762
-11.387580764
-12.7366753682
-13.16023866
-13.0512143265
-12.324863943
-12.1133138036
-13.1783846904
-12.8001626235
-12.5634625326
-13.65395571
-13.807764414
-14.9305240938
-14.543457152
-15.9784601456
-15.1409526816
-13.9871261565
-14.5472805996
-14.2919279685
-15.0648072462
-15.2168306706
-15.3737292816
-15.5292546006
-16.4821413864
-17.4018764731
-17.1199994402
-16.1633721816
-16.0940006883
-16.9328805422
-17.0860215652
-17.2721196655
-16.953633063
-17.5792485743
-18.9400240379
-17.8912469442
-18.7844295516
-18.216724547
-19.6238126007
-18.5726186387
-18.2113625412
-19.6287610358
-19.0284425408
-19.1896287604
-18.8311978854
-19.5079786013
-19.136137374
-20.2323863904
-21.3465439005
-19.6342303824
dMdH Data
-1.73035887487876E-05
1.36640035508211E-05
3.59911343487156E-06
-2.814206281621E-06
-1.2266271340443E-06
5.37645811240721E-06
4.57869080779945E-06
5.45793600339055E-06
-8.73418260832503E-07
-4.93013216192676E-06
4.76915454258818E-06
3.58526258895595E-07
-2.07011393514461E-06
6.9375160709694E-06
1.10122847959138E-06
9.02584947022286E-06
-8.84345053363814E-06
5.14707774660856E-08
9.42601369141654E-06
4.48163064647267E-06
1.42150339797312E-05
-1.1898563860274E-05
-8.07882722183069E-06
6.78955197030394E-06
6.73125847126078E-06
-1.44220112100828E-06
6.70345130797978E-06
-3.21678620218579E-06
-5.73406725724607E-06
1.12333333333333E-06
1.41779628195198E-05
5.88476598918516E-06
-3.18113640374097E-06
-1.12638271927533E-05
-5.40481559612998E-07
4.64804689424166E-06
5.21171150596077E-07
1.12954102427787E-05
4.77980524607421E-06
-1.00172665692655E-05
5.59742481541509E-06
-9.95906380706595E-06
-1.32168306752631E-06
1.67079186499351E-05
5.78530128368305E-06
-3.36590820692336E-06
-4.51196968296517E-06
-6.19965130314273E-06
1.63255395683453E-05
2.47355400102374E-06
-9.44809641194192E-06
7.48377325832974E-06
2.10326499620349E-06
-8.89966110419972E-06
-2.42062627934323E-06
7.06771192981031E-06
8.13321126115819E-06
-5.63983205549469E-06
-1.82799812949031E-07
-4.34505350513212E-06
2.93928728552574E-06
-7.86283144383024E-06
1.09125410430259E-05
9.05391483516485E-06
3.41463414634139E-07
-6.31442710315954E-06
-3.66572371522865E-06
-5.65487132352941E-06
1.04162995594713E-05
-2.93812556869881E-06
5.9562547966232E-06
6.30750246791708E-06
4.54756685664178E-06
-8.39186851211075E-06
-6.36094158674802E-06
5.62854950115119E-06
5.80491329479769E-06
-4.31365313653134E-06
-7.0031069684865E-06
-2.81984667802384E-06
4.46810344827586E-06
6.73883318140387E-06
2.04020530367836E-06
9.35086956521737E-06
7.1188630490959E-07
-1.11507692307692E-05
-1.12752338749386E-06
-5.12623985572592E-07
4.46746347941569E-06
8.25366063738155E-06
3.47372991749893E-06
-8.15813528336368E-07
-5.44074394463673E-06
-3.79284779764498E-06
1.36060606060606E-06
1.52458701498271E-05
-7.88125292192609E-06
1.12183908045989E-07
1.79630444346676E-06
-4.49025686448185E-06
4.46060078363083E-06
-7.6620370370371E-06
7.64621244181125E-06
2.32061403508771E-06
-9.91901108269381E-07
-5.67231420870236E-06
-1.04676498572788E-05
1.04193982936686E-05
9.59642857142854E-06
-5.38127240143369E-06
-1.14031907179117E-06
-2.09990253411306E-06
-5.18122676579912E-07
5.84131868131869E-06
5.37505470459521E-06
-1.40860673199833E-06
-4.60562103354467E-07
-6.97064137308031E-06
-4.39562363238515E-06
6.54304635761607E-07
0.000011848
1.06098741529526E-06
9.21332716335012E-07
-8.23073516386183E-06
-3.73417721518991E-06
7.66503776099502E-06
1.23317972350231E-06
9.8062191884718E-06
-4.80787037037029E-06
-5.57025547445281E-07
-1.3170731707317E-06
-6.31247058823528E-06
-9.58530183727028E-06
4.30696474634558E-06
7.8024796921762E-06
1.66050295857987E-06
2.20351390922407E-06
-1.87115384615385E-06
-4.55793991416316E-07
7.58056042031536E-06
1.90398628375482E-06
-2.99219467401282E-06
3.23773751657088E-06
-1.34024284475282E-05
-3.59256092347158E-06
2.03104637792257E-06
2.03104637792257E-06
dMdT Data
0
0
0
0
0
0
0
0
0
0
0
0
0
0
0
0
0
0
0
0
0
0
0
0
0
0
0
0
0
0
0
0
0
0
0
0
0
0
0
0
0
0
0
0
0
0
0
0
0
0
0
0
0
0
0
0
0
0
0
0
0
0
0
0
0
0
0
0
0
0
0
0
0
0
0
0
0
0
0
0
0
0
0
0
0
0
0
0
0
0
0
0
0
0
0
0
0
0
0
0
0
0
0
0
0
0
0
0
0
0
0
0
0
0
0
0
0
0
0
0
0
0
0
0
0
0
0
0
0
0
0
0
0
0
0
0
0
0
0
0
0
0
0
0
0
0
0
 
*********************************************** Results ***************************************
 
TotalArea 0
AreaFirstQuad 0
AreaSecondQuad 0
AreaThirdQuad 0
AreaFourthQuad 0
Coercivity 0
PositiveCoercivity 0
NegativeCoercivity 0
Retentivity 4.46508489095787E-03
PositiveRetentivity -5.72112877788556E-03
NegativeRetentivity 3.20904100403017E-03
Magnetization 0.00511459
PositiveMagnetization 0.00511459
NegativeMagnetization 0.00201361
Flatness 0.281303472968964
Squareness 0.873009349910329
SStar 0
SFD1 0
SFD2 0
Slope 0
Intercept 0
SlopeAtHc 2.03104637792257E-06
dH1 -129.021931686591
dH2 299.2555
InitialSlope -1.73035887487876E-05
FieldAtHalfMs -173.656640659748
FieldAtMs 2786.9
MomentMean 3.93251598639456E-03
MomentRMS 8.18002522875719E-04
SFD3 0
dH3 -258.043863373181
UserField1 0
UserField2 0
CenterField 0
ExchangeField 0
ExchangeMoment 0
ExRegionOneIntercept 0
ExRegionOneSlope 0
ExRegionTwoIntercept 0
ExRegionTwoSlope 0
NegativeIntercept 0
NegativeSlope 0
AutoCenterOffset 0
PinningField 0
PinningMoment 0
PinRegionOneIntercept 0
PinRegionOneSlope 0
PinRegionTwoIntercept 0
PinRegionTwoSlope 0
PositiveIntercept 0
PositiveSlope 0
TotalOffset 0
BHMax 0
BCoercivity 0
BRetentivity 0
BNegativeCoercivity 0
BPositiveCoercivity 0
BNegativeRetentivity 0
BPositiveRetentivity 0
MomentYMean -6.9193299319728E-03
MomentYRMS 3.46114926652066E-04
YOffCorrection 0
Mrt 0
Ms1 0
Ms2 0
Ms3 0
Hc2 0
Hex2 0
HsatValue 0
HsatIntercept 0
HsatSlope 0
CenterH 0
Span .00310098
SpanAsPercentOfRange -58.5090566037736
RMSAsPercentOfRange -15.4340098655796
SpanAsPercentOfMean 78.8548606217636
RMSAsPercentOfMean 20.8009967589652
