Version 1.25
******************************************** Units *******************************************
System CGS
TemperatureUnit K
MomentUnit emu
AppliedFieldUnit G
 
******************************************** Setup ********************************************
 
Experiment CustomField
Minor False
Acquisition Continuous
EditedPoint No
MaxField 15000
FieldIncrement 100
Points 131
MinField 0
RampRate 10
AverageTime 0.1
TimeInterval 0
TimeConstant 0.1
TimeConstantIndex 0
Sensitivity -0.0053
SensitivityIndex 5
SensitivityY -400
SensitivityIndexY 0
SaturationField 8000
ExperimentTime 100
Use735Domains True
AutoRangeEnabled False
NumberOfVertices 2
VertexPts
0
130
VertexField
-247.0687
2747.0687
StartAngle 0
EndAngle 0
AngleIncrement 0
StartTemp 0
FinishTemp 0
TempIncrement 0
TempPoints 0
LengthofSetPointsArray 131
SetPointArray
-247.06868
-224.03685
-201.00503
-177.9732
-154.94137
-131.90955
-108.87772
-85.8459
-62.81407
-39.78224
-16.75042
6.28141
29.31323
52.34506
75.37688
98.40871
121.44054
144.47236
167.50419
190.53601
213.56784
236.59966
259.63149
282.66332
305.69514
328.72697
351.75879
374.79062
397.82245
420.85427
443.8861
466.91792
489.94975
512.98157
536.0134
559.04523
582.07705
605.10888
628.1407
651.17253
674.20436
697.23618
720.26801
743.29983
766.33166
789.36348
812.39531
835.42714
858.45896
881.49079
904.52261
927.55444
950.58626
973.61809
996.64992
1019.68174
1042.71357
1065.74539
1088.77722
1111.80905
1134.84087
1157.8727
1180.90452
1203.93635
1226.96817
1250
1273.03183
1296.06365
1319.09548
1342.1273
1365.15913
1388.19095
1411.22278
1434.25461
1457.28643
1480.31826
1503.35008
1526.38191
1549.41374
1572.44556
1595.47739
1618.50921
1641.54104
1664.57286
1687.60469
1710.63652
1733.66834
1756.70017
1779.73199
1802.76382
1825.79564
1848.82747
1871.8593
1894.89112
1917.92295
1940.95477
1963.9866
1987.01843
2010.05025
2033.08208
2056.1139
2079.14573
2102.17755
2125.20938
2148.24121
2171.27303
2194.30486
2217.33668
2240.36851
2263.40034
2286.43216
2309.46399
2332.49581
2355.52764
2378.55946
2401.59129
2424.62312
2447.65494
2470.68677
2493.71859
2516.75042
2539.78224
2562.81407
2585.8459
2608.87772
2631.90955
2654.94137
2677.9732
2701.00503
2724.03685
2747.06868
FieldDomainFile C:\IDEASVSM\Default UserID\Experiments\FORCexp0066B\fdomain.ini
TempDomainFile C:\IDEASVSM\Default UserID\Experiments\FORCexp0066B\tdomain.ini
NumSelectedResults 0
ResultsSelected 
UserName1 
UserValue1 
UserName2 
UserValue2 
LinearBackgroundCorrection Off
MaxLinearFieldCorrection 
MinLinearFieldCorrection 
AutoLinearCorrection Off
FitOneRegion Off
BackgroundMode Off
BackgroundFilename 
AutoCenter Off
OffsetCorrection 
SmoothDeriv Off
DerivOrder 0
DerivPoints 0
MinExFieldOne 
MaxExFieldOne 
MinExFieldTwo 
MaxExFieldTwo 
MinPinFieldOne 
MaxPinFieldOne 
MinPinFieldTwo 
MaxPinFieldTwo 
HCenterStart 
Mass 
Volume 
Density 
MolarWeight 
NumberOfMoles 
Demagnetization 
SampleArea 
Thickness 
MomentScaling 0
XAxis 0
YAxis 0
SimpleSpinValve False
HsatMax 0
HsatMin 0
FieldAutoRange False
 
*************************************************** Experiment Data ********************************************
 
DataPoints 131
MomentX Data
0.00270915
0.00267242
0.00278691
0.00269118
0.00262321
0.00272956
0.00273251
0.00281581
0.00302059
0.00302546
0.00314363
0.00312347
0.00298803
0.0028068
0.00297175
0.00301283
0.00310911
0.0030307
0.0030474
0.00315072
0.00332909
0.00339398
0.00362242
0.00361893
0.0033187
0.00322346
0.00337489
0.0035091
0.00362981
0.00342727
0.00359971
0.00364798
0.00358265
0.00366214
0.00382552
0.0038014
0.0037254
0.00361239
0.00351657
0.00344042
0.00381584
0.00389804
0.00388553
0.00390809
0.00397061
0.00409323
0.0040564
0.00415461
0.00394412
0.00381564
0.0039011
0.00417166
0.0043873
0.00429633
0.00407545
0.00398449
0.00400602
0.00409358
0.00439605
0.00410317
0.00415636
0.00419821
0.0041485
0.00403209
0.00418159
0.00430151
0.00389671
0.00396205
0.00420451
0.00427268
0.00438087
0.00436988
0.00426647
0.0041887
0.00407187
0.00416771
0.00448575
0.00437694
0.00456674
0.00455967
0.00437425
0.00429361
0.00454375
0.00469061
0.0048095
0.00470651
0.00448279
0.0045659
0.0044904
0.00451881
0.00437556
0.0045693
0.00470492
0.00460321
0.00442368
0.00445362
0.00465393
0.004438
0.00437615
0.00467693
0.00455499
0.00445601
0.00443971
0.00458212
0.00485723
0.00504719
0.00482025
0.00492946
0.00511587
0.00483792
0.00498837
0.00490297
0.0048504
0.00458222
0.00453175
0.00462681
0.00489175
0.00486988
0.00471192
0.00469912
0.00499364
0.00504644
0.00491081
0.00501599
0.00498941
0.00498708
0.00464965
0.00496018
0.00479622
0.00457379
0.00455951
MomentY Data
-0.00677109
-0.00705719
-0.00720024
-0.00720024
-0.00686646
-0.00629425
-0.00686646
-0.00720024
-0.00720024
-0.00658035
-0.00705719
-0.00720024
-0.00720024
-0.00705719
-0.00677109
-0.00686646
-0.00677109
-0.00658035
-0.00705719
-0.00705719
-0.00705719
-0.00677109
-0.00767708
-0.00677109
-0.00658035
-0.00767708
-0.00720024
-0.00705719
-0.00720024
-0.00753403
-0.00720024
-0.00705719
-0.00686646
-0.00767708
-0.00658035
-0.00767708
-0.00638962
-0.00629425
-0.00686646
-0.00705719
-0.00677109
-0.00677109
-0.00705719
-0.00705719
-0.00753403
-0.00720024
-0.00658035
-0.00705719
-0.00705719
-0.00638962
-0.00705719
-0.00677109
-0.00705719
-0.00705719
-0.00658035
-0.00677109
-0.00677109
-0.00658035
-0.00705719
-0.00638962
-0.00705719
-0.00658035
-0.00658035
-0.00686646
-0.00686646
-0.00705719
-0.00686646
-0.00734329
-0.00677109
-0.00677109
-0.00677109
-0.00734329
-0.00734329
-0.00720024
-0.00658035
-0.00734329
-0.00629425
-0.00705719
-0.00677109
-0.00686646
-0.00686646
-0.00658035
-0.00705719
-0.00638962
-0.00705719
-0.00638962
-0.00705719
-0.00705719
-0.00734329
-0.00686646
-0.00677109
-0.00686646
-0.00753403
-0.00734329
-0.00658035
-0.00658035
-0.00658035
-0.00686646
-0.00629425
-0.00686646
-0.00753403
-0.00677109
-0.00734329
-0.00705719
-0.00782013
-0.00720024
-0.00705719
-0.00658035
-0.00720024
-0.00734329
-0.00705719
-0.00734329
-0.00734329
-0.00734329
-0.00686646
-0.00734329
-0.00720024
-0.00720024
-0.00720024
-0.00720024
-0.00638962
-0.00638962
-0.00686646
-0.00705719
-0.00734329
-0.00677109
-0.00686646
-0.00638962
-0.00705719
-0.00734329
-0.00720024
Field Data
-247.177
-245.6
-235.53
-219.631
-200.342
-179.097
-155.304
-132.684
-109.704
-86.6166
-64.0444
-41.5962
-18.6408
7.86462
30.4114
53.1559
75.0458
98.315
121.11
144.148
171.459
191.904
212.535
235.61
258.581
286.166
306.21
327.958
350.767
373.374
396.173
418.889
441.559
465.021
488.237
515.485
536.006
557.758
580.039
603.015
626.161
648.144
673.945
696.813
715.883
743.434
764.786
786.642
809.218
832.426
859.458
879.405
901.024
923.646
946.839
969.734
991.476
1014.36
1037.65
1060.04
1086.76
1109.18
1131.29
1153.64
1176.24
1199.2
1223.35
1244.72
1266.84
1286.92
1310.13
1338.79
1360.08
1382.3
1405.06
1427.94
1450.76
1472.78
1495.06
1518.3
1541.72
1568.85
1589.11
1610.56
1633.29
1656.18
1678.87
1700.71
1723.09
1746.5
1772.59
1796.68
1817.54
1839.49
1862.07
1885.07
1907.06
1929.01
1951.52
1975.42
1998.68
2024.98
2046.26
2068.36
2090.73
2113.7
2135.91
2157.23
2180.12
2203.64
2227.41
2254.45
2275.2
2296.29
2318.84
2341.93
2364.59
2386.68
2408.15
2432.32
2455.01
2482.25
2503.28
2524.71
2547.04
2570.12
2592.83
2613.95
2636.51
2663.6
2686.15
Time Data
0
0.1
0.2
0.3
0.4
0.5
0.6
0.7
0.8
0.9
1
1.1
1.2
1.3
1.4
1.5
1.6
1.7
1.8
1.9
2
2.1
2.2
2.3
2.4
2.5
2.6
2.7
2.8
2.9
3
3.1
3.2
3.3
3.4
3.5
3.6
3.7
3.8
3.9
4
4.1
4.2
4.3
4.4
4.5
4.6
4.7
4.8
4.9
5
5.1
5.2
5.3
5.4
5.5
5.6
5.7
5.8
5.9
5.99999999999999
6.09999999999999
6.19999999999999
6.29999999999999
6.39999999999999
6.49999999999999
6.59999999999999
6.69999999999999
6.79999999999999
6.89999999999999
6.99999999999999
7.09999999999999
7.19999999999999
7.29999999999999
7.39999999999999
7.49999999999999
7.59999999999999
7.69999999999999
7.79999999999999
7.89999999999999
7.99999999999999
8.09999999999999
8.19999999999999
8.29999999999999
8.39999999999999
8.49999999999999
8.59999999999999
8.69999999999999
8.79999999999998
8.89999999999998
8.99999999999998
9.09999999999998
9.19999999999998
9.29999999999998
9.39999999999998
9.49999999999998
9.59999999999998
9.69999999999998
9.79999999999998
9.89999999999998
9.99999999999998
10.1
10.2
10.3
10.4
10.5
10.6
10.7
10.8
10.9
11
11.1
11.2
11.3
11.4
11.5
11.6
11.7
11.8
11.9
12
12.1
12.2
12.3
12.4
12.5
12.6
12.7
12.8
12.9
13
Temperature Data
0
0
0
0
0
0
0
0
0
0
0
0
0
0
0
0
0
0
0
0
0
0
0
0
0
0
0
0
0
0
0
0
0
0
0
0
0
0
0
0
0
0
0
0
0
0
0
0
0
0
0
0
0
0
0
0
0
0
0
0
0
0
0
0
0
0
0
0
0
0
0
0
0
0
0
0
0
0
0
0
0
0
0
0
0
0
0
0
0
0
0
0
0
0
0
0
0
0
0
0
0
0
0
0
0
0
0
0
0
0
0
0
0
0
0
0
0
0
0
0
0
0
0
0
0
0
0
0
0
0
0
Angle Data
0
0
0
0
0
0
0
0
0
0
0
0
0
0
0
0
0
0
0
0
0
0
0
0
0
0
0
0
0
0
0
0
0
0
0
0
0
0
0
0
0
0
0
0
0
0
0
0
0
0
0
0
0
0
0
0
0
0
0
0
0
0
0
0
0
0
0
0
0
0
0
0
0
0
0
0
0
0
0
0
0
0
0
0
0
0
0
0
0
0
0
0
0
0
0
0
0
0
0
0
0
0
0
0
0
0
0
0
0
0
0
0
0
0
0
0
0
0
0
0
0
0
0
0
0
0
0
0
0
0
0
Bx Data
0
0
0
0
0
0
0
0
0
0
0
0
0
0
0
0
0
0
0
0
0
0
0
0
0
0
0
0
0
0
0
0
0
0
0
0
0
0
0
0
0
0
0
0
0
0
0
0
0
0
0
0
0
0
0
0
0
0
0
0
0
0
0
0
0
0
0
0
0
0
0
0
0
0
0
0
0
0
0
0
0
0
0
0
0
0
0
0
0
0
0
0
0
0
0
0
0
0
0
0
0
0
0
0
0
0
0
0
0
0
0
0
0
0
0
0
0
0
0
0
0
0
0
0
0
0
0
0
0
0
0
Hint Data
0
0
0
0
0
0
0
0
0
0
0
0
0
0
0
0
0
0
0
0
0
0
0
0
0
0
0
0
0
0
0
0
0
0
0
0
0
0
0
0
0
0
0
0
0
0
0
0
0
0
0
0
0
0
0
0
0
0
0
0
0
0
0
0
0
0
0
0
0
0
0
0
0
0
0
0
0
0
0
0
0
0
0
0
0
0
0
0
0
0
0
0
0
0
0
0
0
0
0
0
0
0
0
0
0
0
0
0
0
0
0
0
0
0
0
0
0
0
0
0
0
0
0
0
0
0
0
0
0
0
0
Torque Data
1.67365771293
1.733245864
1.6958725272
1.58139591144
1.37564032932
1.12728129225
1.06638870384
0.95535664416
0.78989512896
0.56996754381
0.451973499236
0.299502623088
0.134218233792
-0.0555021176178
-0.205918326426
-0.364992861114
-0.508141865922
-0.64694711025
-0.8546962809
-1.01727982412
-1.21001874021
-1.29939925536
-1.6316481978
-1.5953365149
-1.70155348335
-2.19691927528
-2.2047854904
-2.31446191802
-2.52560658408
-2.81301091722
-2.85254068152
-2.95617926191
-3.03194721114
-3.57000341868
-3.21277034295
-3.9574195838
-3.42487465772
-3.5106682915
-3.98281459194
-4.25559142785
-4.23979248549
-4.38864135696
-4.75615791455
-4.91754173547
-5.39348399849
-5.35290322416
-5.0325595551
-5.55148205598
-5.71080517742
-5.31888581812
-6.06535840302
-5.95453040145
-6.35869756256
-6.51834531474
-6.23053201365
-6.56615619006
-6.71337322884
-6.674843826
-7.3228932035
-6.7732527848
-7.6694718044
-7.298792613
-7.4442841515
-7.9214229144
-8.0766049104
-8.462982248
-8.400083841
-9.1403399288
-8.5778876556
-8.7138511428
-8.8710081417
-9.8311232191
-9.9874618632
-9.952891752
-9.245786571
-10.4857775226
-9.13144613
-10.3936882882
-10.1231858154
-10.425346218
-10.5861587112
-10.3235820975
-11.2146512009
-10.2908663872
-11.5264378551
-10.5823608516
-11.8481045753
-12.0022336049
-12.6531495661
-11.99227239
-12.0023664231
-12.3368313528
-13.6934008862
-13.5079085221
-12.2530723245
-12.4044203745
-12.549122271
-13.2454700046
-12.28335476
-13.5641424132
-15.0581150804
-13.7113218282
-15.0262805954
-14.5968095084
-16.3497803949
-15.219147288
-15.0735226929
-14.1953284305
-15.6973872288
-16.1819675756
-15.7192555779
-16.5550801405
-16.707453408
-16.8623233941
-15.9222221064
-17.1974711497
-17.0256155016
-17.1846688032
-17.339257956
-17.5132877568
-15.6865809962
-15.860634245
-17.1886719888
-17.8173581649
-18.7036533616
-17.4025138308
-17.8035634818
-16.702147199
-18.6063520069
-19.559587244
-19.340924676
dMdH Data
-2.32910589727331E-05
1.1369414101291E-05
-6.02113340461664E-06
-3.52377002436623E-06
5.00588373734996E-06
1.23986046316154E-07
3.68258178603007E-06
8.91122715404699E-06
2.10937567677614E-07
5.23520082225037E-06
-8.98067551073136E-07
-5.90013678698694E-06
-6.83746946850871E-06
7.31590054100852E-06
1.80615093758932E-06
4.39837550651213E-06
-3.3696904062022E-06
7.32616801930254E-07
4.48476430245681E-06
6.53106806781149E-06
3.17388114453413E-06
1.10726576511076E-05
-1.51245937161434E-07
-1.3069957772844E-05
-3.45260105129599E-06
7.55487926561566E-06
6.17114217399298E-06
5.29220921566049E-06
-8.95917193789532E-06
7.56348962673801E-06
2.12493396724775E-06
-2.88178209086898E-06
3.38803171085158E-06
7.03738800827015E-06
-8.85202583675862E-07
-3.70352322011599E-06
-5.19538433247515E-06
-4.3005251110812E-06
-3.31432799442897E-06
1.62196491834443E-05
3.73925305918209E-06
-4.84864927715991E-07
9.8653139758617E-07
3.27844782380701E-06
4.45065514863344E-06
-1.72489696515548E-06
4.49350292825769E-06
-9.3236180014175E-06
-5.53602206135813E-06
3.16143829535366E-06
1.35639444527999E-05
9.97455941532912E-06
-4.02130669260014E-06
-9.52356314405203E-06
-3.97291985149597E-06
9.90249287094089E-07
3.82625415137215E-06
1.29871189351653E-05
-1.30808396605629E-05
1.99064371257484E-06
1.86663693131134E-06
-2.24830393487109E-06
-5.2085011185682E-06
6.61504424778761E-06
5.22299651567943E-06
-1.67619047619049E-05
3.05755732335048E-06
1.09611211573237E-05
3.39492031872508E-06
4.66135286514434E-06
-3.8346127006283E-07
-4.85720995772664E-06
-3.49999999999998E-06
-5.13312829525484E-06
4.18881118881116E-06
1.39368974583699E-05
-4.94141689373297E-06
8.51885098743266E-06
-3.04216867469864E-07
-7.91716481639623E-06
-2.97235532620716E-06
1.23464955577493E-05
6.84662004662001E-06
5.2305323361197E-06
-4.49934469200525E-06
-9.85985015425302E-06
3.8054029304029E-06
-3.37354781054515E-06
1.2135839384878E-06
-5.49060942889998E-06
8.04234122042338E-06
6.50143815915629E-06
-4.63371298405464E-06
-7.95084145261295E-06
1.30173913043478E-06
9.10914051841744E-06
-9.83735763097946E-06
-2.74766770324302E-06
1.25849372384937E-05
-5.24247635425624E-06
-3.76349809885933E-06
-7.65977443608999E-07
6.44389140271489E-06
1.22981671881985E-05
8.26991728341323E-06
-1.02179198559207E-05
5.12242026266414E-06
8.14373088685019E-06
-1.18176020408163E-05
6.32940681531342E-06
-3.15828402366862E-06
-2.53349397590362E-06
-1.27159791370317E-05
-2.23813747228377E-06
4.11693373754878E-06
1.16919682259486E-05
-9.90040742417407E-07
-7.35724266418251E-06
-5.29582126603202E-07
1.29801674746584E-05
1.93832599118946E-06
-6.44935805991436E-06
4.90807279514702E-06
-1.19032691446485E-06
-1.0095320623917E-07
-1.48582122413034E-05
1.47031250000001E-05
-7.26773049645375E-06
-8.21077888519758E-06
-6.3325942350333E-07
-6.3325942350333E-07
dMdT Data
0
0
0
0
0
0
0
0
0
0
0
0
0
0
0
0
0
0
0
0
0
0
0
0
0
0
0
0
0
0
0
0
0
0
0
0
0
0
0
0
0
0
0
0
0
0
0
0
0
0
0
0
0
0
0
0
0
0
0
0
0
0
0
0
0
0
0
0
0
0
0
0
0
0
0
0
0
0
0
0
0
0
0
0
0
0
0
0
0
0
0
0
0
0
0
0
0
0
0
0
0
0
0
0
0
0
0
0
0
0
0
0
0
0
0
0
0
0
0
0
0
0
0
0
0
0
0
0
0
0
0
 
*********************************************** Results ***************************************
 
TotalArea 0
AreaFirstQuad 0
AreaSecondQuad 0
AreaThirdQuad 0
AreaFourthQuad 0
Coercivity 0
PositiveCoercivity 0
NegativeCoercivity 0
Retentivity 2.95421909141733E-03
PositiveRetentivity -3.04786408370324E-03
NegativeRetentivity 2.86057409913142E-03
Magnetization 0.00511587
PositiveMagnetization 0.00511587
NegativeMagnetization 0.00262321
Flatness 3.16987296432986E-02
Squareness 0.577461720375485
SStar 0
SFD1 0
SFD2 0
Slope 0
Intercept 0
SlopeAtHc -6.3325942350333E-07
dH1 -63.419595795877
dH2 275.7925
InitialSlope -2.32910589727331E-05
FieldAtHalfMs 2686.15
FieldAtMs 2180.12
MomentMean 4.07884908396947E-03
MomentRMS 6.66397702762282E-04
SFD3 0
dH3 -126.839191591754
UserField1 0
UserField2 0
CenterField 0
ExchangeField 0
ExchangeMoment 0
ExRegionOneIntercept 0
ExRegionOneSlope 0
ExRegionTwoIntercept 0
ExRegionTwoSlope 0
NegativeIntercept 0
NegativeSlope 0
AutoCenterOffset 0
PinningField 0
PinningMoment 0
PinRegionOneIntercept 0
PinRegionOneSlope 0
PinRegionTwoIntercept 0
PinRegionTwoSlope 0
PositiveIntercept 0
PositiveSlope 0
TotalOffset 0
BHMax 0
BCoercivity 0
BRetentivity 0
BNegativeCoercivity 0
BPositiveCoercivity 0
BNegativeRetentivity 0
BPositiveRetentivity 0
MomentYMean -6.96619099236641E-03
MomentYRMS 3.37094110417608E-04
YOffCorrection 0
Mrt 0
Ms1 0
Ms2 0
Ms3 0
Hc2 0
Hex2 0
HsatValue 0
HsatIntercept 0
HsatSlope 0
CenterH 0
Span .00249266
SpanAsPercentOfRange -47.031320754717
RMSAsPercentOfRange -12.5735415615525
SpanAsPercentOfMean 61.1118467166769
RMSAsPercentOfMean 16.3378857379483
